# VERTIKAAL 7 Milieucontainer
* 01-04-2026 09:05:40
#X: 61355 - Y: 412901
#00 DONARLOCATIE: GTS-14
#08 WAARNEMER(S): berrnaards
@ par1.dat

~     X       Y    DATUM   TIJD SENSHTE   Echms       T     pH   O2     %O2   GELBH  GELDHD  SALNTT     CL- CHLFRFU  TROEBHFNU  PHYCOUGL
  61353  412902 20260401 90704    1.04    9.46    9.15   8.18 9.94     104   32.77    4211   30.33   17182    0.96       1.12      0.21
  61353  412902 20260401 90717    1.86    8.59    9.16   8.18 9.93     103   32.79    4213   30.34   17187    0.66       1.24      0.21
  61353  412902 20260401 90733    3.09    7.28    9.04   8.18 9.93     103   32.70    4214   30.35   17195    0.59       0.99      0.12
  61353  412902 20260401 90746    4.09    6.16    8.95   8.17 9.89     103   32.63    4215   30.35   17198    0.59       1.13      0.14
  61353  412902 20260401 90808    4.93    5.21    8.95   8.17 9.83     102   32.64    4216   30.36   17202    0.47       1.08      0.19
  61353  412902 20260401 90833    6.07    4.04    8.95   8.18 9.79     102   32.64    4216   30.37   17206    0.36       1.03      0.05
  61353  412902 20260401 90902    6.98    3.09    9.00   8.19 9.83     102   32.71    4219   30.39   17217    0.44       0.95      0.16
  61353  412902 20260401 90920    7.99    2.03    9.08   8.19 9.83     102   32.79    4221   30.41   17228    0.48       0.91      0.08
