# VERTIKAAL 4 Roompot
* 12-11-2025 08:43:58
#X: 66324 - Y: 411631
#00 DONARLOCATIE: GTS-17
#08 WAARNEMER(S): Bernaards
@ par1.dat
## LUCHTDK    hPa <1009>

~     X       Y    DATUM   TIJD SENSHTE   Echms       T     pH   O2     %O2   GELBH  GELDHD  SALNTT     CL- CHLFRFU    TROEBHFNU
  66324  411631 20251112 84434    1.01    6.99   10.87   7.88 8.43      93   34.84    4290   30.95   17538    0.28      0.58
  66324  411631 20251112 84449    2.05    0.75   10.87   7.87 8.43      93   34.84    4290   30.95   17538    0.24      0.55
  66324  411631 20251112 84503    3.00    5.14   10.87   7.87 8.43      93   34.84    4289   30.95   17535    0.31      0.50
  66324  411631 20251112 84520    4.08    4.72   10.87   7.87 8.43      93   34.84    4289   30.95   17536    0.27      0.62
  66324  411631 20251112 84532    5.07    4.15   10.87   7.87 8.42      93   34.83    4290   30.95   17536    0.26      0.59
  66324  411631 20251112 84554    5.99    3.60   10.86   7.87 8.40      93   34.83    4290   30.95   17536    0.24      0.58
  66324  411631 20251112 84611    6.98    2.53   10.86   7.87 8.40      93   34.83    4289   30.95   17535    0.17      0.66
  66324  411631 20251112 84631    7.99    1.54   10.86   7.87 8.39      93   34.84    4290   30.95   17537    0.25      0.69
  66324  411631 20251112 84644    9.07   24.21   10.87   7.87 8.40      93   34.83    4289   30.95   17535    0.22      0.58
