# VERTIKAAL 14 Milieucontainer
* 08-12-2025 11:50:08
#X: 34977 - Y: 398069
#00 DONARLOCATIE: VTS-04
#08 WAARNEMER(S): bernaards
@ par1.dat

~     X       Y    DATUM   TIJD SENSHTE   Echms       T     pH   O2     %O2   GELBH  GELDHD  SALNTT     CL- CHLFRFU  TROEBHFNU  PHYCOUGL
  34977  398070 20251208 115018    1.00    0.29    7.19   7.84 9.66      97   30.90    4176   30.05   17026    0.32       0.75     -0.70
  34977  398070 20251208 115047    2.10    0.27    7.17   7.84 9.67      97   30.88    4174   30.04   17020    0.30       0.75     -0.75
  34977  398070 20251208 115111    3.09    2.32    7.16   7.84 9.67      97   30.87    4174   30.04   17018    0.32       0.57     -0.75
  34977  398070 20251208 115219    4.19    1.23    7.13   7.84 9.67      96   30.85    4175   30.05   17024    0.33       0.76     -0.72
  34977  398070 20251208 115316    5.04    0.78    7.02   7.84 9.65      96   30.76    4176   30.05   17026    0.21       0.65     -0.91
