# VERTIKAAL 7 Milieucontainer
* 13-04-2026 11:33:18
#X: 41975 - Y: 397263
#00 DONARLOCATIE: VTS-11
#08 WAARNEMER(S): Bernaards
@ par1.dat

~     X       Y    DATUM   TIJD SENSHTE   Echms       T     pH   O2     %O2   GELBH  GELDHD  SALNTT     CL- CHLFRFU  TROEBHFNU  PHYCOUGL
  41972  397263 20260413 113404    0.97      --   11.75   8.36 10.1     112   33.57    4046   29.00   16409    0.72       0.65      0.21
  41972  397263 20260413 113440    2.01      --   11.69   8.36 10.1     112   33.53    4047   29.01   16411    1.08       0.56      0.12
  41972  397263 20260413 113514    2.98      --   11.70   8.35 10.0     112   33.56    4049   29.03   16423    1.04       0.55      0.25
  41972  397263 20260413 113532    3.96      --   11.70   8.35 10.0     111   33.56    4050   29.03   16424    0.97       0.54      0.17
  41972  397263 20260413 113555    4.97      --   11.65   8.35 9.96     110   33.54    4052   29.05   16434    1.09       0.46      0.17
  41972  397263 20260413 113613    5.99      --   11.76   8.34 9.86     109   33.87    4081   29.28   16568    0.92       0.57      0.21
  41972  397263 20260413 113636    6.98      --   11.72   8.31 9.71     108   34.26    4132   29.69   16805    0.80       0.52      0.14
  41972  397263 20260413 113652    8.03      --   11.67   8.27 9.56     106   34.56    4173   30.01   16993    0.46       0.69      0.07
  41972  397263 20260413 113709    8.95      --   11.61   8.26 9.42     105   34.91    4222   30.40   17218    0.52       0.56      0.11
