# M.S. 'ARGUS'
# 10-feb-1994 06:52:59
# PROJECTCODE: ZTSO
# OPDRACHTGEVER: DirZeeland
# MEETGEBIED: VOLKZOOM
# STARTPUNT: Ph.Dam Mp.15
# EINDPUNT: Volksluis Mp.1
* 19940210
$ 9999 [0002222220220]
> TIJD
> X-COORD
> Y-COORD
>SENSHTE Diepte set      m
>Echms   Echo set        mtrs
>Echo    Echo schip      mtrs
>Temp    Temperatuur     Gr.C
>pH      Zuurgraad       s.e.
>O2      Zuurstof        mg/l
>%O2     Zuurstof Verz.  %
>GELBH   Geleidendheid   mS/cm
>SALNTT  Saliniteit      Prom
>CL-     Chloride        mg
 -727  70348 410257  1.10  7.11  8.88  4.57  8.08 12.27    96   0.84  0.65   279
  728  70340 410250  2.16  5.66  9.05  4.57  8.08 12.25    96   0.84  0.65   279
  728  70336 410244  3.06  4.86  8.26  4.57  8.08 12.26    96   0.85  0.65   283
  729  70330 410241  4.05  3.66  8.75  4.57  8.08 12.24    96   0.85  0.65   283
  729  70327 410237  5.72  2.75  8.59  4.57  8.07 12.23    96   0.88  0.68   293
  729  70323 410235  6.06  1.96  7.97  4.58  8.06 12.21    95   0.90  0.70   303
  730  70320 410234  7.13  1.06  8.06  4.58  8.06 12.17    95   0.91  0.70   307
 -713  71490 409902  1.09 18.45 19.93  4.58  8.08 12.34    96   0.80  0.61   257
  713  71487 409906  2.06 17.43 19.58  4.58  8.09 12.34    96   0.80  0.61   257
  714  71486 409906  3.06 16.40 19.58  4.58  8.09 12.33    96   0.79  0.61   256
  714  71487 409906  4.05 15.35 19.57  4.58  8.09 12.32    96   0.80  0.61   258
  715  71484 409907  5.05 14.49 19.47  4.58  8.09 12.32    96   0.80  0.61   258
  715  71483 409909  6.45 13.07 19.47  4.57  8.09 12.33    96   0.80  0.61   259
  715  71482 409910  7.15 12.25 19.57  4.58  8.09 12.33    96   0.80  0.61   260
  716  71481 409909  8.16 11.22 19.57  4.58  8.09 12.31    96   0.80  0.61   260
  716  71482 409908  9.61  9.75 19.58  4.59  8.09 12.32    96   0.80  0.61   260
  716  71482 409907 10.54  8.66 19.57  4.59  8.08 12.32    96   0.81  0.61   261
  717  71483 409904 11.84  7.19 19.68  4.60  8.07 12.30    96   0.82  0.62   267
  717  71483 409903 12.38  6.87 19.68  4.62  8.06 12.28    96   0.87  0.67   287
  717  71483 409901 13.42  5.98 19.67  4.62  8.07 12.26    96   0.89  0.69   300
  718  71483 409900 13.97  5.25 19.68  4.63  8.07 12.23    96   0.93  0.72   318
  718  71482 409897 15.00  4.04 19.57  4.63  8.06 12.20    95   0.99  0.78   351
  718  71480 409897 16.38  2.52 19.83  4.63  8.05 12.16    95   1.02  0.80   361
  719  71479 409895 16.98  1.64 19.57  4.63  8.04 12.12    95   1.06  0.84   385
  719  71478 409890 17.85  0.69 19.58  4.64  8.03 12.05    94   1.11  0.88   409
 -702  71697 409523  1.08  0.30 22.03  4.62  8.08 12.38    97   0.78  0.59   247
  702  71700 409530  2.06  0.45 21.60  4.62  8.08 12.37    97   0.77  0.59   245
  702  71702 409532  3.02 19.86 21.72  4.62  8.08 12.37    97   0.77  0.59   246
  703  71704 409531  4.52 18.31 21.81  4.62  8.08 12.37    97   0.77  0.59   246
  704  71704 409529  5.05 17.78 21.92  4.62  8.09 12.37    97   0.77  0.59   246
  704  71705 409525  6.89 16.00 22.21  4.62  8.08 12.37    97   0.78  0.59   247
  704  71706 409523  6.98 15.89 22.69  4.62  8.09 12.37    97   0.77  0.59   246
  705  71708 409520  8.21 14.89 22.81  4.62  8.08 12.38    97   0.78  0.59   247
  705  71709 409518  9.97 13.05 22.90  4.63  8.08 12.35    97   0.78  0.59   249
  705  71712 409515  9.99 12.83 22.90  4.62  8.09 12.35    96   0.78  0.59   248
  706  71717 409512 10.99 11.72 22.90  4.62  8.08 12.34    96   0.78  0.59   249
  706  71721 409509 11.94 10.66 23.39  4.63  8.08 12.35    97   0.79  0.60   253
  706  71724 409511 13.74  8.89 23.01  4.64  8.05 12.30    96   0.96  0.75   334
  707  71726 409515 14.47  8.20 22.91  4.62  8.03 12.23    96   1.07  0.84   386
  707  71726 409518 14.91  7.53 23.01  4.62  8.05 12.16    95   1.09  0.87   400
  707  71727 409521 16.18  6.31 22.90  4.62  8.05 12.14    95   1.13  0.90   417
  708  71723 409526 17.30  5.24 22.60  4.63  8.04 12.10    95   1.14  0.91   424
  708  71721 409528 17.93  4.42 22.49  4.64  8.04 12.04    94   1.15  0.92   427
  708  71719 409528 19.48  3.09 22.50  4.64  8.04 11.98    94   1.16  0.93   435
  709  71718 409526 20.04  2.48 22.61  4.64  8.03 11.95    94   1.18  0.94   441
  709  71716 409523 21.38  1.16 22.70  4.64  8.04 11.95    94   1.18  0.94   442
  709  71715 409519 21.03  1.04 22.81  4.64  8.02 11.95    94   1.19  0.95   446
 -653  71424 408834  1.03  5.03  6.48  4.59  8.10 12.40    97   0.90  0.70   305
  654  71430 408839  2.06  4.23  6.98  4.59  8.11 12.39    97   0.91  0.70   307
  654  71430 408842  3.02  3.15  6.88  4.59  8.10 12.40    97   0.91  0.71   309
  655  71428 408846  4.07  2.00  6.77  4.61  8.09 12.37    97   1.09  0.87   399
  655  71424 408847  5.01  1.02  6.77  4.61  8.08 12.34    97   1.19  0.95   448
 -744  72566 408808  0.99 10.60 12.35  4.65  8.06 12.23    96   0.78  0.60   251
  744  72569 408804  2.09  8.90 11.86  4.64  8.07 12.24    96   0.79  0.60   252
  745  72572 408798  3.09  7.73 11.96  4.64  8.07 12.26    96   0.79  0.60   253
  745  72569 408798  4.12  6.88 11.85  4.64  8.07 12.26    96   0.79  0.60   252
  745  72568 408794  5.08  6.04 11.64  4.64  8.07 12.25    96   0.78  0.60   251
  746  72565 408790  6.04  5.33 11.56  4.64  8.07 12.25    96   0.78  0.59   250
  746  72563 408786  7.06  4.48 11.26  4.64  8.06 12.23    96   0.78  0.59   250
  746  72560 408787  8.25  2.84 11.37  4.64  8.06 12.24    96   0.78  0.59   250
  747  72556 408783  9.16  1.87 11.45  4.64  8.06 12.24    96   0.78  0.60   251
  747  72553 408781 10.08  0.98 11.27  4.64  8.07 12.23    96   0.78  0.59   250
 -756  73115 407861  1.16  7.42  9.64  4.74  8.04 12.21    96   0.70  0.52   209
  756  73116 407862  2.03  6.75  9.64  4.74  8.04 12.20    96   0.69  0.51   208
  756  73117 407862  3.00  5.67  9.63  4.74  8.04 12.18    95   0.69  0.51   208
  757  73118 407861  4.07  4.51  9.55  4.74  8.04 12.19    95   0.69  0.51   208
  757  73118 407861  5.03  3.38  9.54  4.74  8.04 12.18    95   0.69  0.51   208
  757  73118 407859  6.05  2.28  9.55  4.73  8.04 12.19    95   0.70  0.52   210
  758  73117 407856  7.07  1.15  9.64  4.73  8.04 12.19    95   0.70  0.52   210
  758  73111 407858  7.85  0.33  9.55  4.73  8.04 12.19    95   0.70  0.52   212
 -821  77152 406191  1.06 13.27 14.72  4.65  8.03 12.27    96   0.71  0.53   216
  822  77157 406192  2.07 12.11 14.71  4.65  8.04 12.27    96   0.71  0.53   216
  822  77160 406190  3.07 10.93 14.72  4.64  8.04 12.27    96   0.71  0.53   215
  822  77160 406185  4.08  9.73 14.62  4.64  8.04 12.27    96   0.71  0.53   218
  823  77154 406188  5.07  8.91 14.72  4.64  8.04 12.27    96   0.72  0.54   219
  823  77147 406190  6.07  8.02 14.82  4.64  8.04 12.26    96   0.72  0.54   221
  823  77141 406191  7.01  7.16 14.84  4.63  8.05 12.27    96   0.73  0.55   224
  824  77139 406190  7.96  6.31 14.83  4.63  8.05 12.27    96   0.73  0.55   226
  824  77138 406188  9.01  5.18 14.92  4.63  8.05 12.27    96   0.73  0.55   225
  824  77139 406186  9.98  4.17 14.83  4.63  8.05 12.27    96   0.73  0.54   224
  825  77142 406182 11.00  3.02 14.71  4.63  8.05 12.27    96   0.73  0.55   226
  825  77146 406182 12.06  1.87 14.72  4.63  8.05 12.27    96   0.73  0.55   226
  826  77152 406182 12.90  0.81 14.72  4.63  8.05 12.27    96   0.73  0.55   224
 -843  80153 408114  1.02 16.34 17.89  4.69  7.90 12.10    95   0.57  0.41   156
  843  80157 408114  2.04 15.24 17.81  4.69  7.90 12.09    95   0.57  0.41   155
  844  80160 408113  3.03 14.22 17.79  4.69  7.90 12.08    94   0.57  0.41   156
  844  80165 408112  4.05 13.19 17.80  4.70  7.90 12.07    94   0.57  0.41   155
  844  80168 408112  5.33 12.05 17.80  4.70  7.90 12.07    94   0.57  0.41   155
  845  80171 408112  6.02 11.08 17.80  4.70  7.91 12.06    94   0.57  0.41   157
  845  80174 408109  7.04  9.99 17.80  4.70  7.91 12.07    94   0.57  0.41   156
  845  80178 408107  8.50  8.48 17.69  4.69  7.90 12.06    94   0.57  0.41   156
  846  80179 408107  8.98  7.89 17.69  4.70  7.91 12.06    94   0.57  0.40   155
  846  80173 408108 10.01  6.94 17.81  4.69  7.91 12.06    94   0.57  0.41   156
  847  80167 408110 10.97  5.96 17.80  4.69  7.92 12.07    94   0.58  0.42   160
  847  80163 408112 12.02  4.88 17.80  4.69  7.92 12.08    94   0.58  0.41   159
  847  80160 408113 13.13  3.93 17.80  4.69  7.92 12.08    94   0.58  0.42   160
  848  80157 408115 13.97  3.00 17.80  4.69  7.94 12.10    95   0.59  0.42   162
  848  80154 408117 15.24  1.92 17.90  4.69  7.97 12.12    95   0.61  0.44   172
  849  80153 408118 15.98  0.95 17.90  4.70  7.99 12.17    95   0.61  0.44   173
 -907  83779 408538  1.03  7.52  9.64  4.69  7.88 12.00    94   0.56  0.40   153
  907  83781 408537  2.05  6.07  9.53  4.69  7.89 12.00    94   0.56  0.40   153
  908  83778 408537  3.08  5.02  9.44  4.69  7.89 12.00    94   0.57  0.40   153
  908  83769 408539  4.03  4.30  9.45  4.69  7.89 12.00    94   0.57  0.40   153
  909  83756 408537  5.07  4.09  9.35  4.69  7.88 11.99    94   0.56  0.40   153
  909  83752 408534  6.06  3.05  8.46  4.69  7.88 12.00    94   0.56  0.40   153
  909  83749 408529  7.04  2.63  8.06  4.69  7.88 12.01    94   0.56  0.40   153
  910  83749 408524  8.04  1.98  8.27  4.68  7.87 12.00    94   0.56  0.40   153
  910  83749 408517  9.13  1.17  9.06  4.69  7.88 11.99    94   0.56  0.40   152
  911  83751 408507  9.41  0.48 10.27  4.69  7.86 11.98    94   0.56  0.40   153
 -931  86039 411522  1.03 11.15 13.25  4.77  7.77 11.86    93   0.51  0.35   131
  931  86039 411531  2.03 10.11 12.75  4.77  7.77 11.84    93   0.51  0.35   131
  932  86036 411535  3.00  9.75 12.75  4.77  7.76 11.83    93   0.51  0.35   130
  932  86031 411537  4.04  8.95 12.94  4.76  7.77 11.84    93   0.51  0.35   131
  933  86024 411536  5.01  8.19 13.44  4.76  7.77 11.84    93   0.51  0.35   131
  933  86022 411531  6.08  6.99 13.73  4.76  7.77 11.84    93   0.51  0.36   133
  933  86019 411521  7.09  5.60 13.73  4.72  7.79 11.86    93   0.52  0.37   137
  934  86014 411514  8.01  4.60 13.82  4.74  7.79 11.86    93   0.52  0.36   135
  934  86009 411510  9.02  3.81 13.44  4.73  7.80 11.86    93   0.52  0.36   137
  935  86004 411512 10.02  2.99 13.62  4.73  7.80 11.86    93   0.52  0.36   136
  935  86002 411516 10.99  1.72 13.85  4.68  7.85 11.89    93   0.54  0.38   143
  936  86005 411522 11.91  0.91 13.84  4.66  7.87 11.94    93   0.55  0.38   146
