# VOLKERAKMEER
# MEETPUNT 15-MEETPUNT1
# start meting: 0749
# m.s. 'ARGUS'
* 19881020
$-9999 [000222220220220]
>TIJD
>X-COORD
>Y-COORD
>SENSHTE Diepte set      m
>Echms   Echo set        mtrs
>Temp    Temperatuur     Gr.C
>pH      Zuurgraad       s.e.
>O2      Zuurst.NSWcomp. mg/l
>O2%     Zuurstof Verz.  Proc
>GELBH   Geleidendheid   mS/cm
>SALNTT  Saliniteit      Prom
>CL-     Chloride        mg
>DICHT   Dichtheid       Gr.
>   79 0  Fluorescentie   F.s.
>   76 0  InSitu Troeblh  M.E.
 -749  70649 410197  1.02 23.30 12.75  8.20 10.44    99   .97   .59   250   .06  2.59    16
  749  70649 410197  2.00 22.06 12.75  8.20 10.44    99   .97   .59   250   .06  2.60     8
  749  70649 410197  3.12 20.86 12.75  8.20 10.46    99   .98   .60   254   .06  2.44     8
  749  70649 410197  4.05 19.91 12.75  8.20 10.44    99   .97   .59   250   .06  2.43     8
  749  70649 410197  5.12 19.27 12.75  8.19 10.44    99   .99   .61   258   .07  2.52     8
  749  70649 410197  6.09 18.10 12.74  8.19 10.43    98   .96   .59   247   .06  2.49     9
  749  70649 410197  7.07 17.01 12.72  8.18 10.43    98   .96   .59   247   .06  2.40     9
  749  70649 410197  8.09 16.05 12.70  8.18 10.43    98   .99   .61   259   .08  2.19     8
  749  70649 410197  8.87 15.20 12.67  8.18 10.41    98   .96   .59   247   .07  2.19     8
  749  70649 410197  9.91 14.34 12.65  8.18 10.40    98   .99   .61   259   .09  2.14     8
  749  70649 410197 10.88 13.42 12.65  8.17 10.37    98   .99   .61   259   .09  2.05     8
  749  70649 410197 11.85 12.44 12.63  8.17 10.37    98  1.02   .63   272   .11  2.03     8
  749  70649 410197 12.93 11.27 12.62  8.17 10.37    98   .99   .61   260   .09  2.04     9
  749  70649 410197 13.86 10.27 12.62  8.18 10.36    97   .96   .59   248   .08  2.14     8
  749  70649 410197 14.88  9.05 12.62  8.18 10.35    97  1.02   .63   272   .11  2.16     9
  749  70649 410197 15.95  7.71 12.58  8.15 10.35    97  1.14   .72   317   .18  2.16     8
  749  70649 410197 16.93  5.95 12.50  7.76 10.24    97  2.90  2.00  1050  1.17  2.14     9
  749  70649 410197 17.95  4.34 11.69  7.15  8.78    93 27.05 22.87 12876 17.30  1.96    75
  749  70649 410197 18.88  3.49  9.96  7.20  5.48    56 27.21 24.13 13604 18.54  5.45    33
  749  70649 410197 19.73 10.89  9.40  7.30  2.59    26 27.40 24.69 13930 19.06  5.42    24
  749  70649 410197 20.98  1.98  9.28  7.34  1.83    19 27.43 24.81 13995 19.17  5.47    18
  749  70649 410197 22.04 24.87  9.11  7.37  1.22    12 27.49 24.99 14102 19.34  5.38    19
 -810  71495 409900  1.07 18.76 12.62  8.25 -9999 -9999   .82   .49   195  0.00  2.14     9
  810  71495 409900  2.00 50.41 12.62  8.24 -9999 -9999  1.00   .61   264   .09  2.26     8
  810  71495 409900  2.98 16.20 12.62  8.24 -9999 -9999  1.00   .61   264   .09  2.31    11
  810  71495 409900  3.95 15.18 12.62  8.24 -9999 -9999  1.00   .61   264   .09  2.25     8
  810  71495 409900  4.97 14.47 12.62  8.24 -9999 -9999   .99   .61   260   .09  2.24     8
  810  71495 409900  6.00 13.56 12.62  8.23 -9999 -9999   .99   .61   260   .09  2.25     8
  810  71495 409900  6.92 12.39 12.62  8.23 -9999 -9999   .99   .61   260   .09  2.11     9
  810  71495 409900  7.95 11.47 12.55  8.21 -9999 -9999   .99   .61   260   .10  2.06     9
  810  71495 409900  8.83 10.76 12.50  8.22 -9999 -9999   .99   .62   261   .11  2.01     8
  810  71495 409900  9.80  9.29 12.46  8.22 -9999 -9999   .99   .62   261   .11  1.95     8
  810  71495 409900 10.88  8.09 12.41  8.21 -9999 -9999  1.05   .66   286   .15  1.84     8
  810  71495 409900 11.85  6.56 12.39  8.21 -9999 -9999   .99   .62   262   .12  1.79     8
  810  71495 409900 12.88  5.56 12.38  8.20 -9999 -9999  1.02   .64   274   .14  1.79     9
  810  71495 409900 13.91  4.54 12.36  8.20 -9999 -9999  1.02   .64   274   .14  1.73     9
  810  71495 409900 14.89  3.36 12.34  8.19 -9999 -9999  1.08   .68   295   .18  1.72     9
  810  71495 409900 15.91 38.54 12.28  8.17 -9999 -9999  1.10   .70   304   .20  1.74     9
  810  71495 409900 16.72 13.79 12.31  8.17 -9999 -9999  1.12   .71   311   .20  1.71     9
  810  71495 409900 18.00 -9999 -9999 -9999 -9999 -9999 -9999 -9999 13000 -9999 -9999 -9999
 -844  71428 408835  1.02  5.20 12.57  8.22 -9999 -9999  1.32   .85   390   .28  1.99    12
  844  71428 408835  2.00  4.10 12.55  8.22 -9999 -9999  1.32   .85   390   .28  2.02    10
  844  71428 408835  3.03  3.03 12.55  8.20 -9999 -9999  1.44   .93   439   .34  1.92    10
  844  71428 408835  3.95  2.27 12.53  8.20 -9999 -9999  1.49   .97   460   .38  1.94    11
  844  71428 408835  4.88   .98 12.53  8.21 -9999 -9999  1.41   .91   427   .33  1.95    10
 -828  72557 408765  1.02 10.71 12.45  8.22 -9999 -9999  1.01   .62   269   .12  1.78     9
  828  72557 408765  2.15 10.17 12.45  8.22 -9999 -9999  1.03   .64   277   .13  1.79     9
  828  72557 408765  2.93  9.30 12.45  8.22 -9999 -9999  1.03   .64   277   .13  1.79    11
  828  72557 408765  3.95  8.32 12.45  8.22 -9999 -9999  1.03   .64   277   .13  1.81     9
  828  72557 408765  4.97  7.25 12.45  8.22 -9999 -9999  1.03   .64   277   .13  1.84     9
  828  72557 408765  6.00  5.83 12.45  8.22 -9999 -9999  1.02   .64   273   .13  1.79     9
  828  72557 408765  6.97  4.49 12.45  8.22 -9999 -9999  1.02   .64   273   .13  1.82     8
  828  72557 408765  7.90  3.44 12.45  8.22 -9999 -9999  1.02   .64   273   .13  1.82     9
  828  72557 408765  8.88  2.95 12.46  8.22 -9999 -9999  1.05   .66   286   .15  1.79     8
  828  72557 408765  9.90  1.88 12.46  8.22 -9999 -9999  1.08   .68   294   .16  1.78     9
  828  72557 408765 10.88  1.02 12.46  8.21 -9999 -9999  1.05   .66   286   .15  1.75     9
 -951  73126 407823  1.03  7.30 12.41  8.20 -9999 -9999  1.03   .64   278   .14  1.80    12
  951  73126 407823  2.10  6.47 12.40  8.21 -9999 -9999  1.03   .64   278   .14  1.77    12
  951  73126 407823  2.98  5.47 12.40  8.21 -9999 -9999  1.03   .64   278   .14  1.84    12
  951  73126 407823  4.00  4.52 12.40  8.21 -9999 -9999  1.00   .62   266   .13  1.82    12
  951  73126 407823  4.98  3.46 12.40  8.21 -9999 -9999  1.03   .64   278   .14  1.77    12
  951  73126 407823  6.00  2.37 12.40  8.22 -9999 -9999  1.00   .62   266   .13  1.76    11
  951  73126 407823  7.03  1.44 12.40  8.22 -9999 -9999  1.03   .64   278   .14  1.81    11
  951  73126 407823  7.96   .27 12.39  8.22 -9999 -9999  1.00   .62   266   .13  1.77    11
-1016  75743 406472  1.08  4.93 12.36  8.22  9.92    93  1.03   .64   278   .15  1.74    10
 1016  75743 406472  2.06  3.98 12.35  8.22  9.92    93  1.03   .64   278   .15  1.75    10
 1016  75743 406472  2.98  3.42 12.35  8.22  9.92    93  1.03   .64   278   .15  1.72     9
 1016  75743 406472  4.01  3.00 12.35  8.21  9.92    93  1.03   .64   278   .15  1.72     9
 1016  75743 406472  4.93  2.68 12.35  8.21  9.90    93  1.03   .64   278   .15  1.72     9
 1016  75743 406472  6.05  2.05 12.35  8.21  9.92    93  1.03   .64   278   .15  1.84     9
 1016  75743 406472  6.98  1.38 12.35  8.21  9.92    93  1.03   .64   278   .15  1.77    10
 1016  75743 406472  7.91   .73 12.35  8.21  9.92    93  1.03   .64   278   .15  1.72    10
-1029  77142 406203  1.08 13.25 12.38  8.19 -9999 -9999   .97   .60   254   .11  1.84     9
 1029  77142 406203  2.15 12.25 12.38  8.19 -9999 -9999   .97   .60   254   .11  1.87     9
 1029  77142 406203  2.98 11.40 12.38  8.20 -9999 -9999  1.00   .62   266   .13  1.93     9
 1029  77142 406203  4.06 10.42 12.38  8.20 -9999 -9999   .97   .60   254   .11  1.95     9
 1029  77142 406203  4.98  9.54 12.38  8.21 -9999 -9999  1.00   .62   266   .13  1.94     9
 1029  77142 406203  6.00  8.49 12.38  8.21 -9999 -9999  1.00   .62   266   .13  1.81     9
 1029  77142 406203  6.93  7.35 12.38  8.21 -9999 -9999  1.00   .62   266   .13  1.79     9
 1029  77142 406203  8.01  6.15 12.38  8.21 -9999 -9999  1.00   .62   266   .13  1.76     9
 1029  77142 406203  9.08  5.00 12.38  8.21 -9999 -9999  1.00   .62   266   .13  1.77     9
 1029  77142 406203  9.91  4.15 12.38  8.21 -9999 -9999  1.03   .64   278   .14  1.77    10
 1029  77142 406203 10.84  3.17 12.38  8.21 -9999 -9999  1.00   .62   266   .13  1.74    10
 1029  77142 406203 11.86  2.15 12.38  8.22 -9999 -9999  1.03   .64   278   .14  1.75    11
 1029  77142 406203 12.84  1.22 12.38  8.21 -9999 -9999  1.05   .66   286   .16  1.77    12
-1042  78568 407042  1.13  6.54 12.36  8.05 -9999 -9999   .82   .50   197   .03  2.28    12
 1042  78568 407042  2.06  5.64 12.33  8.05 -9999 -9999   .85   .52   208   .05  2.22    10
 1042  78568 407042  2.98  4.74 12.31  8.06 -9999 -9999   .85   .52   208   .06  2.24    10
 1042  78568 407042  3.91  3.83 12.31  8.05 -9999 -9999   .82   .50   197   .04  2.27    10
 1042  78568 407042  4.93  3.00 12.31  8.06 -9999 -9999   .85   .52   208   .06  2.18    10
 1042  78568 407042  5.86  2.03 12.33  8.07 -9999 -9999   .85   .52   208   .05  2.16    11
 1042  78568 407042  6.98   .83 12.33  8.07 -9999 -9999   .88   .54   219   .07  2.18    10
-1054  80151 408102  1.03 16.70 12.33  8.06 -9999 -9999   .85   .52   208   .06  2.12    10
 1054  80151 408102  2.10 15.55 12.35  8.07 -9999 -9999   .88   .54   219   .07  2.14    10
 1054  80151 408102  2.98 14.64 12.35  8.07 -9999 -9999   .85   .52   208   .05  2.15    10
 1054  80151 408102  3.86 13.77 12.35  8.08 -9999 -9999   .85   .52   208   .05  2.17    10
 1054  80151 408102  5.08 12.86 12.33  8.08 -9999 -9999   .88   .54   219   .07  2.16    10
 1054  80151 408102  6.10 11.59 12.33  8.08 -9999 -9999   .85   .52   208   .05  2.13    10
 1054  80151 408102  7.08 10.64 12.33  8.08 -9999 -9999   .85   .52   208   .05  2.13    10
 1054  80151 408102  8.06  9.64 12.29  8.08 -9999 -9999   .85   .52   208   .06  2.11    10
 1054  80151 408102  9.08  8.57 12.33  8.08 -9999 -9999   .88   .54   219   .07  2.12    10
 1054  80151 408102  9.91  7.71 12.33  8.08 -9999 -9999   .88   .54   219   .07  2.14    10
 1054  80151 408102 10.98  6.59 12.33  8.08 -9999 -9999   .88   .54   219   .07  2.14     9
 1054  80151 408102 11.91  5.49 12.33  8.09 -9999 -9999   .85   .51   208   .05  2.11    10
 1054  80151 408102 12.94  4.41 12.33  8.08 -9999 -9999   .88   .54   219   .08  2.11    10
 1054  80151 408102 13.86  3.34 12.33  8.08 -9999 -9999   .88   .54   219   .07  2.12    10
 1054  80151 408102 14.89  2.20 12.33  8.08 -9999 -9999   .88   .54   219   .07  2.09    10
 1054  80151 408102 15.82  1.24 12.26  8.08 -9999 -9999   .85   .52   209   .06  2.10    10
 1054  80151 408102 16.84 68.10 12.33  8.08 -9999 -9999   .88   .53   219   .07  2.11    10
-1106  80879 408325   .98 14.86 12.36  8.05 -9999 -9999   .85   .52   208   .05  2.15    10
 1106  80879 408325  1.91 13.79 12.36  8.06 -9999 -9999   .85   .52   208   .05  2.10     9
 1106  80879 408325  3.03 12.52 12.36  8.06 -9999 -9999   .85   .52   208   .05  2.18    10
 1106  80879 408325  3.96 11.50 12.36  8.07 -9999 -9999   .85   .52   208   .05  2.18    11
 1106  80879 408325  5.03 10.81 12.33  8.07 -9999 -9999   .85   .52   208   .05  2.13    10
 1106  80879 408325  6.01  9.66 12.36  8.07 -9999 -9999   .85   .52   208   .05  2.11    10
 1106  80879 408325  7.08  8.42 12.36  8.07 -9999 -9999   .85   .51   208   .05  2.11    10
 1106  80879 408325  8.01  7.15 12.35  8.07 -9999 -9999   .85   .51   208   .05  2.12    10
 1106  80879 408325  8.88  6.05 12.35  8.07 -9999 -9999   .85   .51   208   .05  2.14    10
 1106  80879 408325  9.96  4.83 12.35  8.07 -9999 -9999   .76   .45   176  0.00  2.11    10
 1106  80879 408325 10.99  3.56 12.35  8.07 -9999 -9999   .85   .51   208   .05  2.10    10
 1106  80879 408325 11.96  2.51 12.35  8.07 -9999 -9999   .85   .51   208   .05  2.12    10
 1106  80879 408325 12.84  1.66 12.35  8.07 -9999 -9999   .76   .45   176  0.00  2.12    10
 1106  80879 408325 13.87   .46 12.33  8.07 -9999 -9999   .88   .54   219   .07  2.11    11
-1119  82523 408341  2.11 13.41 12.33  8.05 -9999 -9999   .82   .50   197   .04  2.03    10
 1119  82523 408341  2.01 13.71 12.33  8.06 -9999 -9999   .82   .50   197   .04  2.05    10
 1119  82523 408341  2.89 13.08 12.33  8.07 -9999 -9999   .82   .50   197   .04  2.03    11
 1119  82523 408341  3.91 12.47 12.33  8.07 -9999 -9999   .82   .50   197   .04  2.05    10
 1119  82523 408341  4.88 11.67 12.33  8.07 -9999 -9999   .85   .52   208   .05  2.05    10
 1119  82523 408341  5.81 10.25 12.33  8.07 -9999 -9999   .85   .52   208   .05  2.07    10
 1119  82523 408341  6.84  9.18 12.33  8.07 -9999 -9999   .85   .52   208   .05  2.07    10
 1119  82523 408341  7.81  8.05 12.33  8.07 -9999 -9999   .82   .49   197   .04  2.08    10
 1119  82523 408341  8.88  6.66 12.33  8.07 -9999 -9999   .85   .52   208   .05  2.09    10
 1119  82523 408341  9.91  5.57 12.34  8.07 -9999 -9999   .85   .51   208   .05  2.06    10
 1119  82523 408341 10.94  4.52 12.33  8.07 -9999 -9999   .85   .51   208   .05  2.07    10
 1119  82523 408341 11.86  3.20 12.33  8.06 -9999 -9999   .82   .49   197   .04  2.08    10
 1119  82523 408341 12.89  6.87 12.31  8.06 -9999 -9999   .85   .52   208   .06  2.09    10
 1119  82523 408341 13.74 44.72 12.33  8.06 -9999 -9999   .96   .60   250   .12  2.07    11
-1136  83718 408541  1.03  7.69 12.33  8.07  9.69    91   .85   .52   208   .06  2.08    10
 1136  83718 408541  2.06  7.20 12.35  8.07  9.69    91   .82   .50   197   .04  2.09    10
 1136  83718 408541  3.13  6.35 12.35  8.07  9.66    90   .82   .50   197   .04  2.06    12
 1136  83718 408541  4.06  5.47 12.33  8.07  9.67    90   .82   .50   197   .04  2.11    11
 1136  83718 408541  5.13  4.42 12.33  8.07  9.69    90   .82   .50   197   .04  2.07    11
 1136  83718 408541  6.06  3.05 12.33  8.07  9.68    90   .85   .52   208   .05  2.10    10
 1136  83718 408541  7.08  1.47 12.35  8.07  9.69    91   .82   .49   197   .04  2.07     7
-1148  84940 409339   .98  9.74 12.28  8.05 -9999 -9999   .82   .50   198   .05  2.07    10
 1148  84940 409339  2.01  8.74 12.34  8.06 -9999 -9999   .82   .50   197   .04  2.27    11
 1148  84940 409339  2.94  7.96 12.35  8.06 -9999 -9999   .85   .52   208   .05  2.09    10
 1148  84940 409339  4.06  7.03 12.35  8.07 -9999 -9999   .82   .50   197   .04  2.06    11
 1148  84940 409339  4.93  6.27 12.33  8.07 -9999 -9999   .82   .50   197   .04  2.08    10
 1148  84940 409339  5.96  5.35 12.33  8.07 -9999 -9999   .82   .50   197   .04  2.11    10
 1148  84940 409339  6.98  4.30 12.33  8.07 -9999 -9999   .82   .49   197   .04  2.16    10
 1148  84940 409339  7.96  3.27 12.33  8.07 -9999 -9999   .82   .49   197   .04  2.10    10
 1148  84940 409339  8.89  2.27 12.33  8.07 -9999 -9999   .82   .49   197   .04  2.13    11
 1148  84940 409339 10.25   .76 12.33  8.06 -9999 -9999   .85   .52   208   .05  2.13    11
-1158  85685 410099  1.18  6.42 12.31  8.04 -9999 -9999   .82   .50   197   .04  2.16    11
 1158  85685 410099  2.11  5.49 12.31  8.05 -9999 -9999   .82   .50   197   .04  2.16    11
 1158  85685 410099  2.94  4.64 12.31  8.05 -9999 -9999   .85   .52   208   .06  2.19    10
 1158  85685 410099  4.06  3.59 12.30  8.06 -9999 -9999   .82   .50   197   .04  2.17    11
 1158  85685 410099  4.94  2.68 12.31  8.06 -9999 -9999   .82   .50   197   .04  2.21    11
 1158  85685 410099  5.96  1.61 12.31  8.06 -9999 -9999   .85   .52   208   .06  2.17    13
 1158  85685 410099  6.88   .63 12.31  8.07 -9999 -9999   .85   .52   208   .06  2.22    13
-1214  86048 411531  1.08 11.42 12.33  8.05  9.59    90   .80   .48   190   .02  2.04     9
 1214  86048 411531  2.01 10.40 12.33  8.05  9.57    89   .82   .50   197   .04  2.04     9
 1214  86048 411531  3.03  9.37 12.33  8.04  9.58    89   .79   .47   186   .02  2.06     9
 1214  86048 411531  4.11  8.57 12.33  8.05  9.58    89   .79   .47   186   .02  2.03     9
 1214  86048 411531  5.03  7.93 12.33  8.04  9.57    89   .82   .50   197   .04  2.07    10
 1214  86048 411531  5.96  6.88 12.31  8.04  9.56    89   .79   .47   187   .03  2.05    10
 1214  86048 411531  7.08  5.98 12.33  8.04  9.56    89   .79   .47   186   .02  2.05    10
 1214  86048 411531  8.06  4.76 12.33  8.04  9.57    89   .79   .47   186   .02  2.05    10
 1214  86048 411531  8.94  3.52 12.33  8.03  9.57    89   .82   .49   197   .04  2.05     9
 1214  86048 411531 10.01  2.20 12.33  8.03  9.57    89   .79   .47   186   .02  2.05     9
 1214  86048 411531 10.99  1.47 12.31  8.03  9.57    89   .88   .47   220   .02  2.05    10
 1214  86048 411531 11.96 21.85 12.36  8.03  9.57    90   .82   .49   197   .03  2.01    10
