# m.s. 'ARGUS'
# 23 Apr 1993 05:59:28
# PROJECTCODE: ZTSO
# OPDRACHTGEVER: ZEELAND
# MEETGEBIED: VOLKZOOM
# STARTPUNT: Ph.Dam
# EINDPUNT: /Volksluis
* 19930423
$ 9999 [0000000000000]
> TIJD
> X-COORD
> Y-COORD
>SENSHTE Diepte set      m
>Echms   Echo set        mtrs
>Echo    Echo schip      mtrs
>Temp    Temperatuur     Gr.C
>O2      Zuurst.NSWcomp. mg/l
>%O2     Zuurstof Verz.  Proc
>GELBH   Geleidendheid   mS/cm
>SALNTT  Saliniteit      Prom
>CL-     Chloride        mg
>      78.0 Extinktie       V
 -631  70311 410183  1.06  0.12  8.20 11.03 11.25   103   1.00  0.64   278  8.68
  632  70302 410182  1.69  0.17  8.20 11.03 11.24   103   1.00  0.64   278  7.30
  632  70296 410188  3.01  0.19  8.20 11.03 11.22   103   0.99  0.64   277  6.03
  633  70292 410192  4.13  3.44  8.39 11.01 11.20   102   1.00  0.64   278  4.52
  633  70288 410199  4.96  0.21  8.29 11.01 11.18   102   1.00  0.64   278  3.75
  633  70286 410201  5.98  0.16  8.20 11.01 11.17   102   1.00  0.64   278  2.69
  634  70283 410204  7.01  0.41  7.90 11.01 11.15   102   1.00  0.64   278  1.57
 -619  71478 409864  1.00 18.64 19.29 11.38  9999  9999   0.99  0.63   270  8.60
  619  71485 409863  1.93 16.90 19.58 11.37  9999  9999   0.99  0.63   270  7.31
  619  71490 409864  2.96  0.12 19.69 11.37  9999  9999   0.99  0.63   271  5.96
  620  71491 409864  3.88 14.97 19.19 11.40  9999  9999   0.99  0.63   270  4.83
  620  71496 409866  5.00 14.17 19.29 11.38  9999  9999   0.99  0.63   271  3.63
  620  71497 409867  6.12 12.87 19.49 11.38  9999  9999   0.99  0.63   271  2.42
  620  71498 409868  6.95  0.19 19.69 11.38  9999  9999   0.99  0.63   271  1.42
  621  71497 409869  7.88  0.16 19.69 11.38  9999  9999   0.99  0.63   271  0.24
  621  71490 409918  8.86  9.91 19.58 11.38  9999  9999   0.99  0.63   270 -1.18
  621  71490 409916  9.88  0.18 19.84 11.35  9999  9999   0.99  0.63   271 -5.24
  621  71490 409907 10.90  8.08 19.20 11.21  9999  9999   1.02  0.66   285 -5.25
  622  71493 409903 11.83  0.21 19.39 10.97  9999  9999   1.05  0.68   296 -5.25
  622  71495 409898 12.80  0.18 19.94 10.82  9999  9999   1.08  0.71   311 -5.26
  622  71495 409898 13.87  4.90 19.94 10.48  9999  9999   1.15  0.77   343 -5.27
  622  71497 409889 14.90  0.28 20.04 10.36  9999  9999   1.19  0.80   362 -5.29
  623  71499 409887 15.88  2.63 19.94 10.34  9999  9999   1.19  0.81   365 -5.30
  623  71501 409884 16.80  1.87 20.04 10.20  9999  9999   1.21  0.82   374 -5.32
  623  71502 409883 17.92  0.31 19.94 10.03  9999  9999   1.24  0.85   389 -5.33
 -608  71700 409464  1.05 21.43 22.60 11.43  9999  9999   0.99  0.63   270  8.27
  609  71704 409472  2.02 20.42 22.60 11.43  9999  9999   0.99  0.63   270  6.85
  609  71708 409483  3.00 19.01 22.51 11.43  9999  9999   0.99  0.63   270  5.65
  609  71710 409492  4.03 17.86 22.41 11.42  9999  9999   0.99  0.63   270  4.46
  609  71714 409505  4.71 16.46 22.22 11.43  9999  9999   0.99  0.63   269  3.39
  610  71717 409511  5.88 15.48 22.31 11.42  9999  9999   0.99  0.63   269  2.31
  610  71717 409511  6.80 14.53 22.51 11.43  9999  9999   0.99  0.63   273  1.16
  610  71727 409509  7.83 13.45 22.60 11.43  9999  9999   0.99  0.63   272 -0.39
  610  71733 409508  8.80 12.55 22.81 11.43  9999  9999   1.00  0.64   277 -3.44
  611  71744 409508  9.82 11.62 22.70 11.41  9999  9999   1.00  0.64   277 -4.78
  611  71754 409509 10.80 10.81 22.81 11.28  9999  9999   0.99  0.63   271 -4.80
  611  71767 409508 11.73  9.89 22.70 10.87  9999  9999   1.07  0.70   307 -4.81
  611  71779 409510 12.70  9.06 22.70 10.63  9999  9999   1.11  0.73   325 -4.84
  612  71782 409511 13.82  7.88 22.51 10.53  9999  9999   1.22  0.82   375 -4.86
  612  71800 409518 14.70  6.98 22.51 10.49  9999  9999   1.28  0.87   401 -4.87
  612  71809 409522 15.92  5.93 22.41 10.19  9999  9999   1.29  0.88   407 -4.90
  613  71816 409528 16.80  4.97 22.41  9.95  9999  9999   1.30  0.90   417 -4.92
  613  71821 409532 17.78  3.95 22.31  9.69  9999  9999   1.33  0.93   434 -4.94
  613  71823 409537 18.80  2.46 22.41  9.35  9999  9999   1.38  0.97   459 -4.95
  614  71824 409538 19.78  0.36 22.60  8.82  9999  9999   1.45  1.05   502 -4.96
 -559  71394 408755  1.00  5.05  6.42 11.64 10.87   101   1.27  0.83   381  8.29
  600  71394 408779  1.98  3.95  6.32 11.64 10.91   101   1.30  0.85   393  6.75
  601  71410 408756  2.96  2.93  6.32 11.66 10.88   101   1.32  0.87   402  5.47
  601  71418 408762  3.98  1.85  6.42 11.66 10.89   101   1.32  0.87   400  4.18
  602  71420 408769  5.00  0.82  6.32 11.67 10.90   101   1.34  0.88   409  2.86
 -653  72560 408717  1.01 10.04 11.48 11.42 11.14   103   0.98  0.63   269  8.95
  654  72558 408718  2.08  8.87 11.19 11.42 11.14   103   0.98  0.63   268  7.19
  655  72576 408717  3.06  7.67 11.48 11.42 11.15   103   0.98  0.63   268  5.97
  655  72581 408716  3.99  0.17 11.28 11.42 11.14   103   0.98  0.63   269  5.06
  656  72585 408718  5.15  0.14 11.58 11.35 11.10   102   0.99  0.63   271  3.71
  656  72588 408715  6.08  0.19 11.28 11.30 11.04   102   0.99  0.64   273  2.49
  657  72596 408709  7.06  3.49 11.19 11.30 11.03   101   0.99  0.64   273  1.46
  657  72600 408708  7.88  0.53 11.89 11.03 10.99   100   1.02  0.66   288  0.37
 -705  73184 407752  0.86  9.41 10.46 11.57  9999  9999   0.99  0.63   268  9.12
  705  73184 407746  1.98  7.23 10.40 11.57  9999  9999   0.99  0.63   268  7.58
  706  73183 407741  3.01  6.91 10.40 11.55  9999  9999   0.99  0.63   268  6.03
  706  73183 407738  3.99  6.01 10.40 11.55  9999  9999   0.99  0.63   269  4.92
  706  73182 407736  4.96  0.14 10.40 11.55  9999  9999   0.99  0.63   269  3.78
  707  73182 407734  5.93  0.16 10.40 11.54  9999  9999   0.99  0.63   270  2.73
  707  73184 407734  7.01  0.16 10.40 11.53  9999  9999   0.99  0.63   271  1.72
  707  73185 407733  7.93  1.48 10.40 11.38  9999  9999   1.03  0.66   285  0.53
  708  73188 407732  8.71  0.90 10.30 11.35  9999  9999   1.15  0.75   334 -0.56
 -728  77176 406196  1.11 13.12 14.44 11.56  9999  9999   0.88  0.55   225  8.37
  729  77180 406194  2.08 12.07 14.44 11.56  9999  9999   0.88  0.55   225  6.56
  729  77183 406194  3.11 10.97 14.44 11.55  9999  9999   0.88  0.55   226  5.53
  729  77186 406196  3.89 10.09 14.35 11.55  9999  9999   0.88  0.55   227  4.27
  729  77189 406198  4.86  0.19 14.35 11.57  9999  9999   0.89  0.55   228  2.85
  730  77192 406200  5.84  0.19 14.44 11.59  9999  9999   0.92  0.57   240  1.66
  730  77195 406204  6.91  0.19 14.35 11.64  9999  9999   0.91  0.57   238  0.26
  730  77196 406206  7.98  0.16 14.35 11.64  9999  9999   0.91  0.57   238 -1.30
  730  77198 406209  9.00  4.51 14.35 11.64  9999  9999   0.92  0.58   240 -3.97
  731  77199 406211  9.93  3.61 14.35 11.64  9999  9999   0.92  0.58   240 -7.12
  731  77200 406213 10.86  2.68 14.25 11.65  9999  9999   0.92  0.58   241 -7.12
  731  77201 406217 11.83  1.68 14.44 11.64  9999  9999   0.92  0.58   240 -7.13
  731  77203 406221 12.95  0.53 14.35 11.62  9999  9999   0.92  0.58   241 -7.00
 -749  80163 408091  1.16 16.37 17.31 11.44  9999  9999   0.82  0.51   203  8.73
  749  80167 408084  2.13 15.17 17.11 11.44  9999  9999   0.82  0.51   204  6.73
  749  80170 408083  3.15 14.07 17.11 11.44  9999  9999   0.82  0.51   204  5.53
  749  80171 408082  3.94 13.12 17.01 11.44  9999  9999   0.82  0.51   204  3.96
  750  80173 408078  4.96 11.95 17.01 11.43  9999  9999   0.81  0.50   200  2.42
  750  80176 408077  5.89  0.19 16.92 11.43  9999  9999   0.82  0.51   204  1.38
  750  80177 408076  6.96  9.82 16.92 11.35  9999  9999   0.82  0.51   204 -0.07
  751  80178 408076  7.88  8.84 16.92 11.43  9999  9999   0.82  0.51   205 -1.80
  751  80180 408076  8.86  7.81 16.92 11.43  9999  9999   0.82  0.51   204 -4.38
  751  80181 408077  9.88  6.76 16.92 11.43  9999  9999   0.82  0.51   204 -7.45
  751  80182 408078 10.86  5.68 17.01 11.42  9999  9999   0.82  0.51   205 -7.49
  752  80184 408080 11.98  4.58 17.11 11.42  9999  9999   0.82  0.51   205 -7.51
  752  80185 408081 12.71  0.18 17.11 11.42  9999  9999   0.82  0.51   205 -7.54
  752  80185 408083 13.80  2.65 17.11 11.41  9999  9999   0.82  0.51   204 -7.55
  752  80186 408085 14.66  1.82 17.11 11.38  9999  9999   0.82  0.51   206 -7.56
  753  80188 408088 15.83  0.65 17.11 11.38  9999  9999   0.82  0.51   206 -7.58
 -823  83887 408566  0.96  0.19 11.19 11.91 10.91   102   0.79  0.48   189  8.76
  823  83890 408573  1.99  0.17 11.19 11.91 10.89   101   0.79  0.47   188  6.52
  824  83892 408578  3.01  0.27 11.38 11.91 10.90   102   0.79  0.48   189  4.73
  824  83894 408585  4.04  0.17 11.48 11.91 10.88   101   0.78  0.47   186  3.17
  825  83895 408590  4.91  0.19 11.38 11.91 10.87   101   0.79  0.48   189  1.66
  825  83898 408596  5.94  0.21 10.99 11.90 10.86   101   0.79  0.48   190 -0.01
  825  83902 408601  6.96  0.09 11.09 11.89 10.84   101   0.79  0.48   190 -1.59
  826  83907 408608  7.88  0.14 11.19 11.86 10.83   101   0.79  0.48   189 -3.55
  826  83910 408612  8.86  0.14 10.99 11.84 10.80   100   0.79  0.48   190 -7.76
  827  83913 408615 10.03  0.70 11.19 11.86 10.81   101   0.79  0.48   190 -7.75
 -850  86049 411537  0.96  0.19 12.76 12.14 11.19   105   0.79  0.48   189  9.57
  850  86049 411543  1.99 10.92 12.87 12.14 11.19   105   0.79  0.48   190  7.40
  851  86049 411542  3.02  9.87 12.87 12.13 11.14   104   0.79  0.48   189  5.78
  851  86049 411541  3.99  0.22 12.97 12.15 11.12   104   0.79  0.48   189  3.81
  852  86049 411543  5.01  7.60 12.97 12.13 11.14   104   0.79  0.48   189  2.41
  852  86047 411539  5.99  0.12 12.76 12.10 11.10   104   0.79  0.47   188  1.26
  853  86045 411535  7.01  5.23 12.57 12.08 11.06   103   0.79  0.47   187 -0.26
  853  86043 411532  7.89  0.21 12.57 12.08 11.02   103   0.79  0.48   189 -1.96
  853  86041 411532  8.91  3.22 12.57 12.06 10.96   102   0.79  0.48   189 -4.27
  854  86039 411532  9.88  2.09 12.66 11.86 10.75   100   0.79  0.48   189 -7.29
  854  86036 411534 10.95  1.07 12.76 11.69 10.54    98   0.79  0.48   189 -7.91
