# M.S. ARGUS
# MEETPUNT: ZTS-13
# PROJECTCODE<7>: E7608X
# MEETGEBIED: VOLKERAK/ZOOMMEER
# STARTPUNT: KRAMMERSLUIZEN
# EINDPUNT: KREEKRAKSLUIZEN
# #TLU        oC        <  16.1>
# #LUCHTDK    hPa       <  1003>
# #WINDSHD    m/s       <  13.8>
# #WINDRTG    graad     <    73>
* 19980824
$ 9999 [0000000000000000]
> TIJD
> X-COORD
> Y-COORD
>SENSHTE Diepte set      m
>ECHOS   Echo set        mtrs
>Echo    Echo schip      mtrs
>Temp    Temperatuur     oC
>pH      Zuurgraad       DIMSLS
>GELBH   Geleidendheid   ms/cm
>SALNTT  Saliniteit      DIMSLS
>CL-     Chloride        mg/l
>DICHT   Dichtheid
>FLME    Flur ME          gr/l
>MexB    Mex 3001B       %
>O2      Zuurstof ME     mg/l
>%O2     Zuurstof Verz.  %
 -543  70350 410188   2.06   5.71   8.74  18.49   8.84   1.24   0.67    297   0.00   2.08      5  9999 9999
  544  70348 410188   3.05   5.00   8.78  18.49   8.84   1.24   0.67    297   0.00   2.17      5  9999 9999
  544  70347 410190   4.03   3.89   8.70  18.50   8.84   1.25   0.68    298   0.00   2.11      5  9999 9999
  544  70346 410191   5.03   3.08   8.72  18.50   8.84   1.24   0.67    297   0.00   2.10      5  9999 9999
  544  70345 410192   6.03   1.88   8.64  18.50   8.84   1.25   0.68    298   0.00   2.04      5  9999 9999
  544  70344 410194   7.04   0.76   8.62  18.50   8.83   1.25   0.68    298   0.00   1.99      5  9999 9999
 -534  71473 409842   2.08   0.00  19.52  18.61   8.84   1.24   0.67    294   0.00   2.18      5  9999 9999
  534  71474 409844   3.02  15.79  19.54  18.61   8.84   1.24   0.67    294   0.00   2.08      5  9999 9999
  534  71475 409845   4.02  14.73  19.52  18.61   8.84   1.24   0.67    293   0.00   2.12      5  9999 9999
  534  71476 409846   5.17  13.64  19.52  18.61   8.83   1.24   0.67    294   0.00   2.18      5  9999 9999
  534  71477 409849   6.14  12.68  19.50  18.61   8.83   1.24   0.67    294   0.00   2.16      5  9999 9999
  535  71477 409851   7.19  11.69  19.46  18.62   8.83   1.24   0.67    293   0.00   2.04      5  9999 9999
  535  71478 409851   8.10  10.80  19.46  18.61   8.83   1.23   0.67    293   0.00   2.13      5  9999 9999
  535  71479 409854   9.13   9.83  19.30  18.57   8.82   1.24   0.67    295   0.00   2.13      5  9999 9999
  535  71480 409855  10.13   8.79  19.18  18.49   8.82   1.24   0.67    295   0.00   2.17      5  9999 9999
  535  71481 409856  11.16   7.80  19.07  18.49   8.82   1.24   0.67    294   0.00   2.17      5  9999 9999
  535  71482 409857  12.18   6.66  19.03  18.45   8.82   1.24   0.67    295   0.00   2.13      5  9999 9999
  535  71483 409858  13.09   5.61  18.97  18.46   8.82   1.24   0.67    296   0.00   2.28      6  9999 9999
  535  71483 409859  14.13   4.50  18.95  18.49   8.82   1.24   0.67    295   0.00   2.13      6  9999 9999
  535  71485 409861  15.12   3.37  19.01  18.49   8.82   1.23   0.67    294   0.00   2.11      6  9999 9999
  535  71486 409862  16.13   2.27  18.99  18.52   8.82   1.24   0.67    294   0.00   2.15      6  9999 9999
  535  71487 409863  17.06   1.15  18.91  18.48   8.83   1.23   0.67    294   0.00   2.17      5  9999 9999
  535  71489 409865  17.89   0.48  18.95  18.49   8.83   1.24   0.67    294   0.00   2.13      5  9999 9999
 -528  71709 409486   2.01  21.13  22.73  18.53   8.88   1.20   0.65    287   0.00   2.42      5  9999 9999
  529  71707 409488   3.07  19.93  22.59  18.53   8.89   1.20   0.65    286   0.00   2.43      5  9999 9999
  529  71705 409490   4.09  18.83  22.55  18.53   8.89   1.20   0.65    286   0.00   2.37      5  9999 9999
  529  71704 409491   5.08  17.83  22.53  18.53   8.89   1.20   0.65    287   0.00   2.48      5  9999 9999
  529  71702 409494   6.00  16.73  22.41  18.53   8.88   1.20   0.65    287   0.00   2.26      5  9999 9999
  529  71701 409495   7.05  15.64  22.33  18.53   8.88   1.20   0.65    287   0.00   2.30      5  9999 9999
  529  71701 409497   8.01  14.52  22.21  18.53   8.88   1.21   0.65    288   0.00   2.28      5  9999 9999
  529  71700 409498   9.09  13.35  22.09  18.53   8.87   1.21   0.65    289   0.00   2.38      5  9999 9999
  529  71700 409500  10.05  12.28  21.97  18.53   8.87   1.21   0.65    285   0.00   2.38      5  9999 9999
  529  71700 409502  11.07  11.13  21.91  18.53   8.87   1.21   0.65    288   0.00   2.31      5  9999 9999
  529  71701 409503  12.05  10.03  21.82  18.53   8.87   1.21   0.65    289   0.00   2.31      5  9999 9999
  529  71701 409504  13.07   8.83  21.75  18.53   8.87   1.21   0.65    289   0.00   2.37      5  9999 9999
  529  71702 409505  14.11   7.79  21.74  18.53   8.87   1.21   0.65    285   0.00   2.25      5  9999 9999
  530  71703 409506  15.06   6.82  21.69  18.52   8.87   1.21   0.65    286   0.00   2.27      5  9999 9999
  530  71704 409507  16.06   5.72  21.61  18.52   8.87   1.21   0.65    286   0.00   2.25      5  9999 9999
  530  71705 409508  17.05   4.63  21.57  18.45   8.84   1.22   0.66    290   0.00   2.26      5  9999 9999
  530  71707 409508  18.07   3.62  21.53  18.36   8.83   1.22   0.66    290   0.00   2.26      5  9999 9999
  530  71708 409508  19.06   2.45  21.53  18.27   8.77   1.25   0.68    300   0.00   2.20      5  9999 9999
  530  71710 409508  19.91   1.42  21.47  17.89   8.20   1.50   0.85    395   0.00   2.04      5  9999 9999
  530  71713 409508  20.88   0.40  21.53  16.52   7.67   2.05   1.24    619   0.00   1.77      4  9999 9999
 -521  71323 408829   2.05   4.12   6.94  18.44   8.94   1.51   0.84    391   0.00   2.89      5  9999 9999
  521  71325 408827   3.06   3.05   6.94  18.43   8.94   1.50   0.84    390   0.00   2.63      5  9999 9999
  522  71326 408825   4.06   2.17   6.92  18.44   8.94   1.51   0.84    391   0.00   2.58      5  9999 9999
  522  71328 408822   5.02   1.10   6.82  18.44   8.94   1.50   0.84    390   0.00   2.66      5  9999 9999
  522  71330 408818   5.97   0.18   6.80  18.43   8.94   1.51   0.84    391   0.00   2.65      5  9999 9999
 -557  72567 408788   0.98   0.36  11.51  18.44   8.88   1.19   0.64    284   0.00   2.42      5  8.39 91
  557  72567 408788   2.05   8.97  11.75  18.42   8.88   1.19   0.64    283   0.00   2.41      5  8.39 91
  558  72579 408800   3.04   8.37  11.77  18.40   8.90   1.19   0.64    283   0.00   2.42      5  8.40 91
  558  72580 408801   4.09   7.37  11.81  18.40   8.89   1.19   0.64    284   0.00   2.40      5  8.41 91
  559  72582 408801   5.04   6.22  12.03  18.40   8.89   1.19   0.64    284   0.00   2.48      5  8.40 91
  559  72579 408782   5.97   4.99  11.57  18.42   8.89   1.19   0.64    284   0.00   2.44      5  8.38 91
  600  72580 408774   7.00   3.61  11.35  18.43   8.89   1.19   0.64    283   0.00   2.40      5  8.37 91
  600  72580 408767   8.01   3.54  11.85  18.43   8.89   1.19   0.64    283   0.00   2.35      5  8.38 91
  601  72580 408760   8.99   2.06  11.75  18.41   8.89   1.19   0.64    284   0.00   2.42      5  8.36 91
  601  72581 408753   9.97   0.62  11.43  18.42   8.89   1.19   0.64    284   0.00   2.33      5  8.36 91
 -607  73154 407815   1.80   6.53   8.70  18.39   8.91   1.11   0.59    256   0.00   2.68      6  9999 9999
  607  73152 407812   2.87   5.55   8.74  18.39   8.91   1.11   0.59    256   0.00   2.75      6  9999 9999
  607  73151 407811   3.82   4.47   8.74  18.39   8.92   1.12   0.60    257   0.00   2.64      6  9999 9999
  608  73151 407810   4.85   3.53   8.80  18.39   8.91   1.12   0.60    257   0.00   2.77      6  9999 9999
  608  73151 407809   5.80   2.51   8.80  18.39   8.91   1.12   0.60    257   0.00   2.50      6  9999 9999
  608  73150 407809   6.85   1.35   8.80  18.39   8.91   1.11   0.60    256   0.00   2.53      6  9999 9999
  608  73150 407809   7.82   0.43   8.84  18.39   8.91   1.12   0.60    257   0.00   2.64      6  9999 9999
 -630  77112 406181   1.82   0.11  14.63  18.27   8.91   1.08   0.58    246   0.00   2.88      6  9999 9999
  631  77116 406184   2.80  11.60  14.65  18.27   8.91   1.08   0.58    246   0.00   2.86      6  9999 9999
  631  77119 406185   3.84  10.53  14.63  18.27   8.92   1.08   0.58    246   0.00   2.70      6  9999 9999
  631  77120 406186   4.88   9.52  14.63  18.27   8.91   1.08   0.58    246   0.00   2.78      6  9999 9999
  631  77122 406187   5.82   8.49  14.61  18.28   8.91   1.08   0.58    246   0.00   2.88      6  9999 9999
  631  77123 406189   6.83   7.27  14.59  18.27   8.91   1.08   0.58    246   0.00   2.75      6  9999 9999
  631  77125 406189   7.80   6.18   2.83  18.27   8.91   1.08   0.58    246   0.00   2.79      6  9999 9999
  631  77126 406190   8.82   5.13   2.97  18.27   8.91   1.08   0.58    246   0.00   2.76      6  9999 9999
  631  77128 406189   9.84   3.98  14.69  18.27   8.91   1.08   0.58    246   0.00   2.68      6  9999 9999
  631  77129 406189  10.80   2.96  14.63  18.28   8.91   1.08   0.58    246   0.00   2.76      6  9999 9999
  631  77130 406188  11.83   1.94  14.72  18.28   8.91   1.08   0.58    246   0.00   2.85      6  9999 9999
  631  77132 406187  12.82   0.83  14.77  18.27   8.91   1.08   0.58    246   0.00   2.94      6  9999 9999
 -648  80167 408107   1.81  15.65  17.65  18.43   8.86   0.96   0.50    204   0.00   3.41      7  9999 9999
  648  80167 408110   2.86  14.47  17.65  18.42   8.86   0.96   0.50    204   0.00   3.10      7  9999 9999
  648  80165 408111   3.82  13.43  17.63  18.42   8.86   0.96   0.50    204   0.00   3.43      7  9999 9999
  648  80164 408112   4.85  12.34  17.63  18.42   8.86   0.96   0.50    204   0.00   3.25      7  9999 9999
  648  80163 408113   5.84  10.10  17.63  18.42   8.86   0.96   0.50    204   0.00   3.23      7  9999 9999
  648  80163 408113   6.83  10.30  17.63  18.42   8.86   0.96   0.50    204   0.00   3.13      7  9999 9999
  648  80162 408114   7.86   3.00  17.61  18.42   8.86   0.96   0.50    204   0.00   3.06      7  9999 9999
  648  80162 408114   8.87   3.82  17.63  18.42   8.86   0.96   0.50    204   0.00   3.23      7  9999 9999
  648  80162 408114   9.81   7.16  17.61  18.40   8.86   0.96   0.50    206   0.00   3.37      7  9999 9999
  648  80162 408115  10.84   6.08  17.61  18.40   8.86   0.97   0.50    207   0.00   3.27      7  9999 9999
  648  80162 408115  11.85   4.92  17.65  18.39   8.86   0.97   0.50    207   0.00   3.13      7  9999 9999
  649  80163 408116  12.82   4.01  17.61  18.41   8.86   0.96   0.50    206   0.00   3.34      7  9999 9999
  649  80164 408116  13.81   0.09  17.59  18.41   8.86   0.96   0.50    205   0.00   3.35      7  9999 9999
  649  80164 408117  14.89   1.75  17.65  18.30   8.86   0.98   0.51    213   0.00   3.35      7  9999 9999
  649  80164 408117  15.86   0.67  17.59  18.32   8.86   0.98   0.51    212   0.00   3.27      8  9999 9999
 -705  83675 408507   1.04   0.02  12.03  18.48   8.87   0.97   0.50    207   0.00   3.19      7  8.12 88
  705  83675 408507   2.07  10.34  12.38  18.48   8.88   0.97   0.50    207   0.00   3.09      7  8.11 88
  706  83681 408512   3.07   9.49  12.01  18.48   8.88   0.97   0.50    207   0.00   3.05      7  8.12 88
  706  83685 408518   3.95   8.85  12.11  18.48   8.88   0.97   0.50    207   0.00   3.12      7  8.10 88
  707  83688 408526   5.02   7.68  12.09  18.48   8.88   0.97   0.50    207   0.00   2.94      7  8.09 88
  707  83688 408528   5.98   6.58  12.01  18.49   8.88   0.97   0.50    207   0.00   3.07      7  8.11 88
  707  83689 408530   7.08   5.22  11.89  18.49   8.88   0.97   0.50    207   0.00   2.89      7  8.08 87
  708  83687 408531   7.99   4.38  11.77  18.49   8.89   0.97   0.50    207   0.00   3.06      7  8.06 88
  708  83682 408531   8.99   3.47  11.45  18.49   8.89   0.97   0.50    207   0.00   3.04      7  8.07 87
  709  83675 408526  10.00   2.45  11.04  18.48   8.89   0.97   0.50    207   0.00   2.97      7  8.11 88
  709  83673 408521  10.98   1.10  10.92  18.48   8.89   0.97   0.50    207   0.00   2.99      7  8.09 88
 -728  86064 411477   1.17   0.06  11.71  18.41   8.67   0.87   0.45    178   0.00   3.22      8  7.99 86
  729  86064 411477   2.05   0.36  11.65  18.40   8.68   0.88   0.45    178   0.00   3.41      8  7.97 86
  729  86061 411469   2.99   9.82  11.69  18.36   8.69   0.88   0.45    180   0.00   3.32      8  8.03 87
  729  86051 411465   4.01   8.12  12.21  18.38   8.69   0.88   0.45    180   0.00   3.20      8  8.04 87
  730  86041 411465   4.99   6.83  12.66  18.35   8.69   0.88   0.45    180   0.00   3.17      8  8.03 87
  730  86032 411467   5.98   5.83  13.16  18.32   8.71   0.88   0.45    182   0.00   3.48      8  8.09 87
  731  86025 411471   7.08   4.60  13.40  18.30   8.72   0.89   0.46    182   0.00   3.40      8  8.14 88
  731  86014 411480   8.00   4.64  13.22  18.28   8.74   0.89   0.46    183   0.00   3.50      8  8.24 88
  732  86011 411483   9.06   3.57  13.28  18.26   8.75   0.89   0.46    183   0.00   3.76      8  8.22 88
  733  86011 411486  10.01   2.49  13.36  18.26   8.74   0.89   0.46    184   0.00   3.68      8  8.21 88
  733  86012 411488  10.97   1.44  13.42  18.22   8.74   0.89   0.46    185   0.00   3.21      8  8.22 88
  733  86015 411491  12.03   0.23  13.38  18.18   8.76   0.89   0.46    185   0.00   3.42      8  8.23 89
