# VOLKERAK
# 1-15
# start meting: 1253
# DBW
* 19891213
$-9999 [0002222212200]
> TIJD
> X-COORD
> Y-COORD
>SENSHTE Diepte set      m
>Echms   Echo set        mtrs
>Temp    Temperatuur     Gr.C
>pH      Zuurgraad       s.e.
>O2      Zuurst.NSWcomp. mg/l
>O2%     Zuurstof Verz.  Proc
>GELBH   Geleidendheid   mS/cm
>SALNTT  Saliniteit      Prom
>CL-     Chloride        mg
>   76 0  InSitu Troeblh  M.E.
-1254  86066 411531  1.00 12.54  3.86  8.07 12.30  96.0   .78   .61   254     1
 1255  86058 411533  2.05 11.41  3.82  8.12 12.30  95.9   .75   .58   240     1
 1255  86064 411537  3.06 10.34  3.84  8.11 12.29  95.8   .73   .56   230     1
 1255  86072 411534  3.96  9.22  3.84  8.13 12.35  96.3   .73   .56   230     1
 1256  86064 411537  4.62  9.08  3.84  8.14 12.29  95.8   .72   .56   225     1
 1256  86066 411531  5.98  7.42  3.82  8.12 12.27  95.7   .75   .58   240     1
 1257  86068 411525  6.83  5.83  3.84  8.13 12.27  95.7   .75   .58   240     1
 1257  86062 411521  7.84  4.67  3.82  8.14 12.28  95.7   .60   .44   171     1
 1258  86070 411519  8.85  3.55  3.82  8.13 12.27  95.7   .72   .56   226     1
 1258  86064 411515  9.95  3.10  3.82  8.13 12.28  95.7   .75   .58   240     1
 1259  86058 411511 10.96  1.63  3.86  8.13 12.28  95.8   .75   .58   240     1
 1259  86056 411517 11.82   .57  3.82  8.10 12.27  95.7   .75   .58   240     1
-1310  85744 410122  1.00  7.16  3.74  8.17 -9999 -9999   .75   .59   241     1
 1310  85739 410096  2.05  5.81  3.74  8.15 -9999 -9999   .75   .58   241     1
 1310  85733 410092  3.06  4.76  3.74  8.17 -9999 -9999   .75   .58   241     1
 1310  85735 410086  4.01  3.62  3.74  8.18 -9999 -9999   .75   .58   241     1
 1310  85729 410082  5.02  2.54  3.74  8.18 -9999 -9999   .75   .58   241     1
 1311  85723 410079  5.98  1.55  3.74  8.19 -9999 -9999   .57   .42   159     1
 1311  85723 410079  6.88   .60  3.73  8.17 -9999 -9999   .75   .58   241     1
-1317  84912 409451  1.00 10.39  3.69  8.22 -9999 -9999   .78   .61   256     1
 1317  84878 409422  2.00  9.52  3.69  8.20 -9999 -9999   .78   .61   256     1
 1317  84875 409412  3.06  8.65  3.69  8.20 -9999 -9999   .78   .61   256     1
 1317  84877 409406  4.06  8.18  3.69  8.21 -9999 -9999   .80   .63   266     1
 1317  84869 409408  4.97  6.63  3.68  8.19 -9999 -9999   .78   .61   256     1
 1318  84869 409408  5.98  5.61  3.68  8.19 -9999 -9999   .78   .61   256     1
 1318  84869 409408  6.94  4.36  3.68  8.20 -9999 -9999   .78   .61   256     1
 1318  84869 409408  7.89  3.26  3.68  8.16 -9999 -9999   .78   .61   256     1
 1318  84863 409404  8.44  2.29  3.68  8.19 -9999 -9999   .78   .61   256     1
 1319  84869 409408 10.10  1.15  3.67  8.21 -9999 -9999   .78   .61   256     1
-1325  83740 408628  1.05 13.95  3.74  8.19 12.50  97.4   .78   .61   256     1
 1326  83725 408610  2.05 11.00  3.79  8.20 12.50  97.5   .70   .54   216     1
 1326  83713 408602  3.56 10.59  3.75  8.15 12.49  97.3   .78   .61   255     1
 1327  83704 408588  3.96  9.25  3.75  8.18 12.49  97.3   .70   .54   217     1
 1327  83692 408581  4.97  7.35  3.75  8.18 12.47  97.2   .75   .58   241     1
 1328  83686 408577  5.92  6.76  3.75  8.17 12.47  97.1   .76   .59   246     1
 1328  83680 408573  6.93  4.00  3.77  8.16 12.47  97.2   .78   .60   255     1
 1329  83672 408576  7.99  3.22  3.75  8.11 12.45  97.0   .75   .58   241     1
 1329  83666 408572  9.05  2.06  3.75  8.16 12.45  97.0   .75   .58   241     1
 1330  83660 408568 10.00  1.11  3.75  8.19 12.44  97.0   .78   .60   255     1
-1339  82511 408305   .96 11.50  3.72  8.21 -9999 -9999   .81   .63   271     1
 1339  82490 408300  1.95 10.22  3.72  8.20 -9999 -9999   .78   .61   256     1
 1339  82482 408302  2.96  9.31  3.72  8.21 -9999 -9999   .77   .60   251     1
 1339  82467 408301  3.96  8.58  3.74  8.21 -9999 -9999   .78   .61   256     1
 1340  82461 408297  4.92  7.93  3.70  8.21 -9999 -9999   .78   .61   256     1
 1340  82453 408300  5.88  7.69  3.73  8.16 -9999 -9999   .78   .61   256     1
 1340  82444 408302  7.08  6.78  3.73  8.20 -9999 -9999   .78   .61   256     1
 1340  82433 408294  8.09  7.13  3.73  8.20 -9999 -9999   .77   .60   251     1
 1341  82430 408301  9.20  4.98  3.73  8.19 -9999 -9999   .77   .60   251     1
 1341  82424 408297 10.00  4.25  3.73  8.21 -9999 -9999   .78   .60   256     1
 1341  82415 408299 10.91  3.32  3.73  8.19 -9999 -9999   .78   .60   256     1
 1341  82409 408296 11.82  2.39  3.73  8.19 -9999 -9999   .78   .60   256     1
 1342  82401 408298 12.47  1.27  3.73  8.19 -9999 -9999   .80   .63   266     1
-1349  80971 408352  1.14 14.54  3.72  8.21 -9999 -9999   .78   .61   256     1
 1349  80953 408340  2.00 14.13  3.74  8.19 -9999 -9999   .78   .61   256     1
 1349  80947 408337  3.01 12.70  3.74  8.21 -9999 -9999   .78   .61   256     1
 1350  80944 408343  3.96 11.62  3.72  8.22 -9999 -9999   .80   .63   266     1
 1350  80947 408337  4.72 10.34  3.73  8.22 -9999 -9999   .78   .61   256     1
 1350  80933 408335  5.93  9.36  3.73  8.20 -9999 -9999   .78   .61   256     1
 1350  80933 408335  6.88  8.44  3.73  8.19 -9999 -9999   .78   .60   256     1
 1350  80933 408335  7.74  9.00  3.73  8.20 -9999 -9999   .78   .61   256     1
 1351  80933 408335  9.00  6.20  3.75  8.21 -9999 -9999   .80   .63   265     1
 1351  80933 408335  9.85  5.21  3.73  8.19 -9999 -9999   .75   .58   241     1
 1351  80927 408331 10.91  4.30  3.73  8.17 -9999 -9999   .77   .60   251     1
 1351  80918 408334 11.92  3.20  3.72  8.20 -9999 -9999   .77   .60   251     1
 1352  80921 408328 12.98  2.00  3.72  8.21 -9999 -9999   .78   .61   256     1
 1352  80927 408331 13.93  1.05  3.73  8.21 -9999 -9999   .65   .49   194     1
-1356  80212 408106  1.10 19.21  3.70  8.22 -9999 -9999   .81   .63   271     1
 1356  80162 408082  2.15 16.08  3.70  8.21 -9999 -9999   .80   .63   266     1
 1357  80150 408074  3.11 15.01  3.70  8.21 -9999 -9999   .80   .63   266     1
 1357  80150 408074  4.01 13.97  3.68  8.23 -9999 -9999   .80   .63   266     1
 1357  80147 408064  4.97 12.93  3.68  8.23 -9999 -9999   .80   .63   266     1
 1357  80139 408066  5.88 12.44  3.68  8.23 -9999 -9999   .80   .63   266     1
 1357  80139 408066  6.93 11.10  3.70  8.21 -9999 -9999   .80   .63   266     1
 1358  80124 408065  7.84 10.04  3.70  8.23 -9999 -9999   .80   .63   266     1
 1358  80133 408062  9.05  8.83  3.70  8.21 -9999 -9999   .80   .63   266     1
 1358  80115 408067 10.00  9.23  3.70  8.23 -9999 -9999   .80   .63   266     1
 1358  80112 408074 11.01  6.91  3.70  8.21 -9999 -9999   .80   .63   266     1
 1358  80118 408078 11.97  6.28  3.70  8.20 -9999 -9999   .80   .63   266     1
 1359  80112 408074 13.03  4.59  3.70  8.19 -9999 -9999   .80   .63   266     1
 1359  80112 408074 14.04  4.12  3.70  8.19 -9999 -9999   .80   .63   266     1
 1359  80104 408076 15.04  2.86  3.70  8.22 -9999 -9999   .80   .63   266     1
 1359  80104 408076 16.05  1.43  3.70  8.21 -9999 -9999   .80   .63   266     1
 1360  80104 408076 16.85   .52  3.70  8.22 -9999 -9999   .80   .63   266     1
-1408  78620 407069  1.10  6.99  3.76  8.21 -9999 -9999   .94   .75   332     1
 1408  78599 407064  2.05  6.26  3.63  8.21 -9999 -9999   .83   .66   282     1
 1409  78588 407056  3.11  4.99  3.67  8.23 -9999 -9999   .83   .66   282     1
 1409  78588 407056  3.86  3.88  3.67  8.23 -9999 -9999   .83   .66   282     1
 1409  78585 407063  5.07  2.90  3.67  8.23 -9999 -9999   .83   .66   282     1
 1409  78579 407059  6.08  1.77  3.67  8.21 -9999 -9999   .83   .65   282     1
 1410  78576 407065  7.04   .93  3.68  8.23 -9999 -9999   .85   .68   288     1
-1417  77169 406194  1.10 14.62  3.74  8.24 -9999 -9999   .83   .65   281     1
 1418  77157 406187  2.10 13.06  3.75  8.23 -9999 -9999   .80   .63   265     1
 1418  77148 406189  3.06 11.98  3.74  8.23 -9999 -9999   .91   .72   317     1
 1418  77142 406185  4.06 11.06  3.74  8.21 -9999 -9999   .86   .68   292     1
 1418  77142 406185  5.02 11.17  3.72  8.21 -9999 -9999   .80   .63   266     1
 1418  77133 406188  5.98  8.80  3.72  8.20 -9999 -9999   .88   .70   302     1
 1419  77128 406184  6.83  7.95  3.70  8.23 -9999 -9999   .85   .68   287     1
 1419  77128 406184  7.84  6.96  3.72  8.20 -9999 -9999   .88   .70   302     1
 1419  77113 406183  8.96  6.33  3.72  8.22 -9999 -9999   .88   .70   302     1
 1419  77107 406179 10.15  4.57  3.72  8.21 -9999 -9999   .88   .70   302     1
 1420  77098 406182 11.06  3.49  3.72  8.22 -9999 -9999   .88   .70   302     1
 1420  77101 406175 12.17  2.56  3.72  8.22 -9999 -9999   .88   .70   302     1
 1420  77086 406174 12.68  1.39  3.70  8.21 -9999 -9999   .89   .71   308     1
-1427  75775 406431  1.04 10.57  3.69  8.22 12.59  98.1   .83   .66   282     1
 1428  75766 406434  2.05  9.53  3.70  8.22 12.58  98.2   .88   .70   303     1
 1428  75760 406430  3.06  8.35  3.68  8.18 12.58  98.1   .88   .70   303     1
 1429  75756 406436  3.96  7.10  3.68  8.20 12.59  98.1   .85   .68   288     1
 1429  75747 406439  5.07  6.33  3.68  8.21 12.59  98.1   .83   .65   282     1
 1429  75747 406439  6.08  4.54  3.67  8.20 12.58  98.0   .85   .68   288     1
 1430  75738 406441  7.84  4.15  3.70  8.21 12.57  98.0   .85   .68   287     1
 1430  75729 406444  8.80  2.15  3.68  8.21 12.58  98.0   .83   .65   282     1
 1431  75729 406444  8.39   .86  3.70  8.18 12.58  98.1   .85   .68   287     1
-1446  73146 407806  1.00  8.52  3.58  8.26 -9999 -9999   .96   .78   345     1
 1446  73140 407802  2.20  6.76  3.58  8.24 -9999 -9999   .96   .77   345     1
 1446  73127 407811  3.06  5.49  3.60  8.24 -9999 -9999   .98   .80   355     1
 1447  73127 407811  4.12  4.56  3.60  8.23 -9999 -9999   .96   .77   345     1
 1447  73127 407811  5.02  3.74  3.58  8.24 -9999 -9999   .96   .77   345     1
 1447  73118 407813  5.98  2.58  3.58  8.23 -9999 -9999   .96   .77   345     1
 1447  73115 407820  6.88  1.72  3.58  8.24 -9999 -9999   .98   .80   355     1
 1448  73115 407820  7.99   .92  3.60  8.20 -9999 -9999  1.01   .82   370     1
-1453  72537 408719  1.10 10.91  3.51  8.25 12.67  98.5   .91   .73   320     1
 1454  72551 408753  2.10  9.85  3.51  8.23 12.68  98.6   .91   .73   320     1
 1454  72548 408759  3.11  8.97  3.49  8.24 12.67  98.4   .91   .73   321     1
 1455  72545 408766  4.12  7.78  3.49  8.23 12.67  98.4   .91   .73   321     1
 1455  72545 408766  5.07  6.42  3.48  8.24 12.67  98.3   .93   .75   331     1
 1456  72538 408778  5.98  6.59  3.46  8.25 12.66  98.2   .93   .75   331     1
 1456  72538 408778  6.88  4.36  3.48  8.23 12.65  98.2   .93   .75   331     1
 1456  72538 408778  8.04  3.19  3.46  8.24 12.65  98.2   .93   .75   331     1
 1457  72531 408791  9.00  2.42  3.46  8.25 12.62  98.0   .96   .77   347     1
 1457  72528 408797 10.05  1.12  3.41  8.23 12.58  97.6  1.09   .90   414     1
-1506  71472 408783  1.05  5.80  3.48  8.26 -9999 -9999  1.19   .99   465     1
 1507  71455 408798  2.10  4.41  3.50  8.26 -9999 -9999  1.19   .99   465     1
 1507  71452 408805  3.11  3.23  3.48  8.23 -9999 -9999  1.24  1.04   491     1
 1507  71452 408805  4.06  2.36  3.48  8.25 -9999 -9999  1.32  1.11   533     1
 1507  71448 408811  4.97  1.65  3.42  8.23 -9999 -9999  1.47  1.25   612     1
 1507  71442 408807  5.88  1.18  3.39  8.15 -9999 -9999  1.65  1.42   708     1
-1514  71525 409820   .79 20.75  3.34  8.24 -9999 -9999   .89   .72   312     1
 1514  71508 409852  2.05 18.30  3.34  8.26 -9999 -9999   .91   .73   323     1
 1514  71497 409871  3.11 16.71  3.34  8.26 -9999 -9999   .91   .73   323     1
 1514  71491 409867  4.01 15.67  3.32  8.27 -9999 -9999   .91   .73   323     1
 1514  71497 409871  4.97 14.60  3.32  8.25 -9999 -9999   .88   .71   307     1
 1515  71494 409877  5.88 13.76  3.32  8.23 -9999 -9999   .88   .71   307     1
 1515  71494 409877  6.93 14.89  3.32  8.25 -9999 -9999   .90   .73   318     1
 1515  71494 409877  7.99 11.92  3.30  8.24 -9999 -9999   .90   .73   318     1
 1515  71491 409883  8.95 11.05  3.29  8.22 -9999 -9999   .88   .71   308     1
 1516  71491 409883 10.10  9.72  3.30  8.23 -9999 -9999   .90   .73   318     1
 1516  71491 409883 10.96  8.66  3.30  8.23 -9999 -9999   .90   .73   318     1
 1516  71487 409889 11.92  7.62  3.29  8.24 -9999 -9999   .93   .76   334     1
 1516  71487 409889 13.02  6.37  3.34  8.21 -9999 -9999   .98   .80   359     1
 1517  71490 409899 13.93  5.05  3.67  8.19 -9999 -9999  1.11   .91   421     1
 1517  71487 409906 14.89  4.38  3.82  8.16 -9999 -9999  1.16   .95   444     1
 1517  71484 409912 15.90  2.70  3.98  8.12 -9999 -9999  1.19   .97   457     1
 1517  71484 409912 16.85  1.47  4.03  8.15 -9999 -9999  1.26  1.03   491     1
 1518  71480 409918 17.41   .64  4.13  8.10 -9999 -9999  1.29  1.06   505     1
-1523  70690 410137   .94 17.22  3.20  8.22 12.74  98.2   .91   .74   324     1
 1523  70673 410152  2.15 21.44  3.20  8.22 12.74  98.3   .91   .74   324     1
 1524  70666 410165  3.11 20.67  3.22  8.23 12.74  98.3   .91   .73   324     1
 1524  70663 410171  4.12 19.97  3.22  8.22 12.75  98.4   .88   .71   309     1
 1525  70653 410174  5.02 18.82  3.22  8.21 12.77  98.5   .93   .76   334     1
 1525  70659 410177  5.93 17.79  3.22  8.22 12.76  98.5   .90   .73   319     1
 1526  70659 410177  6.98 16.67  3.27  8.21 12.76  98.6   .88   .71   308     1
 1526  70669 410175  8.09 15.69  3.22  8.21 12.76  98.5   .90   .73   319     1
 1526  70669 410175  9.10 14.69  3.18  8.19 12.76  98.5   .90   .73   319     1
 1527  70676 410178 10.16 13.96  3.23  8.17 12.75  98.4   .90   .73   319     1
 1527  70685 410176 11.01 12.74  3.23  8.22 12.76  98.4   .85   .68   293     1
 1528  70692 410179 11.97 11.78  3.25  8.22 12.76  98.6   .90   .73   319     1
 1528  70692 410179 13.88 10.98  3.34  8.21 12.77  98.9   .98   .80   359     1
 1529  70712 410174 13.93 10.09  3.48  8.19 12.72  98.9  1.03   .84   382     1
 1530  70715 410168 14.99  9.68  3.70  8.17 12.50  97.8  1.03   .84   379     1
 1530  70715 410168 15.95  8.98  3.91  8.15 12.46  98.1  1.13   .93   427     1
 1531  70728 410175 17.10  7.77  4.10  8.15 11.83  93.6  1.19   .97   455     1
 1532  70731 410169 18.06  6.99  4.11  8.14 11.52  91.2  1.21   .99   465     1
 1533  70747 410186 19.02  5.67  4.23  8.13 11.46  91.1  1.24  1.01   478     1
 1533  70757 410184 20.02  3.76  4.67  8.08 11.40  91.6  1.47  1.20   586     1
 1535  70747 410186 20.98  3.72  6.45  7.87  5.48  46.9  4.62  3.90  2168     1
 1536  70770 410175 21.89  2.75  8.75  7.43  1.41  14.4 24.46 22.20 12499    19
 1537  70790 410170 22.50   .44  9.11  7.36   .50   5.1 24.72 22.23 12519     1
