# M.S. 'ARGUS'
# 14-mrt-1994 06:45:20
# PROJECTCODE: ZTSO
# OPDRACHTGEVER: DirZeeland
# MEETGEBIED: volkzoom
# STARTPUNT: ph.dam mp.13
# EINDPUNT: volksluis mp1
* 19940314
$ 9999 [00022222202202]
> TIJD
> X-COORD
> Y-COORD
>SENSHTE Diepte set      m
>Echms   Echo set        mtrs
>Echo    Echo schip      mtrs
>Temp    Temperatuur     Gr.C
>pH      Zuurgraad       s.e.
>O2      Zuurstof        mg/l
>%O2     Zuurstof Verz.  %
>GELBH   Geleidendheid   mS/cm
>SALNTT  Saliniteit      Prom
>CL-     Chloride        mg
>DICHT   Dichtheid       Gr.
 -719  70348 410226  1.04  0.34  8.26  5.18  8.21 13.19   105   0.92  0.70   307  0.72
  719  70347 410235  2.01  7.54  8.74  5.17  8.22 13.19   105   0.93  0.71   309  0.73
  720  70352 410244  3.05  7.02  9.06  5.17  8.22 13.20   105   0.92  0.71   308  0.72
  720  70358 410251  4.02  7.30  9.25  5.18  8.22 13.20   105   0.92  0.70   308  0.72
  720  70363 410257  5.08  7.18  9.98  5.17  8.22 13.21   105   0.92  0.71   308  0.72
  721  70363 410257  5.99  6.17  9.89  5.17  8.22 13.21   105   0.93  0.71   310  0.73
  721  70361 410256  7.04  4.82  9.45  5.15  8.22 13.23   105   0.93  0.71   312  0.73
  721  70362 410255  8.04  3.79  9.65  5.15  8.22 13.23   105   0.93  0.72   314  0.73
  722  70362 410255  9.05  2.25  9.88  5.14  8.22 13.25   105   0.94  0.72   315  0.73
  722  70357 410253  9.98  0.64  9.25  5.13  8.22 13.25   105   0.94  0.72   318  0.74
 -705  71497 409916  1.06 17.70 19.68  5.29  8.21 13.10   104   0.88  0.66   285  0.69
  705  71499 409920  2.04  0.64 19.46  5.29  8.22 13.09   104   0.88  0.66   289  0.69
  706  71498 409917  3.07 15.77 19.67  5.29  8.22 13.09   104   0.88  0.66   289  0.69
  706  71496 409909  4.05 14.93 19.47  5.28  8.21 13.12   104   0.88  0.67   286  0.69
  706  71495 409898  5.04 14.29 20.03  5.29  8.21 13.11   104   0.88  0.66   288  0.69
  707  71494 409887  6.02 13.04 19.82  5.27  8.21 13.12   104   0.88  0.67   287  0.69
  707  71494 409880  7.01 12.86 19.83  5.28  8.21 13.13   104   0.88  0.66   285  0.69
  707  71495 409876  8.00 12.06 19.92  5.29  8.22 13.13   104   0.88  0.66   285  0.69
  708  71497 409876  8.96 11.05 19.93  5.29  8.22 13.13   104   0.88  0.66   289  0.69
  708  71499 409877  9.91  9.99 20.02  5.30  8.22 13.13   104   0.87  0.66   287  0.68
  709  71501 409881 11.04  8.90 20.02  5.27  8.22 13.14   104   0.88  0.67   288  0.69
  709  71500 409885 12.02  7.82 20.02  5.27  8.21 13.15   105   0.88  0.67   288  0.69
  709  71497 409886 13.11  6.55 20.02  5.26  8.21 13.16   105   0.89  0.67   290  0.70
  710  71488 409885 14.04  5.44 19.57  5.25  8.22 13.16   105   0.89  0.68   292  0.70
  710  71482 409884 15.05  4.64 19.57  5.25  8.22 13.17   105   0.89  0.68   293  0.70
  710  71477 409884 16.00  3.47 19.38  5.24  8.22 13.18   105   0.89  0.68   293  0.70
  711  71475 409884 17.05  2.37 19.57  5.24  8.21 13.20   105   0.90  0.68   294  0.70
  711  71476 409885 17.97  1.31 19.28  5.22  8.21 13.19   105   0.90  0.68   296  0.71
  712  71477 409888 18.99  0.36 19.47  5.23  8.22 13.19   105   0.90  0.68   296  0.70
 -654  71692 409505  0.94  0.35 23.09  5.38  8.18 13.00   104   0.83  0.62   266  0.65
  654  71703 409511  1.94 20.88 23.00  5.39  8.20 13.00   104   0.83  0.62   265  0.65
  655  71710 409518  2.94 19.83 22.59  5.37  8.20 13.02   104   0.84  0.63   269  0.66
  655  71715 409525  4.07 18.32 22.29  5.38  8.20 13.01   104   0.83  0.62   266  0.65
  656  71716 409532  5.08 17.09 21.91  5.37  8.20 13.03   104   0.84  0.63   268  0.66
  656  71714 409537  6.02 15.90 21.60  5.36  8.21 13.05   104   0.85  0.64   274  0.66
  656  71709 409536  7.02 14.61 21.40  5.35  8.21 13.06   104   0.85  0.64   274  0.66
  657  71703 409531  8.05 13.50 21.60  5.37  8.21 13.06   104   0.84  0.63   271  0.66
  657  71698 409526  9.06 12.42 21.59  5.37  8.22 13.07   104   0.84  0.63   271  0.66
  657  71695 409521 10.05 11.33 21.68  5.35  8.22 13.06   104   0.85  0.64   275  0.67
  657  71693 409515 11.01 10.35 21.90  5.33  8.22 13.10   104   0.86  0.65   280  0.68
  658  71692 409509 11.99  9.65 22.30  5.29  8.21 13.11   104   0.89  0.67   288  0.69
  658  71693 409505 12.99  9.21 22.81  5.27  8.21 13.14   104   0.90  0.68   296  0.70
  659  71693 409503 13.99  8.34 23.09  5.20  8.21 13.17   105   0.92  0.70   306  0.72
  659  71695 409504 14.92  7.52 22.89  5.20  8.21 13.18   105   0.93  0.71   309  0.72
  659  71696 409508 16.00  6.32 22.73  5.21  8.21 13.19   105   0.93  0.71   310  0.73
  700  71696 409513 16.92  5.18 22.40  5.19  8.21 13.20   105   0.93  0.71   311  0.73
  700  71697 409520 17.98  3.80 21.69  5.20  8.21 13.21   105   0.93  0.71   311  0.73
  701  71697 409528 19.02  2.29 21.41  4.68  8.12 13.46   106   1.13  0.90   419  0.89
  701  71693 409535 19.96  1.02 21.00  4.28  8.08 13.45   104   1.25  1.02   486  0.99
 -645  71375 408802  0.95  5.37  6.88  5.18  8.25 13.15   104   1.21  0.96   450  0.92
  646  71374 408813  1.98  4.35  6.88  5.19  8.25 13.16   105   1.22  0.97   454  0.93
  646  71372 408823  2.98  3.33  6.89  5.19  8.24 13.15   104   1.22  0.97   455  0.93
  647  71371 408835  3.92  2.31  6.57  5.20  8.21 13.14   105   1.39  1.12   540  1.04
  647  71369 408845  4.95  1.29  6.58  5.19  8.24 13.16   105   1.23  0.98   461  0.94
  648  71367 408864  5.96  0.31  6.19  5.20  8.23 13.07   104   1.35  1.08   518  1.01
 -735  72585 408769  1.00  9.91 11.07  5.45  8.19 12.99   104   0.79  0.59   245  0.62
  736  72593 408771  1.99  9.14 10.89  5.45  8.20 12.98   104   0.79  0.59   245  0.62
  736  72598 408775  2.97  8.35 11.06  5.45  8.20 13.00   104   0.79  0.59   246  0.62
  736  72596 408780  4.01  6.95 11.16  5.45  8.20 12.99   104   0.79  0.59   246  0.62
  737  72589 408789  4.97  5.93 11.16  5.45  8.20 12.99   104   0.79  0.59   246  0.62
  737  72581 408793  5.99  4.89 11.76  5.45  8.18 12.99   104   0.79  0.59   246  0.62
  737  72574 408795  7.02  3.93 11.86  5.45  8.19 13.00   104   0.79  0.59   246  0.62
  738  72563 408791  8.00  3.20 11.75  5.45  8.20 13.01   104   0.79  0.59   247  0.62
  738  72555 408785  9.02  2.20 11.45  5.44  8.20 13.01   104   0.80  0.59   248  0.63
  739  72551 408781 10.05  1.08 11.36  5.43  8.20 13.03   104   0.80  0.59   249  0.63
 -745  73163 407808  0.97  7.93  8.74  5.62  8.19 12.93   104   0.76  0.56   231  0.60
  746  73170 407808  2.02  7.06  8.97  5.62  8.20 12.92   104   0.76  0.56   231  0.60
  746  73177 407811  3.06  5.64  9.15  5.62  8.20 12.91   103   0.76  0.56   231  0.60
  746  73182 407815  4.00  4.75  9.14  5.62  8.20 12.92   104   0.76  0.56   232  0.60
  747  73173 407816  5.07  3.75  9.15  5.62  8.20 12.93   104   0.76  0.56   231  0.60
  747  73162 407814  6.03  2.65  6.87  5.61  8.20 12.95   104   0.77  0.57   235  0.60
  747  73154 407811  7.00  1.76  8.85  5.55  8.19 12.98   104   0.79  0.58   243  0.62
  748  73145 407810  8.01  0.32  8.75  5.58  8.20 12.95   104   0.78  0.57   238  0.61
 -810  77160 406231  0.98 13.21 14.52  5.73  8.24 12.88   103   0.81  0.59   249  0.62
  811  77152 406225  2.03 12.32 14.52  5.73  8.24 12.89   104   0.81  0.59   249  0.62
  811  77142 406211  2.97 11.54 14.53  5.74  8.24 12.89   104   0.81  0.59   250  0.62
  812  77133 406198  4.04 10.51 14.82  5.74  8.24 12.89   104   0.81  0.59   250  0.62
  812  77126 406190  5.03  9.44 14.53  5.75  8.24 12.87   104   0.81  0.60   252  0.62
  813  77120 406181  5.99  8.53 14.83  5.76  8.25 12.87   104   0.82  0.60   254  0.63
  813  77119 406180  7.09  7.42 14.82  5.76  8.25 12.87   104   0.82  0.60   255  0.63
  813  77119 406181  8.01  6.52 14.83  5.76  8.25 12.88   104   0.82  0.60   255  0.63
  814  77122 406183  9.00  5.40 14.71  5.75  8.25 12.86   103   0.82  0.60   254  0.63
  814  77129 406187 10.00  4.18 14.62  5.71  8.24 12.90   104   0.83  0.61   261  0.64
  814  77136 406191 11.03  3.28 14.83  5.72  8.24 12.89   104   0.83  0.62   262  0.64
  815  77144 406195 12.00  2.29 14.62  5.73  8.24 12.90   104   0.83  0.61   261  0.64
  815  77152 406198 13.07  1.04 14.83  5.60  8.23 12.94   104   0.86  0.64   278  0.66
 -832  80176 408138  1.18 15.97 17.69  5.98  8.10 12.61   102   0.64  0.44   173  0.50
  832  80185 408146  2.04 14.84 17.58  5.98  8.10 12.61   102   0.64  0.44   173  0.50
  832  80195 408151  3.00 14.13 17.49  5.98  8.10 12.62   102   0.64  0.44   174  0.50
  833  80204 408146  4.00 13.41 17.68  5.98  8.11 12.62   102   0.64  0.44   174  0.50
  833  80197 408138  5.03 12.38 17.80  5.98  8.10 12.62   102   0.64  0.44   174  0.50
  834  80180 408126  5.96 11.52 17.81  5.98  8.10 12.62   102   0.64  0.44   174  0.50
  834  80159 408116  6.96 10.43 17.80  5.98  8.10 12.63   102   0.64  0.45   174  0.50
  834  80145 408108  7.97  9.44 17.69  5.98  8.11 12.63   102   0.64  0.44   174  0.50
  835  80135 408101  9.02  8.32 17.60  5.98  8.11 12.63   102   0.64  0.45   174  0.50
  835  80130 408098 10.06  7.13 17.59  5.98  8.11 12.64   102   0.64  0.44   174  0.50
  835  80127 408096 11.03  6.15 17.59  5.98  8.11 12.64   102   0.64  0.45   174  0.50
  835  80126 408096 12.02  5.11 17.49  5.98  8.11 12.63   102   0.64  0.45   174  0.50
  836  80127 408098 13.02  4.14 17.58  5.98  8.11 12.64   102   0.64  0.45   174  0.50
  836  80128 408102 13.94  3.24 17.59  5.98  8.11 12.65   102   0.64  0.45   174  0.50
  837  80128 408107 15.03  2.13 17.68  5.98  8.10 12.64   102   0.64  0.45   174  0.50
  837  80129 408113 16.03  1.15 17.89  5.98  8.10 12.64   102   0.64  0.44   174  0.50
 -904  83751 408541  1.05  9.79 10.07  5.73  8.06 12.75   102   0.61  0.43   166  0.49
  905  83762 408534  1.99  9.33  9.35  5.72  8.07 12.77   103   0.61  0.43   165  0.49
  905  83755 408519  3.12  5.53  8.56  5.70  8.07 12.77   102   0.61  0.43   165  0.49
  906  83747 408511  4.08  5.32  9.05  5.70  8.07 12.77   102   0.61  0.43   165  0.49
  906  83744 408512  4.99  4.95  8.94  5.69  8.08 12.78   103   0.61  0.43   165  0.49
  907  83741 408518  5.95  3.04  8.16  5.70  8.07 12.78   103   0.61  0.43   166  0.49
  907  83739 408527  7.03  1.18  7.97  5.70  8.06 12.78   103   0.61  0.43   165  0.49
 -927  86061 411524  1.01  0.30 12.65  5.99  8.12 12.67   102   0.63  0.44   171  0.49
  927  86064 411520  1.97 11.03 12.45  5.98  8.12 12.66   102   0.63  0.44   171  0.49
  928  86068 411525  2.95 10.16 12.85  5.98  8.12 12.67   102   0.63  0.44   171  0.49
  928  86067 411529  4.00  9.41 13.04  6.03  8.11 12.65   102   0.63  0.44   171  0.49
  928  86064 411533  5.01  8.98 13.34  6.02  8.11 12.64   102   0.63  0.44   171  0.49
  929  86060 411534  5.99  8.17 12.84  6.00  8.11 12.65   102   0.63  0.44   171  0.49
  929  86056 411531  7.06  7.11 12.54  6.01  8.12 12.66   102   0.63  0.44   171  0.49
  929  86055 411529  8.10  6.05 12.64  6.01  8.12 12.65   102   0.63  0.44   170  0.49
  930  86057 411527  9.03  5.14 12.66  6.01  8.12 12.66   102   0.63  0.44   170  0.49
  930  86061 411525 10.03  3.94 12.54  6.03  8.12 12.65   102   0.63  0.44   171  0.49
  930  86064 411522 11.01  2.23 12.45  5.98  8.12 12.67   102   0.63  0.44   172  0.49
  931  86062 411519 11.97  0.67 12.25  5.97  8.13 12.68   102   0.63  0.44   171  0.49
