# VOLKERAK/ZOOMMEER
# KRAMMER-KREEKRAK
# start meting: 0650
# RIZA
* 19911003
$-9999 [0002222200220]
> TIJD
> X-COORD
> Y-COORD
>SENSHTE Diepte set      m
>Echms   Echo set        mtrs
>Temp    Temperatuur     Gr.C
>GELBH   Geleidendheid   mS/cm
>SALNTT  Saliniteit      Prom
>CL-     Chloride        mg/l
>   76 0  Partech Troeblh FTU
>   78 0  Extinktie       V
>O2      Zuurst.NSWcomp. mg/l
>O2%     Zuurstof Verz.  Proc
 -703  70359 410242   .93  8.01 14.64  1.41   .86   398    10  7.83 -9999 -9999
  703  70354 410237  2.10  6.77 14.60  1.41   .86   398    10  6.11 -9999 -9999
  704  70354 410241  3.03  5.82 14.60  1.40   .86   398    11  4.78 -9999 -9999
  704  70351 410244  4.05  4.89 14.60  1.40   .86   398    11  3.19 -9999 -9999
  704  70350 410245  4.97  4.11 14.60  1.40   .86   398    11   .96 -9999 -9999
  704  70348 410248  5.99  3.14 14.60  1.40   .86   397    11 -3.71 -9999 -9999
  704  70346 410250  7.01  2.24 14.60  1.47   .90   422    11 -3.71 -9999 -9999
  704  70344 410252  7.84  1.32 14.60  1.40   .86   397    11 -3.73 -9999 -9999
  705  70344 410255  8.37   .24 14.60  1.40   .86   398    11 -3.74 -9999 -9999
 -712  71500 409886  1.18 18.76 14.60  1.38   .84   387    10  7.68 -9999 -9999
  712  71510 409881  2.24 18.30 14.62  1.41   .86   398    11  6.50 -9999 -9999
  712  71511 409876  3.17 16.91 14.62  1.41   .86   398    10  5.05 -9999 -9999
  712  71512 409874  3.99 15.96 14.62  1.40   .86   398    11  3.92 -9999 -9999
  712  71514 409875  5.02 14.88 14.62  1.40   .86   398    10  2.33 -9999 -9999
  713  71514 409874  5.99 13.84 14.62  1.40   .86   397    10  -.56 -9999 -9999
  713  71515 409873  6.91 13.03 14.62  1.46   .90   420    10 -4.15 -9999 -9999
  713  71517 409874  7.98 12.25 14.62  1.38   .84   386     8 -4.16 -9999 -9999
  713  71518 409874  8.81 22.73 14.63  1.38   .84   386    11 -4.17 -9999 -9999
  713  71520 409876  9.98 10.21 14.62  1.40   .86   397    10 -4.18 -9999 -9999
  714  71521 409875 10.96  8.99 14.62  1.40   .86   397    11 -4.19 -9999 -9999
  714  71520 409877 11.93  7.89 14.62  1.40   .86   397    10 -4.20 -9999 -9999
  714  71522 409878 12.90  6.60 14.62  1.40   .86   397    10 -4.21 -9999 -9999
  714  71523 409879 13.73  5.80 14.62  1.40   .86   397    10 -4.21 -9999 -9999
  714  71521 409881 14.80  4.31 14.62  1.40   .86   397    11 -4.22 -9999 -9999
  714  71526 409883 16.06  2.75 14.62  1.40   .86   397    10 -4.23 -9999 -9999
  715  71525 409886 16.79  1.48 14.62  1.40   .86   397    10 -4.24 -9999 -9999
  715  71525 409890 18.00 49.49 14.62  1.40   .86   397    10 -4.24 -9999 -9999
 -650  71714 409501   .93 21.57 14.57  1.40   .86   398    10  6.70 -9999 -9999
  650  71736 409530  2.05 20.28 14.57  1.40   .86   398    10  4.87 -9999 -9999
  650  71736 409536  2.93 19.37 14.59  1.40   .86   398    10  3.35 -9999 -9999
  651  71733 409540  3.99 18.03 14.60  1.40   .86   397     9 -2.74 -9999 -9999
  651  71730 409542  4.92 16.89 14.60  1.40   .86   397    12 -3.21 -9999 -9999
  651  71727 409543  5.80 15.52 14.60  1.37   .84   386    10 -3.21 -9999 -9999
  651  71722 409540  6.96 14.37 14.60  1.40   .86   397    10 -3.21 -9999 -9999
  651  71723 409537  7.93 13.40 14.62  1.40   .86   397    10 -3.22 -9999 -9999
  652  71717 409534  9.01 12.38 14.62  1.40   .86   397    11 -3.23 -9999 -9999
  652  71717 409530  9.88 11.43 14.62  1.40   .86   397    10 -3.23 -9999 -9999
  652  71717 409530 10.81 10.55 14.62  1.40   .86   397    10 -3.24 -9999 -9999
  652  71716 409527 11.88  9.48 14.62  1.40   .86   397    10 -3.25 -9999 -9999
  652  71714 409527 12.85  8.38 14.62  1.40   .86   397    10 -3.25 -9999 -9999
  653  71716 409524 13.92  7.26 14.60  1.46   .90   420    10 -3.26 -9999 -9999
  653  71714 409524 14.75  6.36 14.60  1.61  1.00   477    12 -3.26 -9999 -9999
  653  71715 409522 15.91  5.26 14.60  1.67  1.04   500    11 -3.27 -9999 -9999
  653  71718 409523 16.88  4.33 14.60  1.67  1.04   500    11 -3.27 -9999 -9999
  653  71722 409522 17.85  3.36 14.59  1.69  1.06   511    12 -3.28 -9999 -9999
  654  71722 409519 18.68  2.58 14.57  1.69  1.06   512    11 -3.29 -9999 -9999
  654  71723 409518 20.19  1.29 14.55  1.69  1.06   509    12 -3.24 -9999 -9999
  654  71726 409516 20.72   .53 14.55  1.87  1.18   582    13 -3.30 -9999 -9999
 -723  71452 408880  1.02  5.41 14.32  1.46   .91   425    10  8.43 -9999 -9999
  723  71446 408884  1.91  4.14 14.30  1.46   .91   425    10  7.20 -9999 -9999
  724  71447 408888  2.88  3.09 14.26  1.49   .93   437    10  5.88 -9999 -9999
  724  71444 408889  4.05  1.80 14.33  1.81  1.15   563    11  4.51 -9999 -9999
  724  71442 408891  4.92   .70 14.38  2.14  1.37   691    11  3.28 -9999 -9999
 -734  72607 408750   .99 21.74 14.42  1.32   .81   367    10  8.59  9.42    92
  734  72603 408755  1.96  9.29 14.40  1.32   .81   368    10  7.13  9.44    92
  735  72599 408763  2.98  7.75 14.43  1.32   .81   367    11  5.82  9.40    92
  735  72599 408768  4.00  6.80 14.43  1.29   .79   356    11  4.50  9.39    91
  735  72597 408775  4.88  5.92 14.45  1.32   .81   367    10  3.37  9.38    91
  736  72594 408782  5.95  4.58 14.45  1.32   .81   367    11  1.72  9.38    91
  736  72594 408786  6.87  3.63 14.45  1.32   .81   367    10  -.48  9.40    92
  736  72590 408788  7.94  2.58 14.45  1.35   .82   378    10 -4.79  9.37    91
  737  72589 408796  8.97  1.63 14.45  1.32   .80   366    11 -4.77  9.40    92
  737  72588 408799 10.03   .63 14.45  1.32   .80   366    10 -4.76  9.36    91
 -744  73126 407840  1.09  7.85 14.38  1.32   .81   368    11  8.46 -9999 -9999
  744  73130 407833  2.10  6.75 14.40  1.32   .81   368    11  6.93 -9999 -9999
  744  73136 407825  2.98  5.68 14.40  1.26   .77   345    10  5.84 -9999 -9999
  744  73139 407824  3.95  4.21 14.38  1.29   .79   356    10  4.49 -9999 -9999
  744  73141 407821  4.93  3.12 14.38  1.32   .81   368    11  3.14 -9999 -9999
  745  73147 407820  5.95  2.07 14.40  1.32   .81   368    11  1.54 -9999 -9999
  745  73150 407818  6.82  1.34 14.40  1.32   .81   367    10  -.40 -9999 -9999
  745  73153 407816  7.84   .34 14.40  1.32   .81   367    11 -4.98 -9999 -9999
 -805  77138 406198  1.04 13.42 14.27  1.26   .77   347    13  8.56 -9999 -9999
  805  77164 406205  1.85 41.90 14.29  1.26   .77   347    11  6.95 -9999 -9999
  805  77174 406209  3.03 11.31 14.23  1.26   .77   347    11  5.57 -9999 -9999
  805  77173 406211  3.91 10.31 14.23  1.26   .77   347    11  4.44 -9999 -9999
  805  77175 406210  4.88  9.29 14.20  1.26   .77   348    11  3.22 -9999 -9999
  805  77174 406213  5.90  8.19 14.21  1.26   .77   347    11  1.79 -9999 -9999
  806  77171 406214  6.97  7.14 14.22  1.26   .77   347    11   .17 -9999 -9999
  806  77172 406219  7.85  6.17 14.22  1.26   .77   347    11 -1.74 -9999 -9999
  806  77175 406222  8.82  5.07 14.21  1.29   .79   358    11 -5.63 -9999 -9999
  806  77177 406222  9.99  7.75 14.23  1.26   .77   347    11 -5.63 -9999 -9999
  806  77173 406225 10.72  5.99 14.23  1.26   .77   347    11 -5.63 -9999 -9999
  806  77173 406228 11.79  1.73 14.23  1.26   .77   347    11 -5.64 -9999 -9999
  807  77173 406232 13.14   .51 14.23  1.26   .77   347    11 -5.64 -9999 -9999
 -822  80166 408099   .89   .32 14.34   .94   .55   227    12  8.74 -9999 -9999
  822  80177 408117  1.96 15.67 14.33   .94   .55   227    16  6.43 -9999 -9999
  823  80178 408120  2.99 14.50 14.33   .94   .55   227    12  4.65 -9999 -9999
  823  80180 408120  3.91 13.48 14.33   .94   .55   227    12  3.43 -9999 -9999
  823  80182 408124  4.93 12.33 14.32   .94   .55   227    12  1.74 -9999 -9999
  823  80183 408129  5.95 11.24 14.32   .94   .55   227    12  -.03 -9999 -9999
  823  80180 408133  6.83 10.33 14.33   .94   .55   227    12 -2.05 -9999 -9999
  823  80179 408134  7.94  9.14 14.33   .94   .55   227    12 -6.40 -9999 -9999
  823  80182 408137  8.92  7.99 14.33   .94   .55   227    12 -6.42 -9999 -9999
  824  80181 408142  9.75  6.92 14.33   .94   .55   226    12 -6.45 -9999 -9999
  824  80183 408145 10.82  5.70 14.32   .94   .55   227    13 -6.47 -9999 -9999
  824  80187 408152 11.84  4.63 14.25  1.12   .67   290    13 -6.52 -9999 -9999
  824  80184 408154 12.81  3.61 14.13  1.18   .71   314    13 -6.52 -9999 -9999
  824  80185 408161 13.98  2.07 14.04  1.26   .77   349    14 -6.53 -9999 -9999
  824  80185 408163 14.90   .87 13.99  1.29   .80   361    14 -6.54 -9999 -9999
 -844  83797 408546  1.09  8.85 14.49   .94   .55   226    12  8.71  9.62    94
  844  83800 408542  2.06 14.23 14.49   .94   .55   226    12  6.95  9.58    93
  844  83803 408535  2.99  5.53 14.49   .98   .57   239    11  5.98  9.58    93
  845  83804 408532  4.00  3.92 14.49   .94   .55   226    11  3.78  9.57    93
  845  83805 408527  5.03  2.46 14.49   .94   .55   226    12  2.17  9.56    93
  845  83802 408522  6.25  1.00 14.49   .94   .55   226    11   .18  9.56    93
  847  83798 408517  6.88  2.83 14.50   .94   .55   226    12  -.66  9.59    93
  847  83771 408502  7.72 18.98 14.50   .94   .55   226    11 -2.37  9.59    93
  847  83759 408491  8.88  1.29 14.49   .94   .55   226    12 -6.79  9.58    93
  848  83750 408491  9.70   .37 14.47   .94   .55   226    13 -6.98  9.56    93
 -909  86058 411538   .94 11.94 14.10   .95   .55   230    14  9.12  9.52    92
  909  86051 411548  1.96 10.70 14.06   .91   .53   218    13  6.82  9.50    92
  910  86048 411552  2.94  9.95 14.05   .91   .53   218    14  4.77  9.49    91
  910  86041 411555  3.91  8.94 14.04   .95   .55   230    15  2.63  9.45    91
  910  86034 411560  4.93  7.92 14.03   .91   .53   218    15  1.18  9.44    91
  911  86029 411567  5.86  7.51 14.01   .91   .53   218    14 -1.00  9.44    91
  911  86021 411564  6.83  6.68 13.99   .91   .53   219    14 -3.75  9.45    91
  912  86009 411562  7.95  5.58 13.99   .91   .53   218    17 -7.80  9.46    91
  912  86010 411558  8.97  4.44 13.98   .88   .51   208    14 -7.81  9.45    91
  912  86009 411558  9.85  3.46 13.98   .91   .53   218    15 -7.82  9.45    91
  913  86013 411555 10.72  2.24 13.96   .91   .53   219    16 -7.79  9.44    91
  913  86015 411551 11.79  1.80 13.96   .91   .53   219    14 -7.80  9.44    91
  914  86016 411547 12.81   .61 13.94   .91   .53   219    18 -7.80  9.43    91
