# code TURBID    is (nog ? ) niet bekend
# MEETVAARTUIG : M.S. ARGUS
# MEETDATUM    : 01-04-2015 08:21:30
# MEETGEBIED   :
# STARTPUNT    :
# EINDPUNT     :
# PROJECTCODE  :
# OPDRACHTGEVER:
# BEHEERDER    :
# BEMONST. INST:
# WAARNEMER(S) : Kevin de Vlaam
#
* 20150401
$ 9999 [00000000000000]
>TIJD      uumm                    
>X         coordinaat              
>Y         coordinaat              
>SENSHTE   Diepte set        m     
>Temp      Temperatuur       oC     : 3.0   0.5   15   0.5
>pH        Zuurgraad         dimsls
>GELBH     Geleidendheid     mS/cm 
>GEL20     Gel20             ???   
>CL-       Chloride          mg/l  
>SALNTT    Saliniteit        dimsl 
>TURBID    Troebelheid       NTU
>CHFLYSI   Chlorofyl         ugr/l 
>O2        Zuurstof          mg/l  
>%O2       Zuurstof%         %     
 -0821  70350 410230   0.99   7.32   8.48   1.30   176    458   1.00   1.20   1.00   9999  9999
  0821  70350 410230   1.87   7.43   8.48   1.30   175    456   1.00   1.20   0.90   9999  9999
  0821  70350 410230   2.83   7.44   8.54   1.30   175    456   1.00   1.10   1.00   9999  9999
  0821  70350 410230   3.92   7.45   8.48   1.31   176    458   1.01   1.30   1.00   9999  9999
  0821  70350 410230   4.83   7.45   8.55   1.31   176    458   1.01   1.40   1.00   9999  9999
  0822  70350 410230   5.89   7.45   8.54   1.31   176    458   1.01   1.40   1.00   9999  9999
  0822  70350 410230   6.87   7.45   8.55   1.31   176    457   1.00   1.40   1.00   9999  9999
 -0805  71700 409500   0.72   7.57   8.56   1.21   161    409   0.92   1.70   1.00  12.10   101
  0806  71700 409500   2.22   7.57   8.54   1.20   161    407   0.92   2.50   0.90  11.55    97
  0806  71700 409500   3.23   7.57   8.53   1.20   161    407   0.92   2.50   1.00  11.52    96
  0807  71700 409500   4.15   7.58   8.53   1.20   161    406   0.92   2.80   1.00  11.50    96
  0807  71700 409500   4.91   7.56   8.52   1.21   162    409   0.92   2.60   0.90  11.45    96
  0807  71700 409500   6.12   7.55   8.54   1.21   162    410   0.92   2.30   1.00  11.44    96
  0808  71700 409500   6.86   7.55   8.54   1.21   162    410   0.92   2.30   1.00  11.41    95
  0808  71700 409500   8.13   7.55   8.53   1.21   162    411   0.92   2.30   1.00  11.41    95
  0808  71700 409500   9.15   7.55   8.52   1.21   162    411   0.92   2.10   1.00  11.38    95
  0808  71700 409500  10.16   7.55   8.52   1.21   162    411   0.92   2.40   0.90  11.41    95
  0809  71700 409500  10.94   7.55   8.52   1.21   162    411   0.92   2.20   1.10  11.38    95
  0809  71700 409500  12.15   7.55   8.52   1.21   162    410   0.92   2.60   1.10  11.38    95
  0809  71700 409500  13.12   7.55   8.52   1.21   163    412   0.93   2.30   1.00  11.36    95
  0809  71700 409500  14.20   7.55   8.52   1.21   162    411   0.92   2.30   1.00  11.35    95
  0810  71700 409500  15.06   7.54   8.52   1.23   165    419   0.94   2.40   1.10  11.33    95
  0810  71700 409500  16.14   7.51   8.52   1.27   170    439   0.97   2.10   1.10  11.32    95
  0810  71700 409500  16.86   7.50   8.53   1.27   170    440   0.97   1.90   0.90  11.31    94
  0811  71700 409500  18.00   7.48   8.52   1.28   172    446   0.99   1.90   1.00  11.32    94
 -0757  71420 408820   0.73   7.28   8.50   2.15   289    839   1.70  -0.60   1.30   9999  9999
  0757  71420 408820   1.86   7.28   8.51   2.12   286    828   1.68  -0.50   1.20   9999  9999
  0757  71420 408820   2.87   7.28   8.51   2.13   287    832   1.69  -0.60   1.20   9999  9999
  0757  71420 408820   3.85   7.28   8.50   2.15   290    843   1.71  -0.60   1.20   9999  9999
  0757  71420 408820   4.81   7.29   8.52   2.19   296    862   1.74  -0.60   1.20   9999  9999
 -0835  72570 408770   0.92   7.08   8.56   1.18   160    404   0.91  -0.20   0.90   9999  9999
  0835  72570 408770   1.89   7.50   8.55   1.18   158    396   0.90   0.50   0.90   9999  9999
  0835  72570 408770   2.86   7.53   8.54   1.18   158    396   0.90   1.20   0.90   9999  9999
  0835  72570 408770   3.86   7.54   8.54   1.18   158    395   0.90   1.70   0.90   9999  9999
  0835  72570 408770   4.87   7.54   8.54   1.18   158    395   0.90   2.00   0.90   9999  9999
  0835  72570 408770   5.85   7.54   8.54   1.18   158    396   0.90   2.40   0.90   9999  9999
  0835  72570 408770   6.87   7.55   8.55   1.18   158    397   0.90   2.50   0.90   9999  9999
  0835  72570 408770   7.88   7.55   8.54   1.19   159    399   0.90   2.60   0.90   9999  9999
  0835  72570 408770   8.87   7.54   8.54   1.19   160    403   0.91   2.60   1.00   9999  9999
 -0845  73130 407830   0.81   7.17   8.51   1.18   159    401   0.91   3.70   1.10   9999  9999
  0845  73130 407830   1.84   7.56   8.45   1.18   157    395   0.90   3.20   1.00   9999  9999
  0845  73130 407830   2.84   7.60   8.53   1.18   158    395   0.90   2.80   1.00   9999  9999
  0845  73130 407830   3.82   7.60   8.50   1.18   158    395   0.90   2.90   1.00   9999  9999
  0845  73130 407830   4.84   7.59   8.50   1.18   158    396   0.90   2.90   1.00   9999  9999
  0845  73130 407830   5.85   7.60   8.51   1.18   158    395   0.90   2.90   1.00   9999  9999
  0845  73130 407830   6.91   7.60   8.51   1.18   158    395   0.90   2.80   1.00   9999  9999
  0845  73130 407830   7.81   7.60   8.51   1.18   158    396   0.90   2.90   1.00   9999  9999
 -1152  75750 406440   1.23   7.47   8.56   1.07   144    349   0.82   0.60   0.90  11.58    97
  1153  75750 406440   2.16   7.47   8.56   1.08   145    351   0.82   0.50   0.90  11.55    96
  1153  75750 406440   3.16   7.47   8.54   1.08   145    353   0.82   0.60   0.80  11.52    96
  1153  75750 406440   4.16   7.48   8.54   1.08   145    352   0.82   0.50   0.80  11.52    96
  1154  75750 406440   5.17   7.47   8.53   1.08   145    352   0.82   0.50   0.90  11.46    96
  1154  75750 406440   6.13   7.47   8.54   1.08   145    352   0.82   0.50   0.90  11.44    95
  1154  75750 406440   7.15   7.47   8.53   1.08   145    352   0.82   0.40   0.90  11.43    95
  1155  75750 406440   8.19   7.48   8.54   1.08   145    352   0.82   0.30   0.70  11.41    95
  1155  75750 406440   9.22   7.47   8.52   1.08   145    352   0.82   0.50   0.80  11.41    95
 -0906  77150 406200   0.90   7.17   8.43   1.10   149    365   0.85  -0.40   1.70   9999  9999
  0906  77150 406200   1.97   7.38   8.48   1.10   148    363   0.84   0.10   1.60   9999  9999
  0906  77150 406200   2.88   7.40   8.49   1.10   148    361   0.84   0.60   1.50   9999  9999
  0907  77150 406200   3.84   7.41   8.45   1.10   148    361   0.84   1.00   1.40   9999  9999
  0907  77150 406200   4.93   7.39   8.49   1.11   150    368   0.85   1.40   1.30   9999  9999
  0907  77150 406200   5.89   7.38   8.45   1.12   150    370   0.85   1.50   1.20   9999  9999
  0907  77150 406200   6.94   7.37   8.50   1.12   151    372   0.86   1.70   1.10   9999  9999
  0907  77150 406200   7.91   7.36   8.50   1.12   151    373   0.86   1.70   1.10   9999  9999
  0907  77150 406200   8.83   7.36   8.50   1.12   151    373   0.86   1.80   1.00   9999  9999
  0907  77150 406200   9.89   7.35   8.44   1.13   152    374   0.86   1.80   0.90   9999  9999
  0907  77150 406200  10.90   7.34   8.50   1.13   152    375   0.86   1.90   0.90   9999  9999
  0907  77150 406200  11.92   7.34   8.44   1.13   152    375   0.86   1.90   0.90   9999  9999
 -1125  80150 408110   0.89   7.76   8.53   0.76   101    207   0.56   3.80   0.70  13.56   114
  1127  80150 408110   2.07   7.78   8.49   0.76   101    207   0.56   4.10   0.70  11.49    96
  1128  80150 408110   3.03   7.77   8.41   0.76   101    207   0.56   4.10   0.70  11.42    96
  1128  80150 408110   4.20   7.77   8.47   0.76   101    207   0.56   4.10   0.70  11.36    95
  1128  80150 408110   4.91   7.77   8.47   0.76   101    207   0.56   4.10   0.70  11.34    95
  1129  80150 408110   6.08   7.75   8.46   0.76   101    210   0.57   4.10   0.70  11.32    95
  1129  80150 408110   6.95   7.75   8.46   0.76   102    211   0.57   4.40   0.70  11.28    95
  1129  80150 408110   8.15   7.73   8.46   0.78   104    217   0.58   4.20   0.80  11.29    95
  1130  80150 408110   9.15   7.70   8.46   0.78   105    219   0.58   4.70   0.80  11.26    94
  1130  80150 408110  10.14   7.66   8.46   0.79   105    221   0.59   5.00   0.90  11.25    94
  1130  80150 408110  11.10   7.66   8.46   0.80   106    224   0.59   4.80   0.90  11.25    94
  1130  80150 408110  12.07   7.64   8.46   0.80   107    228   0.60   4.60   0.80  11.24    94
  1130  80150 408110  13.12   7.68   8.47   0.79   105    221   0.59   4.40   0.90  11.22    94
  1131  80150 408110  14.07   7.65   8.46   0.80   107    226   0.60   5.00   1.00  11.21    94
  1131  80150 408110  15.06   7.62   8.46   0.81   108    231   0.61   5.00   1.00  11.21    94
  1131  80150 408110  15.98   7.57   8.46   0.83   111    239   0.62   5.20   1.00  11.22    94
 -0940  83688 408515   1.10   7.63   8.65   0.77   103    215   0.58   1.50   1.40   9999  9999
  0941  83688 408515   2.15   7.68   8.54   0.77   103    215   0.58   4.30   0.80   9999  9999
  0941  83688 408515   3.07   7.68   8.47   0.77   103    214   0.57   4.50   0.80   9999  9999
  0941  83688 408515   4.16   7.68   8.52   0.77   103    214   0.57   4.90   0.70   9999  9999
  0941  83688 408515   5.01   7.68   8.51   0.78   104    216   0.58   5.00   0.70   9999  9999
  0941  83688 408515   6.13   7.68   8.52   0.77   103    215   0.58   5.00   0.70   9999  9999
  0941  83688 408515   6.96   7.68   8.51   0.77   103    215   0.58   4.90   0.70   9999  9999
  0941  83688 408515   8.08   7.68   8.50   0.78   104    217   0.58   5.00   0.70   9999  9999
 -1052  86060 411520   1.05   8.03   8.47   0.63    84    157   0.46   2.40   1.00  11.82   100
  1054  86060 411520   2.07   8.04   8.42   0.64    84    158   0.47   2.90   0.90  11.24    95
  1054  86060 411520   3.18   8.04   8.36   0.64    84    158   0.47   3.00   0.90  11.20    94
  1054  86060 411520   4.11   8.04   8.42   0.64    84    158   0.47   3.00   0.90  11.20    94
  1054  86060 411520   4.63   8.04   8.42   0.65    85    162   0.47   2.90   0.80  11.18    94
  1055  86060 411520   5.93   8.04   8.41   0.63    84    157   0.46   2.80   0.80  11.13    94
  1055  86060 411520   7.33   8.03   8.41   0.66    87    166   0.48   2.80   0.90  11.12    94
  1055  86060 411520   8.43   8.04   8.41   0.64    85    160   0.47   2.80   0.90  11.09    94
  1055  86060 411520   9.07   8.04   8.40   0.63    84    157   0.46   2.90   0.90  11.08    94
  1056  86060 411520  10.32   8.04   8.42   0.64    84    159   0.47   2.90   0.80  11.07    93
  1056  86060 411520  10.90   8.04   8.40   0.64    84    158   0.47   3.00   0.90  11.09    94
  1056  86060 411520  12.05   8.04   8.40   0.64    84    159   0.47   3.20   0.90  11.07    93
