# MEETVAARTUIG : M.C.ECOS 8 VERTIKAAL
# MEETDATUM    : 04-11-2022 09:43:50
# MEETGEBIED   :
# STARTPUNT    :
# EINDPUNT     :
# PROJECTCODE  :
# OPDRACHTGEVER:
# BEHEERDER    :
# BEMONST. INST:
# WAARNEMER(S) : Wally Bernaards
#
* 20221104
$ 9999 [000000000000000]
>TIJD      uumm                    
>X         coordinaat              
>Y         coordinaat              
>SENSHTE   Diepte set        m     
>Echms     Echoset           mtrs  
>Temp      Temperatuur       oC  
>pH        Zuurgraad         dimsls
>GELBH     Geleidendheid     mS/cm 
>GEL20     Gel20             ???   
>SALNTT    Saliniteit        dimsl 
>CL-       Chloride          mg/l  
>CHFLYSI   Chlorofyl         ugr/l 
>TURBID    Troebelheid       NTU   
>O2        Zuurstof          mg/l  
>%O2       Zuurstof%         %     
 -0943  70374 410217   1.10   7.05  13.19   7.99   1.30   151   0.85    374   1.12   1.03   9999  9999
  0944  70367 410222   1.90   6.30  13.18   7.99   1.30   151   0.85    374   1.10   0.96   9999  9999
  0944  70373 410224   2.88   4.95  13.18   7.98   1.30   151   0.85    374   0.95   0.96   9999  9999
  0944  70378 410228   3.89   4.16  13.18   7.98   1.30   151   0.85    374   0.96   0.92   9999  9999
  0944  70376 410246   4.91   4.58  13.19   7.97   1.30   151   0.85    374   1.06   0.97   9999  9999
  0944  70368 410245   6.06   2.79  13.18   7.97   1.30   151   0.85    374   1.04   0.94   9999  9999
  0944  70364 410243   6.90   1.91  13.19   7.96   1.30   152   0.86    376   0.73   1.05   9999  9999
  0944  70357 410237   7.92   0.00  13.18   7.96   1.30   152   0.86    375   0.86   1.02   9999  9999
 -0921  71699 409438   1.04  21.68  13.30   7.94   1.34   155   0.88    387   1.03   1.02   9.43    91
  0921  71711 409462   2.04  20.43  13.30   7.94   1.34   155   0.88    387   0.94   0.87   9.43    91
  0922  71715 409484   2.87  20.03  13.31   7.93   1.34   156   0.88    389   0.88   0.96   9.42    91
  0922  71710 409495   4.09  18.49  13.31   7.94   1.34   155   0.88    388   0.90   1.03   9.42    91
  0922  71714 409497   5.04  17.33  13.31   7.94   1.34   155   0.88    388   0.97   0.93   9.43    91
  0923  71715 409494   6.02   0.00  13.31   7.94   1.34   155   0.88    388   0.95   0.85   9.42    91
  0923  71715 409490   7.15  15.26  13.31   7.94   1.34   156   0.88    388   0.97   0.97   9.42    91
  0924  71719 409490   8.01  14.25  13.32   7.94   1.35   156   0.88    390   1.15   1.10   9.41    91
  0924  71721 409490   9.21  13.03  13.34   7.93   1.35   157   0.89    393   0.90   1.05   9.40    91
  0925  71720 409494  10.08  12.25  13.46   7.88   1.53   177   1.01    463   0.77   0.97   9.17    89
  0926  71720 409503  11.08  11.68  13.72   7.72   1.99   228   1.31    642   0.67   1.08   8.02    79
  0927  71719 409502  11.95  10.11  13.80   7.67   2.07   237   1.37    673   0.71   1.02   7.44    73
  0928  71717 409509  13.04   8.75  13.85   7.63   2.12   243   1.40    693   0.59   1.39   7.04    69
  0930  71711 409495  14.01   8.15  14.04   7.49   2.36   270   1.57    772   0.60   1.32   5.54    55
  0932  71724 409495  14.98   6.94  14.13   7.39   2.47   282   1.64    812   0.53   1.21   3.51    35
  0934  71719 409496  16.07   6.03  14.14   7.38   2.49   284   1.65    821   0.48   1.48   2.96    29
  0935  71713 409496  17.02   5.08  14.16   7.35   2.53   287   1.67    832   0.43   1.54   2.43    24
  0936  71707 409499  17.98   3.96  14.22   7.28   2.58   294   1.71    854   0.44   2.41   0.77     8
  0937  71699 409504  18.96   2.90  14.21   7.28   2.59   294   1.72    856   0.41   2.67   0.81     8
  0937  71695 409505  20.01   1.85  14.23   7.26   2.62   298   1.74    869   0.44   4.06   0.27     3
  0938  71696 409504  21.05   0.81  14.24   7.26   2.63   299   1.74    871   0.41   5.77   0.27     3
 -0916  71457 408838   0.92   5.66  13.21   7.90   1.34   156   0.88    389   0.82   0.83   9999  9999
  0916  71456 408844   1.93   5.00  13.23   7.89   1.39   162   0.92    410   0.84   0.94   9999  9999
  0917  71454 408849   2.92   3.75  13.37   7.82   2.01   233   1.34    658   0.90   1.39   9999  9999
  0917  71450 408855   3.88   3.06  13.38   7.83   2.18   253   1.47    729   0.88   1.40   9999  9999
  0917  71436 408857   4.98   0.75  13.38   7.83   2.19   254   1.47    733   0.89   1.28   9999  9999
  0917  71423 408849   5.96   0.75  13.41   7.79   2.88   334   1.97    995   0.71   1.64   9999  9999
 -0911  72600 408739   0.89  10.63  13.24   7.94   1.32   154   0.87    383   0.83   0.88   9999  9999
  0911  72592 408752   1.93   9.86  13.21   7.95   1.32   154   0.87    382   0.85   0.93   9999  9999
  0911  72590 408754   2.91   8.71  13.19   7.95   1.32   154   0.87    382   0.84   0.95   9999  9999
  0911  72588 408756   3.88   8.03  13.14   7.96   1.32   154   0.87    384   0.82   0.89   9999  9999
  0911  72587 408758   4.88   6.90  13.29   7.94   1.41   163   0.92    415   0.78   1.05   9999  9999
  0911  72587 408759   5.88   5.71  13.39   7.91   1.44   166   0.94    426   0.76   0.99   9999  9999
  0911  72589 408759   7.01   4.74  13.45   7.89   1.46   169   0.96    436   0.74   1.00   9999  9999
  0912  72590 408760   7.89   3.95  13.44   7.88   1.47   170   0.97    440   0.66   1.19   9999  9999
  0912  72591 408759   8.88   2.59  13.38   7.88   1.47   170   0.96    438   0.62   1.35   9999  9999
  0912  72593 408759   9.96   1.45  13.16   7.91   1.42   166   0.94    425   0.71   1.42   9999  9999
  0912  72593 408760  10.89   0.76  13.43   7.86   1.58   183   1.04    485   0.73   1.26   9999  9999
 -0906  73164 407786   1.04   8.86  13.37   7.96   1.45   168   0.95    431   0.98   1.00   9999  9999
  0906  73159 407793   2.14   4.34  13.37   7.96   1.45   168   0.95    431   0.98   0.92   9999  9999
  0907  73157 407796   3.14   6.33  13.38   7.96   1.46   169   0.96    435   1.02   0.99   9999  9999
  0907  73155 407798   4.11   5.08  13.39   7.95   1.49   172   0.98    446   0.93   1.05   9999  9999
  0907  73154 407801   5.14   2.82  13.39   7.94   1.48   172   0.98    445   1.00   1.06   9999  9999
  0907  73151 407806   6.12   2.60  13.38   7.95   1.46   169   0.96    435   1.00   0.89   9999  9999
  0907  73146 407813   7.14   1.23  13.43   7.94   1.52   176   1.00    458   0.73   1.16   9999  9999
  0907  73142 407817   7.98  24.80  13.44   7.91   1.55   180   1.02    473   0.69   1.32   9999  9999
 -0830  75739 406461   1.00   9.77  13.60   8.04   1.20   138   0.77    328   0.87   2.21   9.66    94
  0830  75737 406452   2.05   8.82  13.60   8.04   1.19   138   0.77    326   0.75   1.78   9.66    94
  0830  75741 406451   2.98   7.40  13.60   8.05   1.19   138   0.77    326   0.87   1.48   9.66    94
  0831  75746 406459   4.01   6.68  13.60   8.04   1.19   137   0.77    326   0.82   1.39   9.67    94
  0832  75750 406463   5.04   3.66  13.60   8.04   1.19   138   0.77    327   0.89   1.69   9.67    94
  0832  75752 406468   5.99   4.26  13.61   8.04   1.20   138   0.78    328   0.93   1.82   9.66    94
  0832  75753 406467   6.99   3.28  13.61   8.04   1.20   138   0.78    328   0.96   1.89   9.66    94
  0832  75755 406469   8.01   2.02  13.61   8.04   1.20   138   0.78    328   0.79   1.55   9.66    94
  0833  75760 406472   8.96   1.13  13.61   8.04   1.20   138   0.78    328   0.90   1.78   9.66    94
 -0839  77125 406216   1.04  13.43  13.59   8.05   1.17   135   0.76    317   0.83   1.38   9999  9999
  0839  77126 406221   1.91  12.79  13.58   8.05   1.17   135   0.76    317   0.76   1.42   9999  9999
  0839  77127 406223   2.92  11.66  13.58   8.05   1.17   135   0.75    316   0.77   1.49   9999  9999
  0839  77129 406225   3.91  10.73  13.58   8.05   1.17   135   0.76    316   0.76   1.45   9999  9999
  0839  77131 406226   4.92   9.48  13.58   8.04   1.17   135   0.76    318   0.71   1.38   9999  9999
  0840  77133 406226   5.89   8.25  13.58   8.04   1.17   135   0.76    317   0.81   1.51   9999  9999
  0840  77139 406224   6.90   7.23  13.59   8.04   1.17   135   0.75    316   0.81   1.56   9999  9999
  0840  77141 406222   7.90   6.33  13.58   8.04   1.17   135   0.76    317   0.76   1.60   9999  9999
  0840  77145 406221   8.94   5.38  13.59   8.04   1.17   135   0.76    317   0.76   1.59   9999  9999
  0840  77148 406221   9.91   4.51  13.59   8.04   1.17   135   0.76    316   0.83   1.43   9999  9999
  0840  77151 406222  10.88   3.50  13.59   8.04   1.17   135   0.75    316   0.79   1.72   9999  9999
  0840  77152 406224  11.93   2.59  13.59   8.04   1.17   135   0.75    316   0.69   1.62   9999  9999
  0840  77155 406225  12.91   1.58  13.59   8.04   1.17   135   0.75    316   0.72   1.46   9999  9999
 -0854  80128 408112   1.05  15.55  13.60   8.07   0.84    97   0.54    196   0.70   1.48   9.89    96
  0855  80122 408117   1.94  15.15  13.61   8.07   0.85    97   0.54    197   0.68   1.51   9.88    96
  0855  80134 408114   3.04   0.00  13.60   8.07   0.84    97   0.54    196   0.66   1.52   9.87    96
  0855  80142 408118   4.10  12.88  13.61   8.07   0.84    97   0.54    196   0.63   1.44   9.87    96
  0856  80147 408125   5.35  12.09  13.61   8.08   0.84    97   0.54    196   0.72   1.57   9.86    96
  0856  80152 408125   5.97  11.20  13.60   8.08   0.84    97   0.54    197   0.69   1.45   9.86    96
  0856  80158 408125   6.94  10.40  13.61   8.08   0.84    97   0.54    197   0.73   1.36   9.86    96
  0857  80158 408131   8.09   8.85  13.61   8.08   0.84    97   0.54    197   0.73   1.58   9.85    96
  0857  80162 408133   9.27   7.80  13.61   8.08   0.85    98   0.54    197   0.65   1.50   9.85    96
  0858  80159 408132   9.95   6.83  13.61   8.08   0.85    97   0.54    197   0.62   1.50   9.85    96
  0858  80155 408125  11.07   5.78  13.61   8.08   0.84    97   0.54    197   0.77   1.49   9.85    96
  0858  80151 408120  11.83   4.96  13.61   8.08   0.84    97   0.54    197   0.65   1.47   9.85    96
  0859  80146 408127  13.09   3.70  13.63   8.08   0.85    98   0.54    199   0.69   1.86   9.82    95
  0859  80149 408132  13.93   3.18  13.62   8.08   0.85    98   0.54    198   0.71   1.79   9.82    95
  0859  80155 408133  15.08   1.94  13.63   8.08   0.85    98   0.54    199   0.68   1.86   9.81    95
  0900  80157 408132  16.01   0.90  13.63   8.07   0.85    98   0.54    200   0.69   2.35   9.80    95
 -0912  83571 408530   0.95  11.15  13.54   8.06   0.71    82   0.45    151   0.58   1.64   9999  9999
  0912  83576 408522   1.89  10.73  13.55   8.06   0.71    82   0.45    152   0.60   1.66   9999  9999
  0912  83580 408519   2.92   9.34  13.55   8.06   0.72    83   0.45    154   0.61   1.85   9999  9999
  0912  83583 408517   3.89   8.40  13.55   8.05   0.74    85   0.47    160   0.62   1.83   9999  9999
  0912  83587 408516   4.92   7.10  13.55   8.05   0.75    86   0.47    164   0.59   1.61   9999  9999
  0913  83589 408515   5.97   5.79  13.55   8.05   0.75    86   0.48    165   0.60   1.82   9999  9999
  0913  83591 408516   6.91   4.70  13.55   8.05   0.75    87   0.48    165   0.59   1.70   9999  9999
  0913  83591 408515   7.96   3.50  13.56   8.05   0.75    87   0.48    167   0.56   1.77   9999  9999
  0913  83591 408514   8.89   2.48  13.57   8.05   0.78    90   0.50    174   0.66   2.11   9999  9999
  0913  83591 408513   9.90   1.43  13.58   8.04   0.79    91   0.50    178   0.59   1.87   9999  9999
  0913  83591 408511  11.01   0.00  13.58   8.04   0.80    92   0.51    180   0.56   2.35   9999  9999
 -0938  86056 411542   0.99  11.34  14.09   8.03   0.56    63   0.34    103   0.66   1.94   9.55    94
  0938  86051 411543   2.04  10.11  13.94   8.04   0.57    65   0.36    108   0.58   2.16   9.57    94
  0939  86051 411542   3.05   9.10  13.94   8.04   0.57    65   0.36    108   0.60   1.95   9.59    94
  0939  86050 411542   3.99   8.38  13.93   8.04   0.57    65   0.36    109   0.62   1.87   9.59    94
  0939  86048 411544   5.02   7.28  13.91   8.05   0.58    66   0.36    110   0.61   2.06   9.61    94
  0940  86050 411547   6.06   6.23  13.91   8.04   0.57    65   0.36    109   0.56   1.96   9.60    94
  0940  86051 411547   7.12   4.98  13.78   8.06   0.59    68   0.37    115   0.63   2.21   9.65    94
  0941  86058 411541   8.10   3.90  13.77   8.05   0.59    68   0.37    115   0.72   2.01   9.66    94
  0941  86059 411539   9.08   2.94  13.71   8.05   0.60    69   0.38    117   0.58   1.96   9.69    94
  0942  86060 411541  10.07   2.00  13.52   8.05   0.62    72   0.39    125   0.66   2.12   9.72    94
  0942  86063 411544  10.97   1.21  13.30   8.06   0.65    76   0.41    135   0.69   3.17   9.76    94
