# MEETVAARTUIG : M.C.ECOS 8 VERTIKAAL
# MEETDATUM    : 24-05-2018 05:53:11
# MEETGEBIED   : VOLKERAK/ZOOMMEER
# STARTPUNT    : Krammersluis
# EINDPUNT     : Antwerpen
# PROJECTCODE  : E7608X
# OPDRACHTGEVER: ZLXXAXAMDBG
# BEHEERDER    : ZLXXAXAMDBG
# BEMONST. INST:
# WAARNEMER(S) : K. de Vlaam
#
* 20180524
$ 9999 [000000000000000]
>TIJD      uumm                    
>X         coordinaat              
>Y         coordinaat              
>SENSHTE   Diepte set        m     
>Echms     Echoset           mtrs  
>Temp      Temperatuur       oC     :  12.0   0.5   15   0.5
>pH        Zuurgraad         dimsls
>GELBH     Geleidendheid     mS/cm 
>GEL20     Gel20             ???   
>SALNTT    Saliniteit        dimsl 
>CL-       Chloride          mg/l  
>CHFLYSI   Chlorofyl         ugr/l 
>TURBID    Troebelheid       NTU   
>O2        Zuurstof          mg/l  
>%O2       Zuurstof%         %     
 -0553  70402 410167   1.00   6.04  18.88   8.43   1.25   128   0.71    292   0.80   0.00   9999  9999
  0553  70402 410167   2.00   6.04  18.88   8.43   1.25   128   0.71    292   0.80   0.00   9999  9999
  0553  70376 410175   2.98   5.18  18.87   8.43   1.24   127   0.71    291   0.90   0.00   9999  9999
  0553  70374 410175   3.93   4.20  18.87   8.42   1.24   127   0.71    291   0.90  -0.10   9999  9999
  0553  70370 410172   4.99   3.24  18.87   8.42   1.24   127   0.71    291   0.80  -0.10   9999  9999
  0553  70362 410163   5.99   2.30  18.82   8.41   1.23   126   0.70    287   0.80   0.00   9999  9999
  0554  70358 410158   6.95   1.45  18.79   8.40   1.23   126   0.70    287   0.70   0.00   9999  9999
 -0604  71636 409526   1.00  19.70  18.45   8.35   1.19   123   0.69    282   1.00   0.50  10.00   107
  0604  71652 409518   1.98  18.22  18.45   8.35   1.19   123   0.68    280   0.90   0.60  10.00   106
  0604  71667 409510   3.00  17.99  18.45   8.36   1.19   123   0.68    281   0.90   0.40   9.95   106
  0604  71670 409509   4.00  17.19  18.45   8.35   1.19   123   0.68    281   0.80   0.40   9.93   106
  0605  71673 409506   5.00   0.00  18.44   8.36   1.19   123   0.69    282   0.80   0.20   9.87   105
  0605  71674 409506   6.00  14.30  18.44   8.35   1.20   124   0.69    285   0.80   0.10   9.85   105
  0605  71671 409499   7.01  14.70  17.79   8.31   1.34   141   0.79    338   0.80   0.00   9.65   101
  0606  71672 409500   8.00  13.84  17.50   8.27   1.41   149   0.83    364   0.80   0.30   9.64   101
  0606  71672 409505   9.01  12.98  16.71   8.20   1.72   185   1.05    489   0.70   0.10   9.09    93
  0607  71677 409501   9.97  12.03  16.20   8.09   2.00   217   1.24    601   0.80   0.20   8.23    84
  0608  71671 409495  11.01  11.04  15.79   8.06   2.06   226   1.30    633   0.70   0.40   8.04    81
  0608  71657 409483  12.00   9.93  15.17   8.02   2.02   224   1.29    628   0.70   0.50   7.73    77
  0608  71655 409478  13.03   8.86  14.30   8.02   1.93   219   1.26    609   0.80   0.50   7.74    76
  0608  71654 409471  14.00   7.81  13.28   8.00   1.88   218   1.25    605   0.60   0.50   7.55    72
  0609  71652 409467  14.94   6.88  12.62   7.96   1.85   218   1.25    606   0.80   0.70   7.10    67
  0609  71650 409463  15.97   5.95  12.37   7.92   1.84   218   1.26    607   0.80   0.90   6.60    62
  0609  71644 409459  17.01   4.40  12.17   7.88   1.83   219   1.26    608   0.90   1.10   5.96    56
  0610  71640 409455  18.01   3.36  11.99   7.86   1.83   220   1.26    612   0.90   1.10   5.50    51
  0610  71640 409451  18.98   2.53  11.92   7.84   1.83   220   1.27    613   1.10   1.00   5.15    48
  0610  71648 409451  19.99   1.91  11.65   7.81   1.83   221   1.27    616   1.00   0.90   4.69    43
  0612  71668 409447  21.00   0.76  11.27   7.74   1.84   224   1.29    626   0.90   0.40   2.30    21
 -0617  71447 408842   0.98   5.78  18.29   8.28   1.21   126   0.70    286   1.60   0.40   9999  9999
  0617  71410 408832   1.98   4.80  18.33   8.28   1.28   132   0.74    308   0.90   0.30   9999  9999
  0617  71403 408826   2.98   3.91  18.39   8.27   1.39   144   0.81    349   0.80   0.30   9999  9999
  0618  71393 408819   4.02   2.80  18.46   8.23   1.74   179   1.01    471   0.90   0.40   9999  9999
  0618  71389 408816   4.88   1.86  18.49   8.22   1.82   188   1.07    501   0.80   0.40   9999  9999
  0618  71382 408813   5.96   0.89  18.48   8.22   1.99   206   1.17    563   0.80   0.50   9999  9999
 -0622  72418 408771   0.94  15.20  18.43   8.40   1.17   121   0.67    274   3.20   0.70   9999  9999
  0623  72441 408772   1.90  14.20  18.45   8.38   1.17   121   0.68    275   2.00   0.50   9999  9999
  0623  72445 408772   2.96  13.54  18.45   8.38   1.17   121   0.67    275   1.80   0.50   9999  9999
  0623  72452 408773   3.91  12.68  18.45   8.38   1.19   123   0.69    282   1.60   0.40   9999  9999
  0623  72460 408774   4.92  11.60  18.47   8.37   1.21   125   0.69    286   1.50   0.40   9999  9999
  0623  72470 408775   5.99  10.24  18.49   8.36   1.26   131   0.73    302   1.30   0.40   9999  9999
  0623  72476 408777   6.91   8.29  18.48   8.33   1.33   137   0.77    325   1.20   0.40   9999  9999
  0623  72484 408779   7.92   6.25  17.76   8.32   1.36   142   0.80    342   1.00   0.30   9999  9999
  0623  72487 408779   8.98   4.89  17.41   8.29   1.44   152   0.85    376   0.80   0.30   9999  9999
  0623  72489 408778   9.89   3.59  16.90   8.19   1.99   212   1.21    586   0.90   0.30   9999  9999
  0623  72490 408778  10.96   2.08  16.34   8.16   2.03   220   1.26    614   0.90   0.30   9999  9999
  0623  72491 408778  11.91   0.00  15.87   8.14   2.07   226   1.30    634   0.70   0.30   9999  9999
 -0628  73151 407995   1.00   9.26  18.36   8.40   1.10   114   0.63    251   1.40   0.40   9999  9999
  0628  73159 407985   1.94   8.31  18.36   8.40   1.10   114   0.63    251   1.30   0.40   9999  9999
  0628  73160 407984   2.89   7.50  18.37   8.39   1.10   114   0.63    250   1.20   0.40   9999  9999
  0629  73162 407981   3.95   6.49  18.37   8.39   1.10   114   0.63    250   1.10   0.40   9999  9999
  0629  73167 407976   4.93   5.34  18.37   8.39   1.10   114   0.63    251   1.10   0.40   9999  9999
  0629  73171 407971   5.89   4.39  18.34   8.37   1.12   117   0.65    259   1.10   0.50   9999  9999
  0629  73173 407969   6.91   3.29  18.20   8.35   1.23   128   0.71    294   1.00   0.40   9999  9999
  0629  73175 407965   7.89   2.28  17.91   8.32   1.33   139   0.78    332   1.00   0.40   9999  9999
  0629  73178 407962   8.91   1.39  17.41   8.23   1.63   172   0.98    447   0.80   0.30   9999  9999
 -0641  75631 406453   0.97   8.33  17.79   8.24   1.00   105   0.58    221   1.10   0.40   9.38    98
  0641  75685 406451   1.96   7.48  17.78   8.24   1.00   105   0.58    221   1.00   0.30   9.37    98
  0642  75689 406449   3.01   6.43  17.78   8.23   1.01   106   0.58    222   0.80   0.40   9.33    98
  0642  75691 406448   4.00   5.68  17.79   8.23   1.01   106   0.59    224   0.90   0.40   9.34    98
  0642  75692 406447   4.98   4.80  17.79   8.23   1.01   106   0.59    225   1.10   0.40   9.32    98
  0642  75692 406447   5.95   3.93  17.78   8.23   1.01   106   0.58    223   1.10   0.30   9.31    98
  0642  75692 406446   7.00   2.89  17.78   8.23   1.01   106   0.58    223   0.90   0.20   9.31    98
  0643  75688 406440   7.95   2.03  17.78   8.23   1.01   106   0.59    225   1.10   0.30   9.30    98
  0643  75686 406438   8.98   1.33  17.78   8.23   1.03   108   0.60    230   1.00   0.20   9.28    97
 -0659  77032 406174   0.98  13.44  17.71   8.22   1.03   109   0.60    233  24.00   0.40   9999  9999
  0659  77047 406177   1.98  12.44  17.71   8.23   1.03   109   0.60    232  19.90   0.40   9999  9999
  0659  77054 406179   2.97  11.30  17.72   8.22   1.04   109   0.60    233  14.40   0.30   9999  9999
  0659  77057 406180   3.98  10.34  17.72   8.23   1.04   109   0.60    234  10.90   0.40   9999  9999
  0659  77062 406181   4.94   9.35  17.72   8.23   1.04   110   0.61    235   8.10   0.40   9999  9999
  0659  77065 406181   5.98   8.64  17.72   8.22   1.05   110   0.61    236   6.10   0.30   9999  9999
  0659  77068 406182   6.99   7.50  17.72   8.23   1.05   110   0.61    237   4.80   0.30   9999  9999
  0659  77071 406183   7.98   6.51  17.71   8.22   1.08   113   0.63    247   3.80   0.30   9999  9999
  0659  77075 406186   8.98   5.73  17.61   8.19   1.18   124   0.69    286   2.90   0.30   9999  9999
  0700  77079 406189   9.97   4.40  17.24   8.14   1.38   146   0.82    356   2.10   0.40   9999  9999
  0700  77081 406192  10.95   3.43  16.72   8.13   1.55   166   0.94    425   1.70   0.50   9999  9999
  0700  77083 406194  11.93   2.45  16.36   8.13   1.62   175   0.99    455   1.40   0.40   9999  9999
  0700  77086 406195  12.99   1.46  16.08   8.12   1.66   181   1.03    477   1.20   0.50   9999  9999
 -0715  80004 408026   0.97  15.60  17.85   8.24   0.94    98   0.54    200   3.40   0.60   9.60   101
  0715  80119 408091   1.96  14.63  17.86   8.24   0.94    98   0.54    200   2.10   0.50   9.54   100
  0715  80124 408092   3.01  13.59  17.87   8.24   0.94    98   0.54    199   1.70   0.50   9.49   100
  0715  80128 408093   3.93  12.65  17.87   8.24   0.94    98   0.54    199   1.30   0.50   9.46    99
  0716  80130 408093   5.01  11.61  17.86   8.24   0.94    99   0.54    201   1.30   0.50   9.42    99
  0716  80132 408093   5.92  10.74  17.85   8.24   0.94    99   0.54    201   1.30   0.50   9.39    98
  0716  80133 408092   6.93   9.79  17.82   8.23   0.96   100   0.55    206   1.40   0.50   9.36    98
  0716  80132 408091   8.01   8.68  17.75   8.22   0.98   103   0.57    214   1.30   0.40   9.31    98
  0717  80128 408092   9.02   7.60  17.72   8.20   0.99   104   0.57    217   1.30   0.40   9.12    96
  0719  80132 408080  10.00   6.40  17.12   8.12   1.21   129   0.72    296   0.70   0.70   8.48    88
  0719  80137 408081  11.01   5.55  17.01   8.11   1.24   133   0.74    310   0.80   0.80   8.46    87
  0720  80140 408084  12.00   4.55  16.61   8.07   1.35   145   0.81    352   0.70   1.20   8.12    83
  0721  80131 408076  13.00   3.45  16.39   8.06   1.41   152   0.86    376   0.70   1.30   8.01    82
  0722  80120 408084  13.93   2.35  16.24   8.04   1.44   156   0.88    391   0.70   1.30   7.73    79
  0722  80122 408089  14.94   1.40  16.17   8.03   1.47   159   0.90    401   0.90   1.40   7.66    78
 -2359  83690 408515   1.00   9999   9999   9999   9999  9999   9999   9999   9999   9999   9999  9999
  2359  83690 408515  12.00   9999   9999   9999   9999  9999   9999   9999   9999   9999   9999  9999
 -0755  86039 411509   0.96  12.36  17.90   8.22   0.71    75   0.41    132   1.80   1.90   9.14    96
  0756  86061 411526   2.01  11.16  17.90   8.22   0.71    75   0.41    132   1.70   2.00   9.10    96
  0756  86053 411523   3.00   9.26  17.90   8.21   0.72    75   0.41    134   1.50   1.90   9.05    95
  0756  86048 411522   4.00   7.98  17.87   8.20   0.74    78   0.42    140   1.50   1.80   9.03    95
  0757  86042 411520   4.99   6.96  17.81   8.19   0.77    81   0.44    150   1.30   1.50   8.99    94
  0757  86033 411517   5.99   6.11  17.73   8.16   0.83    87   0.48    167   0.80   1.20   8.94    94
  0758  86021 411520   6.98   5.61  17.16   8.10   0.86    91   0.50    178   0.70   1.50   8.39    87
  0758  86017 411520   7.96   4.73  16.95   8.06   0.96   103   0.57    214   0.70   1.80   8.21    85
  0758  86016 411519   9.00   3.76  16.55   8.07   0.76    82   0.45    151   0.70   1.90   8.21    84
  0758  86014 411515   9.97   2.78  14.33   8.02   0.72    82   0.45    151   0.90   2.40   7.79    76
  0758  86015 411509  10.97   1.76  13.56   7.91   0.71    82   0.45    152   1.00   3.20   6.06    58
  0801  86007 411495  11.98   0.00  13.32   7.66   0.71    82   0.45    152   1.10   3.20   2.32    22
