# M.S. ARGUS
# 08-02-2001 06:49:57
# PROJECTCODE: E7608X
# STARTPUNT: KRAMMERSLUIZEN
# EINDPUNT: ZANDVLIETSLUIS
# OPDRACHTGEVER: RIKZMON_CHEMIE
# BEHEERDER: RIKZITSDHG
# BEMONST. INST.: ZLXXAXMVSGN
# TLU        oC    10.6
# LUCHTDK    hPa    993
# WINDSHD    m/s    9.5
# WINDRTG    gradn    212
# BEWKGD     /8    8
* 20010208
$ 9999 [000000000000000]
> TIJD
> X-COORD
> Y-COORD
>SENSHTE   Diepte set        m
>ECHOS     Echoset           mtrs
>Echo      Echoschip         M
>Temp      Temperatuur       oC
>pH        Zuurgraad         dimsls
>O2        Zuurstof          mg/l
>%O2       Zuurstof%         %
>GELBH     Geleidendheid     ms/cm
>SALNTT    Saliniteit        dimsls
>CL-       Chloride          mg/l
>MEX       MEX               %
>FLME      Flur ME           ugr/l
 -714  70362 410194   1.05   7.07   8.20   4.84   8.04   9999   9999   0.73   0.59    220      2   2.37
  714  70358 410194   1.87   6.11   8.20   4.82   8.05   9999   9999   0.73   0.59    220      2   2.33
  714  70357 410194   2.81   5.15   8.20   4.84   8.05   9999   9999   0.73   0.59    219      2   2.29
  714  70355 410195   3.81   3.98   8.30   4.85   8.05   9999   9999   0.73   0.59    220      2   2.34
  714  70354 410196   4.82   2.90   8.30   4.85   8.04   9999   9999   0.73   0.59    221      2   2.32
  714  70353 410197   5.87   1.82   0.00   4.85   8.04   9999   9999   0.73   0.59    219      2   2.33
  714  70353 410198   6.83   0.81   8.30   4.83   8.04   9999   9999   0.73   0.59    219      2   2.31
 -702  71468 409848   0.81  18.66  19.60   4.67   8.07   9999   9999   0.76   0.62    238      0   2.36
  703  71472 409858   1.85  17.34  19.60   4.67   8.08   9999   9999   0.76   0.62    236      2   2.41
  703  71472 409858   2.82  16.24  19.60   4.67   8.08   9999   9999   0.76   0.62    238      2   2.45
  703  71472 409857   3.87  15.24  19.60   4.69   8.09   9999   9999   0.76   0.62    236      2   2.40
  703  71472 409857   4.84  14.27  19.60   4.68   8.09   9999   9999   0.76   0.62    237      2   2.42
  703  71473 409857   5.81  13.24  19.60   4.68   8.09   9999   9999   0.76   0.62    237      2   2.43
  703  71474 409857   6.83  12.09  19.70   4.68   8.07   9999   9999   0.76   0.62    237      2   2.43
  703  71475 409857   7.88  11.00  19.70   4.67   8.08   9999   9999   0.76   0.62    237      2   2.43
  704  71475 409857   8.90  10.00  19.60   4.67   8.08   9999   9999   0.76   0.62    237      2   2.44
  704  71475 409856   9.85   9.06  19.60   4.65   8.08   9999   9999   0.76   0.62    235      2   2.46
  704  71476 409856  10.90   7.98  19.70   4.59   8.08   9999   9999   0.76   0.62    236      2   2.39
  704  71477 409856  11.80   7.03  19.70   4.58   8.08   9999   9999   0.76   0.62    235      2   2.34
  704  71478 409856  12.88   5.94  19.70   4.61   8.07   9999   9999   0.76   0.62    236      2   2.40
  704  71478 409856  13.81   5.01  19.70   4.61   8.07   9999   9999   0.76   0.62    237      2   2.33
  704  71480 409856  14.80   3.94  19.70   4.63   8.08   9999   9999   0.76   0.62    238      2   2.36
  704  71481 409856  15.83   2.98   0.00   4.46   8.07   9999   9999   0.79   0.64    250      2   2.25
  704  71482 409856  16.81   1.97  19.90   4.43   8.07   9999   9999   0.81   0.66    262      2   2.23
  704  71483 409856  17.82   1.04  19.80   4.32   8.05   9999   9999   0.86   0.71    287      2   2.17
 -656  71681 409476   0.82   0.85   2.30   4.55   8.04   9999   9999   0.77   0.63    242      2   2.45
  656  71683 409488   1.82  20.94   2.30   4.54   8.06   9999   9999   0.77   0.63    241      2   2.38
  656  71684 409492   2.82  19.73  23.30   4.53   8.06   9999   9999   0.77   0.63    242      2   2.33
  656  71684 409494   3.86  18.53  23.20   4.51   8.06   9999   9999   0.77   0.63    242      2   2.41
  656  71684 409496   4.86  17.25  23.20   4.51   8.06   9999   9999   0.77   0.63    242      2   2.39
  656  71684 409497   5.80  16.23  23.10   4.53   8.07   9999   9999   0.77   0.63    241      2   2.32
  656  71683 409499   6.85  15.04  23.10   4.51   8.07   9999   9999   0.77   0.63    241      2   2.34
  656  71683 409501   7.81  13.84  23.00   4.53   8.07   9999   9999   0.77   0.63    242      2   2.33
  657  71683 409502   8.85  12.58  22.90   4.53   8.07   9999   9999   0.77   0.63    242      2   2.36
  657  71682 409504   9.81  11.53  22.80   4.53   8.07   9999   9999   0.77   0.63    243      2   2.39
  657  71682 409506  10.84  10.29  22.80   4.53   8.07   9999   9999   0.77   0.63    243      2   2.45
  657  71681 409508  11.81   9.16  22.60   4.52   8.07   9999   9999   0.77   0.63    243      2   2.42
  657  71681 409508  12.84   7.99  22.60   4.52   8.07   9999   9999   0.77   0.63    242      2   2.34
  657  71681 409510  13.81   6.84  22.40   4.52   8.06   9999   9999   0.77   0.63    243      2   2.43
  657  71681 409512  14.84   5.50  22.40   4.52   8.07   9999   9999   0.77   0.63    243      2   2.42
  657  71680 409514  15.86   4.31  22.20   4.52   8.07   9999   9999   0.77   0.63    244      2   2.34
  657  71679 409515  16.82   3.23  22.10   4.39   8.05   9999   9999   0.80   0.66    261      2   2.35
  657  71679 409516  17.87   2.17  22.10   4.31   8.04   9999   9999   0.85   0.70    286      2   2.23
  657  71678 409516  18.82   1.20  22.10   4.32   8.04   9999   9999   0.92   0.77    317      2   2.35
 -649  71378 408783   0.83   5.68   6.80   4.86   8.08   9999   9999   1.14   0.94    417      2   2.54
  649  71383 408783   1.82   4.72   6.80   4.85   8.08   9999   9999   1.14   0.94    417      2   2.56
  649  71386 408784   2.85   3.63   6.70   4.86   8.08   9999   9999   1.14   0.94    418      2   2.59
  649  71388 408785   3.84   2.57   6.70   4.83   8.08   9999   9999   1.16   0.95    425      2   2.53
  650  71389 408785   4.82   1.48   6.80   4.82   8.08   9999   9999   1.17   0.96    431      2   2.63
  650  71393 408786   5.81   0.42   6.80   4.79   8.06   9999   9999   1.24   1.03    469      2   2.64
 -728  72519 408751   1.15  10.32  12.00   4.33   8.07  13.02    104   0.78   0.64    247      2   2.32
  728  72533 408738   1.92   9.48  12.30   4.33   8.07  13.02    104   0.78   0.64    247      2   2.43
  729  72545 408734   3.02   8.23  12.00   4.33   8.07  13.01    104   0.78   0.64    248      2   2.38
  729  72553 408730   4.10   6.93  11.80   4.33   8.06  13.01    104   0.78   0.64    248      2   2.37
  729  72557 408729   5.01   6.31   0.00   4.33   8.05  13.02    104   0.78   0.64    249      2   2.40
  730  72561 408730   6.16   5.16   0.00   4.33   8.06  13.01    104   0.78   0.64    249      2   2.39
  730  72568 408732   6.98   4.14  11.90   4.33   8.06  13.02    104   0.78   0.64    248      2   2.31
  730  72574 408737   8.05   2.88  11.70   4.32   8.06  13.03    104   0.78   0.64    248      2   2.40
  731  72579 408742   8.91   2.11   0.00   4.32   8.05  13.01    104   0.78   0.64    248      2   2.32
  731  72583 408748   9.99   0.45  12.00   4.32   8.05  13.02    104   0.78   0.64    248      2   2.36
 -738  73154 407789   0.89   8.61  10.80   4.28   8.04   9999   9999   0.77   0.63    243      2   2.32
  738  73151 407788   1.82   7.77  10.70   4.28   8.04   9999   9999   0.76   0.63    242      2   2.32
  738  73149 407788   2.83   6.67  10.80   4.27   8.03   9999   9999   0.76   0.63    242      2   2.31
  738  73146 407788   3.81   5.64  10.80   4.27   8.03   9999   9999   0.77   0.63    243      2   2.27
  738  73144 407788   4.81   4.41  10.80   4.27   8.02   9999   9999   0.76   0.63    241      2   2.33
  738  73143 407788   5.82   3.23  10.80   4.28   8.03   9999   9999   0.76   0.63    242      2   2.29
  738  73140 407789   6.82   2.04  10.70   4.27   8.03   9999   9999   0.76   0.63    242      2   2.29
  738  73139 407789   7.82   0.90  10.60   4.28   8.03   9999   9999   0.76   0.63    242      2   2.27
 -800  77104 406193   0.87  13.58  15.00   4.77   7.89   9999   9999   0.60   0.48    164      2   2.03
  800  77111 406199   1.83  12.70  15.00   4.77   7.89   9999   9999   0.60   0.48    165      2   2.01
  800  77116 406203   2.84  11.52  15.10   4.77   7.90   9999   9999   0.60   0.48    165      2   1.99
  800  77119 406206   3.82  10.46  15.00   4.77   7.90   9999   9999   0.60   0.48    164      2   1.99
  801  77120 406207   4.82   9.41  15.00   4.77   7.91   9999   9999   0.60   0.48    166      2   2.02
  801  77123 406210   5.82   8.21  15.00   4.76   7.91   9999   9999   0.60   0.48    165      2   2.02
  801  77126 406213   6.82   7.21  14.90   4.77   7.89   9999   9999   0.60   0.48    165      3   2.04
  801  77132 406218   7.84   6.01  14.90   4.77   7.90   9999   9999   0.60   0.48    164      2   1.98
  801  77134 406221   8.82   5.01  14.80   4.78   7.90   9999   9999   0.60   0.48    165      2   1.99
  801  77137 406224   9.82   3.93  14.80   4.77   7.91   9999   9999   0.60   0.48    165      2   2.02
  801  77139 406227  10.85   2.90  14.80   4.77   7.90   9999   9999   0.60   0.48    165      2   2.00
  801  77140 406229  11.85   1.71  14.80   4.77   7.90   9999   9999   0.60   0.48    165      2   1.99
  801  77140 406231  12.83   0.65  14.70   4.77   7.91   9999   9999   0.60   0.48    165      2   2.06
 -817  80172 408103   0.94   4.35  17.90   4.99   7.81   9999   9999   0.55   0.45    141      2   2.05
  817  80175 408107   1.81   0.38  17.90   4.99   7.82   9999   9999   0.55   0.43    142      3   2.07
  818  80176 408110   2.83   0.39  18.00   4.99   7.83   9999   9999   0.55   0.43    142      3   2.02
  818  80177 408113   3.84  13.51  18.00   5.00   7.82   9999   9999   0.55   0.43    142      3   1.99
  818  80179 408117   4.81  12.44  18.00   4.99   7.82   9999   9999   0.55   0.43    142      3   2.03
  818  80179 408120   5.81  11.49  18.00   5.00   7.83   9999   9999   0.55   0.43    142      3   2.00
  818  80180 408123   6.81  10.53  18.00   5.00   7.84   9999   9999   0.55   0.43    143      3   2.00
  818  80181 408126   7.82   9.54  18.00   5.00   7.84   9999   9999   0.55   0.43    142      3   2.05
  818  80181 408128   8.81   8.38  18.00   5.00   7.84   9999   9999   0.55   0.43    142      3   2.04
  818  80181 408129   9.89   7.24  18.00   5.00   7.84   9999   9999   0.55   0.44    143      3   1.98
  818  80181 408131  10.85   6.36  18.00   5.00   7.84   9999   9999   0.55   0.43    142      3   2.02
  818  80181 408132  11.82   5.30  18.00   5.00   7.84   9999   9999   0.55   0.44    144      3   2.08
  818  80181 408133  12.85   4.31  18.00   5.00   7.84   9999   9999   0.55   0.43    143      3   1.99
  819  80181 408133  13.83   3.06  18.00   5.00   7.84   9999   9999   0.55   0.44    143      3   2.05
  819  80181 408135  14.85   2.08  18.00   5.00   7.84   9999   9999   0.55   0.43    142      3   2.05
  819  80181 408136  15.83   1.18  18.00   5.00   7.84   9999   9999   0.55   0.44    144      3   2.04
  819  80181 408138  16.80  51.94  18.00   5.00   7.85   9999   9999   0.55   0.44    143     14   2.29
 -835  83659 408486   0.84  11.67  15.70   5.80   7.59  11.79     97   0.49   0.37    115      3   2.14
  836  83658 408491   1.97  10.33  15.10   5.83   7.59  11.77     97   0.48   0.37    115      3   2.14
  836  83657 408494   3.06   9.52  14.50   5.83   7.60  11.76     97   0.48   0.37    115      4   2.12
  836  83656 408497   4.17   8.55  14.00   5.88   7.59  11.74     97   0.48   0.37    112      4   2.12
  836  83657 408502   5.08   7.60  13.60   5.90   7.60  11.73     97   0.48   0.37    112      4   2.18
  836  83657 408506   5.99   6.46  13.30   5.90   7.61  11.71     97   0.48   0.37    112      4   2.14
  837  83659 408513   6.97   5.27  12.90   5.91   7.61  11.70     97   0.48   0.37    112      4   2.11
  837  83660 408516   7.99   4.19  12.60   5.91   7.61  11.70     97   0.48   0.37    112      4   2.14
  837  83663 408517   9.01   3.16  12.60   5.90   7.62  11.69     97   0.48   0.37    112      4   2.13
  838  83667 408516  10.03   2.43  13.10   5.90   7.63  11.70     97   0.48   0.37    113      4   2.15
  838  83670 408514  11.08   1.38  13.40   5.88   7.63  11.69     97   0.48   0.37    114      4   2.14
  838  83673 408511  11.96   0.56  13.40   5.89   7.64  11.71     97   0.48   0.37    114      4   2.15
 -857  86078 411505   0.82  12.58  12.00   5.57   7.81  12.18    100   0.50   0.39    122      3   2.05
  857  86071 411512   2.14  11.15  12.40   5.56   7.79  12.19    100   0.50   0.39    122      3   2.03
  858  86070 411515   3.03  10.54  12.40   5.55   7.77  12.19    100   0.50   0.39    122      3   2.04
  858  86068 411517   4.12   9.55  12.60   5.53   7.79  12.20    100   0.50   0.39    122      3   2.04
  858  86066 411519   5.12   8.69  12.70   5.53   7.79  12.19    100   0.50   0.39    122      3   2.01
  859  86064 411522   5.93   7.82  12.80   5.53   7.80  12.17    100   0.50   0.39    122      3   2.03
  859  86064 411520   7.08   6.61  12.80   5.52   7.81  12.17    100   0.50   0.39    121      3   2.01
  859  86064 411519   8.03   5.62  12.70   5.52   7.81  12.17    100   0.50   0.39    121      3   1.99
  859  86064 411519   8.98   4.59  12.60   5.50   7.80  12.17    100   0.50   0.39    122      3   2.01
  860  86065 411517   9.92   3.49  12.50   5.52   7.81  12.15    100   0.50   0.39    121      3   2.01
  900  86065 411515  11.03   2.18  12.40   5.52   7.81  12.17    100   0.50   0.39    122      3   2.02
  900  86067 411515  12.02   1.18  12.50   5.46   7.80  12.18    100   0.50   0.39    122      3   1.99
