# M.S. ARGUS
# 13-04-2000 07:18:12
# PROJECTCODE: E7608X
# STARTPUNT: KRAMMERSLUIZEN
# EINDPUNT: ANTWERPSCHE DOKKEN
# OPDRACHTGEVER: ZLXXAXWMDBG
# BEHEERDER: ZLXXAXMVSGN
# BEMONST. INST.: ZLXXAXMVSGN
# TLU        oC    3.5
# LUCHTDK    hp    994
# WINDSHD    m/s    6.4
# WINDRTG    graad    165
# BEWKGD         8
#
#     VRAAGTEKENS BIJ CHLORIDE VERTIKAAL 4 (file layout vert. 2 t/m 4 moest
#                                           ook worden verbeterd (zie print))
#
* 20000413
$ 9999 [00000000000000]
> TIJD
> X-COORD
> Y-COORD
>SENSHTE   Diepte set        m
>ECHOS     Echoset           mtrs
>Echo      Echoschip         M
>Temp      Temperatuur       oC                   : 6.  0.5  10  0.5
>pH        Zuurgraad         dimsls
>GELBH     Geleidendheid     ms/cm
>GELDHD    Geleidendh (20)   ms/m
>SALNTT    Saliniteit        dimsls
>CL-       Chloride          mg/l
>O2        Zuurstof          mg/l
>%O2       Zuurstof verz.perc%
 -738  70386 410217   0.85   8.57   8.40   8.71   8.42   0.96      1   9999    285       9999   9999
  739  70367 410213   1.84   6.28   8.40   8.71   8.42   0.96      1   9999    288       9999   9999
  739  70360 410212   2.86   0.51   8.40   8.70   8.42   0.96      1   9999    287       9999   9999
  739  70354 410214   3.81   3.59   8.70   8.69   8.42   0.96      1   9999    287       9999   9999
  739  70347 410218   4.86   2.82   8.90   8.69   8.41   0.96      1   9999    285       9999   9999
  739  70344 410220   5.80   2.08   4.20   8.69   8.42   0.96      1   9999    285       9999   9999
  739  70342 410221   6.80   1.13   0.00   8.69   8.43   0.96      1   9999    285       9999   9999
 -730  71489 409894   1.20  18.59  23.50   8.76   8.43   0.96      1   9999    285       9999   9999
  730  71497 409898   1.89  17.97  20.40   8.75   8.45   0.96      1   9999    285       9999   9999
  730  71500 409899   2.85  16.71  20.30   8.77   8.46   0.96      1   9999    288       9999   9999
  730  71505 409900   3.84  15.66  20.40   8.78   8.45   0.96      1   9999    288       9999   9999
  731  71507 409899   4.80  14.46  20.40   8.79   8.45   0.97      1   9999    285       9999   9999
  731  71509 409899   5.80  13.52  20.60   8.79   8.45   0.96      1   9999    288       9999   9999
  731  71511 409898   6.85  12.39  20.70   8.79   8.44   0.97      1   9999    285       9999   9999
  731  71512 409897   7.82  11.56  20.80   8.79   8.44   0.96      1   9999    288       9999   9999
  731  71513 409895   8.82  10.66  20.70   8.79   8.44   0.97      1   9999    289       9999   9999
  731  71514 409895   9.84   9.63  20.80   8.79   8.44   0.97      1   9999    285       9999   9999
  731  71515 409894  10.87   8.57  20.80   8.79   8.44   0.97      1   9999    285       9999   9999
  731  71516 409893  11.88   7.59  20.80   8.79   8.45   0.97      1   9999    285       9999   9999
  731  71517 409892  12.93   6.63  20.90   8.79   8.45   0.97      1   9999    285       9999   9999
  731  71518 409891  13.93   5.59  20.90   8.79   8.45   0.97      1   9999    285       9999   9999
  731  71518 409891  14.89   4.60  20.90   8.79   8.45   0.97      1   9999    286       9999   9999
  731  71519 409890  15.90   3.52  21.00   8.79   8.46   0.97      1   9999    288       9999   9999
  731  71520 409889  16.97   2.38  21.00   8.77   8.41   0.98      1   9999    291       9999   9999
  731  71520 409889  17.97   1.35  21.10   8.74   8.31   1.02      1   9999    307       9999   9999
  731  71521 409889  18.87   0.56  21.10   8.57   8.23   1.15      1   9999    367       9999   9999
 -723  71725 409500   1.00  21.92  22.90   8.82   8.45   0.99      1   9999    293       9999   9999
  724  71726 409508   1.85  20.86   2.30   8.82   8.46   0.99      1   9999    294       9999   9999
  724  71725 409512   2.80  19.88  23.20   8.82   8.47   0.99      1   9999    294       9999   9999
  724  71725 409515   3.82  18.73  23.20   8.82   8.47   0.99      1   9999    294       9999   9999
  724  71723 409519   4.83  17.52  23.30   8.82   8.49   0.99      1   9999    295       9999   9999
  724  71722 409524   5.81  16.21  23.20   8.82   8.47   0.99      1   9999    294       9999   9999
  724  71723 409528   6.83  14.87  23.10   8.82   8.47   0.99      1   9999    294       9999   9999
  724  71727 409532   7.85  13.88  23.10   8.82   8.46   0.99      1   9999    294       9999   9999
  724  71730 409535   8.84  12.83  23.20   8.82   8.46   0.99      1   9999    295       9999   9999
  724  71732 409538   9.87  11.86  23.10   8.82   8.47   0.99      1   9999    294       9999   9999
  725  71733 409539  10.85  10.76  23.00   8.82   8.47   0.99      1   9999    294       9999   9999
  725  71733 409537  11.89   9.74  23.00   8.82   8.47   0.99      1   9999    294       9999   9999
  725  71732 409535  12.80   8.76  23.10   8.82   8.48   0.99      1   9999    295       9999   9999
  725  71732 409533  13.86   7.60  23.20   8.82   8.47   0.99      1   9999    294       9999   9999
  725  71732 409530  14.85   6.65  23.10   8.82   8.48   0.99      1   9999    296       9999   9999
  725  71732 409525  15.87   5.74  23.10   8.82   8.48   0.99      1   9999    296       9999   9999
  725  71731 409522  16.84   4.83  23.40   8.77   8.46   1.10      1   9999    346       9999   9999
  725  71731 409519  17.83   3.95  23.40   8.65   8.37   1.30      1   9999    437       9999   9999
  725  71730 409516  18.83   2.89  23.40   8.42   8.20   1.39      1   9999    478       9999   9999
  726  71729 409514  19.82   1.86  23.40   7.98   8.06   1.61      1   9999    588       9999   9999
  726  71727 409512  20.84   0.88  23.50   7.77   7.64   1.86      1   9999    712       9999   9999
 -717  71436 408806   1.19   5.29   0.00   8.85   8.42   1.58    200   1.15    557   9999   9999
  717  71436 408807   1.81   4.50   6.90   8.82   8.41   1.53    195   1.11    537   9999   9999
  718  71436 408811   2.86   3.55   7.00   8.81   8.41   1.52    194   1.11    534   9999   9999
  718  71435 408812   3.89   2.40   7.00   8.81   8.43   1.51    192   1.10    528   9999   9999
  718  71435 408813   4.84   1.41   7.00   8.90   8.39   1.63    206   1.18    578   9999   9999
  718  71435 408814   5.82   0.54   7.00   9.01   8.35   1.89    240   1.40    698   9999   9999
 -753  72537 408766   1.01  10.27  11.70   8.86   8.41   1.02   9999   0.70    307  11.36     99
  753  72550 408753   2.04   9.22  11.70   8.87   8.41   1.02   9999   0.70    306  11.48    100
  754  72558 408747   3.13   8.01  11.90   8.87   8.42   1.01   9999   0.70    305  11.58    101
  754  72564 408745   3.95   7.19  11.70   8.88   8.41   1.02   9999   0.70    306  11.71    102
  754  72568 408746   5.06   6.38  11.50   8.87   8.40   1.01   9999   0.70    305  11.84    103
  755  72572 408748   6.04   5.39  11.60   8.88   8.42   1.02   9999   0.71    308  11.92    104
  755  72577 408753   7.01   4.41  12.00   8.88   8.42   1.02   9999   0.71    309  12.01    104
  756  72580 408757   7.99   3.25  11.90   8.88   8.42   1.03   9999   0.71    310  12.07    105
  756  72587 408763   9.11   2.31  12.20   8.88   8.42   1.04   9999   0.72    315  12.18    106
  757  72591 408764   9.98   1.12  12.20   8.89   8.40   1.06   9999   0.74    325  12.18    106
 -803  73147 407814   1.08   7.41  10.50   8.87   8.40   1.02   9999   0.70    306   9999   9999
  803  73151 407812   1.89  -0.04  10.60   8.88   8.40   1.01   9999   0.70    305   9999   9999
  803  73152 407811   2.86   5.10  10.70   8.88   8.39   1.01   9999   0.70    305   9999   9999
  803  73154 407811   3.81   4.36  10.70   8.88   8.39   1.02   9999   0.70    306   9999   9999
  803  73155 407810   4.90   3.43  10.70   8.88   8.40   1.02   9999   0.70    306   9999   9999
  803  73157 407810   5.81   2.54  10.70   8.88   8.39   1.02   9999   0.70    305   9999   9999
  803  73159 407810   6.89   1.51  10.70   8.88   8.39   1.02   9999   0.70    305   9999   9999
  803  73161 407811   7.84   0.54  10.60   8.88   8.39   1.02   9999   0.70    305   9999   9999
 -823  77132 406191   1.15  12.85  10.60   8.83   8.20   0.84   9999   0.56    231   9999   9999
  824  77167 406192   1.82  12.89  14.80   8.76   8.21   0.84   9999   0.56    232   9999   9999
  824  77175 406190   2.86  11.65  14.70   8.76   8.21   0.84   9999   0.56    232   9999   9999
  824  77177 406189   3.90  10.57  14.70   8.74   8.22   0.84   9999   0.56    232   9999   9999
  824  77178 406189   4.84   9.51  14.70   8.75   8.21   0.84   9999   0.56    232   9999   9999
  824  77179 406189   5.89   8.43  14.60   8.75   8.22   0.84   9999   0.56    232   9999   9999
  824  77180 406189   6.82   7.38  14.70   8.75   8.20   0.84   9999   0.56    233   9999   9999
  824  77181 406189   7.88   6.42  14.60   8.75   8.21   0.84   9999   0.57    233   9999   9999
  824  77182 406189   8.82   5.31  14.60   8.75   8.21   0.84   9999   0.56    233   9999   9999
  824  77183 406190   9.87   4.28  14.60   8.75   8.22   0.84   9999   0.56    232   9999   9999
  825  77183 406190  10.86   3.21  14.60   8.75   8.22   0.84   9999   0.56    233   9999   9999
  825  77184 406191  11.82   2.14  14.60   8.75   8.22   0.84   9999   0.56    232   9999   9999
  825  77184 406192  12.80   1.16  14.60   8.74   8.23   0.84   9999   0.56    232   9999   9999
 -841  80196 408091   0.86  16.39  17.60   8.92   8.18   0.79   9999   0.52    212   9999   9999
  841  80185 408094   1.80  15.51  17.70   8.92   8.17   0.79   9999   0.53    213   9999   9999
  842  80179 408095   2.87  14.43  17.80   8.92   8.17   0.79   9999   0.53    213   9999   9999
  842  80174 408096   3.83  13.38  17.80   8.92   7.75   0.79   9999   0.52    211   9999   9999
  842  80169 408097   4.88  12.46  17.80   8.92   8.17   0.80   9999   0.53    214   9999   9999
  842  80166 408099   5.83  11.34  17.70   8.91   8.17   0.79   9999   0.53    214   9999   9999
  842  80163 408100   6.86  10.34  17.80   8.91   8.18   0.80   9999   0.53    214   9999   9999
  842  80159 408101   7.85   9.29  17.80   8.91   8.18   0.80   9999   0.53    214   9999   9999
  842  80157 408102   8.89   8.28  17.80   8.91   8.19   0.79   9999   0.53    213   9999   9999
  842  80155 408105   9.82   7.25  17.80   8.91   8.19   0.79   9999   0.53    214   9999   9999
  842  80153 408106  10.91   6.19  17.80   8.91   8.20   0.80   9999   0.53    214   9999   9999
  842  80151 408109  11.84   5.24   0.00   8.91   8.20   0.80   9999   0.53    214   9999   9999
  842  80150 408111  12.86   4.25  17.90   8.91   8.20   0.80   9999   0.53    215   9999   9999
  842  80149 408112  13.88   3.10  17.90   8.91   8.21   0.80   9999   0.53    215   9999   9999
  843  80149 408114  14.81   2.09   2.70   8.91   8.21   0.79   9999   0.53    214   9999   9999
  843  80147 408116  15.81   1.05   0.00   8.91   8.21   0.80   9999   0.53    214   9999   9999
  843  80145 408120  16.81   1.05   2.80   8.91   8.21   0.80   9999   0.53    214   9999   9999
 -859  83743 408517   1.15   7.44  11.60   8.86   8.14   0.74   9999   0.48    192  11.03     96
  859  83761 408511   1.96   7.79  11.40   8.87   8.14   0.74   9999   0.48    192  11.12     96
  900  83760 408496   2.88   7.78  11.40   8.87   8.14   0.74   9999   0.48    191  11.21     97
  900  83731 408499   4.12   6.86  11.80   8.85   8.14   0.74   9999   0.49    194  11.34     98
  901  83714 408506   5.21   5.10  12.30   8.84   8.14   0.74   9999   0.49    194  11.45     99
  901  83703 408513   6.01   5.84  12.30   8.84   8.14   0.74   9999   0.49    193  11.51    100
  902  83687 408526   7.28   5.75  13.50   8.83   8.14   0.74   9999   0.49    193  11.68    101
  903  83676 408539   8.11   3.63  11.90   8.84   8.15   0.74   9999   0.49    192  11.76    102
  903  83675 408544   9.14   2.59  11.70   8.84   8.15   0.74   9999   0.49    193  11.82    102
  904  83670 408552   9.94   5.32  11.70   8.85   8.16   0.74   9999   0.49    193  11.90    103
  904  83667 408544  10.21   5.32  11.60   8.84   8.16   0.74   9999   0.48    192  11.99    104
 -924  86031 411512   1.01  12.26  13.50   8.84   8.17   0.72   9999   0.47    186  11.10     96
  924  86040 411506   2.04  10.76  13.40   8.84   8.17   0.72   9999   0.47    185  11.16     97
  925  86036 411507   3.14   9.70  13.50   8.83   8.17   0.72   9999   0.47    186  11.29     98
  925  86031 411509   4.09   8.96  13.60   8.81   8.17   0.73   9999   0.47    187  11.40     99
  926  86026 411513   4.98   8.12  13.70   8.83   8.17   0.72   9999   0.47    186  11.46     99
  926  86022 411518   6.17   6.95  13.70   8.84   8.16   0.73   9999   0.47    187  11.61    101
  926  86015 411524   7.05   6.07   0.00   8.81   8.18   0.72   9999   0.47    186  11.72    102
  927  86005 411532   8.26   5.28   0.00   8.79   8.18   0.72   9999   0.47    187  11.86    103
  927  86007 411534   8.97   4.61  14.10   8.78   8.18   0.73   9999   0.47    187  11.92    103
  928  86007 411539  10.17   3.39  14.20   8.77   8.19   0.73   9999   0.48    187  11.99    104
  928  86009 411537  11.07   2.35   0.00   8.70   8.19   0.73   9999   0.48    188  12.09    104
  929  86017 411532  12.11   0.83   0.00   8.68   8.19   0.73   9999   0.48    189  12.10    105
