# MEETVAARTUIG : M.C.ECOS 8 VERTIKAAL
# MEETDATUM    : 05-12-2019 12:47:41
# MEETGEBIED   :
# STARTPUNT    :
# EINDPUNT     :
# PROJECTCODE  :
# OPDRACHTGEVER:
# BEHEERDER    :
# BEMONST. INST:
# WAARNEMER(S) : Michel
#
* 20191205
$ 9999 [000000000000000]
>TIJD      uumm                    
>X         coordinaat              
>Y         coordinaat              
>SENSHTE   Diepte set        m     
>Echms     Echoset           mtrs  
>Temp      Temperatuur       oC    
>pH        Zuurgraad         dimsls
>GELBH     Geleidendheid     mS/cm 
>GEL20     Gel20             ???   
>SALNTT    Saliniteit        dimsl 
>CL-       Chloride          mg/l  
>CHFLYSI   Chlorofyl         ugr/l 
>TURBID    Troebelheid       NTU   
>O2        Zuurstof          mg/l  
>%O2       Zuurstof%         %     
 -1247  70376 410185   0.92   7.01   5.43   8.42   1.27   179   1.03    471   1.50  -0.20   9999  9999
  1247  70365 410199   1.94   5.98   5.72   8.40   1.26   178   1.02    465   2.70  -0.10   9999  9999
  1248  70363 410201   2.92   5.03   5.72   8.39   1.27   178   1.02    466   1.80  -0.30   9999  9999
  1248  70359 410206   3.88   4.03   5.73   8.39   1.27   178   1.02    465   1.60   0.10   9999  9999
  1248  70356 410212   4.91   3.14   5.73   8.38   1.27   178   1.02    466   1.70  -0.10   9999  9999
  1248  70354 410215   5.94   2.26   5.73   8.37   1.26   178   1.02    465   1.90   0.40   9999  9999
  1248  70351 410218   6.91   1.33   5.75   8.36   1.28   179   1.03    470   1.20   0.10   9999  9999
 -1223  71777 409417   1.10  20.79   6.01   8.37   1.30   182   1.04    480   2.00  -0.10  12.40   100
  1223  71741 409439   2.09  20.15   6.02   8.37   1.30   182   1.04    479   1.80   0.10  12.30    99
  1223  71738 409440   3.04  19.33   6.02   8.36   1.31   182   1.05    480   2.00  -0.10  12.30    99
  1224  71739 409441   4.05  18.15   6.01   8.37   1.31   182   1.05    481   2.50  -0.10  12.20    99
  1224  71748 409450   5.04  16.95   6.01   8.36   1.30   182   1.04    480   2.10   0.30  12.20    98
  1224  71746 409449   6.01  16.00   6.01   8.36   1.30   182   1.04    480   1.90   0.40  12.20    98
  1224  71746 409448   6.99  15.10   6.01   8.36   1.30   182   1.04    480   2.30   0.00  12.10    98
  1225  71747 409449   7.96  14.00   6.02   8.35   1.31   182   1.05    481   1.90  -0.10  12.10    98
  1225  71749 409452   9.10  13.01   6.97   8.21   1.80   245   1.43    701   0.70   0.00  11.90    99
  1227  71779 409465   9.99  10.46   6.77   8.21   1.80   246   1.43    704   1.10  -0.30  11.30    93
  1227  71793 409473  11.04   9.60   6.58   8.22   1.83   251   1.46    721   0.20   0.20  11.20    92
  1227  71801 409474  12.03   8.73   6.68   8.20   1.86   255   1.49    737  -0.10   0.10  11.20    92
  1229  71802 409474  13.03   8.34   7.00   8.10   1.93   262   1.53    744   1.70   0.00  10.40    86
  1230  71798 409467  14.01   7.54   7.01   8.10   1.98   269   1.57    767   1.00   0.10  10.30    86
  1230  71796 409463  15.02   6.61   7.03   8.08   2.00   271   1.58    775   0.70   0.20  10.20    84
  1231  71795 409464  16.00   5.48   6.87   8.10   1.99   270   1.58    774   0.90   0.20  10.10    84
  1231  71795 409465  16.98   4.33   6.73   8.12   1.99   271   1.59    777   0.30   0.40  10.20    84
  1232  71797 409477  18.03   2.70   6.62   8.15   1.98   271   1.59    777   0.40   0.30  10.40    86
  1232  71802 409481  19.01   1.59   6.64   8.15   1.98   271   1.59    777  -0.10   0.00  10.40    86
 -1237  71547 408792   1.09   5.70   5.92   8.33   1.60   223   1.29    623   2.10   0.20   9999  9999
  1237  71543 408793   1.90   4.86   5.93   8.33   1.61   224   1.30    627   2.60   0.20   9999  9999
  1237  71543 408794   2.91   3.84   5.94   8.33   1.63   228   1.33    642   1.70   0.50   9999  9999
  1237  71542 408793   3.91   2.84   5.96   8.32   1.71   238   1.39    676   1.70   0.40   9999  9999
  1237  71542 408793   4.90   1.85   5.98   8.30   1.88   262   1.53    744   1.80   0.30   9999  9999
  1238  71542 408795   5.95   0.76   6.01   8.29   2.08   290   1.71    841   1.30   0.50   9999  9999
 -1216  72621 408677   0.92  10.61   5.86   8.36   1.25   174   1.00    453   1.30   0.00   9999  9999
  1216  72618 408682   1.90   9.61   5.89   8.35   1.24   174   1.00    451   0.70   0.20   9999  9999
  1216  72616 408685   2.89   8.60   5.89   8.35   1.25   174   1.00    452   2.10  -0.10   9999  9999
  1216  72615 408688   3.91   7.15   5.89   8.34   1.25   175   1.01    457   1.20  -0.10   9999  9999
  1216  72615 408692   4.92   6.16   5.89   8.34   1.25   174   1.00    452   2.30   0.20   9999  9999
  1216  72612 408696   5.88   5.49   5.92   8.34   1.28   178   1.02    467   1.40  -0.10   9999  9999
  1216  72610 408701   6.91   4.71   5.95   8.34   1.29   180   1.03    473   1.70  -0.10   9999  9999
  1216  72610 408703   7.90   3.51   6.01   8.34   1.32   184   1.06    488   0.30  -0.30   9999  9999
  1216  72606 408707   8.91   2.49   6.20   8.29   1.62   225   1.31    630   0.40  -0.30   9999  9999
  1217  72603 408715   9.89   1.51   6.38   8.26   1.78   245   1.43    702   0.10   0.20   9999  9999
 -1209  73292 407725   1.04   9.05   6.01   8.36   1.27   178   1.02    465   2.20  -0.10   9999  9999
  1209  73286 407729   1.95   8.13   6.01   8.36   1.27   178   1.02    465   1.50  -0.10   9999  9999
  1210  73284 407731   2.90   7.18   6.01   8.35   1.27   177   1.02    464   1.90   0.10   9999  9999
  1210  73281 407733   3.92   6.14   6.01   8.35   1.27   177   1.02    464   1.60   0.10   9999  9999
  1210  73276 407735   4.92   5.23   6.01   8.35   1.27   178   1.02    465   1.50   0.10   9999  9999
  1210  73274 407738   5.90   4.19   6.00   8.35   1.28   178   1.02    466   1.40   0.00   9999  9999
  1210  73273 407745   6.89   3.25   5.99   8.34   1.28   178   1.02    466   1.10   0.10   9999  9999
  1210  73268 407747   7.91   2.21   6.00   8.34   1.28   179   1.03    469   0.20  -0.10   9999  9999
  1210  73267 407751   8.90   1.13   6.63   8.23   1.73   237   1.38    671   1.50   0.40   9999  9999
 -0825  75777 406457   0.99   9.89   6.41   8.23   1.08   148   0.84    364   1.10   0.50  11.60    94
  0825  75781 406456   2.00   8.86   6.41   8.22   1.07   148   0.84    363   1.80   0.30  11.60    94
  0825  75782 406458   3.00   7.75   6.41   8.22   1.07   148   0.84    363   0.30   0.20  11.60    94
  0826  75781 406459   4.03   6.61   6.42   8.22   1.08   148   0.84    363   1.80   0.00  11.60    94
  0826  75780 406460   4.99   5.51   6.43   8.22   1.08   148   0.84    363   1.30   0.00  11.50    94
  0826  75782 406465   5.99   4.39   6.43   8.22   1.08   149   0.84    364   1.20   1.10  11.50    94
  0827  75780 406469   7.00   3.29   6.44   8.22   1.08   148   0.84    363   1.00   0.30  11.50    94
  0827  75779 406471   8.00   2.24   6.44   8.22   1.08   149   0.84    364   0.00   0.30  11.50    93
  0827  75781 406475   8.96   1.21   6.45   8.22   1.08   149   0.85    366   1.00   0.50  11.50    94
 -1011  77176 406214   1.06  13.48   5.99   8.26   1.05   147   0.84    359   1.10   0.30   9999  9999
  1011  77181 406209   2.11  12.54   6.04   8.24   1.06   148   0.84    362   0.00   0.30   9999  9999
  1011  77182 406209   2.96  11.61   6.09   8.26   1.07   148   0.84    363   2.30   0.20   9999  9999
  1012  77181 406207   3.98  10.58   6.17   8.25   1.09   151   0.86    372   1.00   0.30   9999  9999
  1012  77181 406206   4.91   9.63   6.21   8.25   1.09   151   0.86    374   1.00   0.30   9999  9999
  1012  77180 406204   5.94   8.65   6.28   8.24   1.13   156   0.89    389   2.10   0.10   9999  9999
  1012  77181 406204   6.89   7.58   6.35   8.24   1.14   158   0.90    396   0.90   0.40   9999  9999
  1012  77184 406207   7.98   6.55   6.37   8.23   1.18   163   0.93    416   1.00   0.20   9999  9999
  1012  77184 406207   8.88   5.55   6.39   8.23   1.21   167   0.95    427   0.50   0.00   9999  9999
  1013  77184 406208   9.89   4.51   6.47   8.23   1.31   181   1.04    475  -0.10   0.20   9999  9999
  1013  77185 406207  10.97   3.34   6.61   8.22   1.46   201   1.16    545   0.70   0.20   9999  9999
  1013  77183 406209  11.91   2.41   6.68   8.21   1.51   207   1.19    565   0.70   0.50   9999  9999
  1013  77181 406213  12.91   1.46   6.74   8.20   1.54   211   1.22    581  -0.10   0.00   9999  9999
 -1134  80149 408119   1.03  16.09   6.16   8.25   0.97   134   0.76    316   1.20   0.30  11.90    96
  1134  80149 408138   1.96  15.15   6.16   8.25   0.97   134   0.76    316   0.20   0.80  11.80    95
  1135  80148 408143   3.01  13.99   6.16   8.23   0.97   134   0.76    316   1.10  -0.10  11.80    95
  1135  80144 408155   3.92  12.90   6.17   8.24   0.97   134   0.76    315   1.30   0.00  11.70    95
  1135  80136 408156   5.03  11.53   6.15   8.24   0.97   134   0.76    316   0.50   0.50  11.70    95
  1136  80133 408148   5.92  10.73   6.17   8.24   0.97   134   0.76    315   0.50   0.60  11.70    94
  1136  80128 408137   6.89  10.53   6.15   8.23   0.97   135   0.76    316   0.90   0.20  11.70    94
  1137  80122 408131   7.93   9.21   6.16   8.23   0.97   135   0.76    316   0.50   0.30  11.60    94
  1138  80128 408141   8.89   7.98   6.14   8.23   0.97   135   0.76    316   0.50   0.30  11.60    94
  1138  80136 408138   9.92   7.04   6.15   8.23   0.97   134   0.76    316   1.80   0.10  11.60    94
  1139  80144 408144  10.92   6.06   6.14   8.23   0.97   135   0.76    317   1.30   0.40  11.60    93
  1140  80150 408144  11.99   5.24   6.14   8.23   0.97   135   0.76    316   1.80   0.40  11.60    93
  1140  80155 408145  12.96   4.35   6.15   8.23   0.97   135   0.76    316   0.80   0.00  11.60    93
  1140  80159 408138  14.06   2.66   6.15   8.23   0.97   135   0.76    316   0.30   0.20  11.50    93
  1141  80160 408138  15.03   2.11   6.15   8.23   0.97   135   0.76    316   0.80   0.10  11.50    93
  1141  80160 408139  15.89   0.75   6.15   8.23   0.97   135   0.76    316   1.40   0.40  11.50    93
 -1038  83480 408488   0.88   8.11   6.18   8.20   0.86   120   0.67    269   1.00   0.40   9999  9999
  1039  83499 408495   1.92   7.68   6.18   8.19   0.86   120   0.67    269   1.00   0.70   9999  9999
  1039  83506 408497   2.93   6.78   6.17   8.18   0.86   120   0.67    270   1.80   0.40   9999  9999
  1039  83513 408500   3.89   5.55   6.18   8.18   0.86   120   0.67    270   0.90   1.10   9999  9999
  1039  83518 408502   4.91   4.19   6.18   8.17   0.86   120   0.67    269   0.90   0.70   9999  9999
  1039  83525 408505   5.95   2.83   6.18   8.18   0.86   120   0.67    269   0.80   0.00   9999  9999
  1039  83527 408508   6.89   1.78   6.18   8.17   0.86   120   0.67    269   2.10   0.60   9999  9999
 -1054  86015 411548   1.00  11.53   6.35   8.22   0.75   104   0.58    217   0.00   0.50  11.60    94
  1055  86042 411556   1.98  10.89   6.34   8.22   0.75   104   0.58    217   0.90   0.30  11.60    94
  1056  86056 411557   3.05   9.51   6.36   8.21   0.75   104   0.58    217   1.30   0.60  11.40    93
  1056  86059 411551   4.02   8.95   6.36   8.21   0.75   104   0.58    217   0.60   0.10  11.40    93
  1056  86057 411545   5.02   8.09   6.37   8.21   0.75   104   0.58    217   1.70   0.40  11.40    92
  1057  86060 411541   6.03   6.91   6.35   8.21   0.75   104   0.58    217   0.90   1.80  11.40    92
  1057  86066 411543   7.08   6.34   6.34   8.21   0.75   104   0.58    217   1.40   0.90  11.40    92
  1057  86069 411551   8.00   5.53   6.34   8.21   0.75   104   0.58    217   0.70   0.60  11.30    92
  1058  86067 411549   8.99   4.11   6.35   8.21   0.75   104   0.58    217   0.80   0.30  11.30    92
  1058  86066 411541  10.07   2.75   6.33   8.21   0.75   104   0.58    217   0.50   0.50  11.30    92
  1058  86064 411543  10.98   1.41   6.33   8.21   0.75   104   0.58    217   1.20   1.00  11.30    92
  1059  86062 411547  12.03   1.18   6.30   8.21   0.75   104   0.58    217   0.70   0.30  11.30    91
