# MEETVAARTUIG : M.S. ARGUS
# MEETDATUM    : 12-05-2005 06:51:25
# MEETGEBIED   : VOLKERAK/ZOOMMEER
# STARTPUNT    : KRAMMERSLUIZEN
# EINDPUNT     : SPUIKANAAL BATH
# PROJECTCODE  : E7608X
# OPDRACHTGEVER: ZLXXAXAMDBG
# BEHEERDER    : ZLXXAXAMDBG
# BEMONST. INST:
# WAARNEMER(S) : H.KORSTANJE.
#
* 20050512
$ 9999 [00000000000000]
>TIJD      uumm                    
>X         coordinaat              
>Y         coordinaat              
>SENSHTE   Diepte set        m     
>ECHOS     Echoset           mtrs  
>Echo      Echoschip         M     
>Temp      Temperatuur       oC            : 9.0  0.5  15  0.5
>pH        Zuurgraad         dimsls
>GELBH     Geleidendheid     mS/cm 
>SALNTT    Saliniteit        dimsl 
>CL-       Chloride          mg/l  
>CHFLYSI   Chlorofyl         ugr/l 
>O2        Zuurstof          mg/l  
>%O2       Zuurstof%         %     
 -0733  70354 410226   0.98   7.65   8.30  12.64   8.28   1.30   0.86    379   2.80   9999  9999
  0733  70346 410230   1.83   6.80   8.40  12.64   8.28   1.30   0.86    379   3.60   9999  9999
  0733  70344 410232   2.83   5.55   8.60  12.63   8.28   1.30   0.86    379   3.20   9999  9999
  0733  70342 410234   3.85   4.40   8.60  12.62   8.27   1.30   0.86    379   3.20   9999  9999
  0733  70340 410236   4.90   3.50   8.70  12.58   8.27   1.30   0.86    380   3.10   9999  9999
  0734  70338 410236   5.82   2.65   8.80  12.57   8.27   1.30   0.87    383   2.90   9999  9999
  0734  70337 410236   6.82   1.80   8.90  12.57   8.26   1.31   0.87    384   2.90   9999  9999
  0734  70334 410236   7.80   0.95   9.00  12.55   8.26   1.31   0.88    386   2.80   9999  9999
 -0724  71499 409871   0.93  17.35  20.00  12.77   8.28   1.25   0.83    361   4.20   9999  9999
  0724  71503 409869   1.82  16.65  20.20  12.77   8.28   1.25   0.83    361   4.70   9999  9999
  0725  71503 409869   2.83  16.05  20.20  12.78   8.28   1.26   0.83    361   4.40   9999  9999
  0725  71503 409869   3.83  14.90  20.20  12.78   8.28   1.25   0.83    361   3.80   9999  9999
  0725  71501 409868   4.87  13.70  20.20  12.77   8.28   1.26   0.83    361   3.40   9999  9999
  0725  71500 409868   5.82  12.85  20.20  12.77   8.28   1.26   0.83    361   3.30   9999  9999
  0725  71500 409868   6.90  11.80  20.20  12.77   8.27   1.26   0.83    361   3.20   9999  9999
  0725  71499 409866   7.82  10.85  20.20  12.77   8.27   1.26   0.84    364   3.30   9999  9999
  0725  71499 409866   8.85   9.95  20.20  12.78   8.26   1.27   0.84    367   3.50   9999  9999
  0725  71499 409864   9.83   8.85  20.20  12.77   8.25   1.29   0.86    376   2.90   9999  9999
  0725  71500 409864  10.84   7.85  20.20  12.78   8.25   1.32   0.87    385   2.90   9999  9999
  0725  71500 409864  11.83   7.05  20.30  12.75   8.20   1.40   0.93    418   3.30   9999  9999
  0725  71501 409864  12.86   6.10  20.40  12.73   8.19   1.44   0.96    437   3.70   9999  9999
  0725  71504 409862  13.82   5.15  20.30  12.76   8.15   1.53   1.02    472   3.70   9999  9999
  0726  71505 409864  14.86   4.20  20.40  12.81   8.11   1.61   1.08    503   3.80   9999  9999
  0726  71505 409864  15.80   3.50  20.40  12.85   8.11   1.63   1.09    513   3.60   9999  9999
  0726  71506 409864  16.90   2.25  20.40  12.86   8.10   1.67   1.12    529   3.60   9999  9999
  0726  71507 409864  17.81   1.55  20.50  12.88   8.11   1.72   1.15    547   4.10   9999  9999
 -0659  71692 409492   0.96  20.85  23.10  12.81   8.26   1.24   0.82    352   2.60   9.22    87
  0700  71707 409491   1.97  19.90  22.90  12.82   8.28   1.24   0.82    353   3.40   9.20    87
  0701  71710 409489   3.08  18.85  22.80  12.82   8.28   1.24   0.82    353   3.70   9.10    86
  0701  71709 409488   4.00  18.05  22.80  12.83   8.27   1.25   0.83    359   3.00   9.17    86
  0702  71697 409486   5.26  16.70  23.10  12.82   8.27   1.25   0.82    356   3.30   9.11    86
  0703  71702 409491   6.12  15.75  23.00  12.83   8.27   1.26   0.83    362   2.80   9.12    86
  0704  71708 409495   6.98  14.80  22.90  12.85   8.25   1.31   0.87    382   3.30   8.97    84
  0706  71679 409492   7.98  13.50  22.80  12.85   8.24   1.32   0.88    387   3.60   8.88    84
  0706  71675 409492   9.11  12.35  22.80  12.86   8.22   1.38   0.92    411   2.90   8.87    84
  0707  71691 409499  10.13  11.55  22.80  12.61   8.18   1.39   0.93    419   3.40   8.37    78
  0709  71697 409495  10.95  10.75  22.90  12.74   8.15   1.48   0.99    454   3.40   7.87    74
  0709  71692 409492  11.87   9.85  23.00  12.79   8.14   1.54   1.03    476   4.50   7.75    73
  0710  71682 409490  13.10   8.65  22.80  12.88   8.16   1.59   1.07    497   3.50   7.86    74
  0711  71692 409492  14.11   7.85  22.90  12.93   8.16   1.65   1.10    519   4.20   7.91    75
  0712  71703 409491  15.12   6.95  22.90  12.91   8.16   1.69   1.13    537   3.60   7.94    75
  0713  71695 409492  16.10   6.00  22.90  12.91   8.18   1.69   1.14    538   3.80   8.00    76
  0713  71694 409497  16.97   5.05  22.90  12.90   8.17   1.70   1.14    540   3.70   7.97    75
  0713  71693 409499  17.95   4.00  22.80  12.85   8.13   1.77   1.19    571   3.90   8.00    76
  0715  71686 409507  18.92   2.45  22.50  12.60   7.96   1.80   1.22    584   2.90   5.77    54
  0716  71701 409491  19.98   2.00  23.10  12.28   7.83   1.77   1.21    578   3.50   4.46    42
  0719  71695 409482  20.99   1.20  23.00  11.42   7.58   1.72   1.20    574   4.50   0.25     2
 -0651  71406 408814   0.99   5.40   6.90  12.72   8.23   1.52   1.02    471   1.60   9999  9999
  0651  71410 408812   1.84   4.75   6.90  12.71   8.24   1.52   1.02    469   2.50   9999  9999
  0651  71412 408810   2.84   3.90   7.00  12.71   8.23   1.54   1.03    476   2.90   9999  9999
  0651  71414 408810   3.86   2.75   6.90  12.73   8.23   1.56   1.05    487   3.10   9999  9999
  0651  71416 408810   4.82   1.80   6.90  12.74   8.24   1.58   1.06    493   3.00   9999  9999
  0652  71417 408808   5.84   0.85   6.90  12.77   8.19   1.85   1.25    605   3.30   9999  9999
 -0747  72576 408783   1.03   9.95  11.80  12.76   8.34   1.16   0.77    324 208.80   9999  9999
  0747  72570 408784   1.88   9.20  11.60  12.75   8.34   1.16   0.77    324 208.80   9999  9999
  0747  72568 408784   2.81   8.30   0.00  12.74   8.32   1.16   0.77    323   2.40   9999  9999
  0747  72564 408784   3.81   7.35   2.00  12.75   8.33   1.17   0.77    325   3.60   9999  9999
  0747  72561 408784   4.82   6.30   2.00  12.76   8.32   1.17   0.77    327   4.20   9999  9999
  0747  72556 408782   5.84   5.40  11.50  12.76   8.31   1.18   0.78    329   3.60   9999  9999
  0747  72554 408782   6.86   4.35  11.50  12.79   8.30   1.21   0.80    342   3.60   9999  9999
  0748  72551 408780   7.81   3.35  11.50  12.85   8.28   1.29   0.85    373   3.50   9999  9999
  0748  72550 408780   8.83   2.35  11.50  12.85   8.25   1.34   0.89    393   3.80   9999  9999
  0748  72550 408778   9.88   2.70   2.00  12.90   8.23   1.51   1.01    464   3.70   9999  9999
 -0754  73125 407832   0.95   7.95   9.00  12.80   8.32   1.19   0.79    335   3.80   9999  9999
  0756  73122 407821   1.87   7.50   9.20  12.81   8.36   1.12   0.74    304   3.50   9999  9999
  0756  73122 407825   2.80   6.15   9.00  12.81   8.35   1.12   0.74    307   3.10   9999  9999
  0756  73122 407825   3.84   5.10   8.90  12.80   8.34   1.15   0.76    318   3.00   9999  9999
  0756  73121 407825   4.84   4.10   9.00  12.80   8.33   1.16   0.77    323   3.00   9999  9999
  0756  73118 407825   5.85   2.90   9.00  12.79   8.34   1.16   0.76    321   2.80   9999  9999
  0756  73117 407825   6.81   2.00   9.10  12.78   8.34   1.14   0.75    313   2.90   9999  9999
  0756  73116 407825   7.89   1.05   9.10  12.80   8.32   1.17   0.77    327   3.10   9999  9999
 -0817  77163 406199   1.19  13.10  15.00  12.93   8.35   1.01   0.66    265   3.90   9999  9999
  0817  77160 406200   1.80  12.65   2.00  12.93   8.35   1.01   0.66    265   3.00   9999  9999
  0817  77156 406200   2.87  11.50   1.90  12.93   8.35   1.01   0.66    265   3.50   9999  9999
  0818  77155 406200   3.85  10.65   2.60  12.93   8.34   1.01   0.66    265   3.70   9999  9999
  0818  77154 406200   4.87   9.65   2.60  12.93   8.35   1.01   0.66    265   4.00   9999  9999
  0818  77154 406200   5.86   8.70   2.00  12.92   8.34   1.01   0.66    265   3.60   9999  9999
  0818  77154 406200   6.82   7.65  15.00  12.92   8.34   1.02   0.67    268   3.20   9999  9999
  0818  77154 406200   7.91   6.70  15.00  12.92   8.34   1.02   0.67    269   3.30   9999  9999
  0818  77154 406200   8.88  51.25  15.00  12.92   8.34   1.02   0.67    271   2.60   9999  9999
  0818  77154 406200   9.89  51.25  15.10  12.92   8.33   1.03   0.67    272   2.30   9999  9999
  0818  77154 406200  10.87   3.80  15.00  12.92   8.34   1.03   0.67    272   3.00   9999  9999
  0818  77153 406200  11.88   2.85  15.00  12.91   8.34   1.04   0.68    275   3.50   9999  9999
  0819  77152 406200  12.83   1.75  15.00  12.92   8.34   1.04   0.68    278   3.00   9999  9999
  0819  77150 406200  13.96   0.70  15.00  12.92   8.33   1.05   0.69    279   3.00   9999  9999
 -0835  80162 408124   1.09  15.70   1.90  13.03   8.29   0.97   0.63    249   2.70   9.17    87
  0836  80143 408122   1.95  14.70   2.20  13.04   8.30   0.97   0.63    248   2.90   9.20    87
  0836  80141 408120   2.99  13.70  17.60  13.03   8.30   0.97   0.63    249   3.30   9.18    87
  0837  80143 408115   4.03  12.80  17.50  13.02   8.29   0.97   0.63    250   3.40   9.19    87
  0837  80142 408111   4.90  11.85  17.50  13.05   8.29   0.97   0.63    247   3.40   9.19    87
  0838  80148 408101   6.05  10.65  17.40  13.03   8.28   0.97   0.63    246   3.90   9.24    87
  0838  80155 408101   6.96   9.65  16.50  13.04   8.28   0.97   0.63    247   3.10   9.18    87
  0839  80168 408101   8.18   8.45  17.40  13.01   8.30   0.98   0.64    252   3.50   9.19    87
  0839  80171 408101   9.10   7.60  17.30  13.02   8.29   0.98   0.64    250   3.60   9.16    86
  0840  80169 408099  10.17   6.45  17.40  13.02   8.29   0.98   0.64    250   3.20   9.20    87
  0840  80165 408099  11.14   5.50  17.40  12.99   8.29   0.98   0.64    253   3.80   9.20    87
  0840  80164 408099  12.04   4.75  17.40  12.98   8.29   0.99   0.64    255   3.50   9.20    87
  0841  80164 408099  13.13   3.60  17.30  12.99   8.29   0.99   0.64    254   3.20   9.19    87
  0842  80160 408105  13.96   2.85  17.50  12.98   8.29   0.99   0.64    255   3.60   9.20    87
  0842  80153 408105  14.88   1.95  17.40  12.98   8.30   0.99   0.65    257   3.20   9.26    87
  0843  80149 408105  15.90   1.25  17.40  12.96   8.29   1.00   0.65    259   3.80   9.22    87
 -0859  83694 408532   1.18  11.85  12.70  13.10   8.25   0.87   0.56    209   4.20   9999  9999
  0900  83696 408532   1.87  11.30  12.50  13.10   8.24   0.87   0.56    209   4.50   9999  9999
  0900  83697 408532   2.84  10.20  12.40  13.10   8.24   0.87   0.56    210   4.10   9999  9999
  0900  83698 408532   3.92   9.05  12.50  13.10   8.25   0.87   0.56    210   3.80   9999  9999
  0900  83699 408530   4.85   8.30  12.50  13.10   8.24   0.87   0.56    211   3.60   9999  9999
  0900  83699 408532   5.87   7.20  12.50  13.09   8.24   0.88   0.57    212   3.50   9999  9999
  0900  83701 408530   6.82   6.30  12.50  13.09   8.24   0.88   0.57    213   3.50   9999  9999
  0900  83701 408530   7.82   5.20  12.50  13.09   8.24   0.88   0.57    213   3.60   9999  9999
  0900  83699 408528   8.88   4.10  12.60  13.10   8.23   0.88   0.57    213   3.50   9999  9999
  0900  83698 408527   9.85   3.25   2.20  13.09   8.24   0.88   0.57    214   3.40   9999  9999
  0900  83696 408525  10.85   2.25   3.80  13.09   8.25   0.89   0.57    216   3.10   9999  9999
  0900  83692 408523  11.84   1.30  13.20  13.10   8.23   0.90   0.58    220   3.70   9999  9999
 -0919  86149 411547   1.18  11.15  11.50  13.13   8.26   0.79   0.51    182   3.60   9.16    87
  0920  86164 411587   2.18  10.45  10.50  13.11   8.27   0.79   0.51    181   4.40   9.15    86
  0920  86149 411586   3.07  10.05   0.00  13.11   8.26   0.79   0.51    181   4.10   9.15    86
  0921  86141 411578   4.14   8.95  13.40  13.10   8.26   0.79   0.51    181   4.40   9.12    86
  0921  86136 411577   4.86   8.35  13.60  13.10   8.27   0.79   0.51    181   4.00   9.11    86
  0923  86134 411569   6.03   7.20  13.90  13.11   8.27   0.79   0.51    182   5.00   9.11    86
  0923  86136 411562   7.07   6.25  13.90  13.08   8.26   0.79   0.51    181   4.30   9.16    86
  0924  86149 411549   8.11   5.55  12.20  13.07   8.25   0.79   0.51    181   3.60   9.12    86
  0925  86152 411550   9.03   4.55  11.70  13.03   8.26   0.78   0.51    180   4.30   9.15    86
  0926  86155 411558  10.21  51.25  11.50  12.95   8.25   0.78   0.50    179   4.30   9.02    85
  0926  86154 411563  11.03  51.25  11.80  12.91   8.24   0.78   0.50    179   3.90   9.00    85
  0926  86148 411567  11.98   1.60  12.70  12.93   8.22   0.79   0.51    182   4.60   8.94    84
  0927  86142 411571  13.04   0.50  13.30  12.93   8.21   0.79   0.51    183   4.80   8.78    83
