# MEETVAARTUIG : M.S. ARGUS
# MEETDATUM    : 16-03-2010 07:54:44
# MEETGEBIED   :
# STARTPUNT    :
# EINDPUNT     :
# PROJECTCODE  :
# OPDRACHTGEVER:
# BEHEERDER    :
# BEMONST. INST:
# WAARNEMER(S) : G.J.Bakker.
#
* 20100316
$ 9999 [000000000000]
>TIJD      uumm                    
>X         coordinaat              
>Y         coordinaat              
>SENSHTE   Diepte set        m     
>ECHOS     Echoset           mtrs  
>Temp      Temperatuur       oC        : 0.0   0.5   15   0.5
>GELBH     Geleidendheid     mS/cm 
>SALNTT    Saliniteit        dimsl 
>CL-       Chloride          mg/l  
>O2        Zuurstof          mg/l  
>%O2       Zuurstof%         %     
>pH        Zuurgraad         dimsls
 -0754  70342 410244   0.83   8.00   3.81   1.38   1.18    557   9999  9999   9999
  0754  70337 410246   1.80   6.95   3.81   1.38   1.18    557   9999  9999   9999
  0754  70336 410246   2.86   6.05   3.81   1.38   1.18    557   9999  9999   9999
  0755  70337 410246   3.87   5.05   3.81   1.38   1.18    558   9999  9999   9999
  0755  70339 410245   4.86   3.85   3.78   1.41   1.21    574   9999  9999   9999
  0755  70342 410243   5.83   2.85   3.74   1.43   1.23    585   9999  9999   9999
  0755  70346 410241   6.82   1.50   3.64   1.52   1.32    634   9999  9999   9999
  0755  70356 410236   7.80   0.65   3.48   1.68   1.47    721   9999  9999   9999
 -0747  71484 409877   0.88   0.40   3.76   1.28   1.09    505   9999  9999   9999
  0747  71478 409884   1.83  16.80   3.76   1.26   1.08    498   9999  9999   9999
  0747  71478 409885   2.83  16.10   3.76   1.28   1.09    505   9999  9999   9999
  0747  71477 409886   3.87  14.75   3.76   1.29   1.10    511   9999  9999   9999
  0747  71477 409886   4.82  13.95   3.76   1.30   1.11    517   9999  9999   9999
  0747  71476 409887   5.83  12.95   3.76   1.35   1.16    542   9999  9999   9999
  0747  71476 409886   6.82  12.10   3.75   1.39   1.20    566   9999  9999   9999
  0747  71477 409885   7.83  11.00   3.74   1.41   1.21    575   9999  9999   9999
  0748  71477 409885   8.86   9.85   3.73   1.48   1.27    608   9999  9999   9999
  0748  71477 409883   9.93   8.70   3.63   1.80   1.57    763   9999  9999   9999
  0748  71478 409882  10.82   7.65   3.43   2.06   1.83    904   9999  9999   9999
  0748  71478 409881  11.82   7.05   3.31   2.20   1.96    981   9999  9999   9999
  0748  71479 409879  12.86   5.80   3.21   2.62   2.37   1208   9999  9999   9999
  0748  71480 409878  13.86   4.75   3.20   2.89   2.63   1349   9999  9999   9999
  0748  71480 409877  14.84   3.95   3.22   3.10   2.83   1462   9999  9999   9999
  0748  71481 409877  15.82   2.95   3.25   3.49   3.21   1781   9999  9999   9999
  0748  71482 409876  16.83   1.90   3.26   3.63   3.35   1859   9999  9999   9999
  0748  71483 409877  17.81  51.25   3.28   3.75   3.45   1918   9999  9999   9999
 -0733  71708 409479   0.91  20.95   3.73   1.24   1.06    486  13.53   102   9999
  0733  71707 409515   2.08  19.45   3.73   1.24   1.06    487  13.54   102   9999
  0734  71707 409522   2.97  18.45   3.73   1.24   1.06    487  13.54   102   9999
  0734  71707 409524   4.04  17.35   3.73   1.25   1.07    490  13.51   102   9999
  0734  71706 409522   5.07  16.35   3.74   1.31   1.13    524  13.49   102   9999
  0734  71705 409518   6.01  15.55   3.73   1.34   1.15    537  13.48   102   9999
  0735  71702 409511   7.02  14.65   3.73   1.35   1.16    543  13.49   102   9999
  0735  71697 409498   7.99  14.00   3.47   1.83   1.61    785  13.47   102   9999
  0736  71693 409489   8.99  13.05   3.37   2.35   2.10   1055  13.33   101   9999
  0737  71694 409481  10.05  12.05   3.23   2.60   2.35   1195  12.92    97   9999
  0738  71704 409508  11.01  10.50   3.15   3.05   2.79   1439  12.54    95   9999
  0738  71707 409515  12.06   9.50   3.33   3.21   2.93   1626  12.47    95   9999
  0739  71704 409511  13.07   8.45   3.27   3.44   3.15   1750  12.56    95   9999
  0740  71698 409499  14.04   7.85   3.24   3.62   3.33   1851  12.46    95   9999
  0740  71694 409492  15.01   6.95   3.24   3.62   3.33   1850  12.45    94   9999
  0740  71690 409488  16.03   6.00   3.27   3.74   3.45   1914  12.39    94   9999
  0741  71685 409479  16.99   4.95   3.29   3.92   3.63   2014  11.91    91   9999
  0742  71686 409479  18.01   3.95   3.23   4.11   3.82   2120  11.81    90   9999
  0743  71699 409504  18.98   2.55   3.23   4.34   4.04   2246  11.27    86   9999
  0743  71703 409508  20.04   1.40   3.22   4.39   4.10   2276  11.20    85   9999
  0744  71706 409509  20.89   0.65   3.23   4.43   4.13   2296  11.14    85   9999
 -0727  71398 408830   1.01   5.37   3.81   1.43   1.23    585   9999  9999   9999
  0728  71418 408825   2.00   4.71   3.81   1.45   1.25    594   9999  9999   9999
  0728  71421 408824   2.95   3.57   3.81   1.46   1.26    601   9999  9999   9999
  0728  71425 408824   3.99   2.55   3.81   1.53   1.31    632   9999  9999   9999
  0728  71425 408824   4.85   1.57   3.83   2.08   1.81    901   9999  9999   9999
  0728  71428 408822   5.92   0.50   3.83   4.64   4.26   2371   9999  9999   9999
 -0808  72559 408749   0.86  10.00   3.85   1.17   0.99    447   9999  9999   8.31
  0808  72565 408747   1.85   9.55   3.85   1.17   0.99    447   9999  9999   8.31
  0808  72568 408747   2.88   8.75   3.84   1.17   1.00    451   9999  9999   8.30
  0808  72569 408747   3.81   7.80   3.81   1.19   1.01    459   9999  9999   8.30
  0808  72570 408748   4.80   6.95   3.78   1.21   1.03    472   9999  9999   8.30
  0808  72571 408749   5.81   5.65   3.77   1.23   1.05    483   9999  9999   8.31
  0808  72571 408752   6.84   4.65   3.76   1.27   1.08    501   9999  9999   8.30
  0808  72570 408753   7.87   3.50   3.77   1.31   1.12    522   9999  9999   8.30
  0808  72571 408756   8.83   2.80   3.78   1.35   1.15    540   9999  9999   8.27
  0809  72570 408759   9.85   1.60   3.60   1.73   1.51    744   9999  9999   8.13
 -0814  73138 407826   0.95   0.40   3.91   1.13   0.96    427   9999  9999   9999
  0814  73140 407819   1.81   6.85   3.91   1.13   0.96    429   9999  9999   9999
  0814  73139 407818   2.82   5.85   3.91   1.13   0.96    428   9999  9999   9999
  0814  73136 407818   3.84   4.90   3.91   1.14   0.96    431   9999  9999   9999
  0815  73135 407818   4.86   4.10   3.90   1.15   0.97    437   9999  9999   9999
  0815  73133 407817   5.84   3.25   3.90   1.15   0.97    437   9999  9999   9999
  0815  73131 407817   6.82   2.15   3.89   1.16   0.98    442   9999  9999   9999
  0815  73127 407816   7.84   1.15   3.86   1.19   1.01    458   9999  9999   9999
 -0834  77130 406198   0.92  13.35   4.05   1.02   0.86    370   9999  9999   9999
  0834  77151 406204   1.88  12.80   4.05   1.02   0.86    371   9999  9999   9999
  0834  77156 406206   2.93  12.10   4.06   1.03   0.86    372   9999  9999   9999
  0835  77158 406206   3.84  11.10   4.06   1.02   0.86    371   9999  9999   9999
  0835  77162 406207   4.86  10.05   4.05   1.02   0.86    371   9999  9999   9999
  0835  77163 406207   5.93   8.95   4.06   1.03   0.86    372   9999  9999   9999
  0835  77165 406207   6.84   7.80   4.06   1.03   0.86    373   9999  9999   9999
  0835  77166 406207   7.86   7.00   4.08   1.03   0.87    375   9999  9999   9999
  0835  77166 406207   8.82   5.80   4.08   1.03   0.86    375   9999  9999   9999
  0835  77166 406207   9.82   5.10   4.07   1.03   0.87    375   9999  9999   9999
  0835  77166 406206  10.80   3.80   4.09   1.04   0.87    378   9999  9999   9999
  0835  77166 406206  11.81   3.05   4.11   1.04   0.87    380   9999  9999   9999
  0835  77165 406206  12.85   1.90   4.13   1.06   0.89    387   9999  9999   9999
  0835  77162 406204  13.84   9.05   4.18   1.07   0.90    392   9999  9999   9999
 -0953  80172 408114   1.07  15.65   4.08   0.91   0.76    315  13.06    99   9999
  0953  80148 408106   2.07  51.25   4.07   0.92   0.76    316  13.06    99   9999
  0954  80140 408107   3.05  13.65   4.07   0.92   0.76    316  13.05    99   9999
  0954  80142 408110   4.03  12.70   4.06   0.92   0.76    316  13.04    99   9999
  0954  80151 408116   5.05  11.65   4.05   0.92   0.76    316  13.03    99   9999
  0955  80156 408118   6.05  10.70   4.06   0.92   0.76    316  13.03    99   9999
  0955  80161 408121   7.02   9.65   4.06   0.91   0.76    315  13.01    99   9999
  0955  80164 408121   8.08   8.75   4.06   0.91   0.76    315  13.01    99   9999
  0955  80163 408121   9.06   7.60   4.07   0.92   0.76    317  13.00    99   9999
  0956  80161 408121   9.96   6.75   4.09   0.92   0.77    320  13.00    99   9999
  0956  80157 408122  11.04   5.80   4.16   0.93   0.78    324  12.98    99   9999
  0956  80153 408122  12.03   4.60   4.29   0.96   0.80    334  12.95    99   9999
  0956  80150 408121  13.00   3.65   4.35   0.97   0.80    340  12.95    99   9999
  0957  80146 408123  14.01   2.60   4.36   0.98   0.81    343  12.99   100   9999
  0957  80142 408124  15.03  45.60   4.37   0.98   0.82    346  13.10   100   9999
  0958  80141 408123  16.04   0.85   4.42   1.01   0.84    359  13.11   101   9999
 -0903  83668 408528   0.81  11.55   4.21   0.89   0.74    302   9999  9999   9999
  0903  83687 408533   1.83  51.25   4.19   0.89   0.74    302   9999  9999   9999
  0904  83692 408534   2.82   0.40   4.19   0.89   0.74    302   9999  9999   9999
  0904  83696 408535   3.88   8.10   4.19   0.89   0.74    302   9999  9999   9999
  0904  83699 408535   4.83   7.15   4.19   0.89   0.74    302   9999  9999   9999
  0904  83700 408535   5.83   6.15   4.19   0.89   0.74    302   9999  9999   9999
  0904  83701 408535   6.90   5.10   4.19   0.89   0.74    302   9999  9999   9999
  0904  83702 408535   7.88   4.25   4.19   0.89   0.74    302   9999  9999   9999
  0904  83703 408535   8.91   3.25   4.19   0.89   0.74    303   9999  9999   9999
  0904  83703 408534   9.83   2.40   4.19   0.89   0.74    302   9999  9999   9999
  0904  83703 408534  10.87   1.60   4.18   0.89   0.74    303   9999  9999   9999
 -0920  86032 411504   1.04  11.30   4.49   0.72   0.59    221  12.78    98   9999
  0921  86044 411516   2.06  10.30   4.49   0.72   0.59    221  12.78    98   9999
  0921  86051 411524   2.97   8.95   4.48   0.72   0.59    221  12.78    98   9999
  0921  86062 411534   4.03   8.15   4.47   0.73   0.59    222  12.76    98   9999
  0922  86067 411539   4.98   8.30   4.45   0.73   0.60    225  12.77    98   9999
  0922  86064 411539   6.08   6.70   4.39   0.74   0.61    231  12.79    98   9999
  0922  86059 411535   7.02   5.25   4.33   0.76   0.62    240  12.74    98   9999
  0923  86054 411533   8.04   3.85   4.32   0.76   0.63    242  12.72    97   9999
  0923  86050 411531   8.95   2.95   4.31   0.77   0.63    243  12.69    97   9999
  0923  86046 411529  10.06   2.00   4.32   0.77   0.63    244  12.69    97   9999
  0923  86042 411527  11.05  51.25   4.32   0.77   0.63    245  12.69    97   9999
