#
#
# file gegenereerd met : get_matcalc2 vo20150902 k14=k8*0.715 toel=GELBH     Geleidendheid     mS/cm k15=salaquadas[k6,k14] ndec=2 toel=SALNTT    Saliniteit        dimsl k16=zoutaquadas[k6,k14] ndec=0 toel=CL-       Chloride          mg/l
#
#-------------------------------------------------------------------
#
# MEETVAARTUIG : M.C.ECOS 8 Vertikaal
# MEETDATUM    : 02-09-2015 08:13:26
# MEETGEBIED   : VOLKERAK/ZOOMMEER
# STARTPUNT    : Krammersluis
# EINDPUNT     : kreekraksluis
# PROJECTCODE  : E7608X
# OPDRACHTGEVER: ZLXXAXAMDBG
# BEHEERDER    : ZLXXAXAMDBG
# BEMONST. INST:
# WAARNEMER(S) : joop van de wiel
#
# geleidendheid  fout (factor 0.715 opgezet)
# en GELB , SALNTT en CL- opnieuw berekend
#
#
* 20150902
$ 9999 [0000000000000000]
>TIJD      uumm
>X         coordinaat
>Y         coordinaat
>SENSHTE   Diepte set        m
>Echms     Echoset           mtrs
>Temp      Temperatuur       oC     : 14.0   0.5   15   0.5
>pH        Zuurgraad         dimsls
>FOUT  Geleidendheid     mS/cm
>FOUT  Gel20             ???
>FOUT  Saliniteit        dimsl
>FOUT  Chloride          mg/l
>O2        Zuurstof          mg/l
>%O2       Zuurstof%         %
> GELBH     Geleidendheid     mS/cm
> SALNTT    Saliniteit        dimsl
> CL-       Chloride          mg/l
-0813  70347  410182   0.97   7.49  19.57  9.03  2.60  262  1.51   745   9999  9999  1.859  1.06   499
 0813  70340  410204   2.05   6.60  19.57  9.02  2.59  262  1.51   744   9999  9999  1.852  1.06   497
 0813  70339  410207   3.06   5.53  19.57  9.02  2.60  262  1.51   744   9999  9999  1.859  1.06   499
 0813  70338  410208   4.01   4.59  19.58  9.02  2.63  265  1.53   756   9999  9999  1.880  1.08   507
 0814  70338  410209   4.91   3.80  19.58  9.00  2.68  271  1.57   775   9999  9999  1.916  1.10   519
 0814  70337  410211   5.92   2.73  19.52  8.98  2.73  276  1.60   793   9999  9999  1.952  1.12   533
 0814  70336  410213   6.93   1.54  19.46  8.93  2.82  285  1.65   825   9999  9999  2.016  1.16   556
 0814  70336  410210   7.88   0.75  19.39  8.90  2.88  292  1.69   847   9999  9999  2.059  1.19   573
-0824  71619  409516   1.00   0.00  19.47  9.03  2.63  266  1.54   759  10.00   110  1.880  1.08   508
 0824  71627  409513   2.01  16.45  19.46  9.03  2.63  266  1.54   759  10.00   110  1.880  1.08   508
 0824  71631  409512   3.05  15.80  19.47  9.04  2.63  266  1.54   759  10.00   110  1.880  1.08   508
 0825  71636  409510   4.00  15.53  19.48  9.04  2.63  266  1.54   760  10.00   110  1.880  1.08   508
 0826  71646  409504   5.11  15.88  19.49  9.04  2.65  267  1.54   764   9.99   109  1.895  1.09   513
 0826  71649  409505   6.07  15.29  19.49  9.03  2.66  269  1.56   770   9.96   109  1.902  1.09   516
 0828  71661  409505   6.98  14.61  19.65  8.78  3.43  346  2.03  1036   8.25    91  2.452  1.42   708
 0829  71662  409509   7.97  13.56  19.70  8.77  3.57  359  2.11  1083   8.16    90  2.553  1.48   743
 0829  71662  409512   9.13  12.55  19.62  8.76  3.60  363  2.13  1095   8.10    89  2.574  1.50   752
 0830  71661  409514  10.09  11.36  19.72  8.73  4.05  408  2.42  1254   7.90    87  2.896  1.69   846
 0830  71661  409514  11.05  10.50  19.65  8.68  4.38  441  2.63  1372   7.92    88  3.132  1.84   930
 0831  71662  409514  11.97   9.53  19.58  8.58  4.68  473  2.83  1483   7.92    88  3.346  1.98  1007
 0831  71662  409516  12.92   8.54  19.77  8.67  5.28  530  3.19  1769   7.09    79  3.775  2.24  1153
 0834  71654  409523  14.04   6.35  19.01  7.86  5.24  536  3.23  1789   2.72    30  3.747  2.26  1165
 0836  71656  409527  15.11   4.96  18.72  7.66  5.31  546  3.30  1826   1.52    17  3.797  2.31  1192
 0838  71656  409530  16.00   4.16  18.51  7.58  5.33  550  3.32  1841   0.89    10  3.811  2.33  1203
 0839  71658  409533  16.95   3.39  18.41  7.55  5.38  556  3.36  1865   0.51     6  3.847  2.36  1219
 0839  71659  409532  17.94   2.48  18.28  7.55  5.38  558  3.37  1870   0.47     5  3.847  2.36  1223
 0839  71662  409533  18.91   1.68  18.19  7.54  5.43  564  3.41  1892   0.43     5  3.882  2.39  1239
 0840  71663  409533  19.95   0.75  17.95  7.56  5.48  573  3.47  1925   0.40     4  3.918  2.43  1259
-0847  71486  408823   0.89   5.83  19.19  9.04  2.74  279  1.62   803   9999  9999  1.959  1.13   540
 0847  71469  408821   1.91   4.84  19.56  9.02  3.04  307  1.79   901   9999  9999  2.174  1.25   611
 0847  71467  408821   2.98   3.84  19.61  9.00  3.25  328  1.92   973   9999  9999  2.324  1.34   663
 0847  71465  408821   3.96   2.80  19.64  8.99  3.39  341  2.00  1020   9999  9999  2.424  1.40   698
 0847  71463  408821   4.98   1.79  19.71  8.99  3.68  370  2.18  1122   9999  9999  2.631  1.53   754
 0847  71460  408821   5.88   0.96  19.83  8.97  4.05  407  2.41  1250   9999  9999  2.896  1.69   844
-0853  72567  408757   1.10  10.15  19.59  8.97  2.39  242  1.39   689   9999  9999  1.709  0.97   447
 0854  72579  408761   1.93   9.94  19.60  8.96  2.40  242  1.39   691   9999  9999  1.716  0.98   449
 0854  72581  408762   2.93   8.96  19.62  8.95  2.40  242  1.39   691   9999  9999  1.716  0.98   449
 0854  72583  408762   3.93   7.90  19.62  8.96  2.40  242  1.39   690   9999  9999  1.716  0.98   449
 0854  72585  408764   4.90   7.00  19.63  8.96  2.40  242  1.39   690   9999  9999  1.716  0.98   449
 0854  72587  408765   5.96   5.86  19.63  8.96  2.43  245  1.41   699   9999  9999  1.737  0.99   456
 0854  72589  408766   6.94   4.91  19.66  8.95  2.43  245  1.41   701   9999  9999  1.737  0.99   455
 0855  72590  408766   7.99   3.76  19.71  8.96  2.56  257  1.48   745   9999  9999  1.830  1.04   487
 0855  72592  408768   8.92   2.53  19.86  8.83  4.24  425  2.52  1314   9999  9999  3.032  1.77   890
 0855  72594  408769  10.00   1.10  19.71  8.73  4.48  450  2.68  1404   9999  9999  3.203  1.88   954
-0901  73117  407903   1.05   9.13  19.46  8.87  2.26  229  1.31   643   9999  9999  1.616  0.92   416
 0901  73120  407887   2.06   7.95  19.49  8.87  2.26  228  1.31   642   9999  9999  1.616  0.92   415
 0901  73120  407885   3.04   6.96  19.48  8.87  2.26  228  1.31   642   9999  9999  1.616  0.92   415
 0901  73120  407884   4.03   5.99  19.48  8.85  2.26  228  1.31   641   9999  9999  1.616  0.92   415
 0901  73120  407883   4.98   5.01  19.48  8.87  2.26  229  1.31   643   9999  9999  1.616  0.92   415
 0901  73121  407880   5.88   4.09  19.48  8.88  2.26  228  1.31   641   9999  9999  1.616  0.92   415
 0901  73121  407878   6.93   3.01  19.47  8.87  2.33  236  1.35   668   9999  9999  1.666  0.95   433
 0902  73122  407875   8.03   1.88  19.76  8.77  4.50  453  2.70  1412   9999  9999  3.217  1.89   957
 0902  73123  407871   9.00   1.09  20.03  8.75  4.75  475  2.84  1492   9999  9999  3.396  1.99  1013
-1113  75737  406407   0.95   1.21  19.59  8.83  1.99  201  1.14   545  10.30   113  1.423  0.80   347
 1113  75733  406426   1.85   8.69  19.57  8.81  1.98  200  1.14   543  10.30   113  1.416  0.80   345
 1114  75741  406448   2.97   7.58  19.53  8.80  1.98  200  1.14   544  10.10   110  1.416  0.80   345
 1115  75740  406454   4.11   6.08  19.53  8.80  1.98  200  1.14   544  10.00   110  1.416  0.80   345
 1115  75739  406458   4.88   5.09  19.51  8.80  1.98  200  1.14   544  10.00   110  1.416  0.80   345
 1115  75737  406462   6.01   3.69  19.50  8.79  1.98  200  1.14   543   9.98   109  1.416  0.80   346
 1116  75738  406464   7.14   2.66  19.49  8.78  1.98  200  1.14   543   9.96   109  1.416  0.80   346
 1116  75743  406463   7.76   2.16  19.41  8.72  1.99  202  1.15   549   9.95   108  1.423  0.81   349
 1116  75748  406464   8.96   1.01  19.40  8.72  2.03  205  1.17   560   9.95   108  1.451  0.82   359
-1102  77222  406240   1.00  13.23  19.60  8.74  1.85  187  1.06   497   9999  9999  1.323  0.74   312
 1102  77221  406242   1.91  12.40  19.59  8.73  1.86  187  1.06   498   9999  9999  1.330  0.75   315
 1102  77219  406243   2.88  11.44  19.59  8.73  1.86  187  1.06   499   9999  9999  1.330  0.75   315
 1102  77218  406243   3.92  10.43  19.59  8.74  1.86  187  1.06   498   9999  9999  1.330  0.75   315
 1102  77216  406244   4.99   9.41  19.58  8.73  1.86  188  1.07   501   9999  9999  1.330  0.75   315
 1102  77214  406244   5.96   8.49  19.58  8.73  1.87  188  1.07   502   9999  9999  1.337  0.75   317
 1102  77212  406244   6.88   7.65  19.58  8.73  1.87  189  1.07   505   9999  9999  1.337  0.75   317
 1102  77212  406244   7.95   6.56  19.56  8.74  1.88  190  1.08   508   9999  9999  1.344  0.76   320
 1102  77209  406244   8.97   5.56  19.55  8.75  1.90  192  1.09   516   9999  9999  1.358  0.77   325
 1102  77206  406244   9.99   4.56  19.55  8.76  1.92  194  1.10   522   9999  9999  1.373  0.77   330
 1103  77204  406243  10.88   4.20  19.52  8.69  2.58  261  1.51   757   9999  9999  1.845  1.06   495
-1034  80179  408121   1.04  15.83  19.60  8.50  1.67  168  0.95   432   9.72   106  1.194  0.67   272
 1035  80146  408115   2.04  14.88  19.60  8.50  1.67  168  0.95   431   9.67   106  1.194  0.67   272
 1035  80150  408121   2.95  13.95  19.59  8.50  1.67  168  0.95   432   9.61   105  1.194  0.67   272
 1035  80151  408124   4.03  12.88  19.59  8.50  1.67  168  0.95   432   9.59   105  1.194  0.67   272
 1036  80151  408126   5.08  11.93  19.59  8.50  1.67  168  0.95   432   9.58   105  1.194  0.67   272
 1036  80147  408115   5.93  10.99  19.58  8.48  1.66  168  0.95   431   9.55   104  1.187  0.66   270
 1036  80145  408111   7.13   9.79  19.59  8.50  1.66  168  0.95   431   9.53   104  1.187  0.66   269
 1036  80146  408111   7.99   8.94  19.58  8.49  1.66  168  0.95   431   9.53   104  1.187  0.66   270
 1037  80156  408123   8.97   8.03  19.49  8.47  1.70  172  0.97   446   9.24   101  1.215  0.68   280
 1039  80145  408103  10.12   6.68  19.34  8.50  1.90  193  1.10   519   8.75    95  1.358  0.77   327
 1039  80147  408103  11.05   5.79  19.34  8.49  1.89  192  1.09   515   8.77    96  1.351  0.76   325
 1040  80160  408107  12.06   4.81  19.36  8.59  2.43  246  1.42   705   7.93    86  1.737  0.99   459
 1041  80151  408109  13.06   3.89  19.36  8.58  2.48  251  1.45   723   7.43    81  1.773  1.02   472
 1042  80141  408109  13.99   2.94  19.34  8.56  2.54  258  1.49   746   7.32    80  1.816  1.04   487
 1043  80148  408119  15.06   1.95  19.32  8.55  2.59  262  1.51   746   7.07    77  1.852  1.07   500
 1044  80144  408116  15.97   1.19  19.30  8.53  2.60  264  1.52   750   7.03    77  1.859  1.07   503
-1017  83681  408579   0.88  10.60  19.74  8.25  1.29  130  0.72   301   9999  9999  0.922  0.51   183
 1017  83678  408573   1.99  10.03  19.75  8.25  1.29  130  0.72   300   9999  9999  0.922  0.51   183
 1017  83677  408571   2.92   9.28  19.75  8.25  1.29  130  0.72   300   9999  9999  0.922  0.51   183
 1017  83677  408570   3.99   8.34  19.75  8.25  1.30  131  0.73   303   9999  9999  0.929  0.51   185
 1017  83676  408569   4.92   7.49  19.74  8.25  1.33  134  0.75   315   9999  9999  0.951  0.53   192
 1017  83674  408566   5.96   6.59  19.73  8.27  1.33  134  0.75   314   9999  9999  0.951  0.53   192
 1017  83674  408565   6.95   5.64  19.73  8.27  1.33  134  0.75   314   9999  9999  0.951  0.53   192
 1018  83672  408564   7.98   4.54  19.73  8.27  1.35  136  0.76   320   9999  9999  0.965  0.53   196
 1018  83671  408562   8.99   3.59  19.74  8.28  1.36  136  0.76   322   9999  9999  0.972  0.54   198
 1018  83670  408562   9.91   2.63  19.74  8.28  1.36  137  0.76   323   9999  9999  0.972  0.54   198
 1018  83668  408562  10.93   1.60  19.73  8.30  1.39  140  0.78   334   9999  9999  0.994  0.55   205
 1018  83666  408561  11.88   0.00  19.70  8.34  1.41  142  0.79   341   9999  9999  1.008  0.56   210
-0956  85976  411491   1.00  12.05  19.74  8.23  1.17  118  0.66   264  10.50   115  0.837  0.46   158
 0957  86009  411480   2.15  10.74  19.81  8.20  1.19  119  0.66   268   8.67    95  0.851  0.47   162
 0958  86011  411478   3.12   9.73  19.81  8.20  1.19  119  0.66   268   8.64    95  0.851  0.47   162
 0958  86013  411479   3.96   8.86  19.80  8.20  1.19  119  0.66   268   8.61    94  0.851  0.47   162
 0958  86014  411479   5.12   7.70  19.81  8.20  1.19  119  0.66   268   8.59    94  0.851  0.47   162
 0958  86015  411482   6.02   6.79  19.80  8.20  1.19  120  0.66   269   8.54    94  0.851  0.47   162
 0959  86017  411486   7.02   5.74  19.78  8.19  1.19  120  0.66   269   8.52    93  0.851  0.47   162
 1000  86035  411490   8.14   3.89  19.66  8.12  1.24  125  0.70   284   7.92    86  0.887  0.49   173
 1000  86057  411489   9.04   2.84  19.57  8.05  1.30  131  0.73   305   7.71    84  0.929  0.51   186
 1001  86065  411485  10.01   2.13  19.47  8.03  1.34  135  0.75   318   7.73    84  0.958  0.53   196
 1001  86069  411488  10.89   1.08  19.43  8.02  1.34  136  0.76   320   7.74    84  0.958  0.53   196
