# MEETVAARTUIG : M.S. ARGUS
# MEETDATUM    : 17-08-2010 16:46:25
# MEETGEBIED   :
# STARTPUNT    :
# EINDPUNT     :
# PROJECTCODE  :
# OPDRACHTGEVER:
# BEHEERDER    :
# BEMONST. INST:
# WAARNEMER(S) : G.J.Bakker.
#
* 20100817
$ 9999 [00000000000]
>TIJD      uumm                    
>X         coordinaat              
>Y         coordinaat              
>SENSHTE   Diepte set        m     
>ECHOS     Echoset           mtrs  
>Temp      Temperatuur       oC        : 15.0   0.5   15   0.5
>GELBH     Geleidendheid     mS/cm 
>SALNTT    Saliniteit        dimsl 
>CL-       Chloride          mg/l  
>O2        Zuurstof          mg/l  
>%O2       Zuurstof%         %     
 -1646  70355 410217   0.86   6.45  19.47   2.11   1.22    589   9999  9999
  1646  70347 410221   1.84   6.00  19.47   2.11   1.22    590   9999  9999
  1646  70345 410223   2.83   5.00  19.46   2.11   1.22    590   9999  9999
  1646  70344 410224   3.86   3.95  19.46   2.11   1.22    590   9999  9999
  1646  70343 410225   4.82   3.15  19.45   2.18   1.26    616   9999  9999
  1646  70341 410227   5.82   2.10  19.44   2.22   1.29    630   9999  9999
  1647  70339 410231   6.81   1.05  19.46   2.33   1.35    669   9999  9999
 -1638  71488 409851   0.97  17.30  19.53   1.96   1.13    537   9999  9999
  1638  71482 409856   1.80   3.20  19.52   1.96   1.13    537   9999  9999
  1639  71479 409858   2.85  15.35  19.53   1.96   1.13    537   9999  9999
  1639  71478 409858   3.85  14.35  19.53   1.97   1.13    537   9999  9999
  1639  71476 409859   4.80  13.15  19.53   1.96   1.13    537   9999  9999
  1639  71475 409860   5.86  12.10  19.53   1.97   1.13    537   9999  9999
  1639  71474 409861   6.86  11.15  19.52   1.96   1.13    537   9999  9999
  1639  71473 409862   7.82  10.30  19.53   1.97   1.13    538   9999  9999
  1639  71473 409863   8.86   9.50  19.53   1.98   1.14    542   9999  9999
  1639  71473 409864   9.85   8.30  19.52   2.00   1.15    549   9999  9999
  1639  71472 409865  10.82   7.55  19.51   2.03   1.17    559   9999  9999
  1639  71472 409865  11.86   6.55  19.45   2.16   1.25    608   9999  9999
  1639  71472 409866  12.82   5.50  19.27   2.42   1.42    705   9999  9999
  1639  71471 409867  13.87   4.55  18.25   3.09   1.87    948   9999  9999
  1639  71471 409867  14.80   3.60  15.32   3.62   2.38   1231   9999  9999
  1639  71471 409867  15.82   2.45  12.41   3.91   2.79   1453   9999  9999
  1639  71471 409867  16.81   1.50  11.03   3.97   2.94   1629   9999  9999
 -1623  71712 409486   1.00   0.40  19.54   1.93   1.11    526   9.14   101
  1623  71695 409508   2.08   0.80  19.53   1.93   1.11    526   9.13   100
  1624  71692 409514   3.04  17.40  19.53   1.94   1.11    528   9.14   101
  1624  71692 409522   4.06  15.95  19.52   1.96   1.12    535   9.14   101
  1624  71692 409531   5.08  14.50  19.52   1.96   1.13    537   9.12   100
  1624  71689 409534   6.08  13.55  19.52   1.96   1.13    537   9.12   100
  1625  71687 409529   7.03  12.60  19.52   1.97   1.13    539   9.10   100
  1625  71687 409527   8.03  11.80  19.52   1.98   1.14    544   9.07   100
  1626  71691 409523   9.02  11.00  19.50   2.06   1.19    572   8.85    97
  1626  71694 409522  10.05  10.25  19.50   2.07   1.19    575   8.83    97
  1627  71696 409514  11.05   9.70  19.38   2.29   1.33    655   8.32    91
  1628  71697 409508  12.01   9.15  19.24   2.50   1.46    733   7.79    85
  1629  71697 409508  13.00   8.10  18.99   2.72   1.61    801   6.74    74
  1631  71701 409512  14.01   7.30  12.16   3.91   2.80   1460   0.42     4
  1632  71712 409515  15.05   6.25  11.90   3.91   2.83   1473   0.23     2
  1632  71707 409505  16.02   5.40   9.96   4.00   3.05   1690   0.17     2
  1633  71697 409498  17.02   4.60   9.89   4.00   3.05   1693   0.15     1
  1634  71691 409498  18.02   3.45   9.46   4.02   3.11   1723   0.18     2
  1634  71689 409500  18.99   2.30   9.20   4.04   3.14   1744   0.15     1
  1634  71687 409504  20.04   1.35   8.59   4.11   3.26   1807   0.13     1
  1635  71688 409507  20.82   0.55   8.46   4.13   3.29   1826   0.11     1
 -1659  71437 408824   0.82   5.35  19.42   2.52   1.47    735   9999  9999
  1659  71423 408820   1.84   4.45  19.40   2.39   1.39    690   9999  9999
  1659  71419 408819   2.81   3.90  19.40   2.42   1.41    700   9999  9999
  1659  71414 408818   3.83   3.00  19.41   2.47   1.44    718   9999  9999
  1700  71412 408818   4.82   1.70  19.40   2.48   1.45    722   9999  9999
  1700  71410 408818   5.85   0.95  19.42   2.58   1.50    757   9999  9999
 -1617  72579 408751   1.03  51.25  19.55   1.74   0.99    457   9999  9999
  1617  72575 408753   1.87  51.25  19.55   1.74   0.99    459   9999  9999
  1617  72572 408756   2.89   8.50  19.55   1.74   0.99    459   9999  9999
  1617  72571 408756   3.83   7.35  19.55   1.75   1.00    460   9999  9999
  1617  72570 408757   4.81   6.20  19.55   1.75   1.00    460   9999  9999
  1617  72569 408758   5.83   5.15  19.56   1.75   1.00    460   9999  9999
  1617  72568 408759   6.86   3.90  19.56   1.75   1.00    460   9999  9999
  1617  72567 408760   7.80   3.15  19.56   1.75   1.00    461   9999  9999
  1617  72566 408762   8.85   2.20  19.55   1.75   1.00    462   9999  9999
  1617  72565 408763   9.84   1.30  19.55   1.76   1.00    465   9999  9999
 -1611  73141 407821   1.02   6.95  19.43   1.60   0.91    411   9999  9999
  1611  73130 407822   1.81   6.60  19.43   1.61   0.92    414   9999  9999
  1611  73127 407822   2.80   5.60  19.43   1.61   0.92    415   9999  9999
  1611  73125 407822   3.87   4.65  19.43   1.62   0.92    416   9999  9999
  1611  73124 407823   4.82   3.70  19.43   1.62   0.92    416   9999  9999
  1611  73123 407823   5.86   2.40  19.43   1.62   0.93    418   9999  9999
  1611  73121 407823   6.86   1.70  19.43   1.63   0.93    420   9999  9999
  1611  73120 407825   7.82   0.55  19.43   1.64   0.93    423   9999  9999
 -1406  77157 406223   1.05  51.25  19.62   1.25   0.70    286   9999  9999
  1406  77159 406218   1.87  12.25  19.62   1.25   0.70    285   9999  9999
  1406  77159 406216   2.86  23.90  19.62   1.25   0.70    286   9999  9999
  1406  77159 406213   3.82  10.15  19.62   1.25   0.70    286   9999  9999
  1407  77159 406212   4.87   9.45  19.62   1.25   0.70    288   9999  9999
  1407  77159 406211   5.89   8.70  19.62   1.25   0.70    288   9999  9999
  1407  77160 406211   6.82   7.70  19.62   1.25   0.70    286   9999  9999
  1407  77160 406210   7.85  51.25  19.62   1.25   0.70    286   9999  9999
  1407  77160 406209   8.86   5.80  19.62   1.27   0.71    294   9999  9999
  1407  77160 406207   9.89   4.45  19.60   1.28   0.72    298   9999  9999
  1407  77160 406207  10.84  47.35  19.59   1.29   0.72    300   9999  9999
  1407  77160 406206  11.83  51.25  19.58   1.29   0.72    301   9999  9999
  1407  77160 406206  12.83  51.25  19.55   1.30   0.73    304   9999  9999
  1407  77159 406206  13.81  51.25  19.54   1.30   0.73    306   9999  9999
 -1534  80156 408088   1.21  14.75  19.91   1.11   0.61    239   9.63   106
  1534  80134 408102   2.05  13.85  19.91   1.10   0.61    239   9.62   106
  1534  80131 408111   3.07  13.00  19.91   1.10   0.61    239   9.63   106
  1535  80131 408117   4.05  12.05  19.92   1.10   0.61    239   9.64   106
  1535  80137 408123   5.01  11.15  19.91   1.11   0.61    239   9.63   106
  1535  80137 408127   6.07  10.15  19.92   1.11   0.61    240   9.63   106
  1536  80133 408131   7.11   9.10  19.91   1.11   0.62    241   9.62   106
  1536  80130 408130   8.05   8.20  19.91   1.11   0.62    242   9.62   106
  1536  80128 408125   9.02   7.20  19.91   1.12   0.62    242   9.61   106
  1537  80126 408115   9.98   6.30  19.91   1.12   0.62    243   9.59   106
  1537  80127 408103  10.98   5.30  19.91   1.12   0.62    243   9.59   106
  1537  80130 408097  12.07   4.25  19.91   1.12   0.62    245   9.58   106
  1537  80137 408093  13.05   3.15  19.91   1.13   0.62    246   9.56   106
  1538  80140 408092  14.03   2.20  19.91   1.13   0.63    248   9.54   106
  1538  80146 408091  15.06   1.25  19.91   1.13   0.63    247   9.54   106
  1539  80155 408112  15.97   0.50  19.90   1.14   0.63    250   9.54   105
 -1438  83675 408514   0.96  10.95  19.76   0.82   0.45    155   9999  9999
  1438  83681 408515   1.81  51.25  19.76   0.82   0.45    155   9999  9999
  1438  83683 408515   2.86   9.75  19.76   0.82   0.45    155   9999  9999
  1438  83685 408515   3.86   8.50  19.76   0.82   0.45    155   9999  9999
  1438  83686 408515   4.87   7.60  19.76   0.82   0.45    155   9999  9999
  1438  83687 408515   5.84   6.50  19.76   0.83   0.45    155   9999  9999
  1438  83689 408515   6.86   5.60  19.76   0.83   0.45    155   9999  9999
  1438  83690 408516   7.83   4.65  19.76   0.83   0.46    157   9999  9999
  1438  83690 408516   8.85   3.60  19.76   0.83   0.46    156   9999  9999
  1438  83692 408517   9.81   2.60  19.76   0.83   0.46    157   9999  9999
  1438  83694 408518  10.86   1.50  19.76   0.84   0.46    158   9999  9999
 -1456  86035 411519   0.84  51.25  20.08   0.71   0.38    121   8.87    98
  1457  86050 411528   2.04   2.75  20.08   0.71   0.38    122   8.86    98
  1457  86055 411533   2.99  51.25  20.08   0.71   0.38    122   8.86    98
  1457  86058 411535   4.08  51.25  20.08   0.71   0.38    122   8.85    98
  1457  86066 411538   5.02  51.25  20.08   0.72   0.39    124   8.84    98
  1458  86069 411537   6.01  51.25  20.07   0.74   0.40    130   8.85    98
  1458  86072 411533   7.00  51.25  20.00   0.76   0.41    135   8.87    98
  1458  86077 411531   8.04  51.25  19.98   0.77   0.42    138   8.78    97
  1459  86079 411529   9.03  51.25  19.96   0.77   0.42    140   8.77    97
  1459  86081 411532  10.03  51.25  19.96   0.78   0.42    140   8.77    97
  1459  86083 411533  10.98   1.70  19.95   0.77   0.42    140   8.77    97
  1459  86083 411532  12.09  51.25  19.95   0.78   0.43    141   8.75    97
