# code GELB      is (nog ? ) niet bekend
# MEETVAARTUIG : M.S. ARGUS
# MEETDATUM    : 21-04-2008 12:53:20
# MEETGEBIED   : VOLKERAK/ZOOMMEER
# STARTPUNT    : Antwerpen
# EINDPUNT     : Krammersluizen
# PROJECTCODE  : E7608X
# OPDRACHTGEVER: ZLXXAXAMDBG
# BEHEERDER    : ZLXXAXAMDBG
# BEMONST. INST:
# WAARNEMER(S) : G.J.Bakker
#
* 20080424
$ 9999 [0000000000000]
>TIJD      uumm                    
>X         coordinaat              
>Y         coordinaat              
>SENSHTE   Diepte set        m     
>ECHOS     Echoset           mtrs  
>Temp      Temperatuur       oC        : 8.0   0.5   15   0.5
>GELBH     Geleidendheid     mS/cm 
>SALNTT    Saliniteit        dimsl 
>CL-       Chloride          mg/l  
>O2        Zuurstof          mg/l  
>%O2       Zuurstof%         %     
>pH        Zuurgraad         dimsls
>GELB      nog niet gedefinieerd   
 -1055  86048 411534   1.00  10.85  11.60   0.88   0.59    223  10.45    96   9999   9999
  1055  86044 411534   1.95  10.15  11.56   0.88   0.59    226  10.45    96   9999   9999
  1055  86044 411534   3.01   9.19  11.56   0.88   0.59    226  10.43    95   9999   9999
  1056  86043 411534   3.95   8.27  11.56   0.88   0.59    226  10.42    95   9999   9999
  1056  86044 411534   4.96   7.27  11.55   0.88   0.59    226  10.42    95   9999   9999
  1056  86044 411533   5.95   6.30  11.55   0.88   0.59    226  10.40    95   9999   9999
  1057  86043 411532   6.92   5.37  11.53   0.88   0.60    227  10.40    95   9999   9999
  1057  86042 411533   7.93   4.43  11.46   0.91   0.61    237  10.38    95   9999   9999
  1057  86041 411532   8.88   3.45  11.16   0.95   0.65    256  10.38    95   9999   9999
  1058  86040 411531  10.94  50.81  10.87   0.97   0.67    267  10.36    94   9999   9999
 -1026  83704 408514   1.09   9.80  11.39   1.06   0.72    297   9999  9999   9999   9999
  1026  83704 408513   1.81   9.60  11.39   1.06   0.72    296   9999  9999   9999   9999
  1026  83702 408513   2.85   8.85  11.38   1.06   0.72    296   9999  9999   9999   9999
  1026  83700 408512   3.82   7.95  11.36   1.06   0.72    297   9999  9999   9999   9999
  1026  83699 408511   4.86   6.95  11.32   1.06   0.73    298   9999  9999   9999   9999
  1027  83699 408510   5.93   5.80  11.29   1.06   0.73    299   9999  9999   9999   9999
  1027  83699 408510   6.91   4.85  11.27   1.07   0.73    300   9999  9999   9999   9999
  1027  83698 408508   7.83   3.85  11.26   1.07   0.73    301   9999  9999   9999   9999
  1027  83698 408507   8.93   2.90  11.23   1.07   0.73    302   9999  9999   9999   9999
  1027  83697 408505   9.80   1.85  11.18   1.08   0.74    306   9999  9999   9999   9999
  1027  83694 408503  10.85   1.00  11.18   1.08   0.74    306   9999  9999   9999   9999
 -1129  80160 408123   1.04  51.25  11.38   1.14   0.78    329  10.41    95   8.16   9999
  1130  80132 408130   1.96  14.55  11.41   1.14   0.78    329  10.41    95   8.16   9999
  1131  80134 408118   2.99  13.50  11.41   1.14   0.78    329  10.40    95   8.16   9999
  1132  80144 408112   4.03  12.41  11.35   1.13   0.78    328  10.40    95   8.16   9999
  1132  80150 408109   4.97  11.50  11.31   1.14   0.78    329  10.40    95   8.16   9999
  1132  80160 408113   5.98  10.55  11.27   1.14   0.78    331  10.38    95   8.16   9999
  1133  80165 408115   7.03   9.55  11.27   1.14   0.78    330  10.38    95   8.16   9999
  1133  80163 408106   8.05   8.45  11.25   1.14   0.78    330  10.38    95   8.16   9999
  1133  80156 408102   9.04   7.45  11.23   1.14   0.78    331  10.38    94   8.16   9999
  1134  80150 408095  10.04   6.42  11.22   1.14   0.78    331  10.37    94   8.16   9999
  1134  80153 408096  11.01   5.43  11.17   1.14   0.79    333  10.36    94   8.15   9999
  1135  80158 408100  12.02   4.45  11.11   1.15   0.79    336  10.33    94   8.15   9999
  1136  80160 408107  13.03   3.58  10.79   1.24   0.87    379  10.12    91   8.13   9999
  1136  80154 408102  14.00   2.50  10.72   1.27   0.89    393  10.09    91   8.12   9999
  1137  80143 408120  14.98   1.72  10.68   1.28   0.90    399   9.87    89   8.12   9999
  1138  80137 408129  15.94  36.85  10.65   1.30   0.91    405   9.91    89   8.11   9999
 -0955  77147 406196   0.87  13.23  11.25   1.25   0.86    379   9999  9999   9999   9999
  0955  77164 406199   2.04  36.89  11.24   1.25   0.86    378   9999  9999   9999   9999
  0955  77167 406198   2.92   0.41  11.22   1.25   0.86    378   9999  9999   9999   9999
  0956  77168 406198   3.92  16.28  11.19   1.25   0.86    378   9999  9999   9999   9999
  0956  77169 406197   4.99   9.42  11.08   1.26   0.87    383   9999  9999   9999   9999
  0956  77171 406196   5.93   8.46  11.02   1.27   0.88    389   9999  9999   9999   9999
  0956  77171 406196   6.98   7.65  11.01   1.29   0.90    398   9999  9999   9999   9999
  0956  77172 406195   7.96   6.39  11.02   1.33   0.93    415   9999  9999   9999   9999
  0956  77173 406195   8.98   5.45  11.05   1.38   0.96    434   9999  9999   9999   9999
  0956  77174 406195   9.96  49.03  11.08   1.39   0.97    440   9999  9999   9999   9999
  0956  77175 406195  10.99   3.37  11.07   1.40   0.98    445   9999  9999   9999   9999
  0956  77176 406195  11.95   2.49  11.04   1.40   0.98    446   9999  9999   9999   9999
  0956  77177 406196  12.96   1.52  11.02   1.41   0.98    448   9999  9999   9999   9999
  0956  77178 406198  13.95  49.08  10.94   1.41   0.99    452   9999  9999   9999   9999
 -1228  73127 407834   1.07   7.25  11.57   1.42   0.98    447   9999  9999   9999   9999
  1228  73124 407837   1.85   7.15  11.57   1.42   0.98    446   9999  9999   9999   9999
  1228  73123 407837   2.83   6.20  11.54   1.42   0.98    446   9999  9999   9999   9999
  1228  73121 407838   3.86   5.35  11.53   1.42   0.98    445   9999  9999   9999   9999
  1229  73120 407839   4.81   3.95  11.51   1.42   0.98    445   9999  9999   9999   9999
  1229  73117 407839   5.82   3.40  11.49   1.42   0.98    445   9999  9999   9999   9999
  1229  73117 407840   6.91   2.20  11.48   1.41   0.98    444   9999  9999   9999   9999
  1229  73116 407840   7.80   1.00  11.26   1.45   1.01    462   9999  9999   9999   9999
 -1236  72561 408751   0.99  10.00  11.76   1.44   0.99    450   9999  9999   8.31   9999
  1236  72562 408753   1.93   9.20  11.75   1.44   0.98    449   9999  9999   8.31   9999
  1236  72563 408754   2.81   8.25  11.75   1.44   0.99    450   9999  9999   8.31   9999
  1236  72564 408755   3.93   7.35  11.73   1.44   0.99    450   9999  9999   8.31   9999
  1236  72564 408755   4.82   6.40  11.73   1.43   0.98    449   9999  9999   8.31   9999
  1236  72565 408755   5.89   5.25  11.71   1.43   0.98    449   9999  9999   8.31   9999
  1236  72565 408756   6.88   4.40  11.62   1.43   0.98    448   9999  9999   8.31   9999
  1236  72566 408757   7.83   3.45  11.49   1.44   1.00    455   9999  9999   8.30   9999
  1237  72569 408761   8.80   2.35  10.90   1.50   1.05    488   9999  9999   8.27   9999
  1237  72570 408762   9.90   1.45  11.03   1.86   1.32    640   9999  9999   8.20   9999
 -1324  71442 408807   0.98   5.20  11.82   1.67   1.15    545   9999  9999   9999   9999
  1324  71426 408807   1.82   4.75  11.83   1.68   1.16    549   9999  9999   9999   9999
  1324  71409 408806   2.82   0.45  11.85   1.79   1.24    597   9999  9999   9999   9999
  1324  71405 408806   3.83   2.90  11.86   1.78   1.23    593   9999  9999   9999   9999
  1324  71403 408806   4.90   1.90  11.82   1.89   1.32    641   9999  9999   9999   9999
 -1244  71706 409478   1.11  20.80  12.04   1.45   0.99    450  10.79   100   8.37   9999
  1244  71704 409487   2.02  19.75  12.03   1.45   0.99    451  10.79   100   8.37   9999
  1245  71706 409489   3.07  18.80  12.00   1.45   0.99    451  10.78   100   8.36   9999
  1245  71709 409490   4.04  17.65  11.97   1.45   0.99    451  10.78   100   8.36   9999
  1245  71712 409492   5.02  16.65  11.83   1.44   0.99    450  10.78   100   8.37   9999
  1246  71700 409496   6.01  15.70  11.42   1.48   1.03    473  10.60    97   8.33   9999
  1247  71696 409499   7.04  14.65  11.41   1.48   1.03    474  10.57    97   8.31   9999
  1248  71697 409512   8.00  12.95  11.39   1.71   1.20    571  10.49    96   8.28   9999
  1249  71693 409494   9.01  12.55  10.76   1.68   1.19    570  10.23    92   8.26   9999
  1250  71691 409491  10.01  11.65  10.74   1.70   1.20    575  10.24    92   8.25   9999
  1250  71691 409490  11.07  10.75  10.93   1.76   1.25    602  10.18    92   8.24   9999
  1250  71693 409490  12.07   9.75  10.94   1.87   1.33    648  10.22    93   8.23   9999
  1251  71692 409487  12.97   8.85  10.89   1.91   1.36    666  10.23    93   8.24   9999
  1251  71692 409488  14.05   7.80  10.93   1.93   1.37    673  10.20    93   8.24   9999
  1253  71694 409505  15.02   6.55  11.03   2.32   1.66    822   9.66    88   8.19   9999
  1254  71705 409504  16.00   5.65  10.12   2.28   1.67    827   9.25    82   8.15   9999
  1256  71686 409488  16.99   4.75   9.42   2.23   1.67    825   8.57    75   8.09   9999
  1258  71687 409504  18.02   3.40   8.76   2.26   1.72    853   7.42    64   7.98   9999
  1300  71679 409499  19.02   2.40   8.66   2.31   1.77    879   6.96    60   7.93   9999
  1300  71679 409500  19.81   1.65   8.66   2.32   1.77    882   6.92    60   7.92   9999
  1300  71678 409501  20.83   0.75   8.64   2.33   1.78    887   6.82    59   7.91   9999
 -1304  71477 409866   0.89  17.30  12.17   1.46   0.99    452   9999  9999   9999   9999
  1305  71489 409871   1.82  17.15  12.17   1.46   0.99    452   9999  9999   9999   9999
  1305  71489 409872   2.91  16.00  12.17   1.46   0.99    452   9999  9999   9999   9999
  1305  71489 409873   3.89  15.10  12.13   1.46   0.99    452   9999  9999   9999   9999
  1305  71489 409874   4.95  14.40  12.11   1.46   0.99    452   9999  9999   9999   9999
  1305  71489 409874   5.94  13.15  12.07   1.45   0.99    452   9999  9999   9999   9999
  1305  71489 409874   6.95  12.65  11.92   1.45   0.99    453   9999  9999   9999   9999
  1305  71490 409875   8.02  10.95  11.47   1.50   1.04    482   9999  9999   9999   9999
  1305  71490 409875   8.83  10.60  11.36   1.62   1.13    531   9999  9999   9999   9999
  1305  71491 409875   9.96   9.35  11.35   1.66   1.16    551   9999  9999   9999   9999
  1305  71491 409876  11.06   8.25  11.18   1.79   1.26    607   9999  9999   9999   9999
  1305  71491 409876  11.88   7.90  10.94   1.87   1.33    648   9999  9999   9999   9999
  1305  71491 409877  12.93   6.10  10.73   1.93   1.38    677   9999  9999   9999   9999
  1305  71491 409877  13.98   5.60  10.71   2.08   1.49    742   9999  9999   9999   9999
  1305  71491 409877  14.87   4.15  10.89   2.19   1.57    770   9999  9999   9999   9999
  1306  71491 409882  15.94   2.90  10.08   2.22   1.63    803   9999  9999   9999   9999
  1306  71491 409882  16.83   2.55   9.55   2.19   1.63    802   9999  9999   9999   9999
  1306  71491 409883  17.81  50.75   8.96   2.20   1.66    820   9999  9999   9999   9999
 -1312  70344 410211   1.10   6.75  11.89   1.47   1.00    459   9999  9999   9999   9999
  1312  70344 410215   1.90   6.70  11.89   1.47   1.00    459   9999  9999   9999   9999
  1312  70343 410216   2.83   5.60  11.89   1.47   1.00    459   9999  9999   9999   9999
  1312  70343 410218   3.98   4.35  11.84   1.46   1.00    458   9999  9999   9999   9999
  1312  70343 410218   4.96   3.65  11.67   1.47   1.01    463   9999  9999   9999   9999
  1312  70343 410219   5.91   2.40  11.41   1.49   1.03    477   9999  9999   9999   9999
  1312  70343 410223   6.80   1.30  11.17   1.54   1.08    501   9999  9999   9999   9999
