# MEETVAARTUIG : M.S. ARGUS
# MEETDATUM    : 13-12-2006 10:15:36
# MEETGEBIED   : VOLKERAK/ZOOMMEER
# STARTPUNT    : Kreekrak
# EINDPUNT     : Krammersluis
# PROJECTCODE  : E7608X
# OPDRACHTGEVER: ZLXXAXAMDBG
# BEHEERDER    : ZLXXAXAMDBG
# BEMONST. INST:
# WAARNEMER(S) : Geert den Hartog
#
* 20061213
$ 9999 [000000000000]
>TIJD      uumm                    
>X         coordinaat              
>Y         coordinaat              
>SENSHTE   Diepte set        m     
>ECHOS     Echoset           mtrs  
>Echo      Echoschip         M     
>Temp      Temperatuur       oC            : 4.0  0.5  15  0.5
>GELBH     Geleidendheid     mS/cm 
>SALNTT    Saliniteit        dimsl 
>CL-       Chloride          mg/l  
>O2        Zuurstof          mg/l  
>%O2       Zuurstof%         %     
 -1200  86100 411550   1.09   9999   9999   9999   9999   9999   9999   9999   9999
  1200  86100 411550  12.01   9999   9999   9999   9999   9999   9999   9999   9999
 -1200  83690 408530   1.14   9999   9999   9999   9999   9999   9999   9999   9999
  1200  83690 408530  11.09   9999   9999   9999   9999   9999   9999   9999   9999
 -1200  80150 408100   1.07   9999   9999   9999   9999   9999   9999   9999   9999
  1200  80150 408100  15.82   9999   9999   9999   9999   9999   9999   9999   9999
 -1200  77150 406200   1.16   9999   9999   9999   9999   9999   9999   9999   9999
  1200  77150 406200  13.83   9999   9999   9999   9999   9999   9999   9999   9999
 -1200  73130 407830   0.92   9999   9999   9999   9999   9999   9999   9999   9999
  1200  73130 407830   7.93   9999   9999   9999   9999   9999   9999   9999   9999
 -1200  72570 408770   0.94   9999   9999   9999   9999   9999   9999   9999   9999
  1200  72570 408770  10.81   9999   9999   9999   9999   9999   9999   9999   9999
 -1200  71420 408820   0.90   9999   9999   9999   9999   9999   9999   9999   9999
  1200  71420 408820   5.82   9999   9999   9999   9999   9999   9999   9999   9999
 -1254  71706 409502   1.03  20.95   1.00   7.69   1.19   0.90    397  11.69    98
  1254  71700 409490   2.07  19.95   1.00   7.70   1.18   0.90    396  11.70    98
  1254  71699 409490   2.98  19.05   1.00   7.69   1.18   0.90    396  11.72    98
  1255  71699 409490   4.07  17.95   1.00   7.69   1.18   0.90    397  11.72    98
  1255  71700 409490   5.10  16.95   1.00   7.68   1.19   0.90    398  11.72    98
  1255  71701 409492   6.16  15.85   1.00   7.68   1.18   0.90    397  11.72    98
  1255  71703 409494   7.18  14.85   1.00   7.68   1.19   0.90    399  11.72    98
  1255  71705 409496   8.13  13.85   1.00   7.67   1.20   0.92    406  11.72    98
  1256  71707 409498   9.03  12.95   1.00   7.67   1.20   0.91    404  11.70    98
  1256  71707 409501  10.03  11.95   1.00   7.67   1.21   0.92    407  11.68    98
  1256  71708 409502  11.05  10.80   1.00   7.67   1.21   0.92    409  11.67    98
  1256  71707 409502  11.99  10.00   1.00   7.69   1.23   0.93    416  11.64    97
  1256  71703 409500  12.99   8.95   1.00   7.69   1.23   0.94    419  11.63    97
  1257  71699 409497  13.99   8.00   1.00   7.71   1.25   0.95    428  11.61    97
  1257  71695 409497  14.98   6.90   1.00   7.71   1.27   0.97    437  11.60    97
  1258  71695 409503  16.15   5.65   1.00   7.82   1.49   1.14    537  11.29    95
  1258  71696 409499  17.11   4.75   1.00   7.81   1.47   1.13    529  11.27    95
  1258  71699 409494  18.17   3.75   1.00   7.85   1.54   1.18    560  11.23    94
  1259  71705 409498  19.10   2.90   1.00   7.88   1.59   1.22    583  11.07    93
  1300  71702 409495  20.04   1.90   1.00   7.89   1.58   1.21    576  11.05    93
  1300  71701 409499  20.99   0.90   1.00   7.96   1.63   1.25    601  10.96    92
 -1200  71500 409870   0.81   9999   9999   9999   9999   9999   9999   9999   9999
  1200  71500 409870  18.91   9999   9999   9999   9999   9999   9999   9999   9999
 -1200  70350 410230   0.89   9999   9999   9999   9999   9999   9999   9999   9999
  1200  70350 410230   6.81   9999   9999   9999   9999   9999   9999   9999   9999
