# MEETVAARTUIG : M.C.ECOS 8 VERTIKAAL
# MEETDATUM    : 25-03-2022 10:44:36
# MEETGEBIED   :
# STARTPUNT    :
# EINDPUNT     :
# PROJECTCODE  :
# OPDRACHTGEVER:
# BEHEERDER    :
# BEMONST. INST:
# WAARNEMER(S) : lamper
#
* 20220325
$ 9999 [000000000000000]
>TIJD      uumm                    
>X         coordinaat              
>Y         coordinaat              
>SENSHTE   Diepte set        m     
>Echms     Echoset           mtrs  
>Temp      Temperatuur       oC  
>pH        Zuurgraad         dimsls
>GELBH     Geleidendheid     mS/cm 
>GEL20     Gel20             ???   
>SALNTT    Saliniteit        dimsl 
>CL-       Chloride          mg/l  
>CHFLYSI   Chlorofyl         ugr/l 
>TURBID    Troebelheid       NTU   
>O2        Zuurstof          mg/l  
>%O2       Zuurstof%         %     
 -1045  70413 410189   0.98   8.29   9.49   8.79   0.98   125   0.70    288   4.11   0.44   9999  9999
  1045  70403 410197   1.95   7.18   9.47   8.80   0.98   125   0.70    288   4.12   0.49   9999  9999
  1045  70397 410202   2.93   6.10   9.37   8.79   0.98   125   0.70    287   3.19   0.50   9999  9999
  1045  70393 410205   3.90   5.05   9.16   8.76   0.97   125   0.70    286   2.17   0.34   9999  9999
  1045  70389 410211   4.88   3.84   8.97   8.68   0.99   128   0.72    293   0.96   0.22   9999  9999
  1045  70386 410213   5.91   2.71   8.67   8.48   1.04   135   0.76    319   0.82   0.18   9999  9999
  1045  70382 410215   6.90   1.53   8.39   8.45   1.06   139   0.79    331   0.75   0.14   9999  9999
  1045  70377 410217   7.89   0.00   8.15   8.25   1.36   180   1.03    471   0.67   0.04   9999  9999
 -1022  71663 409404   1.00   0.00   9.95   8.92   0.96   121   0.68    273   6.49   0.75  17.40   152
  1022  71657 409479   2.00   0.00   9.89   8.91   0.96   121   0.68    275   6.25   0.80  17.40   152
  1025  71664 409488   3.00  16.19   9.23   8.50   1.03   132   0.74    306   1.65   0.34  14.00   121
  1025  71669 409489   3.98   0.00   9.19   8.48   1.18   151   0.86    373   1.40   0.24  13.80   119
  1026  71673 409482   4.96  17.44   9.27   8.51   1.23   157   0.89    394   1.32   0.22  13.90   120
  1027  71680 409476   6.01  16.68   8.97   8.48   1.27   164   0.93    416   1.30   0.21  13.50   116
  1028  71680 409475   7.05  15.48   8.93   8.46   1.32   170   0.97    438   1.20   0.15  13.40   115
  1029  71682 409473   8.03  14.65   8.45   8.41   1.41   185   1.06    489   0.80   0.17  12.80   108
  1029  71684 409472   9.01  13.54   8.37   8.39   1.58   207   1.19    567   0.75   0.08  12.70   108
  1030  71697 409476  10.03  12.53   8.10   8.35   1.67   221   1.28    616   0.68   0.13  12.30   103
  1031  71697 409476  11.01  11.43   8.14   8.34   1.72   227   1.32    638   0.69   0.12  12.20   103
  1032  71688 409477  12.03  10.70   8.80   8.40   2.02   261   1.52    743   0.67   0.12  12.80   110
  1033  71686 409478  12.92   9.48   8.58   8.38   2.02   264   1.54    750   0.73   0.14  12.80   109
  1033  71689 409477  14.06   8.29   8.18   8.31   2.00   264   1.54    750   0.64   0.14  12.40   105
  1034  71691 409485  15.03   7.41   7.92   8.24   2.03   268   1.57    767   0.72   0.23  11.80    99
  1035  71693 409485  16.01   6.34   7.83   8.22   2.03   270   1.58    773   0.70   0.12  11.60    97
  1036  71693 409482  17.00   5.21   7.75   8.21   2.04   272   1.59    779   0.72   0.22  11.50    96
  1036  71694 409484  17.98   4.35   7.54   8.17   2.04   274   1.60    785   0.63   0.09  11.30    94
  1037  71702 409483  19.02   3.16   7.39   8.13   2.04   274   1.60    785   0.68   0.14  10.90    90
  1038  71703 409481  20.12   2.46   7.57   8.14   2.08   278   1.63    801   0.73   0.22  10.80    90
  1038  71704 409481  21.01   1.56   7.53   8.12   2.08   278   1.63    800   0.67   0.10  10.60    89
 -1013  71500 408806   1.01   5.86   9.77   8.70   1.08   136   0.77    322   3.59   0.46   9999  9999
  1014  71488 408805   1.88   4.70   9.79   8.67   1.34   170   0.97    437   4.34   0.60   9999  9999
  1014  71482 408805   2.93   3.65   9.84   8.64   1.41   178   1.01    465   3.31   0.61   9999  9999
  1014  71479 408805   3.90   2.71   9.83   8.62   1.48   187   1.07    497   2.76   0.51   9999  9999
  1014  71468 408804   4.89   1.65   9.90   8.58   1.83   231   1.34    652   1.42   0.41   9999  9999
  1014  71462 408804   5.88   0.79   9.87   8.58   2.22   280   1.64    806   1.20   0.38   9999  9999
 -1008  72583 408715   0.92  10.28   9.76   8.79   0.95   121   0.68    273   4.48   0.63   9999  9999
  1008  72579 408721   1.95   9.08   9.73   8.78   0.95   121   0.68    274   4.56   0.52   9999  9999
  1008  72578 408723   2.92   8.25   9.70   8.78   0.96   121   0.68    274   4.06   0.53   9999  9999
  1008  72575 408727   3.94   7.46   9.57   8.75   0.97   123   0.69    281   3.34   0.45   9999  9999
  1008  72575 408728   4.92   6.33   9.20   8.65   1.02   131   0.74    304   2.92   0.34   9999  9999
  1009  72574 408729   5.89   5.28   9.05   8.55   1.04   134   0.76    315   3.04   0.37   9999  9999
  1009  72573 408731   6.93   4.31   8.98   8.48   1.19   153   0.87    380   2.23   0.28   9999  9999
  1009  72573 408732   7.89   3.28   8.87   8.46   1.32   170   0.97    439   1.64   0.28   9999  9999
  1009  72572 408733   8.98   2.15   9.16   8.46   1.59   204   1.17    556   1.31   0.30   9999  9999
  1009  72570 408734   9.90   1.08   8.98   8.42   1.72   221   1.28    618   1.29   0.17   9999  9999
  1009  72569 408735  10.98   0.00   9.39   8.46   2.05   262   1.53    745   1.01   0.16   9999  9999
 -1003  73166 407791   1.06   8.93   9.20   8.50   0.89   114   0.64    250   2.37   0.28   9999  9999
  1003  73158 407799   1.91   7.55   9.19   8.50   0.89   114   0.64    250   2.55   0.26   9999  9999
  1003  73155 407803   2.95   6.28   9.19   8.50   0.89   114   0.64    250   2.29   0.26   9999  9999
  1004  73150 407807   3.88   5.06   9.15   8.49   0.91   117   0.65    259   2.16   0.22   9999  9999
  1004  73150 407808   4.91   3.78   9.16   8.48   0.90   116   0.65    258   2.24   0.32   9999  9999
  1004  73147 407810   5.92   2.75   9.17   8.49   0.92   118   0.66    264   2.29   0.31   9999  9999
  1004  73144 407812   6.96   1.78   9.15   8.48   1.02   131   0.74    303   2.14   0.23   9999  9999
  1004  73138 407816   7.89   0.75   8.94   8.43   1.14   147   0.83    359   1.10   0.27   9999  9999
 -1053  75744 406444   1.03   1.01   8.84   8.35   0.91   118   0.66    264   1.38   0.37  12.90   110
  1057  75718 406434   2.15   8.34   8.82   8.35   0.92   119   0.67    267   1.70   0.23  12.90   110
  1058  75715 406438   2.75   7.89   8.78   8.35   0.93   121   0.68    274   1.63   0.27  12.90   110
  1059  75713 406439   4.00   6.38   8.76   8.36   0.94   121   0.68    275   1.56   0.25  12.90   110
  1059  75710 406442   5.07   5.20   8.75   8.36   0.96   124   0.70    285   1.12   0.24  12.90   110
  1059  75709 406442   5.92   4.35   8.74   8.37   0.97   126   0.71    286   0.95   0.17  13.00   110
  1100  75703 406444   6.97   3.38   8.65   8.33   0.98   127   0.72    291   0.77   0.12  12.70   108
  1100  75701 406443   7.83   2.28   8.61   8.32   0.99   129   0.73    297   0.69   0.17  12.70   108
  1101  75698 406445   8.98   1.06   8.43   8.26   1.06   139   0.79    332   0.71   0.10  12.20   103
 -0903  77075 406109   1.10  13.09   9.05   8.24   0.71    91   0.51    179   0.82   0.17   9999  9999
  0903  77079 406111   2.13  11.78   9.05   8.23   0.71    91   0.51    179   0.91   0.22   9999  9999
  0903  77079 406111   3.24  10.76   9.06   8.24   0.72    92   0.51    181   1.57   0.20   9999  9999
  0903  77080 406112   4.10   9.84   9.09   8.25   0.74    96   0.53    192   2.43   0.41   9999  9999
  0903  77082 406112   5.15   8.60   8.97   8.25   0.77   100   0.55    204   3.12   0.38   9999  9999
  0903  77082 406112   6.12   7.54   8.78   8.24   0.82   107   0.60    226   2.42   0.39   9999  9999
  0903  77084 406113   7.12   6.50   8.71   8.23   0.93   121   0.68    275   1.50   0.27   9999  9999
  0903  77084 406113   8.15   5.44   8.64   8.27   1.05   136   0.77    322   1.15   0.20   9999  9999
  0903  77085 406113   9.00   4.90   8.59   8.31   1.07   139   0.79    333   1.04   0.16   9999  9999
  0903  77088 406113  10.05   3.60   8.44   8.33   1.13   148   0.84    364   0.87   0.14   9999  9999
  0903  77089 406113  11.07   2.67   8.39   8.35   1.16   152   0.86    377   0.88   0.18   9999  9999
  0904  77091 406113  12.02   1.87   8.30   8.35   1.24   162   0.92    412   0.77   0.16   9999  9999
  0904  77095 406114  13.00   0.75   8.25   8.36   1.25   165   0.94    420   0.73   0.21   9999  9999
 -2359  80150 408110   1.00   9999   9999   9999   9999  9999   9999   9999   9999   9999   9999  9999
  2359  80150 408110  16.00   9999   9999   9999   9999  9999   9999   9999   9999   9999   9999  9999
 -0931  83561 408395   0.89   9.13   9.14   8.08   0.56    72   0.39    125   1.16   0.82   9999  9999
  0931  83574 408402   1.89   8.28   9.07   8.10   0.59    76   0.42    135   1.11   0.62   9999  9999
  0931  83577 408404   2.89   7.40   9.04   8.12   0.61    78   0.43    142   1.08   0.62   9999  9999
  0931  83580 408405   3.89   6.48   9.03   8.13   0.61    79   0.43    143   1.07   0.56   9999  9999
  0931  83584 408408   4.95   5.63   9.01   8.14   0.62    80   0.44    146   1.06   0.58   9999  9999
  0931  83588 408410   5.93   4.95   8.99   8.14   0.62    80   0.44    147   1.02   0.54   9999  9999
  0931  83590 408411   6.88   4.05   8.94   8.13   0.67    86   0.48    164   0.91   0.66   9999  9999
  0932  83596 408415   7.91   3.43   8.88   8.16   0.67    87   0.48    166   0.88   0.52   9999  9999
  0932  83606 408419   8.93   2.29   8.55   8.16   0.79   103   0.57    213   0.65   0.46   9999  9999
  0932  83610 408421   9.90   1.14   8.49   8.17   0.81   106   0.59    223   0.64   0.63   9999  9999
 -0950  86003 411531   0.94  12.55   9.53   8.03   0.45    57   0.31     89   0.67   1.73  11.60   100
  0951  86010 411535   2.08  11.36   9.43   8.02   0.45    58   0.31     90   0.67   1.42  11.60   100
  0951  86010 411539   2.96  10.30   9.39   8.02   0.45    58   0.32     91   0.57   1.28  11.60   100
  0951  86013 411543   4.01   9.13   9.34   8.02   0.46    58   0.32     91   0.57   1.24  11.60   100
  0951  86017 411546   5.09   7.80   9.21   8.03   0.46    59   0.32     92   0.49   0.97  11.60   100
  0952  86020 411547   5.94   6.90   9.15   8.03   0.46    60   0.33     95   0.52   0.94  11.60   100
  0952  86021 411547   6.97   5.79   9.04   8.03   0.47    61   0.33     98   0.45   1.00  11.60   100
  0952  86024 411548   7.97   4.71   8.99   8.03   0.48    62   0.34    101   0.45   0.91  11.60    99
  0952  86024 411549   8.99   3.68   8.97   8.04   0.50    65   0.35    107   0.46   0.73  11.60    99
  0953  86027 411550   9.99   2.63   8.85   8.05   0.51    66   0.36    110   0.48   0.98  11.70   100
  0953  86028 411550  11.00   1.64   8.82   8.05   0.51    66   0.36    111   0.48   0.87  11.70   100
  0954  86033 411555  12.00   0.00   8.62   8.02   0.52    68   0.37    115   0.55   1.58  11.50    97
