# code TURBID    is (nog ? ) niet bekend
# MEETVAARTUIG : M.C.ECOS2 YSI
# MEETDATUM    : 10-06-2015 08:48:14
# MEETGEBIED   :
# STARTPUNT    :
# EINDPUNT     :
# PROJECTCODE  :
# OPDRACHTGEVER:
# BEHEERDER    :
# BEMONST. INST:
# WAARNEMER(S) : Joop van de Wiel
#
* 20150610
$ 9999 [000000000000000]
>TIJD      uumm                    
>X         coordinaat              
>Y         coordinaat              
>SENSHTE   Diepte set        m     
>Echms     Echoset           mtrs  
>Temp      Temperatuur       oC     : 12.0   0.5   15   0.5
>pH        Zuurgraad         dimsls
>GELBH     Geleidendheid     mS/cm 
>GEL20     Gel20             ???   
>SALNTT    Saliniteit        dimsl 
>CL-       Chloride          mg/l  
>CHFLYSI   Chlorofyl         ugr/l 
>TURBID    Troebelheid       NTU
>O2        Zuurstof          mg/l  
>%O2       Zuurstof%         %     
 -0848  70354 410212   1.11   6.70  16.02   8.51   2.00   218   1.25    606   0.40  -0.30   9999  9999
  0848  70345 410221   1.94   6.30  16.02   8.50   2.00   218   1.25    607   0.10  -0.30   9999  9999
  0848  70342 410223   3.02   5.13  16.02   8.51   2.00   218   1.25    607   0.10  -0.40   9999  9999
  0848  70341 410224   3.99   4.14  16.02   8.51   2.00   218   1.25    607   0.30  -0.40   9999  9999
  0848  70340 410225   4.89   3.35  16.02   8.51   2.00   218   1.25    606   0.30  -0.30   9999  9999
  0848  70339 410226   5.93   2.23  16.00   8.51   2.01   219   1.25    609   0.50  -0.40   9999  9999
  0848  70338 410227   6.91   1.28  15.96   8.54   2.02   221   1.27    615   0.30  -0.40   9999  9999
  0848  70334 410233   7.89   0.00  15.70   8.90   2.08   229   1.32    644   0.50   1.70   9999  9999
 -0858  71684 409491   1.07  20.93  16.19   8.46   2.05   223   1.28    624   0.10  -0.20   9.60    97
  0858  71701 409489   2.17  19.92  16.19   8.46   2.05   223   1.28    623   0.50  -0.30   9.61    97
  0858  71702 409485   2.77   1.33  16.18   8.46   2.05   223   1.28    624   0.50  -0.30   9.60    97
  0859  71701 409489   4.30  17.78  16.18   8.46   2.05   223   1.28    624   0.40  -0.20   9.59    97
  0859  71702 409493   5.00  16.99  16.18   8.46   2.05   223   1.28    624   0.40  -0.20   9.57    96
  0859  71702 409498   6.23  15.73  16.18   8.46   2.06   224   1.28    625   0.40  -0.30   9.57    96
  0859  71702 409499   7.20  14.58  16.18   8.46   2.06   224   1.28    626   0.50  -0.40   9.56    96
  0900  71702 409501   7.90  13.89  16.18   8.46   2.08   226   1.29    632   0.30  -0.40   9.56    96
  0900  71696 409497   9.13  12.91  16.48   8.35   2.99   323   1.89    957   0.60   0.20   9.19    94
  0901  71699 409501   9.97  11.85  16.17   8.29   3.01   327   1.92    970   0.30   0.10   8.79    89
  0902  71698 409500  11.12  10.69  16.13   8.26   3.21   349   2.05   1048   0.20   0.20   8.65    88
  0903  71701 409503  12.10   9.61  15.75   8.24   3.17   348   2.05   1044   0.50   0.10   8.53    86
  0903  71700 409502  13.09   8.61  15.59   8.21   3.15   347   2.04   1040   0.20   0.10   8.33    83
  0905  71701 409500  14.06   7.83  15.00   8.14   3.10   346   2.04   1038   0.30   0.20   7.88    78
  0906  71703 409498  15.22   6.55  14.34   7.93   3.22   365   2.16   1103   0.30   1.10   6.30    61
  0907  71702 409496  16.08   5.81  14.32   7.90   3.23   366   2.16   1107   0.30   1.40   6.13    60
  0907  71700 409493  17.11   4.86  14.24   7.89   3.24   368   2.18   1115   0.50   1.60   6.08    59
  0909  71698 409504  18.01   3.63  14.14   7.81   3.27   372   2.20   1128   0.30   2.10   5.25    51
  0910  71699 409507  19.04   2.65  14.07   7.76   3.29   375   2.22   1138   0.60   2.60   4.77    46
  0911  71697 409507  20.02   1.59  14.04   7.75   3.30   376   2.23   1142   0.40   2.40   4.72    46
  0912  71698 409501  21.12   0.75  13.92   7.68   3.33   381   2.26   1158   0.40   2.90   3.82    37
 -0836  71405 408815   1.14   5.49  16.12   8.46   2.23   242   1.40    692   0.47  -0.10   9999  9999
  0836  71421 408812   2.17   4.46  16.12   8.46   2.25   245   1.41    702   0.36  -0.18   9999  9999
  0836  71422 408811   3.33   3.25  16.14   8.44   2.41   262   1.52    746   0.38  -0.00   9999  9999
  0836  71423 408811   4.28   2.34  16.15   8.42   2.54   277   1.60    795   0.41  -0.00   9999  9999
  0836  71424 408810   5.27   1.34  16.18   8.38   2.78   303   1.75    885   0.16   0.14   9999  9999
  0836  71424 408810   6.01   0.02  16.22   8.35   3.40   369   2.16   1118   0.24   0.18   9999  9999
 -0920  72552 408771   1.09  10.18  16.17   8.48   2.10   228   1.31    640   0.70  -0.30   9999  9999
  0920  72562 408771   1.93   9.66  16.17   8.47   2.10   228   1.31    640   0.50  -0.30   9999  9999
  0920  72564 408771   2.94   8.64  16.17   8.47   2.10   228   1.31    641   0.40  -0.30   9999  9999
  0920  72565 408771   3.97   7.50  16.17   8.47   2.10   228   1.31    642   0.50  -0.40   9999  9999
  0920  72566 408771   5.00   6.44  16.17   8.47   2.10   228   1.31    642   0.70  -0.30   9999  9999
  0920  72566 408771   5.99   5.49  16.17   8.47   2.11   229   1.31    644   0.50  -0.30   9999  9999
  0920  72567 408771   6.99   4.34  16.17   8.46   2.11   230   1.32    646   0.30   1.20   9999  9999
  0920  72567 408771   7.90   3.45  16.18   8.45   2.13   232   1.33    655   0.60   0.50   9999  9999
  0920  72565 408768   8.89   2.48  16.35   8.42   2.62   284   1.65    821   0.30   0.00   9999  9999
  0920  72563 408765   9.90   1.45  16.19   8.34   3.04   330   1.94    981   0.40   0.10   9999  9999
  0920  72563 408764  10.88   0.75  16.10   8.30   3.05   332   1.95    989   0.10   0.10   9999  9999
 -0927  73126 407852   1.02   8.19  16.27   8.62   1.83   199   1.13    537   0.80  -0.10   9999  9999
  0927  73128 407847   1.90   7.40  16.27   8.61   1.83   199   1.13    537   0.50   0.00   9999  9999
  0927  73129 407845   2.93   0.00  16.27   8.61   1.83   199   1.13    537   0.70   0.10   9999  9999
  0927  73129 407844   3.91   5.33  16.27   8.61   1.83   199   1.13    539   0.50  -0.10   9999  9999
  0928  73128 407842   4.91   4.24  16.26   8.61   1.84   200   1.14    542   0.60  -0.10   9999  9999
  0928  73127 407841   5.95   3.01  16.26   8.61   1.85   201   1.14    545   0.60   0.00   9999  9999
  0928  73127 407841   6.92   1.89  16.25   8.60   1.86   202   1.15    550   0.60  -0.10   9999  9999
  0928  73125 407837   7.89   0.75  16.25   8.51   2.10   228   1.31    641   0.30  -0.10   9999  9999
 -1150  75734 406438   1.06   9.31  16.55   8.68   1.52   164   0.93    417   1.50   0.30  10.60   108
  1150  75738 406445   2.05   8.35  16.55   8.68   1.51   163   0.92    414   1.60   0.10  10.60   108
  1150  75739 406447   2.96   7.31  16.51   8.68   1.52   164   0.92    417   1.50   0.30  10.60   108
  1151  75739 406448   4.05   6.08  16.54   8.67   1.51   163   0.92    415   1.50   0.30  10.60   108
  1151  75738 406450   5.01   5.09  16.50   8.67   1.52   164   0.93    417   1.60   0.10  10.60   108
  1151  75740 406450   6.00   4.06  16.49   8.67   1.52   164   0.93    418   1.70   0.10  10.50   107
  1152  75740 406449   7.02   3.15  16.47   8.66   1.52   164   0.93    419   1.50   0.10  10.50   107
  1152  75739 406447   8.10   2.21  16.41   8.66   1.53   166   0.94    423   1.20   0.00  10.50   106
  1152  75741 406446   8.98   1.30  16.37   8.65   1.53   166   0.94    425   1.00   0.20  10.40   105
  1153  75742 406444   9.90   0.00  16.37   8.64   1.53   165   0.93    422   1.20   0.60  10.20   103
 -0951  77127 406195   1.10  13.19  16.49   8.64   1.35   146   0.82    355   1.70   0.10   9999  9999
  0951  77130 406197   1.92  12.54  16.49   8.64   1.35   145   0.82    353   1.60   0.10   9999  9999
  0951  77132 406198   2.88  11.51  16.49   8.64   1.35   145   0.82    353   1.50   0.20   9999  9999
  0951  77134 406199   3.93  10.49  16.49   8.64   1.35   145   0.81    353   1.70   0.10   9999  9999
  0951  77135 406199   4.90   9.50  16.49   8.64   1.35   145   0.82    353   1.70   0.20   9999  9999
  0951  77138 406200   5.95   8.50  16.49   8.64   1.35   146   0.82    354   1.70   0.20   9999  9999
  0951  77140 406201   6.89   7.50  16.48   8.64   1.35   146   0.82    355   1.70   0.10   9999  9999
  0951  77142 406202   7.93   6.44  16.48   8.64   1.35   146   0.82    355   1.80   0.10   9999  9999
  0951  77142 406202   8.91   5.44  16.47   8.64   1.36   147   0.83    359   1.60   0.20   9999  9999
  0951  77144 406203   9.91   4.48  16.47   8.63   1.38   148   0.83    364   1.50   0.10   9999  9999
  0951  77144 406203  10.97   3.38  16.46   8.62   1.41   152   0.86    377   1.40   0.10   9999  9999
  0951  77145 406203  11.97   2.43  16.48   8.63   1.44   156   0.88    390   1.70   0.00   9999  9999
  0951  77144 406203  12.93   1.38  16.49   8.60   1.47   158   0.89    398   1.40   0.10   9999  9999
  0952  77144 406202  13.89   0.75  16.48   8.55   1.72   186   1.06    493   0.80   0.30   9999  9999
 -1119  80148 408111   1.16   0.75  16.58   8.75   1.23   132   0.74    308   2.50   1.00  11.60   118
  1119  80148 408110   1.97   2.39  16.58   8.75   1.23   132   0.74    308   2.60   1.30  11.60   118
  1120  80149 408109   3.05  13.59  16.57   8.74   1.23   133   0.74    309   2.50   1.20  11.50   117
  1120  80150 408108   4.03  12.65  16.54   8.74   1.23   133   0.74    309   2.70   1.00  11.40   116
  1121  80145 408098   5.05  11.49  16.55   8.73   1.23   133   0.74    309   2.60   1.10  11.30   115
  1122  80140 408088   6.07  10.30  16.54   8.73   1.23   133   0.74    311   2.40   1.30  11.20   114
  1122  80137 408087   7.14   9.20  16.51   8.73   1.24   133   0.75    312   2.70   1.20  11.20   114
  1122  80134 408085   8.06   8.25  16.53   8.73   1.23   133   0.74    311   2.40   1.30  11.10   113
  1123  80132 408085   9.17   7.19  16.52   8.73   1.23   133   0.74    311   2.30   1.10  11.10   113
  1123  80128 408087  10.18   6.25  16.51   8.73   1.24   133   0.75    312   2.40   1.40  11.10   113
  1123  80126 408087  11.08   5.30  16.49   8.72   1.24   134   0.75    315   2.30   1.00  11.10   113
  1124  80123 408089  12.00   4.38  16.49   8.73   1.25   135   0.75    317   2.30   1.00  11.10   113
  1124  80123 408090  12.95   3.45  16.47   8.72   1.25   135   0.76    318   2.60   0.80  11.10   112
  1124  80124 408093  14.04   2.40  16.46   8.71   1.26   136   0.76    320   2.30   1.00  11.00   112
  1126  80144 408096  15.06   1.38  16.34   8.60   1.30   140   0.79    336   1.50   1.30   9.38    95
  1127  80149 408099  15.89   0.75  15.83   8.46   1.64   180   1.02    473   1.30   1.10   9.80    98
 -1024  83672 408519   1.11  11.89  16.55   8.74   1.23   132   0.74    308   4.50   1.00   9999  9999
  1024  83679 408520   1.93  11.18  16.54   8.73   1.23   132   0.74    309   2.70   0.90   9999  9999
  1024  83681 408520   2.93  10.25  16.53   8.72   1.23   132   0.74    309   2.50   0.80   9999  9999
  1024  83681 408520   3.90   9.23  16.53   8.72   1.23   132   0.74    309   2.40   0.70   9999  9999
  1024  83682 408519   4.96   8.20  16.54   8.72   1.23   133   0.74    309   1.90   0.90   9999  9999
  1024  83682 408519   5.88   7.11  16.54   8.72   1.23   133   0.74    309   2.10   0.90   9999  9999
  1025  83681 408518   6.92   6.14  16.53   8.72   1.23   132   0.74    308   2.30   0.80   9999  9999
  1025  83681 408518   7.89   5.06  16.52   8.71   1.23   132   0.74    309   2.20   0.90   9999  9999
  1025  83681 408517   8.95   4.01  16.51   8.71   1.23   132   0.74    309   2.10   1.00   9999  9999
  1025  83681 408516   9.92   2.99  16.51   8.71   1.23   132   0.74    309   1.90   1.10   9999  9999
  1025  83680 408515  10.94   1.95  16.51   8.71   1.23   133   0.74    309   1.60   0.90   9999  9999
  1025  83680 408514  11.94   0.88  16.50   8.71   1.23   133   0.74    310   1.80   1.00   9999  9999
 -1044  86034 411518   0.99  11.15  17.14   8.50   0.64    69   0.37    116   2.00   2.20  10.50   108
  1044  86055 411530   2.15   9.88  17.09   8.50   0.65    69   0.38    118   1.80   2.60  10.50   108
  1044  86056 411530   3.17   0.00  17.08   8.49   0.65    69   0.38    118   1.90   2.40  10.40   107
  1045  86053 411527   4.05   7.88  16.98   8.50   0.67    71   0.39    124   2.00   2.20  10.50   107
  1045  86051 411525   5.05   6.95  16.87   8.49   0.73    78   0.42    141   1.60   2.20  10.40   107
  1045  86052 411526   6.07   5.95  16.80   8.50   0.77    83   0.45    154   1.30   1.50  10.30   105
  1046  86052 411527   7.05   4.91  16.80   8.50   0.78    84   0.46    157   1.40   1.50  10.20   104
  1046  86051 411527   8.08   3.90  16.78   8.50   0.79    85   0.47    160   1.20   1.90  10.20   104
  1046  86053 411529   9.00   2.95  16.77   8.50   0.80    86   0.47    164   1.20   1.60  10.20   104
  1047  86054 411531  10.04   1.96  16.74   8.51   0.83    90   0.49    174   1.30   1.90  10.20   104
  1047  86055 411531  11.03   0.96  16.70   8.52   0.86    92   0.51    182   0.70   1.50  10.20   104
