# MEETVAARTUIG : M.S. ARGUS
# MEETDATUM    : 10-11-2005 08:48:23
# MEETGEBIED   : VOLKERAK/ZOOMMEER
# STARTPUNT    : KRAMMERSLUIZEN
# EINDPUNT     : KREEKRAKSLUIZEN
# PROJECTCODE  : E7608X
# OPDRACHTGEVER: ZLXXAXAMDBG
# BEHEERDER    : ZLXXAXAMDBG
# BEMONST. INST:
# WAARNEMER(S) : HENK KORSTANJE
#
* 20051110
$ 9999 [00000000000000]
>TIJD      uumm                    
>X         coordinaat              
>Y         coordinaat              
>SENSHTE   Diepte set        m     
>ECHOS     Echoset           mtrs  
>Echo      Echoschip         M     
>Temp      Temperatuur       oC            : 10.0  0.5  15  0.5
>pH        Zuurgraad         dimsls
>O2        Zuurstof          mg/l  
>%O2       Zuurstof%         %     
>GELBH     Geleidendheid     mS/cm 
>SALNTT    Saliniteit        dimsl 
>CL-       Chloride          mg/l  
>CHFLYSI   Chlorofyl         ugr/l 
 -1200  86100 411550   1.09   9999   9999   9999   9999   9999   9999   9999   9999   9999  9999
  1200  86100 411550  12.01   9999   9999   9999   9999   9999   9999   9999   9999   9999  9999
 -1200  83690 408530   1.14   9999   9999   9999   9999   9999   9999   9999   9999   9999  9999
  1200  83690 408530  11.09   9999   9999   9999   9999   9999   9999   9999   9999   9999  9999
 -1200  80150 408100   1.07   9999   9999   9999   9999   9999   9999   9999   9999   9999  9999
  1200  80150 408100  15.82   9999   9999   9999   9999   9999   9999   9999   9999   9999  9999
 -1200  77150 406200   1.16   9999   9999   9999   9999   9999   9999   9999   9999   9999  9999
  1200  77150 406200  13.83   9999   9999   9999   9999   9999   9999   9999   9999   9999  9999
 -1200  73130 407830   0.92   9999   9999   9999   9999   9999   9999   9999   9999   9999  9999
  1200  73130 407830   7.93   9999   9999   9999   9999   9999   9999   9999   9999   9999  9999
 -1200  72570 408770   0.94   9999   9999   9999   9999   9999   9999   9999   9999   9999  9999
  1200  72570 408770  10.81   9999   9999   9999   9999   9999   9999   9999   9999   9999  9999
 -1200  71420 408820   0.90   9999   9999   9999   9999   9999   9999   9999   9999   9999  9999
  1200  71420 408820   5.82   9999   9999   9999   9999   9999   9999   9999   9999   9999  9999
 -0848  71703 409499   1.07  20.05  22.50  11.92   8.08  10.17    96   1.54   1.05    489   2.70
  0849  71700 409504   2.07  19.00  22.50  11.92   8.08  10.43    96   1.53   1.05    487   2.80
  0849  71696 409501   2.92  18.15  22.50  11.92   8.08  10.45    96   1.53   1.05    487   2.80
  0849  71695 409503   3.87  17.10  22.50  11.92   8.08  10.45    96   1.54   1.05    489   2.60
  0850  71695 409505   5.05  15.65  22.50  11.93   8.09  10.46    96   1.54   1.05    489   2.90
  0850  71695 409506   6.12  14.45  22.40  11.93   8.08  10.43    96   1.54   1.05    489   3.00
  0850  71695 409508   7.06  13.50  22.40  11.92   8.05  10.46    96   1.54   1.06    491   2.80
  0850  71697 409508   7.93  12.50  22.40  11.94   8.06  10.44    96   1.59   1.09    512   2.70
  0851  71702 409503   8.97  12.10  22.60  12.19   8.07  10.26    95   1.73   1.18    565   2.50
  0851  71704 409501   9.87  11.45  22.80  12.09   8.06  10.25    94   1.65   1.13    534   2.70
  0852  71706 409501  10.93  10.60  22.70  12.16   8.06  10.22    94   1.77   1.22    584   2.90
  0852  71709 409499  11.92   9.60  22.90  12.24   8.05  10.23    95   1.83   1.26    607   2.80
  0853  71710 409493  13.02   8.75  22.80  12.27   8.05   9.98    92   1.87   1.28    620   2.70
  0854  71706 409499  14.08   7.55  22.70  12.33   8.04   9.62    89   1.94   1.33    649   2.20
  0854  71705 409503  14.88   6.70  22.70  12.30   8.04   9.68    90   1.96   1.34    657   2.20
  0854  71703 409501  16.09   5.50  22.60  12.33   8.00   9.73    90   2.02   1.39    683   3.60
  0855  71696 409497  16.95   4.65  22.60  12.38   8.03   9.55    89   2.05   1.40    693   2.80
  0855  71694 409499  17.94   3.60  22.60  12.42   8.02   9.50    88   2.06   1.41    697   2.30
  0856  71694 409501  19.00   2.40  22.50  12.38   8.02   9.49    88   2.06   1.42    699   2.40
  0857  71694 409505  20.07   1.10  22.50  12.49   7.97   8.79    82   2.13   1.46    727   2.30
 -1200  71500 409870   0.81   9999   9999   9999   9999   9999   9999   9999   9999   9999  9999
  1200  71500 409870  18.91   9999   9999   9999   9999   9999   9999   9999   9999   9999  9999
 -1200  70350 410230   0.89   9999   9999   9999   9999   9999   9999   9999   9999   9999  9999
  1200  70350 410230   6.81   9999   9999   9999   9999   9999   9999   9999   9999   9999  9999
