# MEETVAARTUIG : M.S. ARGUS
# MEETDATUM    : 11-06-2013 08:12:36
# MEETGEBIED   :
# STARTPUNT    :
# EINDPUNT     :
# PROJECTCODE  :
# OPDRACHTGEVER:
# BEHEERDER    :
# BEMONST. INST:
# WAARNEMER(S) : K. de Vlaam
#
* 20130611
$ 9999 [000000000000]
>TIJD      uumm                    
>X         coordinaat              
>Y         coordinaat              
>SENSHTE   Diepte set        m     
>ECHOS     Echoset           mtrs  
>Temp      Temperatuur       oC     : 11.0   0.5   15   0.5
>pH        Zuurgraad         dimsls
>GELBH     Geleidendheid     mS/cm 
>SALNTT    Saliniteit        dimsl 
>CL-       Chloride          mg/l  
>O2        Zuurstof          mg/l  
>%O2       Zuurstof%         %     
 -0812  70368 410209   1.02   6.50  16.75   8.70   1.88   1.15    547   9999  9999
  0812  70360 410213   1.88   5.85  16.75   8.69   1.88   1.15    547   9999  9999
  0812  70353 410217   2.86   4.50  16.75   8.70   1.88   1.15    548   9999  9999
  0812  70349 410219   3.80   3.75  16.73   8.70   1.88   1.15    549   9999  9999
  0813  70342 410225   4.84   3.05  16.70   8.70   1.89   1.16    555   9999  9999
  0813  70342 410226   5.85   1.90  16.62   8.70   1.90   1.17    557   9999  9999
  0813  70344 410227   6.84   1.05  16.55   8.69   1.91   1.18    564   9999  9999
 -0753  71707 409526   1.00  19.75  16.93   8.76   1.85   1.12    533  10.26   106
  0753  71703 409512   1.94  19.05  16.93   8.76   1.84   1.12    532  10.24   106
  0753  71702 409508   2.95  18.20  16.93   8.76   1.84   1.12    532  10.22   106
  0754  71701 409506   4.03  17.10  16.93   8.76   1.85   1.12    533  10.21   106
  0754  71698 409501   4.95  16.40  16.92   8.76   1.84   1.12    533  10.19   106
  0754  71697 409499   5.99  15.45  16.92   8.76   1.85   1.13    536  10.18   106
  0755  71696 409499   6.96  14.60  17.00   8.73   2.04   1.25    604  10.16   106
  0755  71695 409495   8.01  13.65  16.91   8.70   2.27   1.39    691  10.15   106
  0756  71699 409494   9.02  12.65  15.83   8.53   3.52   2.28   1174   9.92   101
  0756  71700 409496  10.03  11.45  13.61   8.51   3.49   2.40   1235  10.02    98
  0757  71695 409502  11.00  10.30  12.84   8.38   3.42   2.39   1232   9.27    89
  0758  71699 409502  11.96   9.35  12.80   8.31   3.44   2.40   1240   9.16    88
  0759  71700 409502  12.93   8.40  12.82   8.29   3.43   2.40   1237   9.06    87
  0800  71699 409501  14.02   7.35  12.16   8.25   3.40   2.42   1247   8.87    84
  0801  71698 409501  14.94   6.50  11.97   8.20   3.50   2.50   1294   8.39    79
  0802  71700 409499  16.01   5.60  11.80   8.15   3.48   2.50   1291   8.10    76
  0802  71699 409501  16.96   4.65  11.70   8.14   3.45   2.49   1285   8.06    75
  0803  71699 409500  18.02   3.55  11.56   8.12   3.47   2.51   1295   7.99    74
  0804  71699 409503  19.06   2.35  11.54   8.03   3.50   2.53   1310   7.15    67
  0805  71700 409503  19.95   1.45  11.53   8.01   3.50   2.54   1311   7.04    66
  0805  71699 409504  20.80   0.70  11.44   7.99   3.51   2.55   1319   7.02    65
 -0746  71397 408826   1.08   0.50  16.82   8.74   1.95   1.19    574   9999  9999
  0746  71403 408824   1.89   0.70  16.84   8.72   1.97   1.21    581   9999  9999
  0746  71407 408822   2.81   3.55  16.88   8.72   2.04   1.25    607   9999  9999
  0746  71409 408821   3.86   2.60  16.95   8.68   2.25   1.38    684   9999  9999
  0746  71410 408820   4.81   1.65  16.95   8.67   2.40   1.48    741   9999  9999
  0746  71411 408818   5.85   0.60  16.96   8.53   3.43   2.16   1108   9999  9999
 -0825  72562 408771   1.08  51.25  16.73   8.82   1.69   1.03    476   9999  9999
  0826  72564 408770   1.83   0.40  16.73   8.82   1.69   1.03    478   9999  9999
  0826  72566 408768   2.83   7.90  16.73   8.82   1.69   1.03    477   9999  9999
  0826  72568 408767   3.85   7.00  16.74   8.82   1.71   1.04    483   9999  9999
  0826  72568 408766   4.81   5.90  16.75   8.81   1.72   1.05    489   9999  9999
  0826  72569 408765   5.84   5.10  16.75   8.81   1.73   1.05    492   9999  9999
  0826  72569 408765   6.84   4.20  16.75   8.82   1.72   1.05    490   9999  9999
  0826  72570 408764   7.89   3.35  16.76   8.79   1.80   1.10    520   9999  9999
  0826  72570 408763   8.82   2.40  16.67   8.55   2.92   1.83    924   9999  9999
  0826  72571 408763   9.83   1.50  15.81   8.54   3.44   2.23   1145   9999  9999
  0826  72573 408761  10.81   0.65  12.85   8.51   3.43   2.40   1235   9999  9999
 -0832  73122 407851   1.09   7.35  16.63   8.81   1.57   0.96    435   9999  9999
  0832  73128 407838   1.81   6.40  16.64   8.80   1.58   0.96    436   9999  9999
  0832  73129 407837   2.92   5.60  16.64   8.80   1.58   0.96    437   9999  9999
  0832  73130 407836   3.89   4.20  16.65   8.80   1.58   0.96    438   9999  9999
  0832  73132 407828   4.81   3.55  16.65   8.80   1.59   0.96    440   9999  9999
  0832  73132 407828   5.86   2.65  16.66   8.80   1.59   0.97    442   9999  9999
  0832  73132 407827   6.94   1.55  16.65   8.80   1.60   0.97    445   9999  9999
  0833  73133 407823   7.81   0.55  16.61   8.76   1.74   1.07    500   9999  9999
 -1045  75751 406440   0.98   9.30  16.50   8.84   1.45   0.88    393  11.09   114
  1045  75753 406442   1.93  51.25  16.48   8.84   1.45   0.88    393  11.09   114
  1045  75753 406444   2.92   7.30  16.49   8.84   1.45   0.88    393  11.08   114
  1046  75752 406445   3.99   6.25  16.42   8.83   1.45   0.89    394  11.05   113
  1046  75753 406447   4.98   5.15  16.41   8.82   1.46   0.89    397  11.00   113
  1046  75754 406448   5.96   4.20  16.42   8.81   1.47   0.90    400  10.94   112
  1047  75753 406448   6.93  51.25  16.42   8.81   1.47   0.90    400  10.92   112
  1047  75753 406449   7.99  51.25  16.39   8.80   1.47   0.90    401  10.90   112
  1049  75760 406444   9.00  51.25  16.05   8.67   1.65   1.02    473  10.21   104
  1050  75758 406437   9.82  51.25  15.81   8.60   1.90   1.19    573   9.74    99
 -0852  77122 406206   0.99  51.25  16.32   8.83   1.43   0.87    385   9999  9999
  0852  77139 406208   1.88  12.25  16.33   8.83   1.42   0.87    384   9999  9999
  0852  77142 406208   2.84  11.45  16.33   8.83   1.42   0.87    384   9999  9999
  0852  77146 406208   3.82  10.20  16.32   8.83   1.43   0.87    385   9999  9999
  0852  77147 406205   4.81   9.65  16.28   8.82   1.43   0.87    387   9999  9999
  0852  77146 406205   5.83   8.25  16.28   8.82   1.43   0.87    387   9999  9999
  0852  77146 406204   6.89   7.80  16.28   8.82   1.43   0.88    389   9999  9999
  0852  77146 406204   7.87   6.40  16.26   8.82   1.43   0.88    388   9999  9999
  0852  77145 406203   8.81   5.75  16.24   8.80   1.45   0.89    394   9999  9999
  0852  77145 406202   9.95  51.25  15.90   8.67   1.85   1.15    549   9999  9999
  0852  77144 406201  10.86   3.45  14.82   8.53   2.86   1.88    949   9999  9999
  0853  77142 406199  11.81   2.55  14.40   8.51   2.91   1.93    977   9999  9999
  0853  77141 406197  12.82  51.25  14.06   8.49   2.89   1.94    979   9999  9999
  0853  77139 406193  13.81  51.25  13.34   8.45   2.88   1.97    997   9999  9999
 -1014  80149 408127   1.05  15.10  16.16   8.75   1.43   0.88    390  11.14   114
  1014  80130 408109   2.03  14.15  16.13   8.75   1.43   0.88    390  11.13   113
  1015  80144 408110   2.99  13.25  16.09   8.74   1.43   0.88    390  11.08   113
  1015  80147 408110   3.96  12.30  16.08   8.75   1.43   0.88    391  11.08   113
  1015  80153 408110   5.00  11.20  16.10   8.75   1.43   0.88    391  11.04   112
  1015  80154 408112   5.92  10.45  16.05   8.75   1.43   0.88    391  11.05   112
  1016  80149 408114   7.01   9.35  16.03   8.74   1.43   0.88    390  10.99   112
  1016  80146 408115   7.95   8.40  16.00   8.73   1.43   0.88    390  11.00   112
  1017  80137 408120   8.95   7.40  15.92   8.69   1.43   0.88    390  10.63   108
  1017  80131 408126   9.94   6.50  15.87   8.67   1.46   0.90    405  10.52   107
  1018  80131 408129  10.95  51.25  15.34   8.53   1.95   1.24    599  10.29   103
  1019  80130 408129  11.93   4.45  15.02   8.46   2.24   1.45    720   9.79    98
  1020  80141 408116  12.94   3.60  14.63   8.38   2.35   1.53    754   9.31    92
  1020  80142 408115  13.99   2.70  14.39   8.37   2.38   1.56    769   9.33    92
  1021  80144 408112  14.92  51.25  14.07   8.33   2.41   1.60    790   9.17    90
  1021  80149 408112  15.97   0.65  13.88   8.28   2.42   1.61    797   8.86    86
 -2359  83688 408515   1.00   9999   9999   9999   9999   9999   9999   9999  9999
  2359  83688 408515  12.00   9999   9999   9999   9999   9999   9999   9999  9999
 -0937  86038 411522   1.08  51.25  15.64   8.59   1.26   0.78    330  10.98   111
  0937  86057 411535   1.96  51.25  15.53   8.59   1.27   0.79    335  11.00   111
  0938  86057 411530   2.94  51.25  15.52   8.54   1.27   0.79    335  10.66   107
  0939  86057 411527   3.97   7.50  15.51   8.52   1.27   0.78    335  10.55   106
  0939  86054 411523   5.00  51.25  15.51   8.52   1.27   0.78    335  10.51   106
  0939  86053 411521   5.96   5.45  15.51   8.52   1.27   0.78    334  10.50   106
  0940  86053 411520   6.94  51.25  15.51   8.51   1.27   0.78    334  10.45   105
  0941  86064 411526   7.99   3.60  15.29   8.39   1.26   0.78    334  10.02   100
  0942  86066 411527   8.97  51.25  15.44   8.38   1.34   0.83    362   9.87    99
  0942  86067 411530  10.02  51.25  15.35   8.40   1.33   0.83    361   9.89    99
  0943  86067 411533  10.94  51.25  15.34   8.39   1.33   0.83    360   9.81    98
  0943  86069 411530  11.81  51.25  15.19   8.35   1.34   0.83    364   9.51    95
