# MEETVAARTUIG         : M.C.ECOS 6 VERTIKAAL
# MEETDATUM            : 14-11-2024 10:47:47
# MEETGEBIED           : VOLKERAK/ZOOMMEER
# STARTPUNT            : KRAMMER
# EINDPUNT             : KREEKRAK
# PROJECTCODE          : ATS ZTS
# OPDRACHTGEVER        : ZLXXAXAMDBG
# BEHEERDER            : ZLXXAXAMDBG
# BEMONST. INST        : []
# WAARNEMER(S)         : Bernaards
#
* 20241114
$ 9999 [00000000000000000000]
>TIJD       uumm                         
>X          coordinaat                   
>Y          coordinaat                   
>SENSHTE    Diepte set           m       
>Echms      Echoset              mtrs    
>Temp       Temperatuur          oC      
>pH         Zuurgraad            pH      
>O2         Zuurstof             mg/l    
>%O2        Zuurstof%            %       
>GELBH      Geleidendheid        mS/cm   
>GEL20      Gel20                ???     
>SALNTT     Saliniteit           dimsl   
>CL-        Chloride             mg/l    
>CHFLYSI    Chlorofyl            ugr/l   
>TURBID     Troebelheid          NTU     
>PHYCOUG    Phycocyanine         ug/l    
 -1112    70350   410230    0.94    9.40   10.46    8.07    9999   9999    1.13    140    0.79     335    0.83    0.60    0.44
  1112    70350   410230    1.91    7.91   10.46    8.06    9999   9999    1.13    140    0.79     335    0.77    0.61    0.15
  1112    70350   410230    2.89    6.75   10.46    8.06    9999   9999    1.13    140    0.79     336    0.61    0.62    0.21
  1112    70350   410230    3.94    5.54   10.49    8.06    9999   9999    1.14    142    0.80     341    0.62    0.63    0.31
  1112    70350   410230    4.94    4.09   10.49    8.06    9999   9999    1.15    143    0.81     345    0.47    0.70    0.16
  1112    70350   410230    5.93    2.86   10.48    8.06    9999   9999    1.15    143    0.81     345    0.57    0.68    0.36
  1112    70350   410230    6.88    1.81   10.58    8.06    9999   9999    1.28    159    0.90     399    0.52    0.74    0.25
  1112    70350   410230    7.93    0.75   10.84    8.02    9999   9999    1.36    168    0.95     430    0.52    0.71    0.16
 -1052    71700   409500    1.09   20.67   10.61    8.09   10.30     92    1.14    142    0.80     340    0.86    0.72    9999
  1053    71700   409500    1.96   19.40   10.59    8.09   10.30     92    1.14    142    0.80     341    0.77    0.69    9999
  1053    71700   409500    3.02   17.83   10.57    8.09   10.30     92    1.15    142    0.80     343    0.60    0.61    9999
  1053    71700   409500    4.03   17.29   10.56    8.09   10.30     92    1.15    143    0.80     344    0.69    0.58    9999
  1053    71700   409500    4.95   17.90   10.55    8.08   10.30     92    1.15    143    0.80     344    0.72    0.52    9999
  1054    71700   409500    6.07   15.76   10.53    8.09   10.30     91    1.15    143    0.81     344    0.54    0.60    9999
  1055    71700   409500    7.01   14.11   11.21    7.97    9.46     85    1.53    186    1.07     495    0.44    0.68    9999
  1056    71700   409500    7.95   14.01   11.07    7.91    7.35     66    1.39    170    0.97     438    0.66    0.81    9999
  1056    71700   409500    9.15   11.30   11.65    7.85    8.29     76    1.65    200    1.14     542    0.52    0.92    9999
  1056    71700   409500   10.02   10.95   11.30    7.79    7.69     70    1.82    221    1.27     617    0.54    0.81    9999
  1057    71700   409500   11.06   10.60   10.93    7.87    8.76     79    1.87    230    1.33     648    0.47    0.95    9999
  1058    71700   409500   11.97    8.14   10.95    7.88    8.86     80    2.00    246    1.42     703    0.41    0.99    9999
  1058    71700   409500   12.96    7.20   10.94    7.89    8.98     81    2.08    256    1.48     738    0.50    0.99    9999
  1059    71700   409500   14.05    6.25   10.92    7.88    8.98     81    2.14    264    1.53     751    0.45    1.03    9999
  1059    71700   409500   15.00    4.86   10.83    7.91    9.15     82    2.18    268    1.56     767    0.46    0.93    9999
  1100    71700   409500   16.00    4.09   10.73    7.95    9.61     86    2.20    271    1.58     777    0.54    0.81    9999
  1100    71700   409500   16.99    2.90   10.78    7.94    9.52     85    2.23    275    1.60     789    0.56    0.85    9999
  1101    71700   409500   18.00    2.39   10.80    7.93    9.46     85    2.26    279    1.63     803    0.48    0.92    9999
  1101    71700   409500   18.93    2.64   10.80    7.92    9.43     85    2.31    285    1.67     825    0.42    0.78    9999
  1102    71700   409500   19.97    1.59   10.82    7.91    9.31     84    2.34    288    1.68     835    0.51    0.93    9999
  1103    71700   409500   20.94    0.75   10.95    7.76    7.88     71    2.42    298    1.74     869    0.50    0.83    9999
 -1046    71420   408820    1.03    5.56   10.63    8.07    9999   9999    1.30    162    0.92     409    0.68    0.70    0.33
  1046    71420   408820    1.91    4.40   10.63    8.06    9999   9999    1.33    164    0.93     418    0.66    0.76    0.15
  1046    71420   408820    2.96    3.46   10.63    8.05    9999   9999    1.39    172    0.98     445    0.67    0.83    0.36
  1046    71420   408820    3.96    2.50   10.63    8.04    9999   9999    1.48    183    1.05     484    0.64    0.79    0.24
  1046    71420   408820    4.90    1.89   10.62    8.03    9999   9999    1.58    196    1.12     529    0.68    0.86    0.23
  1047    71420   408820    5.95    0.76   10.62    8.03    9999   9999    1.73    214    1.23     592    0.62    0.84    0.26
 -1039    72570   408770    1.03   10.76   10.60    8.10    9999   9999    1.10    137    0.77     324    0.68    0.78    0.26
  1040    72570   408770    1.94    9.11   10.60    8.09    9999   9999    1.11    137    0.77     324    0.73    0.68    0.22
  1040    72570   408770    2.90    8.09   10.60    8.09    9999   9999    1.11    137    0.77     325    0.71    0.68    0.29
  1040    72570   408770    3.97    7.00   10.59    8.09    9999   9999    1.11    138    0.78     327    0.71    0.74    0.30
  1040    72570   408770    4.89    5.90   10.59    8.09    9999   9999    1.12    138    0.78     329    0.72    0.74    0.16
  1040    72570   408770    5.92    5.05   10.58    8.09    9999   9999    1.12    139    0.78     332    0.64    0.69    0.30
  1040    72570   408770    6.98    4.16   10.58    8.09    9999   9999    1.13    140    0.79     334    0.51    0.74    0.22
  1040    72570   408770    8.09    3.11   10.60    8.09    9999   9999    1.16    144    0.81     347    0.62    0.66    0.35
  1040    72570   408770    8.92    2.13   10.96    8.04    9999   9999    1.55    190    1.09     508    0.51    0.81    0.25
  1040    72570   408770    9.99    1.26   11.04    7.98    9999   9999    1.64    201    1.15     545    0.42    0.76    0.19
 -1033    73130   407830    1.05    7.83   10.54    8.10    9999   9999    1.07    133    0.75     312    0.62    0.77    0.18
  1033    73130   407830    1.91    6.75   10.54    8.10    9999   9999    1.07    133    0.75     312    0.59    0.76    0.17
  1033    73130   407830    2.98    5.48   10.54    8.10    9999   9999    1.07    133    0.75     312    0.63    0.68    0.17
  1034    73130   407830    3.90    4.33   10.54    8.10    9999   9999    1.07    133    0.75     312    0.61    0.69    0.19
  1034    73130   407830    4.89    3.29   10.54    8.10    9999   9999    1.08    133    0.75     312    0.81    0.70    0.27
  1034    73130   407830    5.88    2.30   10.54    8.10    9999   9999    1.08    133    0.75     312    0.64    0.70    0.21
  1034    73130   407830    6.93    1.33   10.53    8.10    9999   9999    1.08    134    0.75     313    0.60    0.75    0.16
  1034    73130   407830    7.91    0.00   10.57    8.10    9999   9999    1.13    140    0.79     335    0.61    0.73    0.13
 -0926    75750   406440    1.06   10.03   10.65    8.11   10.50     93    0.99    123    0.69     279    0.60    0.89    9999
  0926    75750   406440    2.01    9.57   10.65    8.11   10.40     93    0.98    122    0.68     276    0.59    1.00    9999
  0926    75750   406440    2.99    8.84   10.65    8.11   10.40     93    0.97    120    0.67     271    0.61    0.99    9999
  0926    75750   406440    3.98    6.81   10.65    8.10   10.50     93    0.99    123    0.69     279    0.53    1.00    9999
  0927    75750   406440    4.99    5.96   10.65    8.11   10.40     93    0.97    120    0.67     270    0.50    0.91    9999
  0927    75750   406440    5.96    4.30   10.65    8.11   10.50     93    0.97    121    0.68     272    0.43    0.97    9999
  0927    75750   406440    6.93    3.66   10.65    8.11   10.50     93    0.97    121    0.68     272    0.55    0.92    9999
  0927    75750   406440    7.92    2.54   10.65    8.10   10.50     94    0.98    121    0.68     274    0.47    0.93    9999
  0927    75750   406440    8.99    1.61   10.65    8.10   10.50     93    1.01    125    0.70     288    0.50    1.07    9999
  0927    75750   406440    9.93    0.76   10.66    8.10   10.40     93    1.03    127    0.71     290    0.49    0.97    9999
 -0937    77150   406200    1.10   12.05   10.89    8.10    9999   9999    0.81    100    0.56     206    0.44    1.14    9999
  0937    77150   406200    1.92   12.28   10.89    8.09    9999   9999    0.81    100    0.56     206    0.52    1.16    9999
  0937    77150   406200    2.94   11.95   10.89    8.08    9999   9999    0.81    100    0.56     206    0.60    1.04    9999
  0937    77150   406200    3.89   10.61   10.88    8.08    9999   9999    0.82    101    0.56     208    0.48    1.23    9999
  0937    77150   406200    4.97    9.51   10.87    8.07    9999   9999    0.86    105    0.59     222    0.51    1.09    9999
  0937    77150   406200    5.92    8.46   10.83    8.06    9999   9999    0.90    111    0.62     239    0.40    1.15    9999
  0937    77150   406200    6.88    5.19   10.74    8.06    9999   9999    0.93    115    0.64     252    0.52    1.14    9999
  0937    77150   406200    7.91    4.43   10.72    8.06    9999   9999    0.94    117    0.65     259    0.47    1.00    9999
  0937    77150   406200    8.89    5.23   10.70    8.07    9999   9999    0.96    119    0.67     268    0.51    1.04    9999
  0937    77150   406200    9.97    4.18   10.68    8.07    9999   9999    0.97    120    0.67     272    0.52    1.11    9999
  0937    77150   406200   10.90    3.09   10.68    8.07    9999   9999    0.99    123    0.69     280    0.51    1.03    9999
  0937    77150   406200   12.01    2.16   10.66    8.07    9999   9999    1.02    126    0.71     288    0.54    1.17    9999
  0937    77150   406200   12.89    1.38   10.67    8.07    9999   9999    1.02    127    0.71     290    0.53    1.31    9999
 -0956    80150   408110    1.03   10.66   10.93    8.08   10.30     92    0.78     96    0.53     192    0.50    1.46    9999
  0956    80150   408110    2.08   14.81   10.93    8.07   10.30     92    0.78     96    0.53     192    0.54    1.60    9999
  0957    80150   408110    3.06   10.56   10.93    8.07   10.30     92    0.78     96    0.53     192    0.54    1.37    9999
  0957    80150   408110    4.00   13.19   10.93    8.07   10.30     92    0.78     96    0.53     192    0.44    1.42    9999
  0957    80150   408110    4.94    7.73   10.93    8.07   10.30     93    0.78     96    0.53     192    0.56    1.18    9999
  0958    80150   408110    5.98    0.79   10.93    8.07   10.30     93    0.78     96    0.53     192    0.48    1.38    9999
  0958    80150   408110    7.08    2.26   10.94    8.07   10.30     93    0.78     96    0.53     193    0.46    1.35    9999
  0958    80150   408110    8.00    6.16   10.94    8.07   10.30     93    0.78     96    0.53     193    0.48    1.42    9999
  0958    80150   408110    9.03    7.80   10.94    8.07   10.30     93    0.78     96    0.53     193    0.40    1.32    9999
  0959    80150   408110   10.11    7.18   10.93    8.07   10.30     92    0.78     96    0.53     194    0.44    1.34    9999
  0959    80150   408110   11.08    5.43   10.94    8.06   10.30     92    0.80     98    0.54     199    0.46    1.48    9999
  0960    80150   408110   11.97    4.68   10.94    8.06   10.20     92    0.80     98    0.54     199    0.55    1.35    9999
  1000    80150   408110   13.00    3.54   10.98    8.04   10.10     90    0.89    110    0.61     236    0.41    1.36    9999
  1001    80150   408110   13.98    2.39   10.99    8.04   10.00     90    0.91    111    0.62     241    0.48    1.40    9999
  1001    80150   408110   15.06    1.28   11.00    8.03    9.98     89    0.92    113    0.63     248    0.47    1.90    9999
  1002    80150   408110   15.93    0.00   11.00    8.02    9.93     89    0.93    114    0.63     248    0.51    2.46    9999
 -1021    83688   408515    1.03   10.86   10.91    8.06    9999   9999    0.68     84    0.46     157    0.48    1.65    9999
  1021    83688   408515    1.98   10.59   10.91    8.06    9999   9999    0.68     84    0.46     157    0.54    1.62    9999
  1021    83688   408515    2.89    9.75   10.91    8.06    9999   9999    0.68     84    0.46     157    0.51    1.65    9999
  1022    83688   408515    4.01    8.20   10.91    8.06    9999   9999    0.68     84    0.46     157    0.49    1.66    9999
  1022    83688   408515    4.91    7.31   10.91    8.06    9999   9999    0.68     84    0.46     157    0.60    1.77    9999
  1022    83688   408515    5.92    5.85   10.91    8.06    9999   9999    0.68     84    0.46     157    0.42    1.68    9999
  1022    83688   408515    6.93    5.00   10.91    8.06    9999   9999    0.68     84    0.46     157    0.45    1.63    9999
  1022    83688   408515    7.94    3.79   10.91    8.06    9999   9999    0.68     84    0.46     158    0.46    1.73    9999
  1022    83688   408515    8.92    2.94   10.91    8.06    9999   9999    0.68     84    0.46     158    0.49    1.71    9999
  1022    83688   408515    9.90    1.64   10.91    8.05    9999   9999    0.68     84    0.46     158    0.39    1.75    9999
  1022    83688   408515   10.96    0.81   10.91    8.05    9999   9999    0.69     85    0.47     161    0.44    1.85    9999
 -1048    86060   411520    1.05   10.79   11.13    8.07   10.20     92    0.50     61    0.33      98    0.37    2.13    9999
  1048    86060   411520    1.98    9.75   11.05    8.06   10.20     92    0.53     65    0.36     109    0.39    2.04    9999
  1048    86060   411520    3.08    9.00   11.09    8.06   10.20     92    0.52     63    0.35     104    0.38    2.01    9999
  1049    86060   411520    3.94    8.56   11.08    8.06   10.20     92    0.52     64    0.35     105    0.49    2.10    9999
  1049    86060   411520    5.05    6.96   11.01    8.05   10.20     92    0.55     67    0.37     113    0.42    2.06    9999
  1049    86060   411520    6.04    5.76   11.01    8.05   10.20     92    0.55     68    0.37     115    0.39    2.17    9999
  1050    86060   411520    7.06    4.79   10.99    8.05   10.20     92    0.56     69    0.38     118    0.43    2.20    9999
  1050    86060   411520    8.00    3.88   10.98    8.05   10.20     92    0.57     70    0.38     120    0.47    2.38    9999
  1050    86060   411520    8.98    2.84   10.98    8.06   10.20     92    0.57     70    0.39     121    0.41    2.59    9999
  1051    86060   411520   10.00    1.71   10.98    8.05   10.20     92    0.58     71    0.39     122    0.47    2.97    9999
  1051    86060   411520   10.98    0.75   10.98    8.05   10.20     92    0.58     71    0.39     123    0.45    3.15    9999
