# MEETVAARTUIG : M.S. ARGUS
# MEETDATUM    : 14-02-2003 09:09:46
# MEETGEBIED   : VOLKERAK/ZOOMMEER
# STARTPUNT    : Zandvliet
# EINDPUNT     : Krammersluis
# PROJECTCODE  : E7608X
# OPDRACHTGEVER: ZLXXAXWMDBG
# BEHEERDER    : ZLXXAXMVSGN
# BEMONST. INST:
# WAARNEMER(S) : Geert den Hartog
#
* 20030214
$ 9999 [00000000000000]
>TIJD      uumm                    
>X         coordinaat              
>Y         coordinaat              
>SENSHTE   Diepte set        m     
>ECHOS     Echoset           mtrs  
>Echo      Echoschip         M     
>Temp      Temperatuur       oC            :1.0  0.5  11  0.5
>pH        Zuurgraad         dimsls
>GELBH     Geleidendheid     mS/cm 
>SALNTT    Saliniteit        dimsl 
>CL-       Chloride          mg/l  
>FLME      Flur ME           ugr/l 
>O2        Zuurstof          mg/l  
>%O2       Zuurstof%         %     
 -1004  86121 411560   1.03  11.52  12.00   2.79   7.91   0.44   0.37    111  -0.12  12.97    95
  1005  86153 411567   1.98   7.25  11.60   2.80   7.92   0.43   0.36    110  -0.12  12.94    94
  1005  86149 411565   3.04   8.78   0.00   2.79   7.93   0.44   0.37    111  -0.12  12.94    94
  1006  86146 411565   4.00   8.26  11.80   2.79   7.94   0.44   0.37    111  -0.12  12.94    94
  1006  86144 411561   5.00   7.39  11.90   2.79   7.94   0.44   0.37    111  -0.12  12.94    94
  1007  86142 411558   5.97   6.62   0.00   2.80   7.94   0.44   0.37    112  -0.12  12.93    94
  1007  86141 411556   7.12   5.62  12.00   2.80   7.94   0.43   0.36    110  -0.12  12.93    94
  1007  86140 411556   8.06   4.75  12.00   2.80   7.94   0.44   0.37    111  -0.12  12.94    94
  1008  86144 411559   9.02   3.50   0.00   2.80   7.94   0.44   0.37    111  -0.12  12.95    94
  1008  86148 411563  10.03   2.02   2.10   2.80   7.94   0.44   0.37    111  -0.12  12.94    94
  1008  86148 411564  11.06   0.91   2.10   2.82   7.93   0.44   0.36    111  -0.12  12.91    94
 -0941  83679 408537   1.02  10.27  12.30   2.54   7.97   0.47   0.40    124  -0.12  13.25    96
  0942  83691 408541   1.87   9.17  11.40   2.55   7.97   0.46   0.39    123  -0.12  13.25    96
  0942  83692 408541   3.10   7.68   2.10   2.55   7.98   0.47   0.40    124  -0.12  13.25    96
  0943  83698 408534   3.99   7.30  10.90   2.54   7.97   0.47   0.40    124  -0.12  13.25    96
  0943  83700 408530   4.92   6.58   0.00   2.54   7.98   0.46   0.39    123  -0.12  13.25    96
  0943  83702 408526   6.02   5.52   0.00   2.54   7.98   0.47   0.40    124  -0.12  13.24    96
  0944  83701 408524   7.06   4.61  10.00   2.54   7.98   0.47   0.40    124  -0.12  13.23    96
  0944  83700 408520   7.87   3.79  10.00   2.54   7.98   0.47   0.40    124  -0.12  13.22    96
  0945  83699 408518   9.07   2.59   0.00   2.54   7.98   0.47   0.40    124  -0.12  13.23    96
  0945  83698 408516  10.02   1.68   0.00   2.54   7.98   0.47   0.40    124  -0.12  13.22    96
  0945  83698 408515  10.99   0.62  10.50   2.54   7.98   0.47   0.40    124  -0.12  13.22    96
 -1041  80165 408120   0.83  15.46   0.00   2.45   7.97   0.48   0.40    128  -0.12   9999  9999
  1041  80160 408119   1.80  14.78   0.00   2.45   7.97   0.48   0.40    128  -0.12   9999  9999
  1041  80157 408118   2.82  13.78   0.00   2.45   7.97   0.48   0.41    129  -0.12   9999  9999
  1041  80154 408117   3.82  13.01   0.00   2.45   7.97   0.48   0.41    129  -0.12   9999  9999
  1041  80152 408116   4.89  11.95   0.00   2.45   7.97   0.48   0.41    130  -0.12   9999  9999
  1041  80150 408116   5.82  10.94   0.00   2.45   7.97   0.48   0.41    130  -0.12   9999  9999
  1041  80148 408116   6.82  10.18  18.30   2.45   7.97   0.48   0.41    129  -0.12   9999  9999
  1041  80146 408115   7.84   9.22  18.30   2.45   7.97   0.48   0.41    129  -0.12   9999  9999
  1041  80145 408115   8.89   8.02  18.20   2.45   7.97   0.48   0.41    129  -0.12   9999  9999
  1041  80143 408115   9.87   7.44  18.30   2.45   7.97   0.48   0.41    129  -0.12   9999  9999
  1041  80142 408115  10.80   6.29  18.30   2.45   7.97   0.48   0.41    129  -0.12   9999  9999
  1042  80141 408114  11.83   5.52  18.20   2.45   7.97   0.48   0.41    130  -0.12   9999  9999
  1042  80140 408114  12.81   4.37  18.30   2.45   7.97   0.48   0.41    129  -0.12   9999  9999
  1042  80139 408114  13.81   3.31  18.20   2.46   7.97   0.48   0.41    130  -0.12   9999  9999
  1042  80138 408114  14.90   2.16  18.20   2.46   7.97   0.48   0.41    129  -0.12   9999  9999
  1042  80137 408113  15.82   1.44  18.20   2.46   7.97   0.48   0.41    130  -0.12   9999  9999
 -0909  77148 406185   0.83  12.62  15.30   2.30   8.02   0.53   0.46    153  -0.12   9999  9999
  0909  77167 406194   1.80  12.29  15.30   2.31   8.01   0.53   0.46    154  -0.12   9999  9999
  0910  77174 406197   2.83  11.28  15.20   2.32   8.01   0.53   0.46    154  -0.12   9999  9999
  0910  77177 406199   3.86  10.61  15.20   2.32   8.00   0.53   0.46    154  -0.12   9999  9999
  0910  77179 406200   4.91   9.94  15.20   2.33   8.00   0.54   0.46    154  -0.12   9999  9999
  0910  77180 406200   5.83   9.02   0.00   2.33   8.00   0.54   0.46    155  -0.12   9999  9999
  0910  77181 406200   6.91   7.73   0.00   2.89   8.01   0.54   0.46    153  -0.12   9999  9999
  0910  77182 406200   7.84   6.77  15.30   2.39   8.01   0.55   0.47    159  -0.12   9999  9999
  0910  77183 406201   8.92   5.81  15.20   2.40   8.02   0.55   0.47    160  -0.12   9999  9999
  0910  77183 406201   9.88   4.85  15.20   2.42   8.03   0.55   0.47    161  -0.12   9999  9999
  0910  77184 406202  10.86   3.94  15.20   2.46   8.03   0.56   0.48    163  -0.12   9999  9999
  0910  77184 406202  11.93   2.59  15.20   2.46   8.04   0.56   0.48    163  -0.12   9999  9999
  0910  77184 406202  12.82   2.40  15.30   2.54   8.04   0.56   0.48    165  -0.12   9999  9999
 -1113  73147 407820   0.93   7.01   9.20   2.44   8.06   0.57   0.49    166  -0.12   9999  9999
  1114  73134 407821   1.87   6.67   9.50   2.43   8.04   0.56   0.48    165  -0.12   9999  9999
  1114  73130 407821   2.83   6.10   9.30   2.44   8.04   0.56   0.48    166  -0.12   9999  9999
  1114  73126 407821   3.88   4.99   9.30   2.43   8.04   0.56   0.48    166  -0.12   9999  9999
  1114  73124 407821   4.85   3.94   9.40   2.43   8.05   0.56   0.48    166  -0.12   9999  9999
  1114  73122 407821   5.86   3.22   9.30   2.42   8.05   0.57   0.49    167  -0.12   9999  9999
  1114  73121 407821   6.90   2.06   9.30   2.42   8.06   0.57   0.49    168  -0.12   9999  9999
  1114  73120 407821   7.83   1.01   9.40   2.46   8.07   0.57   0.49    168  -0.12   9999  9999
 -1121  72564 408796   0.93   9.55  11.70   2.54   8.13   0.56   0.48    165  -0.12  13.49    98
  1122  72576 408777   1.98   8.45  11.60   2.54   8.14   0.56   0.48    165  -0.12  13.48    98
  1122  72580 408776   2.96   7.44  11.60   2.55   8.13   0.56   0.48    165  -0.12  13.48    98
  1122  72584 408773   4.03   6.38   0.00   2.55   8.14   0.56   0.48    165  -0.12  13.47    98
  1123  72587 408771   5.00   5.62   0.00   2.54   8.14   0.57   0.48    166  -0.12  13.48    98
  1123  72591 408770   6.02   4.18  12.00   2.54   8.14   0.57   0.48    166  -0.12  13.48    98
  1123  72592 408766   6.94   3.55  12.10   2.54   8.14   0.57   0.48    166  -0.12  13.47    98
  1124  72594 408762   7.97   2.59  12.40   2.55   8.13   0.57   0.49    169  -0.12  13.46    98
  1124  72595 408760   9.01   1.58  12.40   2.54   8.14   0.57   0.49    168  -0.12  13.46    98
  1124  72595 408761  10.19   0.38   2.20   2.60   8.12   0.61   0.53    187  -0.12  13.44    98
 -1156  71458 408831   0.81   5.57   0.00   1.90   8.15   0.67   0.59    220  -0.12   9999  9999
  1156  71426 408826   1.86   4.66   0.00   1.89   8.14   0.67   0.59    222  -0.12   9999  9999
  1156  71418 408826   2.80   3.89   7.20   1.95   8.13   0.70   0.61    231  -0.12   9999  9999
  1156  71416 408825   3.85   2.78   7.20   1.98   8.12   0.73   0.65    251  -0.12   9999  9999
  1156  71411 408824   4.88   1.92   7.20   2.13   8.09   0.82   0.72    292  -0.12   9999  9999
 -1149  71699 409504   0.81  20.69  23.40   2.52   8.12   0.56   0.48    165  -0.12   9999  9999
  1149  71696 409505   1.82  19.63  23.60   2.51   8.12   0.56   0.48    164  -0.12   9999  9999
  1149  71695 409506   2.89  18.72  23.60   2.51   8.12   0.56   0.48    164  -0.12   9999  9999
  1149  71695 409506   3.87  18.00  23.50   2.51   8.12   0.56   0.48    165  -0.12   9999  9999
  1149  71695 409506   5.07  17.18  23.50   2.51   8.13   0.56   0.48    165  -0.12   9999  9999
  1149  71695 409506   5.83  16.22  23.50   2.51   8.13   0.56   0.48    164  -0.12   9999  9999
  1149  71695 409506   6.83  15.55   0.00   2.51   8.13   0.56   0.48    165  -0.12   9999  9999
  1149  71694 409506   7.94  14.54   0.00   2.51   8.13   0.57   0.49    166  -0.12   9999  9999
  1149  71694 409506   8.87  13.39   0.00   2.52   8.12   0.57   0.49    167  -0.12   9999  9999
  1149  71694 409506   9.97  12.67   0.00   2.51   8.13   0.57   0.49    167  -0.12   9999  9999
  1149  71694 409506  10.91  11.52   0.00   2.51   8.12   0.57   0.48    166  -0.12   9999  9999
  1149  71694 409506  11.84  10.70  23.50   2.51   8.12   0.57   0.49    167  -0.12   9999  9999
  1149  71694 409506  12.96   9.65  23.60   2.48   8.11   0.57   0.49    170  -0.12   9999  9999
  1149  71694 409506  13.86   8.78  23.50   2.47   8.12   0.58   0.49    170  -0.12   9999  9999
  1149  71694 409506  14.93   7.68  23.50   2.80   8.10   0.65   0.55    201  -0.12   9999  9999
  1149  71694 409506  15.86   6.58  23.60   2.82   8.09   0.67   0.57    209  -0.12   9999  9999
  1149  71693 409506  16.96   5.81  23.50   2.91   8.08   0.68   0.58    214  -0.12   9999  9999
  1149  71693 409506  17.84   4.70  23.50   2.91   8.07   0.74   0.63    243  -0.12   9999  9999
  1150  71693 409506  18.85   2.78   0.00   3.04   8.01   0.85   0.73    296  -0.12   9999  9999
  1150  71692 409505  19.86   2.11  23.60   3.07   7.99   0.85   0.73    295  -0.12   9999  9999
  1150  71693 409506  20.82   1.25  23.50   3.14   7.96   0.90   0.77    320  -0.12   9999  9999
 -1144  71488 409876   0.94  17.81  21.30   2.31   8.13   0.55   0.48    162  -0.12   9999  9999
  1144  71494 409873   1.83  17.66  21.30   2.29   8.14   0.55   0.48    162  -0.12   9999  9999
  1144  71497 409873   2.89  16.46   0.00   2.27   8.13   0.55   0.48    162  -0.12   9999  9999
  1144  71497 409873   3.84  15.60   0.00   2.27   8.13   0.55   0.48    163  -0.12   9999  9999
  1144  71497 409872   4.95  14.50  21.50   2.30   8.13   0.56   0.48    163  -0.12   9999  9999
  1144  71498 409872   5.86  13.78  21.50   2.31   8.14   0.56   0.48    163  -0.12   9999  9999
  1144  71498 409871   6.91  12.24  21.50   2.33   8.13   0.56   0.48    163  -0.12   9999  9999
  1144  71498 409871   8.00  11.42  21.50   2.34   8.13   0.56   0.48    163  -0.12   9999  9999
  1144  71498 409871   8.92  10.61  21.50   2.33   8.13   0.56   0.48    163  -0.12   9999  9999
  1144  71498 409870   9.83   9.84  21.50   2.37   8.13   0.56   0.48    163  -0.12   9999  9999
  1144  71498 409870  10.90   8.74   3.20   2.42   8.12   0.56   0.48    164  -0.12   9999  9999
  1144  71498 409870  11.85   7.92   2.90   2.52   8.13   0.56   0.48    164  -0.12   9999  9999
  1144  71498 409869  12.89   6.62   2.30   2.55   8.13   0.56   0.48    164  -0.12   9999  9999
  1144  71498 409869  13.81   5.71   2.40   2.56   8.12   0.56   0.48    165  -0.12   9999  9999
  1144  71498 409869  14.85   4.94   0.00   2.76   8.12   0.61   0.52    181  -0.12   9999  9999
  1144  71498 409869  15.87   3.84   0.00   2.77   8.10   0.62   0.53    188  -0.12   9999  9999
  1145  71498 409868  16.92   2.83   2.40   2.95   8.03   0.68   0.58    213  -0.12   9999  9999
  1145  71498 409868  17.82   2.06   0.00   2.95   8.03   0.72   0.62    235  -0.12   9999  9999
  1145  71498 409868  18.85   1.25   2.40   3.04   8.02   0.77   0.66    258  -0.12   9999  9999
 -1137  70349 410214   0.82   6.77   9.10   2.39   8.09   0.56   0.48    166  -0.12   9999  9999
  1137  70344 410230   1.89   6.19   9.30   2.39   8.09   0.56   0.48    165  -0.12   9999  9999
  1137  70344 410233   2.89   5.38   9.40   2.38   8.10   0.56   0.48    165  -0.12   9999  9999
  1137  70343 410236   3.81   4.27   0.00   2.38   8.10   0.56   0.48    165  -0.12   9999  9999
  1137  70343 410237   4.85   3.55  10.00   2.38   8.10   0.56   0.48    165  -0.12   9999  9999
  1137  70343 410239   5.88   2.50  10.00   2.38   8.10   0.56   0.48    166  -0.12   9999  9999
  1137  70343 410240   6.82   1.82  10.00   2.37   8.10   0.56   0.48    165  -0.12   9999  9999
