# code CHLPHL    is (nog ? ) niet bekend
# MEETVAARTUIG : M.C.ECOS 8 VERTIKAAL
# MEETDATUM    : 06-10-2023 07:31:17
# MEETGEBIED   : VOLKERAK/ZOOMMEER
# STARTPUNT    : krammer
# EINDPUNT     : krammer
# PROJECTCODE  : ATS ZTS
# OPDRACHTGEVER: ZLXXAXAMDBG
# BEHEERDER    : ZLXXAXAMDBG
# BEMONST. INST:
# WAARNEMER(S) : bernaards
#
* 20231006
$ 9999 [0000000000000000]
>TIJD      uumm                    
>X         coordinaat              
>Y         coordinaat              
>SENSHTE   Diepte set        m     
>Echms     Echoset           mtrs  
>Temp      Temperatuur       oC  
>pH        Zuurgraad         dimsls
>GELBH     Geleidendheid     mS/cm 
>GEL20     Gel20             ???   
>SALNTT    Saliniteit        dimsl 
>CL-       Chloride          mg/l  
>CHFLYSI   Chlorofyl         ugr/l 
>TURBID    Troebelheid       NTU   
>O2        Zuurstof          mg/l  
>%O2       Zuurstof%         %     
>CHLPHL    nog niet gedefinieerd   
 -0731  70384 410200   0.96   7.08  17.21   8.05   1.98   211   1.20    580   0.64   1.68   9999  9999  9999
  0731  70383 410203   2.08   6.09  17.21   8.05   1.98   211   1.20    580   0.69   1.85   9999  9999  9999
  0731  70383 410204   3.04   4.78  17.22   8.05   1.98   211   1.20    580   0.63   1.96   9999  9999  9999
  0731  70382 410206   4.07   3.82  17.22   8.05   1.99   211   1.20    580   0.61   2.05   9999  9999  9999
  0731  70382 410206   5.04   2.75  17.23   8.05   1.99   211   1.21    582   0.65   1.81   9999  9999  9999
  0731  70382 410206   6.03   1.63  17.23   8.04   1.99   211   1.21    583   0.59   2.26   9999  9999  9999
  0731  70381 410207   7.01   1.06  17.24   8.03   2.01   213   1.22    588   0.58   2.28   9999  9999  9999
 -0741  71709 409508   1.01  21.13  17.24   8.11   1.87   198   1.13    536   0.99   2.44   8.43    87  9999
  0741  71720 409510   1.99  20.08  17.25   8.11   1.87   198   1.13    536   0.91   2.49   8.42    87  9999
  0741  71721 409514   3.01  19.04  17.25   8.11   1.87   198   1.13    536   1.00   2.62   8.42    87  9999
  0741  71718 409512   4.00  17.93  17.26   8.11   1.87   198   1.13    537   1.03   2.95   8.41    87  9999
  0742  71715 409498   4.96   0.00  17.25   8.11   1.87   198   1.13    536   0.95   2.31   8.40    87  9999
  0742  71713 409490   6.06   5.20  17.26   8.11   1.87   199   1.13    537   1.03   2.07   8.39    87  9999
  0742  71716 409491   6.98  15.50  17.26   8.11   1.87   199   1.13    538   0.97   2.97   8.37    87  9999
  0743  71723 409500   8.03  14.56  17.27   8.11   1.89   200   1.14    544   0.85   2.62   8.36    87  9999
  0743  71725 409500   8.97  13.70  17.27   8.11   1.89   200   1.14    544   1.00   2.35   8.34    86  9999
  0744  71713 409498  10.05  12.09  17.71   7.77   2.55   268   1.55    765   0.62   1.94   5.28    55  9999
  0745  71708 409507  11.00  10.98  17.83   7.75   2.65   278   1.61    801   0.39   1.69   4.94    52  9999
  0746  71696 409500  11.94   0.00  17.87   7.64   2.79   292   1.70    849   0.39   1.81   3.68    39  9999
  0747  71675 409481  12.96   9.11  17.88   7.60   2.83   296   1.72    863   0.46   1.89   3.11    33  9999
  0748  71673 409473  14.08   8.20  17.89   7.50   2.94   308   1.80    903   0.34   1.64   1.41    15  9999
  0749  71679 409475  15.06   7.26  17.86   7.52   2.95   308   1.80    905   0.35   1.27   2.16    23  9999
  0749  71683 409473  15.96   6.48  17.80   7.53   2.94   308   1.80    904   0.32   1.82   2.24    24  9999
  0750  71696 409460  17.01   5.40  17.73   7.51   2.94   308   1.80    905   0.38   2.54   1.81    19  9999
  0750  71721 409463  18.01   4.31  17.68   7.51   2.95   310   1.81    910   0.44   2.70   2.23    23  9999
  0751  71736 409477  18.91   3.13  17.66   7.58   2.96   311   1.82    915   0.37  13.74   2.22    23  9999
  0752  71735 409494  20.03   1.91  17.59   7.68   2.96   311   1.82    916   0.42   3.53   4.39    46  9999
  0752  71729 409499  20.93   1.24  17.55   7.72   2.96   313   1.82    920   0.46   3.66   4.90    51  9999
 -0759  71428 408832   1.00   5.94  17.00   8.02   1.96   209   1.19    575   0.74   2.31   9999  9999  9999
  0759  71429 408835   1.91   4.78  17.01   8.01   2.00   213   1.22    590   0.81   2.58   9999  9999  9999
  0759  71430 408836   2.90   3.85  17.06   8.01   2.09   222   1.27    621   0.75   2.42   9999  9999  9999
  0759  71430 408837   3.96   2.76  17.15   8.00   2.21   235   1.35    667   0.79   2.74   9999  9999  9999
  0759  71430 408839   4.98   1.70  17.19   7.99   2.64   280   1.63    808   0.76   3.21   9999  9999  9999
  0759  71430 408839   5.95   0.86  17.25   7.95   3.22   342   2.01   1021   0.79   2.95   9999  9999  9999
 -0805  72472 408788   0.91  13.26  17.22   8.10   1.79   190   1.08    509   0.96   2.84   9999  9999  9999
  0805  72484 408789   1.99  10.80  17.22   8.10   1.79   190   1.08    507   0.94   2.63   9999  9999  9999
  0805  72488 408790   2.89   9.10  17.21   8.10   1.79   190   1.08    507   0.99   2.56   9999  9999  9999
  0805  72490 408791   3.94   7.54  17.22   8.10   1.79   190   1.08    508   0.88   2.48   9999  9999  9999
  0806  72492 408791   4.91   6.26  17.23   8.10   1.80   191   1.08    511   1.03   2.74   9999  9999  9999
  0806  72496 408792   5.93   5.25  17.24   8.10   1.80   192   1.09    513   0.96   3.15   9999  9999  9999
  0806  72499 408792   6.94   4.24  17.24   8.11   1.80   192   1.09    513   0.95   2.80   9999  9999  9999
  0806  72501 408792   7.90   3.41  17.24   8.11   1.81   192   1.09    514   0.86   2.32   9999  9999  9999
  0806  72505 408793   8.90   2.25  17.26   8.10   1.82   193   1.10    519   0.97   2.86   9999  9999  9999
  0806  72507 408793   9.92   1.43  17.42   8.01   2.37   251   1.45    721   0.61   1.76   9999  9999  9999
  0806  72514 408795  10.94  41.12  17.56   7.91   2.62   277   1.60    795   0.44   1.53   9999  9999  9999
 -0812  73109 407904   0.93   9.15  17.16   8.04   1.61   171   0.97    442   0.76   2.19   9999  9999  9999
  0812  73113 407900   1.91   8.21  17.16   8.04   1.61   171   0.97    442   0.84   3.53   9999  9999  9999
  0813  73113 407900   2.92   7.13  17.16   8.04   1.61   171   0.97    443   0.74   3.34   9999  9999  9999
  0813  73115 407898   3.89   5.86  17.16   8.04   1.61   171   0.97    443   0.85   2.69   9999  9999  9999
  0813  73116 407898   5.02   4.83  17.17   8.04   1.62   172   0.97    445   0.83   2.55   9999  9999  9999
  0813  73116 407897   5.89   3.59  17.17   8.04   1.63   173   0.98    450   0.78   3.00   9999  9999  9999
  0813  73117 407897   6.97   2.55  17.18   8.04   1.64   174   0.99    453   0.87   2.62   9999  9999  9999
  0813  73117 407896   7.92   1.54  17.21   8.05   1.70   181   1.03    476   0.98   2.80   9999  9999  9999
  0813  73118 407895   8.90   0.75  17.31   8.04   2.09   221   1.27    617   0.87   2.29   9999  9999  9999
 -0826  75726 406446   1.09   9.53  17.08   7.93   1.40   149   0.84    365   0.49   2.86   8.41    87  9999
  0827  75729 406449   2.14   8.84  17.09   7.93   1.40   149   0.83    365   0.53   2.66   8.40    87  9999
  0827  75732 406453   2.96   0.00  17.09   7.93   1.40   149   0.83    365   0.51   3.36   8.38    86  9999
  0827  75735 406457   3.94   6.40  17.09   7.93   1.40   149   0.83    365   0.48   3.02   8.38    86  9999
  0827  75740 406465   5.07   0.00  17.09   7.93   1.40   149   0.83    365   0.49   2.87   8.37    86  9999
  0828  75744 406469   5.97   4.01  17.09   7.93   1.40   149   0.83    365   0.53   2.62   8.37    86  9999
  0828  75748 406475   7.02   2.66  17.09   7.93   1.40   149   0.83    365   0.49   2.85   8.36    86  9999
  0828  75753 406481   8.01   0.90  17.09   7.93   1.39   149   0.83    364   0.51   3.48   8.34    86  9999
 -0825  77150 406200   0.92   9999  17.70   8.01   1.44   151   0.85    372   9999   9999   8.14    85     1
  0825  77150 406200   2.08   9999  17.70   8.02   1.43   150   0.84    370   9999   9999   8.13    84     1
  0825  77150 406200   3.08   9999  17.70   8.02   1.43   150   0.85    371   9999   9999   8.11    84     1
  0825  77150 406200   3.90   9999  17.70   8.02   1.43   151   0.85    371   9999   9999   8.10    84     1
  0825  77150 406200   5.07   9999  17.70   8.01   1.44   151   0.85    372   9999   9999   8.08    84     1
  0826  77150 406200   5.91   9999  17.70   8.02   1.43   150   0.84    370   9999   9999   8.07    84     1
  0826  77150 406200   7.08   9999  17.68   8.00   1.44   152   0.85    375   9999   9999   8.03    83     1
  0826  77150 406200   8.08   9999  17.67   8.00   1.46   153   0.86    380   9999   9999   7.99    83     1
  0826  77150 406200   8.98   9999  17.68   8.00   1.45   152   0.85    376   9999   9999   7.95    83     1
 -1011  80150 408110   0.86   9999  17.69   7.98   0.93    98   0.54    199   9999   9999   8.25    86     1
  1012  80150 408110   1.95   9999  17.69   7.98   0.93    98   0.54    199   9999   9999   8.24    86     1
  1012  80150 408110   2.95   9999  17.69   7.98   0.93    98   0.54    199   9999   9999   8.22    85     1
  1013  80150 408110   3.95   9999  17.69   7.99   0.93    98   0.54    199   9999   9999   8.22    85     1
  1013  80150 408110   5.06   9999  17.69   7.99   0.93    98   0.54    199   9999   9999   8.19    85     1
  1013  80150 408110   6.07   9999  17.69   7.98   0.94    98   0.54    200   9999   9999   8.16    85     1
  1013  80150 408110   6.92   9999  17.70   7.99   0.94    98   0.54    200   9999   9999   8.16    85     1
  1014  80150 408110   8.05   9999  17.69   7.98   0.94    98   0.54    200   9999   9999   8.16    85     1
  1014  80150 408110   8.96   9999  17.69   7.98   0.94    99   0.54    201   9999   9999   8.08    84     1
  1015  80150 408110  10.03   9999  17.71   7.97   0.99   104   0.58    219   9999   9999   7.98    83     1
  1016  80150 408110  10.93   9999  17.80   8.03   1.29   136   0.76    320   9999   9999   7.90    82     1
  1016  80150 408110  11.92   9999  17.80   8.05   1.43   150   0.84    369   9999   9999   7.75    81     1
  1016  80150 408110  13.02   9999  17.76   8.06   1.47   155   0.87    385   9999   9999   7.74    81     1
  1017  80150 408110  14.09   9999  17.76   8.07   1.48   156   0.88    388   9999   9999   7.72    80     1
  1017  80150 408110  14.99   9999  17.76   8.06   1.50   157   0.88    394   9999   9999   7.63    79     1
 -0902  83688 408515   1.08   9999  17.68   8.02   0.91    96   0.53    192   9999   9999   8.73    91     1
  0903  83688 408515   2.09   9999  17.69   8.01   0.91    96   0.53    192   9999   9999   8.36    87     1
  0903  83688 408515   3.08   9999  17.69   8.00   0.91    96   0.53    193   9999   9999   8.26    86     1
  0903  83688 408515   4.06   9999  17.69   8.00   0.91    96   0.53    192   9999   9999   8.21    85     1
  0903  83688 408515   5.07   9999  17.69   8.00   0.91    96   0.53    193   9999   9999   8.19    85     1
  0903  83688 408515   6.04   9999  17.69   8.00   0.91    96   0.53    193   9999   9999   8.16    85     1
  0904  83688 408515   7.10   9999  17.69   8.00   0.91    96   0.53    193   9999   9999   8.14    84     1
  0904  83688 408515   8.05   9999  17.70   8.00   0.92    96   0.53    194   9999   9999   8.12    84     1
  0904  83688 408515   9.02   9999  17.68   7.98   0.96   101   0.55    207   9999   9999   8.03    83     1
 -0923  86060 411520   0.93   9999  17.76   8.01   0.76    80   0.44    146   9999   9999   8.41    87     1
  0925  86060 411520   1.96   9999  17.77   8.01   0.76    80   0.44    146   9999   9999   8.39    87     1
  0925  86060 411520   2.98   9999  17.77   8.01   0.76    80   0.44    146   9999   9999   8.38    87     1
  0925  86060 411520   3.92   9999  17.76   8.01   0.76    80   0.44    146   9999   9999   8.36    87     1
  0926  86060 411520   4.87   9999  17.76   8.01   0.76    80   0.44    146   9999   9999   8.35    87     1
  0927  86060 411520   6.08   9999  17.73   8.00   0.77    81   0.44    149   9999   9999   8.27    86     1
  0927  86060 411520   7.01   9999  17.74   7.99   0.77    81   0.44    150   9999   9999   8.25    86     1
  0927  86060 411520   7.95   9999  17.70   7.99   0.78    81   0.45    151   9999   9999   8.21    85     1
  0928  86060 411520   8.85   9999  17.69   7.99   0.78    82   0.45    151   9999   9999   8.20    85     1
