# code TURBID    is (nog ? ) niet bekend
# MEETVAARTUIG : M.C.ECOS2 YSI
# MEETDATUM    : 03-02-2016 08:20:50
# MEETGEBIED   :
# STARTPUNT    :
# EINDPUNT     :
# PROJECTCODE  :
# OPDRACHTGEVER:
# BEHEERDER    :
# BEMONST. INST:
# WAARNEMER(S) : K.de Vlaam
#
* 20160203
$ 9999 [000000000000000]
>TIJD      uumm                    
>X         coordinaat              
>Y         coordinaat              
>SENSHTE   Diepte set        m     
>Echms     Echoset           mtrs  
>Temp      Temperatuur       oC     : 3.0   0.5   15   0.5
>pH        Zuurgraad         dimsls
>GELBH     Geleidendheid     mS/cm 
>GEL20     Gel20             ???   
>SALNTT    Saliniteit        dimsl 
>CL-       Chloride          mg/l  
>CHFLYSI   Chlorofyl         ugr/l 
>TURBID    Troebelheid       NTU     :  0.5   0.5  11   1
>O2        Zuurstof          mg/l  
>%O2       Zuurstof%         %     
 -0821  70354 410237   1.01   7.46   6.03   8.30   1.55   216   1.25    599   1.00   9999   9999  9999
  0821  70351 410238   1.98   6.78   6.03   8.29   1.55   216   1.25    600   1.00   9999   9999  9999
  0821  70351 410239   2.98   5.83   6.03   8.29   1.55   216   1.25    600   1.00   9999   9999  9999
  0821  70350 410239   4.05   4.59   6.03   8.28   1.55   216   1.25    600   1.10   9999   9999  9999
  0821  70350 410239   4.95   3.69   6.04   8.28   1.55   216   1.25    600   1.10   9999   9999  9999
  0821  70350 410239   6.08   2.64   6.03   8.28   1.55   216   1.25    600   1.00   9999   9999  9999
  0822  70350 410239   6.95   1.80   6.03   8.28   1.55   216   1.25    600   1.00   9999   9999  9999
  0822  70350 410240   8.05   0.75   6.04   8.28   1.56   217   1.26    602   1.10   9999   9999  9999
 -0806  71726 409490   1.00  21.48   6.18   8.30   1.48   206   1.19    562   1.00   0.20  12.30   100
  0806  71713 409508   1.91  20.28   6.18   8.30   1.48   206   1.19    563   1.00   0.20  12.20   100
  0806  71711 409509   3.08  19.10   6.18   8.30   1.49   206   1.19    564   1.10   0.30  12.20    99
  0806  71711 409507   4.08  18.13   6.19   8.30   1.48   206   1.19    563   1.10   0.20  12.20    99
  0807  71709 409504   5.05  17.21   6.19   8.30   1.49   206   1.19    564   1.10   0.20  12.20    99
  0807  71705 409501   6.06  16.26   6.18   8.30   1.49   207   1.19    566   1.10   0.20  12.20    99
  0807  71705 409500   6.97  15.41   6.18   8.30   1.49   207   1.20    568   1.20   0.20  12.20    99
  0808  71703 409500   8.06  14.30   6.18   8.30   1.50   208   1.20    569   1.10   0.20  12.20    99
  0808  71703 409500   9.08  13.25   6.17   8.30   1.50   208   1.21    572   1.10   0.20  12.20    99
  0808  71703 409500   9.99  12.38   6.15   8.30   1.51   210   1.21    576   1.10   0.20  12.10    99
  0809  71703 409500  10.95  11.35   6.14   8.30   1.52   211   1.22    581   1.10   0.20  12.10    99
  0809  71702 409501  11.98  10.24   6.11   8.29   1.55   215   1.25    596   1.10   0.20  12.10    99
  0809  71700 409503  13.04   9.06   6.18   8.27   1.68   233   1.36    659   1.00   0.10  12.10    99
  0809  71700 409505  13.97   8.04   6.18   8.26   1.85   257   1.50    743   0.90   0.20  12.00    98
  0810  71701 409504  14.99   7.04   6.11   8.24   2.11   293   1.72    851   0.90   0.30  12.00    98
  0810  71704 409502  16.08   5.93   6.02   8.22   2.16   301   1.78    881   0.90   0.20  12.00    97
  0811  71702 409503  17.06   4.86   5.85   8.20   2.19   306   1.81    897   0.90   0.10  11.80    96
  0811  71701 409502  17.98   4.01   5.65   8.17   2.20   310   1.83    911   0.90   0.20  11.80    95
  0811  71699 409501  19.02   2.89   5.47   8.17   2.23   315   1.87    929   0.80   0.20  11.70    94
  0812  71700 409499  19.93   2.08   5.40   8.17   2.24   318   1.88    938   0.80   0.10  11.60    93
  0812  71702 409498  20.91   1.16   5.38   8.17   2.25   319   1.89    943   0.80   0.00  11.50    92
 -0759  71396 408824   0.92   5.94   6.17   8.32   1.58   219   1.27    609   1.18   0.10   9999  9999
  0759  71402 408823   2.00   4.65   6.17   8.32   1.56   216   1.25    600   1.20   0.10   9999  9999
  0759  71405 408822   3.09   3.55   6.16   8.31   1.57   218   1.26    604   1.20   0.10   9999  9999
  0759  71406 408822   4.07   2.59   6.17   8.31   1.60   222   1.29    621   1.20   0.10   9999  9999
  0759  71407 408821   5.01   1.64   6.18   8.30   1.66   230   1.33    647   1.20   0.10   9999  9999
  0759  71408 408821   6.03   0.79   6.19   8.24   1.96   272   1.56    785   1.14   0.16   9999  9999
 -0834  72563 408785   0.99  10.46   6.19   8.31   1.37   190   1.09    508   1.10   0.30   9999  9999
  0834  72572 408782   2.02   9.65   6.19   8.31   1.37   190   1.09    508   1.10   0.30   9999  9999
  0834  72575 408781   2.92   8.70   6.19   8.30   1.37   190   1.09    508   1.10   0.30   9999  9999
  0835  72578 408780   3.90   7.56   6.20   8.30   1.37   190   1.09    508   1.10   0.30   9999  9999
  0835  72579 408780   4.95   6.44   6.20   8.30   1.37   190   1.10    509   1.10   0.30   9999  9999
  0835  72580 408779   5.89   5.34   6.20   8.30   1.37   190   1.09    508   1.10   0.30   9999  9999
  0835  72581 408779   6.97   4.29   6.20   8.30   1.38   191   1.10    511   1.10   0.30   9999  9999
  0835  72581 408779   7.97   3.21   6.20   8.30   1.38   191   1.10    510   1.10   0.20   9999  9999
  0835  72580 408780   8.89   2.34   6.20   8.31   1.38   191   1.10    511   1.10   0.30   9999  9999
  0835  72579 408781   9.91   1.40   6.20   8.31   1.38   191   1.10    510   1.10   0.20   9999  9999
 -0841  73124 407845   0.98   8.13   6.39   8.31   1.06   146   0.83    356   1.10   0.80   9999  9999
  0841  73128 407838   2.04   6.74   6.38   8.30   1.06   146   0.83    357   1.10   0.80   9999  9999
  0841  73129 407836   3.00   5.74   6.38   8.30   1.06   146   0.83    356   1.10   0.80   9999  9999
  0841  73130 407834   3.94   4.73   6.39   8.30   1.06   146   0.83    356   1.20   0.80   9999  9999
  0841  73131 407833   4.89   3.69   6.39   8.29   1.06   146   0.83    357   1.10   0.80   9999  9999
  0841  73131 407833   5.89   2.68   6.39   8.30   1.06   147   0.83    357   1.10   0.80   9999  9999
  0841  73132 407832   6.93   1.63   6.39   8.30   1.06   147   0.83    358   1.10   0.80   9999  9999
  0841  73136 407829   8.00   0.75   6.41   8.29   1.12   154   0.88    382   1.10   0.80   9999  9999
 -1050  75748 406437   1.06  10.08   6.33   8.34   0.98   135   0.76    318   1.20   0.70  12.20    99
  1050  75749 406434   2.02   9.04   6.33   8.34   0.98   135   0.77    319   1.20   0.70  12.20    99
  1050  75750 406433   2.98   8.14   6.33   8.34   0.98   135   0.76    318   1.20   0.70  12.10    99
  1051  75751 406434   3.93   7.14   6.34   8.34   0.98   135   0.77    319   1.00   0.80  12.10    99
  1051  75751 406436   4.99   6.09   6.33   8.34   0.98   135   0.76    318   1.10   0.70  12.10    99
  1051  75750 406438   6.07   4.91   6.34   8.34   0.98   135   0.77    319   1.20   0.80  12.10    99
  1052  75750 406440   7.06   3.93   6.34   8.34   0.98   135   0.76    318   1.10   0.80  12.10    99
  1052  75751 406441   7.91   2.95   6.33   8.34   0.98   135   0.76    318   1.20   0.80  12.10    99
  1052  75751 406443   9.06   1.90   6.34   8.33   0.98   135   0.76    318   1.10   0.80  12.10    99
  1052  75753 406443  10.09   0.00   6.34   8.33   0.98   135   0.77    319   1.10   0.80  12.10    99
 -0902  77104 406201   1.04  13.49   6.37   8.30   1.00   138   0.78    326   1.10   0.70   9999  9999
  0902  77126 406203   1.94  12.80   6.38   8.30   0.99   137   0.78    325   1.10   0.70   9999  9999
  0902  77128 406204   3.03  11.64   6.37   8.30   0.99   137   0.78    325   1.10   0.70   9999  9999
  0902  77134 406204   4.02  10.69   6.38   8.29   0.99   137   0.78    324   1.10   0.70   9999  9999
  0902  77136 406204   4.93   9.79   6.38   8.29   0.99   137   0.77    323   1.00   0.70   9999  9999
  0902  77137 406204   5.91   8.76   6.38   8.28   0.99   137   0.77    323   1.10   0.70   9999  9999
  0902  77139 406204   6.97   7.70   6.38   8.29   0.99   137   0.77    323   1.10   0.70   9999  9999
  0902  77140 406204   8.00   6.55   6.38   8.29   0.99   137   0.77    324   1.10   0.70   9999  9999
  0902  77142 406203   8.92   5.65   6.38   8.29   0.99   137   0.78    325   1.10   0.70   9999  9999
  0902  77143 406203   9.98   4.56   6.38   8.30   0.99   137   0.77    324   1.10   0.70   9999  9999
  0902  77143 406202  11.00   3.59   6.38   8.29   0.99   137   0.78    325   1.20   0.80   9999  9999
  0903  77143 406202  11.96   2.64   6.38   8.29   0.99   137   0.78    325   1.20   0.80   9999  9999
  0903  77143 406202  12.90   1.69   6.38   8.29   0.99   137   0.78    325   1.20   0.80   9999  9999
  0903  77142 406200  13.92   0.75   6.39   8.29   1.00   138   0.78    329   1.10   0.80   9999  9999
 -1024  80163 408107   1.00  16.09   6.55   8.29   0.72    99   0.55    202   1.20   1.70  12.20    99
  1024  80160 408111   2.07  15.06   6.55   8.29   0.72    99   0.55    202   1.00   1.80  12.10    99
  1024  80159 408114   2.96  14.25   6.54   8.28   0.72    99   0.55    202   1.10   1.80  12.10    98
  1025  80159 408118   4.00  13.05   6.54   8.28   0.72    99   0.55    202   1.20   1.80  12.00    98
  1025  80160 408119   5.04  12.00   6.54   8.28   0.72    99   0.55    202   1.10   1.60  12.00    98
  1025  80161 408118   6.02  11.10   6.54   8.29   0.72    99   0.55    202   1.20   1.70  12.00    98
  1025  80161 408116   6.99  10.06   6.55   8.28   0.73   100   0.56    204   1.20   1.80  12.00    98
  1026  80162 408113   8.00   9.04   6.54   8.27   0.73   100   0.56    204   1.10   1.80  12.00    98
  1026  80162 408111   8.91   8.06   6.54   8.27   0.73   100   0.56    205   1.20   1.70  12.00    98
  1026  80160 408110   9.98   6.95   6.54   8.26   0.74   101   0.56    208   1.20   1.90  12.00    98
  1026  80158 408109  10.93   5.96   6.53   8.27   0.74   101   0.57    209   1.20   1.80  12.00    98
  1027  80157 408109  12.01   4.85   6.52   8.27   0.74   102   0.57    210   1.30   1.80  12.00    98
  1027  80157 408108  12.92   3.95   6.52   8.27   0.74   101   0.57    210   1.30   1.90  11.90    98
  1027  80158 408108  14.02   2.73   6.52   8.27   0.74   102   0.57    211   1.20   1.70  11.90    97
  1027  80158 408109  15.00   1.73   6.51   8.26   0.77   106   0.60    225   1.10   1.80  11.90    97
  1028  80155 408109  16.05   0.76   6.61   8.21   1.03   141   0.80    338   1.10   1.60  11.90    97
 -0931  83657 408518   0.94  11.08   6.57   8.28   0.69    94   0.53    188   0.40   4.60   9999  9999
  0931  83663 408520   2.03  10.03   6.60   8.28   0.69    95   0.53    188   0.80   3.70   9999  9999
  0931  83667 408521   2.98   9.39   6.60   8.26   0.69    95   0.53    189   0.90   3.40   9999  9999
  0931  83669 408522   4.03   8.91   6.60   8.27   0.69    95   0.53    189   1.00   3.00   9999  9999
  0931  83673 408523   4.98   8.30   6.60   8.27   0.69    95   0.53    188   1.00   2.80   9999  9999
  0931  83675 408523   5.95   7.39   6.60   8.27   0.69    95   0.53    189   1.10   2.60   9999  9999
  0931  83678 408524   6.99   6.31   6.60   8.27   0.69    95   0.53    189   1.10   2.50   9999  9999
  0932  83682 408525   7.98   5.08   6.59   8.27   0.69    95   0.53    190   1.10   2.40   9999  9999
  0932  83687 408526   8.89   3.81   6.59   8.27   0.69    95   0.53    190   1.20   2.30   9999  9999
  0932  83692 408527   9.91   2.51   6.59   8.26   0.69    95   0.53    190   1.20   2.20   9999  9999
  0932  83694 408527  10.97   1.28   6.57   8.25   0.70    96   0.53    192   1.20   2.30   9999  9999
 -0949  85971 411444   1.03  10.88   6.79   8.24   0.59    81   0.45    149   1.10   2.80  12.00    98
  0949  86072 411476   1.91  10.48   6.79   8.24   0.59    81   0.45    150   1.10   2.20  11.90    98
  0950  86093 411487   3.09   9.48   6.80   8.23   0.60    82   0.45    152   1.20   2.20  11.90    98
  0950  86105 411498   4.07   9.06   6.80   8.22   0.60    82   0.45    153   1.20   2.10  11.90    98
  0950  86113 411506   4.89   7.84   6.79   8.23   0.60    82   0.45    151   1.20   2.10  11.90    98
  0951  86120 411520   5.94   7.15   6.79   8.23   0.60    82   0.46    154   1.20   2.20  11.90    97
  0951  86119 411535   6.85   6.76   6.80   8.21   0.61    83   0.46    154   1.10   2.40  11.80    97
  0951  86094 411536   8.02   5.06   6.80   8.21   0.61    83   0.46    154   1.10   2.40  11.80    97
  0952  86083 411534   8.96   4.56   6.80   8.21   0.61    83   0.46    154   1.20   2.30  11.80    97
  0952  86064 411530   9.95   2.43   6.80   8.22   0.61    83   0.46    154   1.20   2.30  11.80    97
  0952  86060 411530  10.96   1.15   6.80   8.22   0.61    83   0.46    154   1.20   2.40  11.80    97
  0952  86059 411529  10.97   1.13   6.81   8.22   0.60    82   0.46    153   1.20   2.30  11.80    97
