# MEETVAARTUIG : M.S. ARGUS
# MEETDATUM    : 17-02-2014 08:22:19
# MEETGEBIED   :
# STARTPUNT    :
# EINDPUNT     :
# PROJECTCODE  :
# OPDRACHTGEVER:
# BEHEERDER    :
# BEMONST. INST:
# WAARNEMER(S) : Kevin de Vlaam
#
* 20140217
$ 9999 [0000000000000]
>TIJD      uumm                    
>X         coordinaat              
>Y         coordinaat              
>SENSHTE   Diepte set        m     
>ECHOS     Echoset           mtrs  
>Temp      Temperatuur       oC     : 4.0   0.5   15   0.5
>pH        Zuurgraad         dimsls
>GELBH     Geleidendheid     mS/cm 
>GEL20     Gel20             ???   
>SALNTT    Saliniteit        dimsl 
>CL-       Chloride          mg/l  
>O2        Zuurstof          mg/l  
>%O2       Zuurstof%         %     
 -0822  70376 410213   1.20   6.65   4.98   8.05   1.56   223   1.30    624   9999  9999
  0822  70362 410218   1.92   5.60   4.98   8.04   1.56   224   1.30    626   9999  9999
  0822  70355 410220   2.80   4.90   4.98   8.04   1.56   224   1.30    625   9999  9999
  0822  70352 410222   3.82   3.90   4.98   8.04   1.56   223   1.30    625   9999  9999
  0822  70351 410223   4.90   0.40   4.99   8.05   1.56   223   1.30    625   9999  9999
 -0808  71709 409483   1.04   0.40   5.03   7.99   1.55   222   1.29    618  12.64   100
  0809  71712 409510   2.15  19.35   5.03   8.00   1.55   221   1.29    617  12.62   100
  0809  71715 409514   2.95  18.45   5.03   8.00   1.55   222   1.29    618  12.62   100
  0809  71716 409517   3.92  17.40   5.02   8.00   1.55   222   1.29    619  12.61   100
  0809  71717 409522   5.03  16.30   5.03   8.00   1.55   221   1.28    617  12.59   100
  0810  71720 409521   5.95  15.45   5.02   8.00   1.55   222   1.29    619  12.58   100
  0810  71723 409517   7.02  14.35   5.03   8.00   1.55   221   1.29    617  12.57   100
  0810  71726 409514   8.01  13.40   5.02   8.00   1.55   222   1.29    619  12.58   100
  0810  71726 409513   8.99  12.45   5.03   8.00   1.55   222   1.29    620  12.53   100
  0811  71726 409513   9.95  11.50   5.01   8.00   1.59   227   1.32    638  12.53    99
  0811  71727 409506  10.99  10.50   4.93   7.93   2.01   289   1.70    837  12.47    99
  0811  71728 409501  12.02   9.45   4.96   7.92   2.10   301   1.78    879  12.45    99
  0811  71727 409495  12.99   8.40   4.96   7.93   2.15   309   1.83    907  12.39    98
  0812  71726 409490  13.97   7.25   4.97   7.92   2.21   317   1.88    935  12.37    98
  0812  71725 409484  15.00   6.30   4.98   7.92   2.32   332   1.97    987  12.33    98
  0812  71723 409482  16.10   5.30   4.99   7.92   2.38   341   2.03   1018  12.32    98
  0813  71719 409481  16.94   4.55   4.96   7.91   2.46   352   2.10   1058  12.19    97
  0813  71717 409482  17.97   3.50   4.98   7.91   2.49   356   2.12   1072  12.14    97
  0813  71710 409484  19.07   2.75   5.00   7.91   2.54   363   2.17   1097  12.07    96
  0814  71694 409484  19.99   1.95   4.92   7.87   2.54   364   2.17   1099  11.82    94
  0814  71690 409486  21.02   0.80   4.93   7.87   2.54   364   2.17   1099  11.66    93
 -0803  71395 408809   1.10   5.35   4.97   7.96   1.78   255   1.49    737   9999  9999
  0803  71410 408810   1.81   4.85   4.95   7.96   1.76   253   1.48    728   9999  9999
  0803  71416 408810   2.82   3.65   4.96   7.96   1.76   253   1.48    728   9999  9999
  0804  71419 408810   3.89   2.85   4.96   7.95   1.76   253   1.48    729   9999  9999
  0804  71421 408810   4.83   1.75   4.98   7.91   1.97   283   1.66    816   9999  9999
  0804  71423 408810   5.88   0.75   5.03   7.91   2.17   310   1.84    912   9999  9999
 -0835  72548 408779   0.89  10.05   4.99   8.10   1.53   220   1.28    612   9999  9999
  0835  72552 408779   1.85   9.25   4.98   8.10   1.53   220   1.28    611   9999  9999
  0835  72557 408779   2.81   8.60   4.98   8.09   1.54   220   1.28    613   9999  9999
  0835  72559 408779   3.80   7.50   4.98   8.10   1.53   220   1.28    611   9999  9999
  0835  72561 408781   4.84   6.45   4.99   8.10   1.54   220   1.28    614   9999  9999
  0835  72562 408782   5.84   5.45   4.99   8.10   1.54   221   1.28    615   9999  9999
  0835  72563 408782   6.91   4.40   4.98   8.10   1.54   221   1.28    616   9999  9999
  0835  72564 408783   7.84   3.45   4.99   8.10   1.54   221   1.28    616   9999  9999
  0835  72565 408784   8.84   2.25   4.99   8.09   1.55   222   1.29    620   9999  9999
  0835  72566 408783   9.85   1.10   4.98   8.07   1.59   228   1.33    641   9999  9999
 -0841  73104 407835   1.04   7.25   4.97   8.10   1.50   215   1.25    596   9999  9999
  0842  73108 407826   1.84   6.80   4.97   8.10   1.50   215   1.25    594   9999  9999
  0842  73109 407822   2.81   5.90   4.97   8.10   1.50   215   1.24    594   9999  9999
  0842  73110 407819   3.83   5.20   4.97   8.10   1.50   215   1.25    597   9999  9999
  0842  73111 407817   4.87   4.35   4.98   8.10   1.50   216   1.25    597   9999  9999
  0842  73113 407814   5.86   3.25   4.98   8.10   1.51   217   1.26    601   9999  9999
  0842  73114 407814   6.85   2.40   4.98   8.10   1.51   217   1.26    601   9999  9999
  0842  73116 407813   7.84   1.35   4.99   8.10   1.52   217   1.26    603   9999  9999
 -1046  75775 406453   1.07   0.90   5.05   8.18   1.29  9999   1.07    491  12.65   100
  1046  75759 406450   2.05   0.40   5.05   8.18   1.29  9999   1.06    490  12.65   100
  1046  75751 406450   2.93   7.10   5.04   8.18   1.29  9999   1.07    491  12.63   100
  1047  75746 406451   3.93   5.95   5.04   8.18   1.30  9999   1.07    492  12.63   100
  1047  75739 406453   5.02   4.85   5.06   8.18   1.30  9999   1.07    491  12.61   100
  1047  75734 406453   6.03  51.25   5.01   8.18   1.29  9999   1.07    492  12.62   100
  1047  75727 406456   6.99  26.35   5.01   8.18   1.29  9999   1.07    492  12.58   100
  1048  75723 406457   7.95   1.70   4.99   8.18   1.30  9999   1.07    493  12.58    99
  1048  75721 406457   8.97  51.25   4.99   8.18   1.30  9999   1.07    494  12.55    99
 -0902  77123 406188   1.02  13.00   5.06   8.10   1.30   185   1.07    492   9999  9999
  0902  77133 406190   1.85  12.75   5.05   8.10   1.29   185   1.06    490   9999  9999
  0902  77139 406190   2.87  11.45   5.06   8.10   1.31   187   1.08    498   9999  9999
  0902  77142 406191   3.82  10.75   5.09   8.10   1.31   188   1.08    499   9999  9999
  0902  77147 406191   4.86   9.65   5.12   8.10   1.33   190   1.09    507   9999  9999
  0902  77149 406190   5.80   0.70   5.16   8.10   1.33   190   1.10    509   9999  9999
  0902  77151 406190   6.84   7.60   5.17   8.10   1.33   190   1.09    506   9999  9999
  0902  77153 406191   7.88   6.40   5.19   8.10   1.34   191   1.10    510   9999  9999
  0902  77154 406192   8.82   5.40   5.15   8.11   1.33   189   1.09    505   9999  9999
  0902  77156 406193   9.87   4.45   5.17   8.10   1.35   192   1.11    515   9999  9999
  0902  77156 406194  10.83   3.40   5.15   8.10   1.37   196   1.13    529   9999  9999
  0903  77160 406196  11.81   2.45   5.14   8.10   1.38   197   1.13    531   9999  9999
  0903  77162 406198  12.82   1.60   5.14   8.10   1.40   200   1.16    543   9999  9999
 -1022  80177 408119   0.99   0.45   5.10   8.12   0.98   140   0.80    336  12.59   100
  1022  80164 408112   1.96  14.55   5.09   8.12   0.98   140   0.80    336  12.61   100
  1022  80158 408113   3.01  13.50   5.09   8.12   0.98   140   0.80    336  12.58   100
  1023  80156 408116   4.04  12.50   5.08   8.13   0.99   141   0.80    337  12.58   100
  1023  80155 408122   4.99  11.50   5.08   8.13   0.99   141   0.80    337  12.57    99
  1023  80153 408129   5.91  10.55   5.08   8.13   0.99   141   0.80    337  12.56    99
  1023  80147 408132   6.95   9.50   5.08   8.13   0.99   141   0.80    338  12.56    99
  1023  80141 408132   8.00   8.45   5.08   8.13   0.99   141   0.80    337  12.53    99
  1024  80136 408128   9.03   7.50   5.08   8.13   0.98   141   0.80    337  12.52    99
  1024  80134 408118  10.01   6.45   5.09   8.13   0.98   141   0.80    337  12.51    99
  1024  80133 408111  11.04   5.40   5.09   8.12   0.99   141   0.80    337  12.51    99
  1025  80132 408102  11.95   4.35   5.13   8.09   1.27   181   1.04    477  12.47    99
  1025  80134 408097  13.05   3.25   5.15   8.11   1.27   181   1.04    478  12.47    99
  1025  80137 408096  13.90   2.35   5.16   8.12   1.29   184   1.06    487  12.46    99
  1025  80142 408097  14.97   1.25   5.17   8.13   1.30   186   1.07    492  12.46    99
  1025  80146 408099  15.98   0.40   5.17   8.13   1.32   188   1.08    500  12.46    99
 -0931  83660 408516   1.01  11.20   5.20   8.07   0.95   136   0.77    320   9999  9999
  0931  83670 408521   1.86  10.75   5.19   8.06   0.95   135   0.77    318   9999  9999
  0931  83673 408523   2.82   9.80   5.19   8.06   0.95   135   0.76    317   9999  9999
  0931  83674 408523   3.81   8.75   5.18   8.06   0.95   135   0.77    318   9999  9999
  0931  83675 408524   4.83   8.10   5.19   8.06   0.95   135   0.77    319   9999  9999
  0932  83676 408525   5.81   7.05   5.19   8.06   0.95   135   0.77    318   9999  9999
  0932  83677 408525   6.82   6.20   5.18   8.06   0.95   135   0.77    319   9999  9999
  0932  83678 408525   7.80   5.20   5.18   8.06   0.95   136   0.77    321   9999  9999
  0932  83679 408525   8.82   4.20   5.20   8.06   0.96   137   0.78    324   9999  9999
  0932  83679 408524   9.83   3.20   5.20   8.06   0.96   137   0.78    325   9999  9999
  0932  83680 408524  10.81   2.25   5.21   8.06   0.97   138   0.79    329   9999  9999
  0932  83681 408523  11.85   1.10   5.21   8.06   0.98   139   0.79    332   9999  9999
 -0950  86087 411527   1.01  11.75   5.23   8.09   0.83   118   0.66    263  12.47    99
  0950  86079 411531   2.03  11.05   5.23   8.09   0.83   118   0.67    265  12.46    99
  0950  86072 411537   3.04  10.10   5.22   8.09   0.83   118   0.67    265  12.46    99
  0950  86064 411541   3.97   8.45   5.24   8.09   0.83   119   0.67    266  12.43    99
  0951  86058 411540   5.00   7.05   5.24   8.09   0.84   119   0.67    267  12.43    99
  0951  86053 411536   6.04   5.90   5.25   8.09   0.84   119   0.67    267  12.41    99
  0951  86048 411530   7.01   4.80   5.25   8.09   0.84   119   0.67    268  12.41    99
  0951  86046 411528   8.03   3.85   5.25   8.09   0.84   119   0.67    269  12.40    98
  0952  86046 411529   8.94   2.95   5.25   8.09   0.84   119   0.67    268  12.39    98
  0952  86046 411529   9.98   1.85   5.25   8.09   0.84   119   0.67    268  12.38    98
  0952  86046 411527  10.99   0.90   5.25   8.09   0.84   119   0.67    269  12.38    98
