# MEETVAARTUIG : M.S. ARGUS
# MEETDATUM    : 01-10-2009 14:29:53
# MEETGEBIED   :
# STARTPUNT    :
# EINDPUNT     :
# PROJECTCODE  :
# OPDRACHTGEVER:
# BEHEERDER    :
# BEMONST. INST:
# WAARNEMER(S) : Imre Schep
#
* 20091001
$ 9999 [0000000000]
>TIJD      uumm                    
>X         coordinaat              
>Y         coordinaat              
>SENSHTE   Diepte set        m     
>ECHOS     Echoset           mtrs  
>Temp      Temperatuur       oC        : 15.0   0.5   15   0.5
>SALNTT    Saliniteit        dimsl 
>CL-       Chloride          mg/l  
>O2        Zuurstof          mg/l  
>%O2       Zuurstof%         %     
 -1429  70359 410225   0.98   6.75  16.85   1.29    632   9999  9999
  1430  70350 410224   1.87   5.75  16.85   1.30    635   9999  9999
  1430  70344 410224   2.80   4.90  16.85   1.30    634   9999  9999
  1430  70342 410222   3.85   4.15  16.86   1.31    642   9999  9999
  1430  70339 410222   4.89   3.00  16.86   1.31    644   9999  9999
  1430  70337 410221   5.87   1.70  16.87   1.34    657   9999  9999
  1430  70333 410219   6.82   1.10  16.92   1.41    699   9999  9999
 -1421  71506 409855   0.97  17.85  16.71   1.11    528   9999  9999
  1421  71505 409862   1.86  17.05  16.71   1.12    529   9999  9999
  1421  71505 409865   2.81  16.10  16.70   1.12    531   9999  9999
  1421  71505 409867   3.80  15.15  16.70   1.12    532   9999  9999
  1421  71505 409868   4.88  14.10  16.70   1.12    532   9999  9999
  1421  71505 409869   5.85  13.05  16.71   1.13    538   9999  9999
  1421  71504 409871   6.84  12.05  16.71   1.14    545   9999  9999
  1422  71504 409872   7.88  11.00  16.72   1.16    557   9999  9999
  1422  71504 409872   8.86  10.05  16.72   1.16    556   9999  9999
  1422  71504 409872   9.83   9.25  16.71   1.17    561   9999  9999
  1422  71503 409871  10.88   8.15  16.76   1.24    601   9999  9999
  1422  71503 409870  11.84   7.15  16.83   1.38    682   9999  9999
  1422  71504 409869  12.81   6.20  16.89   1.53    754   9999  9999
  1422  71505 409869  13.85   5.30  16.97   1.64    816   9999  9999
  1422  71507 409868  14.87   4.30  16.96   1.76    883   9999  9999
  1422  71507 409867  15.86   3.30  16.95   1.79    901   9999  9999
  1422  71509 409866  16.81   2.60  16.91   1.82    917   9999  9999
  1422  71511 409866  17.83   1.45  16.88   1.83    925   9999  9999
 -1406  71711 409499   1.03  19.80  16.79   1.05    488   9.45    98
  1406  71702 409509   2.02  18.85  16.78   1.05    488   9.46    98
  1407  71701 409504   3.06  17.90  16.78   1.05    487   9.45    98
  1407  71702 409491   3.98  17.35  16.76   1.05    487   9.45    98
  1407  71698 409487   5.01  16.40  16.73   1.05    492   9.43    97
  1407  71692 409488   5.99  15.40  16.66   1.07    503   9.44    97
  1408  71686 409488   7.01  14.30  16.65   1.08    505   9.43    97
  1408  71683 409487   8.00  13.30  16.65   1.07    504   9.41    97
  1409  71684 409500   9.01  12.05  16.72   1.24    601   9.00    93
  1409  71685 409497  10.07  11.10  16.78   1.39    691   8.94    93
  1411  71678 409496  11.01  10.30  16.92   1.67    829   8.01    83
  1411  71675 409492  12.03   9.35  16.93   1.67    834   7.99    83
  1412  71676 409498  13.01   8.15  16.94   1.75    880   6.60    69
  1412  71682 409504  14.03   6.90  16.93   1.76    882   6.59    69
  1413  71690 409504  15.03   6.20  16.92   1.77    886   6.08    63
  1413  71691 409502  15.96   5.40  16.93   1.76    883   6.09    63
  1414  71695 409489  17.05   4.55  16.89   1.83    921   5.25    55
  1416  71692 409502  17.99   3.40  16.88   1.83    925   3.72    39
  1416  71689 409500  18.97   2.40  16.87   1.84    926   3.69    38
  1417  71689 409501  19.98   1.35  16.72   1.91    968   2.17    22
 -1442  71420 408813   1.05   5.10  16.81   1.06    495   9999  9999
  1443  71416 408820   1.81   4.60  16.81   1.06    497   9999  9999
  1443  71415 408822   2.90   3.60  16.80   1.07    504   9999  9999
  1443  71413 408823   3.85   2.65  16.78   1.17    561   9999  9999
  1443  71412 408822   4.85   1.60  16.78   1.43    713   9999  9999
 -1359  72568 408759   0.95   9.55  16.78   1.04    482   9999  9999
  1359  72566 408761   1.81   8.95  16.78   1.04    483   9999  9999
  1359  72566 408762   2.82   8.05  16.78   1.04    482   9999  9999
  1359  72565 408763   3.84   7.05  16.78   1.04    484   9999  9999
  1359  72565 408764   4.88   6.10  16.78   1.04    483   9999  9999
  1400  72565 408764   5.92   5.00  16.78   1.04    483   9999  9999
  1400  72566 408764   6.82   4.30  16.77   1.04    482   9999  9999
  1400  72566 408765   7.85   3.25  16.76   1.04    483   9999  9999
  1400  72567 408765   8.80   2.30  16.75   1.04    483   9999  9999
  1400  72569 408765   9.84   1.05  16.75   1.04    484   9999  9999
 -1352  73136 407813   1.04   3.35  16.88   0.92    412   9999  9999
  1352  73124 407816   1.83   6.60  16.89   0.91    411   9999  9999
  1352  73118 407817   2.86   5.70  16.88   0.92    412   9999  9999
  1352  73116 407817   3.84   4.75  16.87   0.92    413   9999  9999
  1352  73114 407817   4.84   3.95  16.86   0.92    413   9999  9999
  1352  73113 407817   5.84   2.80  16.87   0.92    414   9999  9999
  1352  73113 407817   6.80   2.00  16.86   0.92    415   9999  9999
  1353  73113 407815   7.81   0.95  16.84   0.92    416   9999  9999
 -1137  77131 406195   0.92  13.05  16.75   0.81    350   9999  9999
  1137  77153 406200   1.83  12.35  16.75   0.81    351   9999  9999
  1137  77156 406200   2.90  11.25  16.75   0.81    352   9999  9999
  1137  77160 406202   3.82  10.40  16.75   0.81    352   9999  9999
  1137  77165 406202   4.92   9.25  16.75   0.81    351   9999  9999
  1137  77168 406202   5.88   8.30  16.75   0.81    351   9999  9999
  1137  77170 406202   6.93   7.25  16.75   0.81    351   9999  9999
  1137  77172 406203   7.89   6.60  16.75   0.81    351   9999  9999
  1137  77173 406203   8.93   5.20  16.75   0.81    351   9999  9999
  1137  77175 406203   9.86   4.30  16.75   0.81    351   9999  9999
  1137  77176 406204  10.86  51.25  16.75   0.81    352   9999  9999
  1137  77179 406207  11.85   3.85  16.74   0.81    351   9999  9999
  1138  77184 406208  12.83  51.25  16.75   0.81    351   9999  9999
 -1307  80128 408095   1.03  15.15  16.90   0.61    238   9.58    99
  1307  80130 408100   2.02  14.10  16.92   0.61    238   9.57    99
  1307  80129 408106   3.00  13.15  16.89   0.61    238   9.58    99
  1308  80132 408109   3.97  12.20  16.91   0.61    239   9.57    99
  1308  80136 408110   5.02  11.20  16.84   0.62    243   9.57    99
  1308  80138 408110   6.05  10.20  16.81   0.63    249   9.56    99
  1308  80140 408108   7.04   9.20  16.82   0.63    248   9.52    98
  1309  80140 408108   7.98   8.25  16.77   0.64    252   9.50    98
  1309  80140 408106   9.03   7.30  16.77   0.64    252   9.45    97
  1309  80142 408104   9.95   6.30  16.68   0.69    282   9.42    97
  1310  80159 408090  11.08   5.00  16.71   0.77    329   8.92    92
  1310  80162 408096  11.96   4.15  16.72   0.80    344   8.94    92
  1312  80159 408106  13.04   3.25  16.71   0.92    412   8.01    83
  1314  80157 408113  14.01   2.45  16.83   1.02    474   6.05    63
  1314  80157 408114  15.03   1.50  16.85   1.05    489   6.05    63
  1317  80158 408112  15.94   0.45  16.87   1.07    504   3.52    36
 -1208  83708 408526   0.92   9.10  16.83   0.57    217   9999  9999
  1208  83704 408517   1.89   9.15  16.83   0.57    217   9999  9999
  1209  83701 408514   2.83   8.40  16.83   0.58    218   9999  9999
  1209  83700 408512   3.87   7.75  16.83   0.58    218   9999  9999
  1209  83699 408510   4.84   6.70  16.84   0.58    218   9999  9999
  1209  83696 408507   5.86   5.80  16.84   0.58    218   9999  9999
  1209  83695 408505   6.92   4.70  16.84   0.58    218   9999  9999
  1209  83693 408504   7.88   3.65  16.84   0.58    218   9999  9999
  1209  83692 408503   8.85   2.80  16.85   0.58    218   9999  9999
  1209  83691 408502   9.81  51.25  16.84   0.58    218   9999  9999
  1209  83690 408500  10.84   0.55  16.82   0.58    222   9999  9999
 -1228  86039 411527   1.06  51.25  16.94   0.50    177   9.21    95
  1228  86046 411523   2.03  51.25  16.93   0.50    176   9.20    95
  1228  86051 411519   3.03   8.65  16.93   0.50    176   9.19    95
  1229  86054 411517   4.05   7.35  16.93   0.50    175   9.18    95
  1229  86060 411512   4.97   6.00  16.92   0.50    177   9.18    95
  1229  86066 411511   6.00   4.95  16.91   0.50    177   9.16    95
  1230  86068 411516   6.96  51.25  16.92   0.50    177   9.16    95
  1230  86072 411529   8.01  51.25  16.93   0.50    176   9.14    95
  1231  86076 411529   8.97  51.25  16.92   0.50    176   9.13    94
  1231  86076 411528   9.99  51.25  16.91   0.50    177   9.13    94
  1231  86077 411527  10.99  51.25  16.90   0.50    177   9.13    94
  1232  86079 411525  11.87  51.25  16.84   0.50    180   9.13    94
