# MEETVAARTUIG : M.S. ARGUS
# MEETDATUM    : 29-10-2007 07:51:19
# MEETGEBIED   : VOLKERAK/ZOOMMEER
# STARTPUNT    : Krammersluizen
# EINDPUNT     : Antwerpen
# PROJECTCODE  : E7608X
# OPDRACHTGEVER: ZLXXAXAMDBG
# BEHEERDER    : ZLXXAXAMDBG
# BEMONST. INST:
# WAARNEMER(S) : G,J.Bakker.
#
* 20071029
$ 9999 [00000000000000]
>TIJD      uumm                    
>X         coordinaat              
>Y         coordinaat              
>SENSHTE   Diepte set        m     
>ECHOS     Echoset           mtrs  
>Temp      Temperatuur       oC        : 6.0   0.5   15   0.5
>GELBH     Geleidendheid     mS/cm 
>SALNTT    Saliniteit        dimsl 
>CL-       Chloride          mg/l  
>Echo      Echoschip         M     
>pH        Zuurgraad         dimsls
>O2        Zuurstof          mg/l  
>%O2       Zuurstof%         %     
>CHFLYSI   Chlorofyl         ugr/l 
 -0822  70347 410242   0.97   2.55  10.31   1.56   1.12    526   9999   9999   9999  9999   9999
  0822  70338 410245   1.89   6.45  10.31   1.56   1.12    526   9999   9999   9999  9999   9999
  0822  70336 410247   2.81   5.50  10.31   1.57   1.12    526   9999   9999   9999  9999   9999
  0822  70334 410247   3.87   4.85  10.31   1.56   1.12    526   9999   9999   9999  9999   9999
  0822  70330 410248   4.95   3.95  10.31   1.56   1.12    526   9999   9999   9999  9999   9999
  0822  70329 410248   5.80   3.05  10.31   1.56   1.12    526   9999   9999   9999  9999   9999
  0822  70325 410247   6.84   1.75  10.31   1.56   1.12    526   9999   9999   9999  9999   9999
 -0814  71485 409854   0.92  17.50  10.47   1.60   1.14    539   9999   9999   9999  9999   9999
  0814  71482 409861   1.92  51.25  10.47   1.60   1.14    538   9999   9999   9999  9999   9999
  0814  71480 409867   2.82   0.55  10.47   1.60   1.14    538   9999   9999   9999  9999   9999
  0814  71479 409870   3.89  14.75  10.47   1.60   1.14    538   9999   9999   9999  9999   9999
  0814  71477 409873   4.93  13.60  10.47   1.60   1.14    538   9999   9999   9999  9999   9999
  0814  71477 409874   5.98  12.40  10.47   1.60   1.14    540   9999   9999   9999  9999   9999
  0815  71477 409876   6.93  11.40  10.48   1.61   1.15    542   9999   9999   9999  9999   9999
  0815  71477 409877   7.92  10.65  10.49   1.61   1.15    545   9999   9999   9999  9999   9999
  0815  71479 409877   8.87   9.70  10.50   1.62   1.15    547   9999   9999   9999  9999   9999
  0815  71480 409878   9.82   8.70  10.51   1.63   1.16    551   9999   9999   9999  9999   9999
  0815  71481 409877  10.97   7.70  10.52   1.64   1.17    558   9999   9999   9999  9999   9999
  0815  71484 409876  11.93   6.70  10.56   1.69   1.21    576   9999   9999   9999  9999   9999
  0815  71484 409876  12.91   5.95  10.65   1.77   1.26    609   9999   9999   9999  9999   9999
  0815  71488 409874  13.81   5.20  10.82   2.02   1.44    714   9999   9999   9999  9999   9999
  0815  71489 409872  14.81   4.30  11.10   2.23   1.59    784   9999   9999   9999  9999   9999
  0815  71490 409872  15.86   3.20  11.19   2.29   1.63    806   9999   9999   9999  9999   9999
  0815  71492 409870  16.91   2.25  11.06   2.28   1.63    806   9999   9999   9999  9999   9999
  0815  71494 409869  17.81   1.10  10.88   2.29   1.64    812   9999   9999   9999  9999   9999
 -0759  71689 409497   1.05   1.05  10.52   1.63   1.16    550   0.00  11.14   9.90    90   0.00
  0759  71683 409506   2.02  14.95  10.52   1.63   1.16    550   0.00  11.22   9.90    90   0.00
  0759  71683 409506   2.98  18.20  10.52   1.63   1.16    550   0.00  11.22   9.91    90   0.00
  0800  71689 409497   4.02  17.45  10.52   1.63   1.16    552   0.00  11.19   9.89    90   0.00
  0800  71693 409490   5.03  16.65  10.53   1.63   1.16    550   0.00  11.18   9.87    89   0.00
  0801  71694 409494   6.01  15.65  10.53   1.64   1.17    555   0.00  11.21   9.87    89   0.00
  0801  71694 409498   7.03  14.65  10.54   1.66   1.18    564   0.00  11.23   9.87    89   0.00
  0801  71698 409500   8.00  13.65  10.53   1.67   1.19    568   0.00  11.22   9.84    89   0.00
  0802  71701 409501   9.01  12.55  10.53   1.68   1.20    571   0.00  11.16   9.80    89   0.00
  0802  71703 409499  10.02  11.65  10.54   1.70   1.21    580   0.00  11.18   9.79    89   0.00
  0803  71709 409500  11.07  10.55  10.59   1.75   1.25    604   0.00  11.13   9.60    87   0.00
  0805  71703 409492  12.06   9.70  10.80   1.89   1.35    660   0.00  11.10   8.64    79   0.00
  0806  71703 409499  13.06   8.70  11.03   2.01   1.43    708   0.00  11.06   7.87    72   0.00
  0806  71702 409498  14.08   7.65  11.08   2.08   1.48    736   0.00  11.07   7.85    72   0.00
  0807  71703 409499  14.99   6.70  10.99   2.26   1.62    799   0.00  11.12   7.52    69   0.00
  0809  71711 409501  16.03   5.55  10.80   2.25   1.62    798   0.00  11.08   8.39    77   0.00
  0809  71706 409506  17.01   4.45  10.78   2.27   1.64    807   0.00  11.11   8.42    77   0.00
  0810  71697 409521  17.98   2.85  10.78   2.29   1.65    816   0.00  11.03   8.29    76   0.00
  0811  71694 409523  19.04   1.50  10.77   2.31   1.66    823   0.00  10.96   8.30    76   0.00
  0811  71689 409522  19.95   0.45  10.76   2.32   1.67    828   0.00  10.97   8.30    76   0.00
 -0751  71415 408841   1.10   5.30  10.45   1.78   1.28    618   9999   9999   9999  9999   9999
  0751  71419 408838   2.02   4.71  10.45   1.78   1.28    618   9999   9999   9999  9999   9999
  0751  71423 408834   3.08   3.77  10.46   1.80   1.29    625   9999   9999   9999  9999   9999
  0751  71426 408829   3.93   2.62  10.46   1.85   1.33    646   9999   9999   9999  9999   9999
  0752  71428 408826   4.97   1.61  10.47   2.02   1.46    724   9999   9999   9999  9999   9999
  0752  71429 408822   5.91   0.62  10.49   2.56   1.87    938   9999   9999   9999  9999   9999
 -0834  72578 408767   1.20  10.30  10.46   1.67   1.20    570   9999   9999   9999  9999   9999
  0834  72581 408769   1.86   9.65  10.46   1.67   1.19    570   9999   9999   9999  9999   9999
  0834  72582 408774   2.83   8.10  10.46   1.67   1.20    571   9999   9999   9999  9999   9999
  0834  72582 408777   3.86   7.05  10.46   1.67   1.20    571   9999   9999   9999  9999   9999
  0834  72583 408779   4.81   6.25  10.46   1.68   1.20    573   9999   9999   9999  9999   9999
  0834  72585 408781   5.89   5.15  10.47   1.68   1.20    573   9999   9999   9999  9999   9999
  0834  72586 408783   6.89   4.10  10.47   1.68   1.20    574   9999   9999   9999  9999   9999
  0835  72587 408785   7.84   3.05  10.47   1.68   1.20    574   9999   9999   9999  9999   9999
  0835  72588 408785   8.89   2.10  10.48   1.69   1.21    577   9999   9999   9999  9999   9999
 -0842  73142 407819   1.04   7.35  10.58   1.69   1.21    578   9999   9999   9999  9999   9999
  0842  73138 407823   1.81   6.85  10.58   1.69   1.21    576   9999   9999   9999  9999   9999
  0842  73136 407826   2.84   5.85  10.58   1.69   1.21    577   9999   9999   9999  9999   9999
  0842  73134 407827   3.94   4.70  10.58   1.70   1.21    580   9999   9999   9999  9999   9999
  0842  73132 407829   4.84   3.80  10.58   1.70   1.21    578   9999   9999   9999  9999   9999
  0842  73129 407837   5.80   2.70  10.57   1.74   1.24    596   9999   9999   9999  9999   9999
  0842  73128 407838   6.83   1.85  10.56   1.75   1.25    603   9999   9999   9999  9999   9999
  0842  73127 407842   7.81   1.25  10.56   1.76   1.26    606   9999   9999   9999  9999   9999
 -0903  77150 406201   0.98  13.25  10.62   1.47   1.04    478   9999   9999   9999  9999   9999
  0903  77152 406204   1.80  12.90  10.62   1.47   1.04    479   9999   9999   9999  9999   9999
  0903  77152 406204   2.89  11.90  10.62   1.47   1.04    479   9999   9999   9999  9999   9999
  0903  77153 406204   3.82  10.75  10.62   1.47   1.04    479   9999   9999   9999  9999   9999
  0903  77154 406205   4.93   9.75  10.62   1.47   1.04    479   9999   9999   9999  9999   9999
  0903  77155 406206   5.82   9.00  10.63   1.47   1.04    479   9999   9999   9999  9999   9999
  0903  77155 406206   6.94   7.80  10.63   1.47   1.04    479   9999   9999   9999  9999   9999
  0903  77157 406206   7.91   6.75  10.63   1.47   1.04    480   9999   9999   9999  9999   9999
  0903  77157 406207   8.82   5.75  10.63   1.47   1.04    480   9999   9999   9999  9999   9999
  0903  77158 406207   9.89   4.85  10.64   1.47   1.04    480   9999   9999   9999  9999   9999
  0903  77158 406207  10.81   4.10  10.63   1.47   1.04    480   9999   9999   9999  9999   9999
  0903  77158 406207  11.86   2.80  10.63   1.47   1.04    480   9999   9999   9999  9999   9999
  0903  77158 406207  12.82   1.85  10.63   1.47   1.04    481   9999   9999   9999  9999   9999
  0904  77158 406205  13.85   0.60  10.63   1.48   1.05    484   9999   9999   9999  9999   9999
 -1026  80144 408114   1.04  15.50  10.68   1.32   0.93    416   9999   9999   9.82    89   9999
  1026  80142 408124   2.07  14.45  10.68   1.32   0.93    416   9999   9999   9.83    89   9999
  1027  80138 408131   2.99  13.60  10.68   1.32   0.93    416   9999   9999   9.82    89   9999
  1027  80126 408117   4.01  12.45  10.68   1.32   0.93    415   9999   9999   9.82    89   9999
  1028  80130 408098   5.00  11.35  10.68   1.32   0.93    417   9999   9999   9.81    89   9999
  1028  80135 408100   6.03  10.40  10.68   1.33   0.93    418   9999   9999   9.81    89   9999
  1029  80139 408112   7.02   9.50  10.68   1.33   0.94    421   9999   9999   9.80    89   9999
  1029  80140 408122   8.00   8.60  10.68   1.33   0.94    420   9999   9999   9.80    89   9999
  1030  80141 408127   9.05   7.55  10.68   1.33   0.94    420   9999   9999   9.80    89   9999
  1030  80146 408123  10.07   6.60  10.68   1.33   0.94    421   9999   9999   9.78    89   9999
  1030  80147 408115  11.00   5.60  10.68   1.34   0.94    422   9999   9999   9.78    89   9999
  1031  80151 408113  12.02   4.55  10.67   1.34   0.94    422   9999   9999   9.79    89   9999
  1031  80158 408112  12.99   3.60  10.68   1.34   0.94    421   9999   9999   9.77    89   9999
  1032  80158 408110  14.01   2.55  10.67   1.34   0.94    423   9999   9999   9.78    89   9999
  1032  80159 408109  15.06   1.50  10.66   1.35   0.95    426   9999   9999   9.77    89   9999
  1032  80158 408108  16.00   0.60  10.66   1.35   0.95    426   9999   9999   9.77    89   9999
 -0933  83693 408540   1.11  10.00  10.69   1.21   0.84    367   9999   9999   9999  9999   9999
  0933  83685 408543   1.84   9.60  10.69   1.21   0.85    368   9999   9999   9999  9999   9999
  0933  83681 408544   2.91   8.65  10.69   1.21   0.84    367   9999   9999   9999  9999   9999
  0933  83677 408544   3.87   8.00  10.69   1.21   0.84    367   9999   9999   9999  9999   9999
  0933  83674 408543   4.93   7.15  10.69   1.21   0.85    368   9999   9999   9999  9999   9999
  0934  83673 408542   5.91   6.30  10.69   1.21   0.85    369   9999   9999   9999  9999   9999
  0934  83672 408542   6.81   5.20  10.68   1.21   0.85    369   9999   9999   9999  9999   9999
  0934  83671 408541   7.97   4.30  10.67   1.22   0.85    370   9999   9999   9999  9999   9999
  0934  83671 408541   8.90   3.40  10.67   1.22   0.85    371   9999   9999   9999  9999   9999
  0934  83671 408541   9.85   2.25  10.67   1.22   0.85    373   9999   9999   9999  9999   9999
  0934  83678 408525  10.87   2.55  10.67   1.24   0.87    379   9999   9999   9999  9999   9999
  0935  83680 408518  11.88   1.15  10.67   1.23   0.86    376   9999   9999   9999  9999   9999
 -0952  86072 411539   0.98  11.95  10.71   1.18   0.82    354   9999   9999   9.81    89   9999
  0952  86059 411549   2.02  51.25  10.72   1.18   0.82    354   9999   9999   9.79    89   9999
  0953  86050 411542   3.00  51.25  10.72   1.18   0.82    354   9999   9999   9.78    89   9999
  0953  86044 411530   3.87   8.10  10.72   1.18   0.82    354   9999   9999   9.77    89   9999
  0953  86041 411525   5.00   7.25  10.72   1.18   0.82    354   9999   9999   9.78    89   9999
  0954  86039 411522   5.97   6.40  10.72   1.18   0.82    354   9999   9999   9.76    89   9999
  0954  86040 411522   6.97   5.40  10.72   1.18   0.82    355   9999   9999   9.76    89   9999
  0954  86044 411526   8.02  51.25  10.70   1.18   0.83    356   9999   9999   9.75    88   9999
  0955  86050 411532   9.01   2.95  10.70   1.18   0.83    356   9999   9999   9.75    88   9999
  0955  86054 411537  10.05  51.25  10.70   1.19   0.83    358   9999   9999   9.75    88   9999
  0955  86053 411537  11.05   1.00  10.59   1.19   0.84    362   9999   9999   9.76    88   9999
