# MEETVAARTUIG : M.C.ECOS2 YSI
# MEETDATUM    : 26-02-2019 08:13:55
# MEETGEBIED   :
# STARTPUNT    :
# EINDPUNT     :
# PROJECTCODE  :
# OPDRACHTGEVER:
# BEHEERDER    :
# BEMONST. INST:
# WAARNEMER(S) : Michel de Wit
#
* 20190226
$ 9999 [000000000000000]
>TIJD      uumm                    
>X         coordinaat              
>Y         coordinaat              
>SENSHTE   Diepte set        m     
>Echms     Echoset           mtrs  
>Temp      Temperatuur       oC     :  3.0   0.5   15   0.5
>pH        Zuurgraad         dimsls
>GELBH     Geleidendheid     mS/cm 
>GEL20     Gel20             ???   
>SALNTT    Saliniteit        dimsl 
>CL-       Chloride          mg/l  
>CHFLYSI   Chlorofyl         ugr/l 
>TURBID    Troebelheid       NTU   
>O2        Zuurstof          mg/l  
>%O2       Zuurstof%         %     
 -0813  70354 410209   1.09   6.93   6.64   8.27   0.79   108   0.60    230   8.10   0.10   9999  9999
  0814  70338 410222   1.89   6.23   6.66   8.27   0.79   108   0.61    231  23.70   0.20   9999  9999
  0814  70333 410227   2.88   5.59   6.69   8.28   0.79   109   0.61    232   5.20  -0.10   9999  9999
  0814  70329 410229   3.91   4.39   6.69   8.28   0.79   109   0.61    232   9.50  -0.10   9999  9999
  0814  70327 410230   4.91   3.31   6.71   8.31   0.80   109   0.61    235  16.10   0.10   9999  9999
  0814  70326 410230   5.90   2.16   6.75   8.36   0.98   134   0.76    315  26.90  -0.30   9999  9999
  0814  70324 410231   6.90   1.09   6.56   8.41   1.00   138   0.78    327  22.70   0.00   9999  9999
 -0753  71676 409514   1.08  20.25   6.36   8.21   0.74   102   0.57    212  20.80  -0.10  13.40   107
  0753  71695 409524   2.05  19.12   6.38   8.23   0.79   110   0.61    235  19.20   0.10  13.50   108
  0754  71701 409527   3.05   0.75   6.38   8.28   0.79   109   0.61    234  20.10   0.10  13.60   108
  0755  71700 409524   4.06  17.25   6.50   8.30   0.94   130   0.73    300  23.00  -0.20  13.60   109
  0755  71700 409519   5.05  16.43   6.45   8.30   1.02   140   0.79    335  21.30  -0.50  13.70   109
  0756  71704 409506   6.05  16.43   6.51   8.32   0.95   131   0.74    304  17.10   0.20  13.70   110
  0756  71704 409501   7.07  15.46   6.29   8.34   1.07   148   0.84    362  12.60  -0.20  13.70   110
  0757  71701 409496   8.07  14.33   6.11   8.32   1.19   165   0.95    422  17.80  -0.30  13.50   107
  0758  71700 409496   9.08  13.59   5.72   8.24   1.50   211   1.22    581  16.50  -0.40  13.40   105
  0758  71700 409496  10.09  12.50   5.68   8.26   1.65   233   1.35    657  23.40  -0.50  13.20   104
  0759  71699 409496  11.09  11.40   5.10   8.20   1.66   237   1.38    672  15.20  -0.10  13.10   102
  0759  71699 409501  12.11  10.15   4.91   8.20   1.66   238   1.39    678  17.60  -0.30  12.80    99
  0800  71699 409503  12.99   9.25   4.89   8.20   1.66   238   1.39    678  30.50  -0.10  12.80    99
  0801  71698 409501  14.00   8.21   4.86   8.14   1.69   243   1.42    694  15.80  -0.10  12.20    94
  0802  71694 409498  14.99   7.20   5.27   8.22   1.76   251   1.46    721  36.80  -0.10  12.50    98
  0803  71692 409498  16.01   6.15   5.25   8.22   1.78   253   1.48    730  26.70   0.30  12.50    98
  0803  71693 409496  17.02   5.06   5.30   8.21   1.81   258   1.51    745  12.90   0.70  12.50    98
  0804  71694 409495  17.99   4.11   5.29   8.22   1.83   261   1.53    756  32.60   0.10  12.50    98
  0804  71696 409493  19.03   3.04   5.35   8.22   1.85   263   1.54    747  16.20   0.10  12.50    98
  0804  71697 409492  20.00   2.06   5.33   8.21   1.86   264   1.55    753  16.80   0.00  12.50    98
  0805  71700 409491  20.96   1.16   5.33   8.19   1.87   265   1.55    755  20.60  -0.10  12.40    97
 -0745  71421 408826   1.07   5.81   6.37   8.36   1.07   148   0.84    361  28.70   0.60   9999  9999
  0746  71426 408826   1.88   4.96   6.37   8.36   1.08   149   0.85    366  19.60   0.40   9999  9999
  0746  71427 408827   2.91   3.91   6.39   8.36   1.17   162   0.92    409  24.80   0.50   9999  9999
  0746  71428 408827   3.91   2.84   6.41   8.36   1.32   182   1.04    479  27.20   0.70   9999  9999
  0746  71427 408827   4.89   1.85   6.42   8.33   1.41   194   1.12    522  15.60   0.40   9999  9999
  0746  71427 408826   5.90   0.76   6.43   8.32   1.68   232   1.35    654   8.30   0.20   9999  9999
  0747  71425 408825   6.09   0.00   6.43   8.32   1.86   256   1.50    739  18.80   0.70   9999  9999
 -0828  72565 408774   1.12  10.50   6.40   8.31   0.81   111   0.62    240  29.70   0.20   9999  9999
  0828  72568 408774   1.92   9.89   6.40   8.28   0.84   116   0.65    256  14.40   0.10   9999  9999
  0828  72568 408774   2.89   8.95   6.41   8.30   0.85   117   0.66    260  18.20   0.10   9999  9999
  0828  72569 408775   3.92   7.81   6.46   8.33   0.88   122   0.69    276  16.30   0.40   9999  9999
  0829  72569 408775   4.93   6.76   6.42   8.37   0.90   124   0.70    285  29.40   0.10   9999  9999
  0829  72569 408775   5.90   5.71   6.41   8.39   1.00   138   0.78    327  14.40  -0.20   9999  9999
  0829  72569 408775   6.89   4.70   6.43   8.36   1.03   143   0.81    343  21.30   0.20   9999  9999
  0829  72570 408775   7.91   3.63   6.31   8.34   1.09   151   0.86    372  17.50   0.00   9999  9999
  0829  72570 408775   8.88   2.51   6.30   8.32   1.17   161   0.92    409  19.40  -0.10   9999  9999
  0829  72570 408775   9.91   1.39   6.20   8.31   1.21   168   0.96    431  19.60  -0.40   9999  9999
 -0836  73111 407851   1.12   8.09   6.33   8.21   0.76   104   0.58    219  16.80   0.20   9999  9999
  0836  73117 407841   1.93   7.24   6.33   8.21   0.76   105   0.59    222  16.10   0.10   9999  9999
  0836  73119 407838   2.89   6.26   6.36   8.25   0.85   118   0.66    262  20.60   0.60   9999  9999
  0836  73120 407837   3.92   5.00   6.38   8.30   0.89   123   0.69    280  16.30   0.80   9999  9999
  0836  73121 407836   4.90   3.84   6.34   8.31   0.91   125   0.71    284  16.20   0.40   9999  9999
  0836  73121 407835   5.91   2.78   6.31   8.31   0.87   121   0.68    273  10.60   0.00   9999  9999
  0836  73122 407834   6.91   1.68   6.26   8.34   0.98   136   0.77    320   7.10   0.10   9999  9999
  0836  73121 407834   7.88   0.75   6.26   8.34   1.09   151   0.86    374  18.90   0.20   9999  9999
 -0851  75725 406443   1.00   9.75   6.14   8.26   0.87   121   0.68    272  14.30   0.20  13.30   106
  0852  75745 406440   1.98   8.94   6.18   8.27   0.88   122   0.69    277  26.20  -0.10  13.30   106
  0852  75750 406440   2.97   3.73   6.19   8.28   0.88   122   0.69    279  32.90   0.40  13.30   106
  0853  75757 406440   3.96   0.79   6.24   8.29   0.90   125   0.71    285  14.90   0.20  13.30   106
  0853  75759 406441   4.97   4.56   6.27   8.29   0.92   127   0.72    291  12.70   0.30  13.30   106
  0854  75760 406443   6.01   4.85   6.31   8.32   0.94   130   0.73    299  14.30   1.10  13.40   107
  0854  75758 406446   7.02   3.60   6.29   8.31   0.95   131   0.74    304   7.30   0.20  13.40   107
  0854  75755 406449   8.01   2.44   6.23   8.29   0.96   133   0.75    311  23.80   0.00  13.30   106
  0856  75749 406451   9.01   1.24   5.94   8.22   1.12   157   0.89    393  15.90   0.00  12.50    99
 -0916  77154 406203   1.09  13.79   6.17   8.17   0.75   105   0.59    220  26.50   0.40   9999  9999
  0916  77155 406205   1.90   0.75   6.23   8.17   0.77   107   0.60    228  13.90   0.30   9999  9999
  0916  77154 406205   2.89   0.75   6.26   8.17   0.79   109   0.61    235  15.90   0.30   9999  9999
  0916  77152 406207   3.90  11.00   6.29   8.19   0.81   112   0.63    243  15.10   0.30   9999  9999
  0917  77151 406207   4.91  10.01   6.28   8.27   0.87   121   0.68    272   8.90   0.40   9999  9999
  0917  77151 406206   5.88   8.94   6.22   8.33   0.97   134   0.76    314  23.50  -0.30   9999  9999
  0917  77151 406204   6.88   7.94   6.09   8.34   1.06   148   0.84    362  18.40  -0.30   9999  9999
  0917  77151 406203   7.91   6.81   5.96   8.35   1.20   167   0.95    428   7.80  -0.30   9999  9999
  0917  77151 406202   8.88   5.81   5.94   8.35   1.26   176   1.01    458  19.20   0.00   9999  9999
  0917  77151 406201   9.91   4.70   5.90   8.35   1.29   180   1.04    474   9.20  -0.30   9999  9999
  0917  77152 406200  10.93   3.69   5.76   8.31   1.35   189   1.09    504  31.50   0.10   9999  9999
  0918  77152 406199  11.90   2.63   5.65   8.30   1.36   192   1.10    514  23.10  -0.20   9999  9999
  0918  77152 406198  12.90   1.58   5.57   8.27   1.38   194   1.12    521  20.60   0.20   9999  9999
 -0936  80151 408106   1.03  16.23   6.56   8.13   0.63    87   0.48    166  20.70   0.90  12.60   101
  0936  80152 408113   2.00  15.48   6.52   8.13   0.65    89   0.50    172  14.20   0.80  12.60   101
  0936  80152 408117   3.02  14.43   6.51   8.13   0.66    91   0.50    177  22.60   0.90  12.60   101
  0937  80152 408121   4.03  13.44   6.51   8.13   0.67    92   0.51    180   4.50   0.50  12.50   100
  0937  80153 408124   5.04  12.23   6.48   8.12   0.68    93   0.52    185  24.30   0.80  12.50   100
  0937  80153 408123   6.04  11.16   6.46   8.12   0.70    96   0.53    192  18.10   0.40  12.50   100
  0938  80153 408120   7.05  10.16   6.23   8.13   0.84   117   0.66    259  15.90   0.20  12.50    99
  0939  80155 408109   8.04   9.04   6.03   8.23   0.93   129   0.73    297  10.60   0.50  12.60   100
  0939  80154 408106   9.06   7.88   6.18   8.16   0.86   120   0.67    269  23.70   0.20  12.50   100
  0940  80152 408104  10.06   6.86   5.96   8.22   1.07   149   0.85    365  13.20   0.20  12.50    99
  0941  80149 408105  11.05   5.81   5.93   8.29   1.11   155   0.88    387  18.40   0.40  12.70   101
  0941  80148 408105  12.09   4.75   5.85   8.26   1.16   162   0.93    411  12.60   0.30  12.80   101
  0941  80145 408107  13.08   3.71   5.80   8.25   1.18   166   0.95    423   6.70   1.50  12.70   100
  0942  80144 408109  14.09   2.71   5.75   8.25   1.20   169   0.97    434  19.80   0.40  12.60   100
  0942  80144 408111  15.08   1.70   5.74   8.25   1.21   170   0.98    440  25.20   0.80  12.60    99
  0943  80146 408113  16.05   0.75   5.73   8.24   1.22   171   0.98    442   7.00   0.40  12.50    99
 -1000  83694 408513   1.03  11.89   6.48   7.84   0.59    81   0.45    150  20.90   1.30   9999  9999
  1001  83694 408514   1.88  11.20   6.49   7.84   0.59    81   0.45    151  20.00   1.60   9999  9999
  1001  83694 408515   2.92  10.30   6.48   7.85   0.60    82   0.46    154  21.50   1.70   9999  9999
  1001  83694 408515   3.90   9.20   6.47   7.86   0.61    84   0.47    158   9.70   1.30   9999  9999
  1001  83694 408516   4.90   8.09   6.42   7.88   0.63    88   0.49    168  27.50   1.20   9999  9999
  1001  83694 408517   5.91   7.08   6.38   7.91   0.69    95   0.53    189  24.80   1.20   9999  9999
  1001  83695 408517   6.93   5.88   6.33   7.96   0.71    98   0.55    198  17.70   0.70   9999  9999
  1001  83695 408518   7.88   4.90   6.20   8.08   0.90   125   0.70    287  32.60   0.80   9999  9999
  1001  83695 408519   8.93   3.78   6.03   8.14   0.97   135   0.76    318  21.10   0.30   9999  9999
  1001  83695 408519   9.93   2.71   5.95   8.15   1.00   139   0.79    333   9.20   0.50   9999  9999
  1001  83695 408520  10.90   1.69   5.89   8.17   1.05   147   0.83    358  21.60   1.10   9999  9999
  1002  83695 408520  11.91   0.75   5.88   8.18   1.05   147   0.84    359  29.90   0.80   9999  9999
 -1020  86045 411535   0.97  11.64   6.92   8.00   0.44    60   0.33     97  12.50   3.40  12.00    97
  1021  86059 411547   1.97  11.13   6.89   8.00   0.45    61   0.33     98  11.00   2.90  12.00    97
  1021  86073 411550   2.96   0.81   6.89   8.00   0.45    61   0.33     98  31.40   2.90  12.00    97
  1022  86074 411546   3.96   0.75   6.87   7.99   0.45    62   0.34    100   8.40   2.60  12.00    97
  1022  86074 411541   4.97   0.75   6.82   7.99   0.46    63   0.35    104  23.00   2.70  11.90    96
  1023  86074 411532   5.97   7.64   6.76   7.99   0.49    67   0.37    112   5.70   1.50  12.00    96
  1023  86069 411522   6.96   5.25   6.52   7.97   0.51    70   0.38    120  18.60   2.00  11.90    96
  1023  86065 411516   7.97   3.73   6.51   7.97   0.51    70   0.39    120  20.90   1.80  11.90    95
  1024  86061 411514   8.99   2.30   6.49   7.96   0.51    71   0.39    122  13.60   1.80  11.80    95
  1024  86056 411512   9.98   1.01   6.39   7.94   0.51    71   0.39    122  22.90   1.60  11.80    94
