# MEETVAARTUIG : M.S. ARGUS
# MEETDATUM    : 01-08-2013 08:18:26
# MEETGEBIED   :
# STARTPUNT    :
# EINDPUNT     :
# PROJECTCODE  :
# OPDRACHTGEVER:
# BEHEERDER    :
# BEMONST. INST:
# WAARNEMER(S) : Geert den Hartog
#
* 20130801
$ 9999 [000000000000]
>TIJD      uumm                    
>X         coordinaat              
>Y         coordinaat              
>SENSHTE   Diepte set        m     
>ECHOS     Echoset           mtrs  
>Temp      Temperatuur       oC     : 14.0   0.5   15   0.5
>pH        Zuurgraad         dimsls
>GELBH     Geleidendheid     mS/cm 
>SALNTT    Saliniteit        dimsl 
>CL-       Chloride          mg/l  
>O2        Zuurstof          mg/l  
>%O2       Zuurstof%         %     
 -0818  70367 410206   0.99   6.10  21.87   8.44   2.08   1.14    544   9999  9999
  0818  70359 410210   1.83   5.55  21.87   8.44   2.08   1.14    544   9999  9999
  0818  70351 410214   2.85   4.55  21.86   8.44   2.09   1.14    545   9999  9999
  0818  70347 410216   3.82   3.95  21.86   8.44   2.09   1.14    546   9999  9999
  0818  70342 410221   4.82   3.15  21.85   8.44   2.10   1.14    548   9999  9999
  0818  70338 410226   5.81   2.00  21.85   8.44   2.10   1.15    549   9999  9999
  0819  70333 410230   6.83   1.45  21.85   8.44   2.10   1.15    550   9999  9999
  0819  70330 410232   7.85   0.40  21.82   8.42   2.13   1.17    561   9999  9999
 -0802  71705 409468   1.10  20.05  21.84   8.39   2.02   1.10    524   7.87  9999
  0802  71691 409506   2.05  18.25  21.83   8.39   2.02   1.10    523   7.88  9999
  0802  71693 409511   3.04   0.85  21.84   8.39   2.02   1.10    523   7.88  9999
  0802  71695 409513   4.04  15.90  21.83   8.40   2.02   1.10    524   7.88  9999
  0803  71697 409516   5.04  14.95  21.85   8.40   2.05   1.12    532   7.87  9999
  0803  71701 409525   5.99  13.85  21.87   8.40   2.14   1.17    562   7.57  9999
  0804  71697 409525   7.01  12.80  21.89   8.36   2.37   1.30    641   7.60  9999
  0804  71697 409521   7.95  12.05  21.89   8.22   2.74   1.51    748   7.59  9999
  0805  71697 409506   9.02  12.00  21.37   7.98   4.61   2.66   1395   5.08  9999
  0805  71698 409504   9.95  11.15  21.26   7.96   4.75   2.76   1448   4.64  9999
  0806  71697 409500  10.96  10.30  18.96   7.74   5.18   3.19   1770   4.02  9999
  0807  71697 409494  12.00   9.45  16.18   7.47   4.71   3.09   1711   1.79  9999
  0808  71695 409496  12.98   8.35  15.67   7.38   4.57   3.03   1677   0.98  9999
  0808  71693 409499  14.02   7.40  15.48   7.35   4.75   3.17   1757   0.98  9999
  0808  71692 409501  15.05   6.25  15.83   7.36   5.40   3.60   1996   0.90  9999
  0809  71690 409501  16.03   5.25  16.20   7.40   5.92   3.93   2182   1.05  9999
  0809  71691 409500  17.07   4.25  16.11   7.41   5.80   3.86   2140   1.05  9999
  0810  71695 409496  18.05   3.45  16.45   7.39   6.22   4.12   2285   0.82  9999
  0810  71705 409468  19.01   2.55  16.50   7.39   6.37   4.22   2343   0.81  9999
  0811  71700 409491  19.96   1.70  16.50   7.39   6.45   4.28   2376   0.51  9999
  0811  71700 409493  21.16   0.45  16.11   7.39   6.60   4.43   2458   0.50  9999
 -0756  71403 408846   0.99   5.20  21.78   8.33   2.14   1.17    864   9999  9999
  0757  71416 408846   1.84   4.55  21.80   8.33   2.19   1.20    581   9999  9999
  0757  71421 408845   2.83   3.70  21.85   8.33   2.33   1.28    627   9999  9999
  0757  71426 408844   3.89   2.70  21.86   8.33   2.41   1.32    654   9999  9999
  0757  71428 408844   4.89   1.80  21.87   8.33   2.52   1.39    691   9999  9999
  0757  71432 408843   5.80   0.75  21.99   8.34   3.27   1.82   1167   9999  9999
 -0831  72553 408789   0.88   9.50  21.89   8.39   2.04   1.11    528   9999  9999
  0831  72564 408779   1.85   9.10  21.88   8.39   2.04   1.11    528   9999  9999
  0831  72569 408774   2.81   8.00  21.88   8.40   2.04   1.11    527   9999  9999
  0831  72574 408769   3.87   7.20  21.87   8.39   2.04   1.11    528   9999  9999
  0831  72576 408767   4.83   6.60  21.87   8.40   2.04   1.11    528   9999  9999
  0831  72577 408765   5.83   5.70  21.87   8.40   2.04   1.11    528   9999  9999
  0831  72579 408764   6.82   4.85  21.85   8.41   2.04   1.11    528   9999  9999
  0832  72580 408764   7.83   3.85  21.83   8.43   2.04   1.11    528   9999  9999
  0832  72581 408764   8.89   2.70  21.80   8.44   2.04   1.11    529   9999  9999
  0832  72582 408764   9.91   1.55  21.80   8.30   2.41   1.33    657   9999  9999
  0832  72582 408765  10.85   0.60  21.77   8.13   3.66   2.06   1058   9999  9999
 -0837  73123 407862   0.83   7.55  21.78   8.30   1.89   1.03    480   9999  9999
  0837  73140 407842   1.85   6.70  21.79   8.30   1.89   1.03    479   9999  9999
  0837  73144 407838   2.85   0.60  21.79   8.29   1.88   1.03    478   9999  9999
  0837  73146 407835   3.83   4.35  21.79   8.29   1.89   1.03    479   9999  9999
  0837  73148 407833   4.81   3.55  21.79   8.30   1.89   1.03    481   9999  9999
  0837  73148 407832   5.81   2.50  21.79   8.30   1.90   1.03    482   9999  9999
  0837  73146 407833   6.81   1.35  21.80   8.35   1.95   1.06    501   9999  9999
  0838  73144 407834   7.81   0.40  21.82   8.36   1.99   1.09    514   9999  9999
 -0853  75761 406468   0.96   8.30  21.85   8.14   1.70   0.92    417   7.59    87
  0853  75755 406457   2.02  51.20  21.79   8.13   1.70   0.92    416   7.61    87
  0853  75753 406451   3.01  51.20  21.79   8.13   1.70   0.92    415   7.55    86
  0853  75748 406445   3.95   6.25  21.78   8.13   1.70   0.92    415   7.52    86
  0854  75745 406442   5.07   5.10  21.77   8.12   1.69   0.92    414   7.48    86
  0854  75743 406440   6.08   4.25  21.77   8.12   1.69   0.92    414   7.48    86
  0854  75741 406437   7.05  51.25  21.76   8.10   1.69   0.92    414   7.40    85
  0855  75738 406433   8.05   2.10  21.73   8.09   1.76   0.96    439   7.28    83
  0855  75739 406434   9.01  51.25  21.69   8.07   1.81   0.99    455   7.28    83
  0856  75737 406436   9.88  51.25  20.97   7.73   3.33   1.90    966   4.31    49
 -0903  77120 406200   0.98  12.60  21.78   8.14   1.64   0.89    397   9999  9999
  0903  77133 406205   1.80  12.10  21.78   8.14   1.64   0.89    396   9999  9999
  0903  77141 406208   2.86  11.05  21.76   8.14   1.64   0.89    397   9999  9999
  0903  77148 406210   3.82  10.25  21.77   8.14   1.65   0.89    401   9999  9999
  0904  77150 406210   4.85   9.25  21.77   8.14   1.66   0.90    405   9999  9999
  0904  77151 406209   5.87  51.25  21.77   8.14   1.67   0.91    409   9999  9999
  0904  77151 406207   6.81   7.50  21.68   8.11   1.74   0.94    430   9999  9999
  0904  77151 406205   7.82   6.35  21.42   7.96   2.35   1.30    640   9999  9999
  0904  77151 406204   8.82   5.45  21.39   7.95   2.74   1.53    759   9999  9999
  0904  77151 406203   9.86   4.35  21.43   7.88   3.33   1.88    955   9999  9999
  0904  77151 406202  10.86   3.55  21.25   7.81   3.82   2.19   1126   9999  9999
  0904  77152 406201  11.82   2.70  20.35   7.72   4.16   2.45   1272   9999  9999
  0904  77151 406199  12.81   1.60  19.55   7.66   4.09   2.45   1272   9999  9999
  0904  77150 406198  13.80   0.40  18.77   7.62   3.97   2.42   1254   9999  9999
 -0920  80131 408103   0.86  51.25  21.93   7.98   1.15   0.61    238   7.61    87
  0920  80131 408103   1.98  14.00  21.93   7.99   1.15   0.61    238   7.52    87
  0920  80131 408103   3.10  13.00  21.92   7.99   1.15   0.61    238   7.51    87
  0920  80167 408126   3.98  12.15  21.93   7.99   1.15   0.61    238   7.58    87
  0921  80170 408127   5.03  11.10  21.91   7.99   1.15   0.61    238   7.58    87
  0921  80171 408125   6.04  10.05  21.91   7.99   1.15   0.61    238   7.58    87
  0921  80168 408122   7.02   9.20  21.90   7.99   1.17   0.62    238   7.52    86
  0921  80164 408119   8.04   8.20  21.89   7.99   1.20   0.64    266   7.53    86
  0922  80163 408119   8.98   7.45  21.77   8.06   1.49   0.80    347   7.56    86
  0922  80159 408117  10.04   6.30  21.76   8.11   1.61   0.87    387   7.55    86
  0922  80157 408115  11.08   5.15  21.72   8.13   1.63   0.88    394   7.58    86
  0923  80145 408108  12.07   4.15  21.19   7.95   1.98   1.10    519   6.50    73
  0924  80138 408100  13.05   3.05  19.95   7.59   2.88   1.67   1042   3.05    34
  0925  80138 408101  14.04   2.30  19.42   7.51   3.05   1.80   1143   1.20    13
  0926  80139 408104  15.02  51.25  18.56   7.48   2.97   1.78   1130   0.61     7
  0926  80139 408105  16.03  51.20  17.99   7.47   2.89   1.76   1108   0.62     7
 -2359  83688 408515   1.00   9999   9999   9999   9999   9999   9999   9999  9999
  2359  83688 408515  12.00   9999   9999   9999   9999   9999   9999   9999  9999
 -0958  86057 411535   0.99  10.50  22.63   7.90   0.71   0.37    113   6.94    80
  0958  86060 411534   2.00  51.25  22.53   7.92   0.75   0.38    123   7.17    83
  0959  86063 411538   3.07  51.25  22.57   7.90   0.74   0.38    121   7.17    83
  0959  86063 411538   3.98   8.65  22.51   7.89   0.76   0.39    126   7.16    83
  1000  86066 411545   4.99   7.65  22.31   7.89   0.84   0.44    126   7.22    83
  1000  86062 411538   6.05  51.25  22.51   7.92   0.77   0.40    147   7.29    84
  1001  86056 411528   7.02  51.25  22.05   7.89   0.91   0.48    128   7.33    84
  1001  86054 411524   8.00  51.25  22.05   7.89   0.92   0.48    167   7.24    83
  1002  86052 411517   8.95   2.40  21.94   7.86   0.94   0.49    170   7.15    82
  1002  86051 411516  10.02   1.60  21.81   7.82   0.96   0.51    182   7.17    82
  1004  86044 411515  11.08   1.10  17.79   7.35   2.00   1.20    577   0.90    10
