# M.S. ARGUS
# 06-12-2001 09:17:04
# PROJECTCODE: E7608X
# STARTPUNT: Zandvlietsluis
# EINDPUNT: Krammersluis
# OPDRACHTGEVER: ZLXXAXWMDBG
# BEHEERDER: ZLXXAXMVSGN
# BEMONST. INST.: ZLXXAXMVSGN
# TLU        oC    10.2
# LUCHTDK    hPa    1029
# WINDSHD    m/s    5.6
# WINDRTG    gradn    4
# BEWKGD     /8    6
* 20011206
$ -9999 [00000000000000]
> TIJD
> X-COORD
> Y-COORD
>SENSHTE   Diepte set        m
>ECHOS     Echoset           mtrs
>Echo      Echoschip         M
>Temp      Temperatuur       oC                 :7.5  0.5  11  0.5
>pH        Zuurgraad         dimsls
>GELBH     Geleidendheid     mS/cm
>SALNTT    Saliniteit        dimsls
>CL-       Chloride          mg/l
>FLME      Flur ME           ugr/l
>O2        Zuurstof          mg/l
>%O2       Zuurstof%         %
-1509  86039 411538   1.22  11.90   1.90   8.40   7.82   0.66   0.48    165   1.50  11.25     94
 1510  86040 411525   1.93  11.26   0.00   8.40   7.82   0.66   0.48    164   1.50  11.25     94
 1510  86035 411520   2.95  10.10   2.00   8.40   7.82   0.66   0.48    164   1.45  11.25     94
 1510  86033 411516   3.89   9.06   3.10   8.40   7.82   0.66   0.48    164   1.46  11.23     94
 1511  86030 411512   4.91   7.80  13.50   8.40   7.82   0.66   0.48    164   1.46  11.21     94
 1511  86027 411508   5.94   6.72  13.50   8.40   7.82   0.66   0.48    164   1.43  11.21     94
 1512  86026 411504   7.06   5.39  13.50   8.40   7.82   0.66   0.48    164   1.43  11.19     94
 1512  86025 411503   7.98   4.31  13.60   8.40   7.83   0.66   0.48    164   1.43  11.20     94
 1512  86024 411505   8.96   3.34  13.60   8.39   7.83   0.66   0.48    163   1.47  11.20     94
 1513  86024 411506   9.86   2.36  13.70   8.39   7.83   0.66   0.48    164   1.44  11.21     94
 1513  86022 411507  10.98   1.62  13.70   8.39   7.84   0.66   0.48    164   1.42  11.19     94
 1513  86021 411508  11.88   0.38  13.70   8.39   7.83   0.66   0.48    164   1.41  11.19     94
-1532  83694 408493   0.95  11.05  14.90   8.47   7.66   0.66   0.48    164   1.61  11.05     93
 1532  83682 408477   2.06   9.82  14.60   8.47   7.67   0.66   0.48    163   1.62  11.05     93
 1532  83683 408476   2.96   8.88   2.40   8.47   7.68   0.66   0.48    163   1.62  11.03     93
 1533  83683 408473   3.96   7.88   3.60   8.48   7.69   0.65   0.47    162   1.60  11.00     92
 1533  83684 408472   4.93   6.70   2.80   8.44   7.72   0.67   0.48    167   1.54  11.03     93
 1534  83687 408472   5.96   5.41  13.20   8.46   7.70   0.66   0.48    165   1.57  11.04     93
 1534  83690 408473   7.02   4.16  12.90   8.45   7.71   0.67   0.48    168   1.54  11.04     93
 1536  83704 408475   7.94   3.09  11.70   8.39   7.76   0.68   0.50    173   1.52  11.07     93
 1536  83706 408476   9.20   1.73  11.60   8.38   7.78   0.69   0.50    176   1.52  11.11     93
 1537  83708 408476  10.07   0.83  11.50   8.37   7.82   0.70   0.51    181   1.45  11.14     93
-1553  80188 408117   1.19  16.31  17.90   8.38   7.80   0.70   0.51    181   1.54  -9999  -9999
 1553  80175 408113   1.82  15.58  17.90   8.38   7.80   0.70   0.51    180   1.47  -9999  -9999
 1553  80163 408109   2.92  14.45  17.90   8.38   7.80   0.70   0.51    181   1.48  -9999  -9999
 1553  80156 408106   4.05  13.29  17.90   8.38   7.80   0.70   0.51    181   1.51  -9999  -9999
 1553  80149 408105   4.90  12.36  17.90   8.36   7.81   0.71   0.52    184   1.47  -9999  -9999
 1553  80141 408103   5.85  11.41  17.90   8.37   7.81   0.71   0.51    183   1.44  -9999  -9999
 1553  80136 408101   6.88  10.29  17.80   8.37   7.82   0.71   0.51    182   1.44  -9999  -9999
 1553  80130 408099   7.97   9.12  17.80   8.36   7.83   0.72   0.52    187   1.41  -9999  -9999
 1553  80129 408099   8.85   8.12  17.80   8.36   7.83   0.72   0.52    187   1.40  -9999  -9999
 1553  80124 408097   9.85   7.10  17.80   8.36   7.83   0.72   0.52    187   1.42  -9999  -9999
 1553  80123 408097  10.87   5.99  17.70   8.35   7.83   0.72   0.53    190   1.40  -9999  -9999
 1554  80116 408094  12.03   4.80  17.70   8.32   7.96   0.79   0.57    215   1.37  -9999  -9999
 1554  80118 408094  12.80   4.02  17.80   8.31   7.95   0.81   0.59    224   1.45  -9999  -9999
 1554  80119 408095  13.86   2.83   5.00   8.32   7.93   0.80   0.58    219   1.50  -9999  -9999
 1554  80120 408095  14.93   1.88   0.00   8.31   7.94   0.81   0.59    225   1.48  -9999  -9999
 1555  80123 408097  15.83   0.79   7.20   8.27   8.01   0.90   0.66    265   1.42  -9999  -9999
-1610  77191 406223   1.00  13.51  15.00   8.34   7.89   0.77   0.56    206   1.49  -9999  -9999
 1610  77163 406208   1.94  12.62  15.20   8.34   7.89   0.77   0.56    207   1.52  -9999  -9999
 1610  77157 406204   2.89  11.82  15.10   8.34   7.89   0.78   0.57    211   1.47  -9999  -9999
 1611  77150 406201   3.82  10.88  15.20   8.33   7.90   0.78   0.57    213   1.44  -9999  -9999
 1611  77145 406198   4.81   9.78  15.30   8.30   7.92   0.82   0.60    231   1.41  -9999  -9999
 1611  77138 406193   5.85   8.61  15.10   8.26   7.97   0.89   0.65    258   1.41  -9999  -9999
 1611  77134 406191   6.90   7.48  15.00   8.25   7.98   0.90   0.66    263   1.38  -9999  -9999
 1611  77131 406190   7.86   6.70  15.10   8.23   7.98   0.90   0.66    265   1.40  -9999  -9999
 1611  77128 406188   8.91   5.63  15.20   8.22   8.00   0.91   0.67    269   1.38  -9999  -9999
 1611  77125 406186   9.81   4.48  15.20   8.21   8.00   0.92   0.68    273   1.38  -9999  -9999
 1611  77121 406183  10.82   3.31  15.10   8.21   8.01   0.92   0.68    276   1.31  -9999  -9999
 1611  77119 406182  11.89   2.23  15.10   8.21   8.01   0.93   0.69    278   1.35  -9999  -9999
 1611  77117 406181  12.89   1.18  15.10   8.23   8.01   0.93   0.69    279   1.26  -9999  -9999
 1612  77112 406177  13.81   0.44  15.20   8.26   8.00   0.94   0.70    285   1.26  -9999  -9999
-1631  73143 407818   1.08   7.58   9.10   8.25   8.04   0.99   0.73    300   1.52  -9999  -9999
 1631  73129 407824   1.83   6.73   9.00   8.26   8.05   0.99   0.73    299   1.49  -9999  -9999
 1631  73122 407827   2.91   5.39   9.00   8.26   8.05   0.99   0.73    301   1.49  -9999  -9999
 1631  73117 407829   3.84   4.60   8.90   8.26   8.05   0.99   0.73    301   1.44  -9999  -9999
 1631  73112 407831   4.82   3.63   8.90   8.26   8.05   0.99   0.74    303   1.44  -9999  -9999
 1631  73110 407832   5.99   2.45   8.90   8.26   8.05   1.00   0.74    305   1.43  -9999  -9999
 1631  73106 407832   6.93   1.29   8.90   8.25   8.04   1.01   0.75    311   1.44  -9999  -9999
-1638  72519 408802   0.94  10.58  12.00   8.24   8.07   0.99   0.73    299   1.46  11.52     96
 1639  72532 408804   1.98   9.40  11.70   8.25   8.06   0.99   0.73    299   1.44  11.51     96
 1639  72542 408795   2.94   8.35  11.80   8.25   8.05   0.98   0.73    298   1.43  11.51     96
 1640  72552 408785   4.02   7.10  11.70   8.24   8.05   0.98   0.73    298   1.39  11.49     96
 1640  72557 408781   4.99   5.98  11.80   8.24   8.05   0.98   0.73    299   1.41  11.50     96
 1640  72562 408779   5.95   5.08  12.20   8.25   8.05   0.99   0.73    300   1.38  11.49     96
 1641  72566 408778   7.00   3.84  11.90   8.24   8.05   1.00   0.74    308   1.39  11.46     96
 1641  72569 408777   7.94   3.31  11.80   8.24   8.05   1.01   0.75    311   1.38  11.45     96
 1642  72567 408770   9.05   1.89  11.70   8.24   8.05   1.08   0.80    341   1.39  11.35     95
 1643  72568 408769  10.02   0.72  11.80   8.24   8.06   1.09   0.81    345   1.39  11.33     95
-1713  71465 408819   1.09   5.10   6.70   8.24   8.04   1.13   0.84    363   1.45  -9999  -9999
 1713  71459 408820   1.83   4.47   6.60   8.24   8.05   1.12   0.84    361   1.43  -9999  -9999
 1713  71447 408822   2.89   3.35   6.90   8.25   8.04   1.24   0.93    415   1.38  -9999  -9999
 1713  71438 408823   3.80   2.50   6.80   8.25   8.07   1.44   1.09    507   1.41  -9999  -9999
 1713  71434 408823   4.83   1.41   6.90   8.25   8.06   1.57   1.19    564   1.35  -9999  -9999
 1713  71432 408823   5.80   0.50   6.90   8.25   8.05   1.71   1.31    632   1.34  -9999  -9999
-1648  71710 409477   1.18  21.42  23.40   8.24   8.03   1.00   0.74    304   1.45  -9999  -9999
 1648  71700 409484   1.85  21.28  23.30   8.23   8.03   1.00   0.74    306   1.44  -9999  -9999
 1648  71693 409489   2.95  20.00  23.20   8.23   8.04   1.00   0.74    306   1.45  -9999  -9999
 1648  71689 409492   3.84  18.97  23.00   8.24   8.04   1.00   0.74    307   1.43  -9999  -9999
 1649  71684 409495   4.97  17.77  22.90   8.25   8.04   1.01   0.75    309   1.40  -9999  -9999
 1649  71681 409497   5.86  16.79  22.70   8.25   8.04   1.01   0.75    309   1.36  -9999  -9999
 1649  71676 409500   7.06  15.31  22.60   8.25   8.04   1.02   0.76    314   1.36  -9999  -9999
 1649  71676 409500   7.96  14.36  22.60   8.24   8.05   1.02   0.76    315   1.41  -9999  -9999
 1649  71676 409500   9.05  13.23  22.60   8.24   8.05   1.03   0.76    319   1.40  -9999  -9999
 1650  71679 409500   9.96  12.28  22.70   8.24   8.05   1.06   0.79    334   1.31  -9999  -9999
 1650  71681 409501  10.84  11.41  22.60   8.24   8.05   1.07   0.79    335   1.34  -9999  -9999
 1650  71682 409502  11.89  10.24  22.60   8.25   8.04   1.07   0.80    337   1.38  -9999  -9999
 1650  71683 409502  12.89   9.17  22.60   8.25   8.04   1.07   0.80    337   1.34  -9999  -9999
 1650  71683 409502  13.97   8.12  22.60   8.25   8.04   1.07   0.80    338   1.37  -9999  -9999
 1650  71684 409503  14.86   7.13  22.60   8.25   8.05   1.07   0.80    339   1.37  -9999  -9999
 1651  71684 409503  15.99   5.97  22.60   8.24   8.04   1.07   0.80    339   1.32  -9999  -9999
 1651  71685 409504  16.99   4.91  22.50   8.24   8.04   1.07   0.80    339   1.37  -9999  -9999
 1651  71685 409504  17.81   4.09  22.50   8.24   8.04   1.08   0.80    340   1.32  -9999  -9999
 1651  71685 409504  18.80   3.01  22.40   8.25   8.04   1.08   0.80    340   1.34  -9999  -9999
 1651  71686 409504  19.81   1.99  22.40   8.25   8.04   1.08   0.80    341   1.31  -9999  -9999
 1651  71686 409505  20.97   0.68  22.40   8.25   8.04   1.08   0.80    342   1.28  -9999  -9999
-1654  71484 409825   1.02  17.46  19.30   8.23   8.03   1.00   0.74    307   1.47  -9999  -9999
 1654  71484 409837   1.84  16.89  20.10   8.23   8.03   1.01   0.75    309   1.43  -9999  -9999
 1654  71484 409843   2.82  16.09  20.20   8.23   8.03   1.01   0.75    309   1.45  -9999  -9999
 1654  71483 409869   4.05  15.09  19.80   8.24   8.03   1.01   0.75    310   1.36  -9999  -9999
 1654  71482 409877   4.84  14.29  19.80   8.23   8.05   1.01   0.75    310   1.39  -9999  -9999
 1654  71482 409881   5.93  12.96  19.80   8.25   8.04   1.04   0.77    324   1.36  -9999  -9999
 1654  71482 409883   6.81  12.06  19.80   8.25   8.05   1.06   0.78    331   1.38  -9999  -9999
 1654  71482 409884   7.81  10.97  19.80   8.25   8.05   1.06   0.79    333   1.39  -9999  -9999
 1654  71482 409886   8.88   9.91  19.80   8.25   8.05   1.06   0.79    333   1.35  -9999  -9999
 1655  71482 409887   9.93   8.84  19.80   8.26   8.06   1.07   0.80    339   1.39  -9999  -9999
 1655  71482 409887  10.85   7.96  19.80   8.26   8.07   1.08   0.80    341   1.43  -9999  -9999
 1655  71482 409888  11.89   6.84  19.90   8.26   8.06   1.08   0.80    341   1.43  -9999  -9999
 1655  71483 409889  12.92   5.81  19.90   8.26   8.06   1.09   0.81    344   1.42  -9999  -9999
 1655  71483 409889  13.88   4.82  19.90   8.26   8.07   1.08   0.81    343   1.45  -9999  -9999
 1655  71483 409889  14.82   3.87   1.90   8.26   8.06   1.08   0.81    343   1.41  -9999  -9999
 1655  71484 409888  15.81   3.03  19.90   8.26   8.06   1.09   0.81    344   1.46  -9999  -9999
 1655  71484 409888  16.81   1.85  19.90   8.26   8.06   1.09   0.81    345   1.40  -9999  -9999
 1655  71485 409888  17.98   0.62  19.90   8.26   8.06   1.09   0.81    345   1.45  -9999  -9999
-1701  70372 410211   0.84   8.26   8.50   8.24   8.05   1.08   0.80    342   1.49  -9999  -9999
 1702  70365 410210   1.94   0.51   8.10   8.24   8.04   1.08   0.80    342   1.45  -9999  -9999
 1702  70363 410210   3.00   5.06   8.20   8.24   8.04   1.08   0.80    342   1.44  -9999  -9999
 1702  70362 410209   3.89   3.92   8.30   8.24   8.04   1.08   0.80    341   1.43  -9999  -9999
 1702  70360 410209   4.95   2.88   8.40   8.25   8.04   1.08   0.80    342   1.43  -9999  -9999
 1702  70357 410210   6.13   1.63   8.40   8.26   8.04   1.08   0.80    342   1.44  -9999  -9999
 1702  70356 410210   6.87   1.14   8.50   8.26   8.05   1.08   0.80    343   1.44  -9999  -9999
