# M.S. ARGUS
# 09-01-2002 09:21:57
# PROJECTCODE: E7608X
# STARTPUNT: Zandvlietsluis
# EINDPUNT: Krammersluis
# OPDRACHTGEVER: ZLXXAXWMDBG
# BEHEERDER: ZLXXAXMVSGN
# BEMONST. INST.: ZLXXAXMVSGN
# TLU        oC   -.7
# LUCHTDK    hPa    1035
# WINDSHD    m/s    10.2
# WINDRTG    gradn    338
# BEWKGD     /8    7
* 20020109
$  9999 [00000000000000]
> TIJD
> X-COORD
> Y-COORD
>SENSHTE   Diepte set        m
>ECHOS     Echoset           mtrs
>Echo      Echoschip         M
>Temp      Temperatuur       oC                 :1.0  0.5  11  0.5
>pH        Zuurgraad         dimsls
>GELBH     Geleidendheid     mS/cm
>SALNTT    Saliniteit        dimsls
>CL-       Chloride          mg/l
>FLME      Flur ME           ugr/l
>O2        Zuurstof          mg/l
>%O2       Zuurstof%         %
-1507  86026 411564   1.07   0.41  13.40   1.25   7.73   0.43   0.38    116   1.29  14.43    100
 1508  86047 411545   1.96   0.89  13.20   1.26   7.74   0.43   0.38    116   1.29  14.44    100
 1508  86050 411544   3.07   2.86  13.20   1.26   7.75   0.43   0.38    117   1.28  14.43    100
 1508  86049 411544   4.08   9.25  13.20   1.26   7.75   0.43   0.38    117   1.29  14.42    100
 1509  86049 411544   5.06   8.39   5.50   1.26   7.76   0.44   0.38    118   1.29  14.41    100
 1509  86049 411543   5.97   7.57  13.20   1.26   7.76   0.43   0.38    118   1.31  14.41    100
 1510  86049 411542   7.03   6.46  13.20   1.26   7.76   0.43   0.38    118   1.27  14.39    100
 1510  86050 411542   8.08   5.56  13.20   1.27   7.75   0.44   0.38    119   1.31  14.41    100
 1511  86051 411541   8.99   4.54  13.20   1.28   7.77   0.44   0.39    120   1.30  14.39    100
 1511  86051 411541   9.96   3.64  13.20   1.30   7.76   0.44   0.39    121   1.32  14.36    100
 1511  86052 411541  10.92   2.75  13.20   1.28   7.76   0.44   0.39    121   1.31  14.40    100
 1512  86052 411541  12.03  27.74  13.20   1.31   7.76   0.44   0.39    121   1.33  14.37    100
 1512  86052 411541  13.00   0.93  13.20   1.32   7.76   0.45   0.39    123   1.33  14.37    100
-1547  83721 408544   1.09   1.42  13.00   1.07   7.68   0.49   0.44    142   1.51  14.67    102
 1547  83695 408523   1.96  10.03  13.90   1.07   7.68   0.49   0.43    141   1.50  14.66    102
 1548  83688 408517   2.98  10.06  14.00   1.07   7.71   0.49   0.44    144   1.46  14.68    102
 1548  83687 408513   4.07   9.08  13.70   1.07   7.74   0.50   0.45    147   1.48  14.70    102
 1549  83687 408513   4.95   8.39   6.00   1.07   7.74   0.50   0.44    146   1.47  14.73    102
 1549  83686 408513   5.91   7.49  13.70   1.07   7.74   0.50   0.45    147   1.45  14.73    102
 1549  83686 408512   6.98   6.51  13.60   1.07   7.72   0.50   0.44    145   1.47  14.53    102
 1550  83685 408513   8.06   5.59  13.60   1.07   7.73   0.50   0.44    145   1.45  14.70    102
 1550  83685 408513   8.93   4.79  13.70   1.07   7.73   0.50   0.44    146   1.45  14.71    102
 1551  83684 408514   9.95   3.93  13.70   1.06   7.74   0.50   0.44    146   1.47  14.70    102
 1551  83683 408515  11.02   2.97  13.70   1.06   7.76   0.50   0.45    148   1.47  14.72    102
 1551  83682 408516  11.96   2.10  13.70   1.06   7.75   0.50   0.45    148   1.48  14.73    102
 1552  83681 408516  13.10   1.05  13.70   1.07   7.77   0.51   0.45    150   1.44  14.73    102
-1606  80209 408117   1.04  16.55  18.20   1.15   7.82   0.54   0.48    164   1.47   9999   9999
 1606  80189 408114   1.90  15.91  18.20   1.16   7.83   0.54   0.48    165   1.45   9999   9999
 1606  80184 408113   2.82  15.07  18.20   1.15   7.83   0.54   0.48    165   1.45   9999   9999
 1606  80176 408112   3.87  14.07  18.30   1.15   7.83   0.54   0.48    165   1.44   9999   9999
 1606  80176 408112   4.80  13.29  18.30   1.16   7.83   0.54   0.48    165   1.46   9999   9999
 1606  80172 408111   5.92  12.22  18.30   1.16   7.83   0.54   0.48    165   1.45   9999   9999
 1606  80170 408111   6.86  11.38  18.20   1.16   7.84   0.54   0.48    165   1.48   9999   9999
 1606  80168 408110   7.85   3.07  18.20   1.16   7.84   0.55   0.49    166   1.47   9999   9999
 1606  80166 408110   9.01   9.31  18.30   1.16   7.84   0.52   0.47    157   1.45   9999   9999
 1607  80163 408109   9.88   8.50  18.30   1.16   7.84   0.54   0.48    166   1.42   9999   9999
 1607  80162 408109  10.83   7.51  18.30   1.18   7.84   0.55   0.49    167   1.45   9999   9999
 1607  80161 408109  11.81   6.71  18.30   1.18   7.85   0.55   0.49    167   1.42   9999   9999
 1607  80159 408109  12.90   5.66  18.30   1.21   7.85   0.55   0.49    170   1.44   9999   9999
 1607  80153 408107  14.07   4.44  18.20   1.28   7.88   0.59   0.53    187   1.32   9999   9999
 1607  80152 408107  14.87   3.86  18.20   1.28   7.89   0.59   0.53    188   1.38   9999   9999
 1607  80151 408107  15.81   2.82  18.20   1.28   7.89   0.59   0.53    188   1.36   9999   9999
 1607  80150 408106  16.82   1.86  18.20   1.29   7.88   0.59   0.53    187   1.42   9999   9999
 1607  80147 408105  17.83   0.94  18.20   1.34   7.89   0.61   0.54    195   1.34   9999   9999
-1623  77207 406237   1.14  13.53  15.20   1.35   7.92   0.63   0.56    203   1.46   9999   9999
 1623  77193 406227   2.04  12.85  15.30   1.34   7.92   0.63   0.56    205   1.46   9999   9999
 1623  77190 406225   2.90  12.15  15.40   1.34   7.92   0.63   0.57    207   1.44   9999   9999
 1623  77188 406223   3.82  11.08  15.40   1.35   7.93   0.64   0.57    208   1.46   9999   9999
 1623  77184 406221   4.81  10.29  15.40   1.34   7.93   0.64   0.57    210   1.42   9999   9999
 1623  77180 406218   5.96   9.31  15.40   1.32   7.93   0.64   0.58    212   1.41   9999   9999
 1623  77176 406216   7.15   8.10  15.40   1.29   7.94   0.65   0.58    214   1.42   9999   9999
 1623  77175 406215   7.83   7.55  15.30   1.23   7.93   0.66   0.59    220   1.38   9999   9999
 1623  77172 406213   8.83   6.59  15.40   1.23   7.93   0.66   0.59    222   1.40   9999   9999
 1623  77171 406213   9.91   5.69  15.40   1.23   7.93   0.67   0.61    228   1.38   9999   9999
 1623  77169 406211  10.92   4.74  15.40   1.21   7.92   0.70   0.63    240   1.39   9999   9999
 1623  77167 406210  11.83   3.88  15.50   1.22   7.94   0.71   0.64    246   1.39   9999   9999
 1623  77166 406209  13.04   2.67  15.50   1.24   7.95   0.71   0.64    246   1.38   9999   9999
 1624  77165 406209  13.81   1.90  15.50   1.27   7.97   0.71   0.64    248   1.37   9999   9999
 1624  77164 406208  14.96   1.06  15.60   1.30   7.99   0.73   0.65    254   1.33   9999   9999
-1642  73171 407784   0.82   9.67  10.70   1.16   7.95   0.64   0.58    213   1.46   9999   9999
 1642  73150 407803   1.80   8.24   9.50   1.14   7.95   0.65   0.58    216   1.46   9999   9999
 1642  73143 407811   2.99   6.29   9.20   1.16   7.96   0.66   0.59    219   1.45   9999   9999
 1642  73133 407815   3.86   5.09   9.00   1.17   7.96   0.66   0.59    222   1.44   9999   9999
 1643  73129 407824   4.84   4.13   9.10   1.18   7.97   0.67   0.60    228   1.40   9999   9999
 1643  73126 407828   5.80   2.98   9.40   1.18   7.97   0.68   0.61    233   1.40   9999   9999
 1643  73119 407835   6.82   2.21   9.60   1.18   7.97   0.69   0.62    236   1.40   9999   9999
 1643  73116 407837   7.81   1.34   9.70   1.18   7.98   0.70   0.63    243   1.37   9999   9999
-1649  72520 408770   1.10  10.66   0.00   1.22   7.99   0.66   0.59    219   1.62  15.08    105
 1649  72533 408790   2.09   9.57  11.80   1.23   8.00   0.66   0.59    222   1.59  15.08    105
 1650  72530 408795   3.02   8.67   0.00   1.22   8.01   0.67   0.60    226   1.58  15.12    105
 1650  72528 408798   4.05   7.64  11.90   1.18   8.02   0.68   0.61    230   1.56  15.11    105
 1651  72523 408802   5.05   6.67  11.90   1.18   8.04   0.68   0.61    232   1.57  15.14    105
 1651  72520 408805   6.12   5.79  12.00   1.09   8.03   0.70   0.63    244   1.57  15.20    106
 1652  72517 408807   7.00   4.97  12.00   1.02   8.06   0.73   0.66    259   1.43  15.25    106
 1652  72513 408809   8.00   3.85  12.00   1.00   8.06   0.73   0.67    262   1.46  13.85     96
 1653  72511 408811   9.18   2.74  12.00   1.05   8.05   0.76   0.69    279   1.48  15.22    106
 1653  72508 408812  10.16   1.98  12.00   1.05   8.05   0.82   0.75    304   1.44  15.03    105
 1653  72505 408813  11.05   1.21  12.00   1.14   8.05   0.86   0.78    323   1.41  15.08    105
 1653  72503 408814  12.04   0.39  11.90   1.19   8.04   0.89   0.81    342   1.36  15.06    105
-1725  71481  408805     0.90    5.44    6.90    1.07    8.03    0.98    0.90     392    1.52  9999  9999
 1725  71455  408808     2.11    4.47    7.00    1.07    8.04    0.96    0.88     380    1.51  9999  9999
 1725  71452  408808     3.08    3.50    7.00    1.07    8.04    0.96    0.88     383    1.45  9999  9999
 1725  71448  408809     3.80    2.99    7.00    1.07    8.03    1.01    0.93     410    1.44  9999  9999
 1725  71443  408809     4.86    1.95    7.00    1.07    8.04    1.03    0.95     422    1.40  9999  9999
 1725  71441  408809     5.89    0.99    7.00    1.07    8.04    1.10    1.02     459    1.38  9999  9999
-1717  71656 409560     0.88   18.63   21.00    0.91    8.03    0.69    0.63     239    1.88  9999  9999
 1717  71669 409546     1.95   18.54   21.00    0.98    8.02    0.69    0.63     239    1.74  9999  9999
 1717  71672 409542     2.82   17.93   22.00    0.98    8.03    0.69    0.63     240    1.75  9999  9999
 1718  71678 409535     4.00   17.15   22.00    0.97    8.02    0.69    0.63     241    1.69  9999  9999
 1718  71685 409527     4.89   16.56   22.50    0.98    8.03    0.69    0.63     241    1.63  9999  9999
 1718  71688 409521     5.81   15.91   22.60    0.97    8.03    0.70    0.63     244    1.59  9999  9999
 1718  71690 409520     6.96   14.91   23.00    0.96    8.03    0.70    0.64     245    1.65  9999  9999
 1718  71694 409514     7.96   14.13   23.20    0.98    8.03    0.71    0.64     248    1.54  9999  9999
 1718  71696 409513     8.92   13.44   23.50    1.00    8.03    0.71    0.64     248    1.51  9999  9999
 1718  71697 409511    10.20   12.38   23.50    1.03    8.03    0.72    0.65     252    1.49  9999  9999
 1718  71698 409510    10.88   11.84   23.60    1.08    8.03    0.73    0.66     260    1.50  9999  9999
 1718  71699 409509    11.90   10.94   23.60    1.13    8.02    0.80    0.73     293    1.47  9999  9999
 1718  71704 409502    13.14    9.92   23.70    1.29    8.00    0.92    0.84     357    1.25  9999  9999
 1718  71707 409498    13.84    9.92   23.80    1.29    8.02    0.90    0.82     346    1.24  9999  9999
 1719  71711 409490    14.97    9.03   23.90    1.28    8.02    0.94    0.86     368    1.21  9999  9999
 1719  71711 409489    15.83    8.30   23.90    1.29    8.02    0.94    0.85     367    1.21  9999  9999
 1719  71712 409488    16.97    7.25   23.90    1.23    8.02    0.95    0.87     373    1.21  9999  9999
 1719  71712 409487    17.93    6.27   24.00    1.24    8.02    0.97    0.89     384    1.23  9999  9999
 1719  71714 409483    19.12    5.23   23.90    1.33    8.01    1.03    0.94     414    1.22  9999  9999
 1719  71715 409480    19.80    4.61   23.90    1.36    8.01    1.03    0.94     414    1.23  9999  9999
 1719  71715 409480    21.09    3.38   23.90    1.36    8.01    1.03    0.94     417    1.22  9999  9999
 1720  71716 409480    21.89    2.65   23.90    1.39    8.01    1.03    0.94     417    1.17  9999  9999
 1720  71716 409480    22.99    1.56   23.90    3.38    7.71    1.24    1.07     492    1.18  9999  9999
 1720  71717 409481    23.85    0.85   23.90    3.22    7.71    1.23    1.07     490    1.18  9999  9999
-1703  71502 409826   0.81   18.90   21.00    0.81    8.04    0.67    0.61     230    2.04  9999  9999
 1703  71493 409842   1.82   18.08   21.10    0.81    8.04    0.67    0.61     233    2.05  9999  9999
 1703  71491 409847   2.88   17.20   20.80    0.82    8.04    0.67    0.61     231    1.98  9999  9999
 1703  71489 409850   3.85   16.53   20.70    0.83    8.04    0.68    0.61     233    1.98  9999  9999
 1703  71487 409855   4.94   15.60   20.70    0.83    8.04    0.68    0.61     233    1.85  9999  9999
 1703  71484 409859   5.81   14.64   20.30    0.85    8.04    0.68    0.62     236    1.77  9999  9999
 1703  71483 409862   6.92   13.45   20.10    0.89    8.04    0.69    0.62     238    1.52  9999  9999
 1703  71482 409863   7.81   12.59   20.00    0.95    8.03    0.69    0.63     241    1.39  9999  9999
 1703  71481 409865   8.82   11.42   19.90    0.99    8.03    0.69    0.63     241    1.33  9999  9999
 1703  71479 409868   9.81   10.37   19.90    1.01    8.03    0.70    0.63     243    1.31  9999  9999
 1703  71479 409870  10.81    9.51   19.80    1.07    8.03    0.72    0.65     254    1.30  9999  9999
 1703  71477 409874  12.04    8.20   19.80    1.19    8.03    0.76    0.69     276    1.26  9999  9999
 1703  71476 409875  12.87    7.37   19.80    1.28    8.02    0.83    0.75     307    1.22  9999  9999
 1703  71475 409878  14.14    6.10   20.00    1.26    8.02    0.86    0.78     324    1.20  9999  9999
 1703  71474 409879  14.95    5.28   20.00    1.22    8.02    0.88    0.80     334    1.21  9999  9999
 1703  71473 409882  15.88    4.41   20.00    1.18    8.02    0.92    0.84     358    1.23  9999  9999
 1703  71473 409883  16.80    3.51   20.10    1.19    8.02    0.93    0.85     363    1.22  9999  9999
 1704  71472 409885  17.85    2.42   20.20    1.19    8.02    0.95    0.87     376    1.21  9999  9999
 1704  71471 409887  18.80    1.53   20.20    1.19    8.02    0.96    0.88     380    1.22  9999  9999
 1704  71471 409888  19.84    0.67   20.10    1.25    8.01    0.98    0.90     391    1.25  9999  9999
-1709  70395  410203  0.80    8.70   10.40    0.66    8.03    0.67    0.61     230    1.82  9999  9999
 1709  70379  410208  1.94    7.00    9.50    0.68    8.03    0.67    0.61     229    1.82  9999  9999
 1709  70373  410210  2.93    5.81    8.70    0.69    8.03    0.67    0.61     229    1.81  9999  9999
 1709  70371  410211  3.80    4.82    8.60    0.70    8.03    0.67    0.61     229    1.83  9999  9999
 1709  70366  410212  5.02    3.46    8.60    0.72    8.03    0.67    0.61     229    1.73  9999  9999
 1709  70364  410212  5.94    2.58    8.60    0.74    8.03    0.67    0.61     229    1.64  9999  9999
 1710  70362  410213  6.84    1.72    8.70    0.77    8.03    0.67    0.61     229    1.53  9999  9999
 1710  70357  410215  8.20    0.41    8.70    0.87    8.03    0.67    0.61     232    1.33  9999  9999
