# MEETVAARTUIG : M.S. ARGUS
# MEETDATUM    : 12-05-2010 14:20:16
# MEETGEBIED   :
# STARTPUNT    :
# EINDPUNT     :
# PROJECTCODE  :
# OPDRACHTGEVER:
# BEHEERDER    :
# BEMONST. INST:
# WAARNEMER(S) : Gerrit Bakker
#
* 20100512
$ 9999 [000000000000]
>TIJD      uumm                    
>X         coordinaat              
>Y         coordinaat              
>SENSHTE   Diepte set        m     
>ECHOS     Echoset           mtrs  
>Temp      Temperatuur       oC        : 5.0   0.5   15   0.5
>GELBH     Geleidendheid     mS/cm 
>SALNTT    Saliniteit        dimsl 
>CL-       Chloride          mg/l  
>O2        Zuurstof          mg/l  
>%O2       Zuurstof%         %     
>pH        Zuurgraad         dimsls
 -1420  70353 410235   1.19   6.70  11.16   1.56   1.09    509   9999  9999   9999
  1420  70348 410234   1.83   6.65  11.16   1.56   1.09    509   9999  9999   9999
  1420  70347 410234   2.85   5.75  11.17   1.56   1.09    509   9999  9999   9999
  1420  70346 410234   3.87   4.70  11.17   1.56   1.09    509   9999  9999   9999
  1420  70345 410234   4.89   3.85  11.16   1.56   1.09    509   9999  9999   9999
  1420  70344 410234   5.91   2.65  11.15   1.57   1.10    513   9999  9999   9999
  1420  70343 410233   6.81   1.95  11.16   1.57   1.10    513   9999  9999   9999
 -1412  71510 409848   0.92  18.50  11.25   1.57   1.10    513   9999  9999   9999
  1412  71507 409856   1.86  18.00  11.26   1.57   1.10    513   9999  9999   9999
  1412  71507 409857   2.86  17.05  11.26   1.57   1.10    513   9999  9999   9999
  1412  71506 409859   3.86  15.95  11.26   1.57   1.10    514   9999  9999   9999
  1412  71506 409859   4.86  15.10  11.26   1.57   1.10    514   9999  9999   9999
  1412  71506 409861   5.84  14.00  11.26   1.58   1.10    515   9999  9999   9999
  1412  71505 409863   6.87  12.75  11.27   1.58   1.10    516   9999  9999   9999
  1412  71505 409863   7.80  12.00  11.27   1.58   1.10    517   9999  9999   9999
  1413  71505 409863   8.88  10.80  11.27   1.61   1.12    530   9999  9999   9999
  1413  71505 409865   9.87   9.75  11.27   1.86   1.31    636   9999  9999   9999
  1413  71504 409866  10.85   9.15  11.26   2.28   1.62    801   9999  9999   9999
  1413  71504 409867  11.87   8.10  11.25   2.46   1.76    876   9999  9999   9999
  1413  71504 409867  12.85   7.05  11.08   2.69   1.94    980   9999  9999   9999
  1413  71504 409867  13.84   5.70  10.39   3.14   2.33   1197   9999  9999   9999
  1413  71504 409867  14.82   4.70   8.63   3.90   3.08   1709   9999  9999   9999
  1413  71504 409869  15.85   3.70   7.19   4.02   3.31   1840   9999  9999   9999
  1413  71504 409869  16.87   2.80   6.71   4.11   3.44   1911   9999  9999   9999
  1413  71505 409871  17.82   1.60   6.18   4.17   3.55   1968   9999  9999   9999
  1413  71505 409872  18.81   0.80   6.05   4.17   3.56   1977   9999  9999   9999
 -1353  71703 409499   1.00  20.50  11.21   1.54   1.08    503  10.45    96   9999
  1353  71697 409501   2.04  19.60  11.21   1.54   1.08    502  10.44    96   9999
  1353  71697 409498   3.03  18.70  11.21   1.54   1.08    502  10.43    96   9999
  1353  71696 409494   4.03  17.65  11.21   1.54   1.08    502  10.42    96   9999
  1354  71695 409492   5.03  16.75  11.21   1.54   1.08    502  10.42    96   9999
  1354  71695 409490   5.99  15.80  11.24   1.57   1.09    511  10.41    96   9999
  1354  71693 409492   7.00  14.75  11.25   1.58   1.10    518  10.42    96   9999
  1354  71690 409495   8.06  13.60  11.25   1.58   1.11    519  10.42    96   9999
  1355  71687 409501   9.04  12.50  11.22   1.71   1.20    574  10.40    96   9999
  1356  71691 409500  10.01  11.65  11.20   2.15   1.52    745   9.30    86   9999
  1357  71685 409493  11.01  10.80  10.96   2.73   1.98   1001   8.78    81   9999
  1358  71691 409504  12.05   9.55  10.58   2.93   2.15   1096   8.27    76   9999
  1400  71695 409503  13.03   8.65   8.93   3.55   2.76   1435   7.74    68   9999
  1400  71695 409500  14.02   7.85   8.64   3.62   2.84   1478   7.82    68   9999
  1402  71705 409494  15.03   6.85   6.39   4.12   3.48   1931   6.32    53   9999
  1403  71711 409496  16.00   5.60   6.17   4.15   3.53   1959   5.74    48   9999
  1404  71709 409505  17.04   4.50   6.04   4.16   3.56   1974   5.24    43   9999
  1405  71705 409511  18.04   3.40   5.90   4.19   3.60   1997   5.03    41   9999
  1407  71705 409491  19.05   2.80   5.75   4.22   3.64   2023   3.71    30   9999
  1407  71697 409494  19.99   1.85   5.67   4.24   3.67   2036   3.65    30   9999
  1409  71680 409490  21.02   0.60   5.52   4.29   3.73   2072   1.75    14   9999
 -1432  71448 408819   1.04   5.15  11.13   1.66   1.16    553   9999  9999   9999
  1432  71437 408819   1.83   4.55  11.12   1.68   1.18    561   9999  9999   9999
  1432  71432 408820   2.82   3.70  11.12   1.68   1.18    560   9999  9999   9999
  1432  71426 408819   3.83   2.65  11.12   1.69   1.19    567   9999  9999   9999
  1432  71422 408819   4.82   1.70  11.12   1.75   1.23    590   9999  9999   9999
  1432  71419 408819   5.88   0.80  11.13   1.82   1.28    622   9999  9999   9999
 -1345  72578 408748   1.02   0.95  11.19   1.53   1.07    497   9999  9999   8.38
  1346  72579 408751   1.85   0.40  11.19   1.53   1.07    498   9999  9999   8.39
  1346  72581 408754   2.86  51.25  11.19   1.54   1.07    500   9999  9999   8.38
  1346  72581 408755   3.83   7.30  11.19   1.53   1.07    499   9999  9999   8.38
  1346  72582 408756   4.84   6.55  11.19   1.53   1.07    499   9999  9999   8.39
  1346  72583 408760   5.81   5.75  11.19   1.54   1.07    500   9999  9999   8.38
  1346  72583 408761   6.84   4.60  11.20   1.53   1.07    499   9999  9999   8.38
  1346  72584 408762   7.82   3.75  11.22   1.58   1.11    519   9999  9999   8.37
  1346  72583 408765   8.81   2.75  11.23   1.57   1.10    514   9999  9999   8.38
  1346  72581 408768   9.82  51.25  11.26   1.61   1.12    528   9999  9999   8.37
  1346  72579 408770  10.81   1.00  11.28   1.81   1.27    615   9999  9999   8.32
 -1339  73144 407837   1.01   7.45  11.22   1.30   0.90    400   9999  9999   9999
  1339  73141 407841   1.85   6.95  11.22   1.30   0.90    399   9999  9999   9999
  1339  73141 407842   2.82   6.00  11.22   1.30   0.90    399   9999  9999   9999
  1340  73139 407843   3.86   5.35  11.22   1.30   0.90    398   9999  9999   9999
  1340  73138 407844   4.82   4.00  11.22   1.30   0.90    398   9999  9999   9999
  1340  73138 407844   5.80   3.10  11.22   1.29   0.90    397   9999  9999   9999
  1340  73137 407844   6.86   2.05  11.22   1.30   0.90    400   9999  9999   9999
  1340  73137 407843   7.82   1.25  11.22   1.31   0.91    403   9999  9999   9999
 -1131  77118 406193   1.03  12.75  11.38   1.15   0.79    336   9999  9999   9999
  1131  77129 406200   1.82  12.45  11.38   1.15   0.78    333   9999  9999   9999
  1131  77130 406201   2.89  11.85  11.38   1.14   0.78    332   9999  9999   9999
  1131  77137 406205   3.90  10.50  11.38   1.14   0.78    331   9999  9999   9999
  1131  77140 406207   4.88   9.30  11.37   1.15   0.79    333   9999  9999   9999
  1131  77143 406209   5.81   8.65  11.38   1.15   0.79    335   9999  9999   9999
  1131  77145 406210   6.81   7.60  11.38   1.15   0.79    336   9999  9999   9999
  1131  77147 406212   7.81   6.80  11.38   1.16   0.79    337   9999  9999   9999
  1131  77149 406212   8.84   5.80  11.38   1.16   0.80    339   9999  9999   9999
  1132  77150 406213   9.87   5.00  11.38   1.16   0.80    340   9999  9999   9999
  1132  77150 406213  10.87   3.85  11.37   1.17   0.80    344   9999  9999   9999
  1132  77152 406214  11.81  51.25  11.37   1.19   0.81    349   9999  9999   9999
  1132  77152 406214  12.83  51.25  11.38   1.29   0.89    393   9999  9999   9999
  1132  77151 406213  13.82  51.25  11.45   1.58   1.10    513   9999  9999   9999
 -1300  80170 408096   1.12  15.20  11.56   1.14   0.77    327   9.86    91   9999
  1300  80147 408098   2.03  14.25  11.57   1.14   0.77    327   9.84    91   9999
  1300  80134 408100   3.02  13.30  11.57   1.14   0.77    327   9.83    91   9999
  1301  80124 408104   4.03  12.40  11.57   1.14   0.77    327   9.82    91   9999
  1301  80117 408115   5.08  11.30  11.57   1.14   0.78    327   9.82    91   9999
  1302  80128 408108   6.00  10.55  11.57   1.14   0.77    327   9.82    91   9999
  1303  80132 408107   6.98   9.40  11.58   1.14   0.78    328   9.81    91   9999
  1303  80136 408106   8.07   8.40  11.58   1.14   0.78    330   9.80    91   9999
  1303  80141 408105   9.06   7.55  11.59   1.14   0.78    329   9.78    91   9999
  1304  80144 408105  10.06   6.35  11.58   1.14   0.78    329   9.78    90   9999
  1304  80149 408104  11.00   5.45  11.58   1.14   0.78    329   9.78    90   9999
  1304  80155 408103  12.05   4.30  11.59   1.15   0.78    331   9.76    90   9999
  1305  80159 408108  13.04   3.60  11.63   1.17   0.80    340   9.70    90   9999
  1305  80162 408113  14.05   2.45  11.63   1.18   0.80    343   9.63    89   9999
  1306  80162 408115  15.04   1.55  11.62   1.18   0.80    343   9.63    89   9999
  1306  80161 408114  16.00   0.75  11.63   1.18   0.81    346   9.60    89   9999
 -1203  83676 408494   0.85  10.90  11.55   1.07   0.73    301   9999  9999   8.19
  1203  83689 408502   1.82  10.05  11.55   1.08   0.73    302   9999  9999   8.19
  1203  83691 408504   2.81   8.80  11.55   1.08   0.73    302   9999  9999   8.19
  1203  83696 408508   3.81   7.95  11.55   1.08   0.73    302   9999  9999   8.19
  1203  83698 408510   4.82   6.40  11.55   1.08   0.73    302   9999  9999   8.19
  1203  83702 408515   5.81   5.25  11.55   1.08   0.73    302   9999  9999   8.19
  1203  83704 408517   6.81   4.35  11.56   1.08   0.73    301   9999  9999   8.19
  1203  83707 408520   7.84   2.45  11.56   1.09   0.74    306   9999  9999   8.19
  1203  83710 408522   8.81   1.20  11.57   1.08   0.73    303   9999  9999   8.19
  1206  83700 408510   9.82   2.35  11.57   1.09   0.74    305   9999  9999   8.20
  1206  83699 408515  10.81   1.60  11.58   1.09   0.74    307   9999  9999   8.20
 -1224  86042 411528   1.05   1.90  12.57   0.69   0.45    150  10.10    96   9999
  1225  86049 411534   2.00  38.70  12.56   0.69   0.45    152  10.11    96   9999
  1226  86060 411527   3.08   8.65  12.35   0.73   0.48    165   9.88    93   9999
  1226  86063 411527   4.09  51.25  12.28   0.75   0.49    172   9.93    93   9999
  1227  86064 411525   4.98  51.25  12.22   0.76   0.50    177   9.87    93   9999
  1227  86066 411527   5.99  51.25  12.20   0.77   0.51    180   9.84    92   9999
  1227  86067 411528   7.07   5.20  12.19   0.77   0.51    180   9.83    92   9999
  1227  86069 411529   8.05   4.45  12.18   0.77   0.51    181   9.82    92   9999
  1228  86070 411529   9.00   3.45  12.15   0.78   0.51    183   9.81    92   9999
  1228  86070 411528  10.04  51.25  12.15   0.78   0.51    184   9.81    92   9999
  1228  86070 411526  11.09  51.25  12.16   0.78   0.51    183   9.80    92   9999
  1228  86067 411521  11.78  51.25  12.12   0.79   0.52    186   9.78    92   9999
