# code CHLFRFU   is (nog ? ) niet bekend
# code TROEBFN   is (nog ? ) niet bekend
# MEETVAARTUIG :
# MEETDATUM    : 2024-04-04 00:00:00
# MEETGEBIED   :
# STARTPUNT    :
# EINDPUNT     :
# PROJECTCODE  :
# OPDRACHTGEVER:
# BEHEERDER    :
# BEMONST. INST:
# WAARNEMER(S) : bernaards
#
* 20240404
$ 9999 [000000000000000]
>TIJD      uumm                    
>X         coordinaat              
>Y         coordinaat              
>SENSHTE   Diepte set        m     
>Echms     Echoset           mtrs  
>Temp      Temperatuur       oC    
>pH        Zuurgraad         dimsls
>O2        Zuurstof          mg/l  
>%O2       Zuurstof%         %     
>GELBH     Geleidendheid     mS/cm 
>GEL20     Gel20             ???   
>SALNTT    Saliniteit        dimsl 
>CL-       Chloride          mg/l  
>CHLFRFU   nog niet gedefinieerd   
>TROEBFN   nog niet gedefinieerd   
 -2359  47466 418850   1.00   9999   9999   9999   9999  9999   9999  9999   9999   9999   9999   9999
  2359  47466 418850  15.96   9999   9999   9999   9999  9999   9999  9999   9999   9999   9999   9999
 -1130  47980 418371   1.11  16.01  10.00   8.40   9.38   100  31.05  3907  27.91  15779      0      0
  1130  47966 418388   2.02  14.23  10.00   8.40   9.38   100  31.06  3907  27.91  15780      0      0
  1130  47961 418396   3.02  13.08   9.97   8.40   9.38   100  31.04  3908  27.91  15783      0      0
  1130  47965 418395   3.98   0.75   9.98   8.41   9.37   100  31.04  3907  27.91  15779      0      0
  1131  47971 418395   4.93  10.73   9.98   8.41   9.38   100  31.03  3906  27.90  15776      0      0
  1131  47977 418402   5.91   9.69   9.66   8.37   9.32   100  31.68  4019  28.79  16293      1      0
  1131  48001 418420   6.93   8.66   9.59   8.37   9.27    99  31.81  4042  28.98  16402      0      0
  1132  48002 418432   8.04   6.99   9.49   8.35   9.24    99  32.03  4081  29.29  16578      1      1
  1133  47997 418393   9.00   0.00   9.49   8.33   9.22    98  32.20  4103  29.46  16680      0      0
  1133  47993 418367   9.99   0.00   9.72   8.38   9.27   100  32.66  4138  29.74  16839      2      1
  1133  48001 418363  11.09   6.20   9.69   8.37   9.26   100  32.90  4171  30.00  16992      2      1
  1134  48011 418352  12.01   4.86   9.52   8.32   9.03    97  32.84  4182  30.09  17042      2      1
  1135  48012 418376  12.92   4.13   9.46   8.29   8.72    93  32.78  4181  30.08  17038      1      1
  1136  48008 418401  14.05   1.56   9.36   8.25   8.36    89  32.73  4183  30.10  17052      1      1
  1136  48007 418418  15.04   0.00   9.43   8.25   8.32    89  32.82  4188  30.14  17074      1      1
 -1058  48844 418225   1.07  42.74  10.02   8.41   9.41   101  30.83  3876  27.66  15638      0      0
  1059  48833 418237   1.97  42.08  10.04   8.41   9.41   101  30.83  3875  27.65  15633      0      0
  1059  48829 418233   2.97  41.47  10.03   8.41   9.41   101  30.84  3876  27.67  15640      0      0
  1100  48829 418228   3.94  40.43  10.02   8.41   9.41   101  30.85  3878  27.68  15649      1      0
  1100  48835 418233   5.01  32.45  10.01   8.41   9.41   101  30.89  3885  27.73  15679      1      0
  1101  48827 418243   5.96  38.43   9.90   8.41   9.39   100  31.01  3911  27.94  15799      1      0
  1101  48826 418247   7.00  27.37   9.83   8.39   9.36   100  31.23  3946  28.22  15958      0      0
  1102  48823 418238   7.95  36.89   9.61   8.37   9.32   100  31.73  4030  28.89  16347      0      0
  1102  48819 418244   9.05  35.08   9.44   8.31   8.96    96  31.96  4076  29.25  16558      0      0
  1103  48820 418245   9.98  25.92   9.42   8.33   9.04    97  32.07  4094  29.39  16639      0      0
  1104  48822 418235  10.96  33.92   9.33   8.28   8.79    94  32.47  4153  29.86  16910      0      1
  1104  48830 418245  12.07  19.59   9.41   8.28   8.63    93  32.71  4176  30.04  17017      1      1
  1105  48814 418254  13.13  28.15   9.39   8.25   8.39    90  32.75  4183  30.10  17051      1      1
  1106  48801 418257  14.01  30.84   9.39   8.25   8.34    89  32.76  4185  30.12  17060      1      1
  1107  48797 418242  15.00  29.84   9.38   8.23   8.17    88  32.78  4188  30.14  17073      0      1
  1107  48808 418235  15.99  28.77   9.37   8.22   8.05    86  32.79  4190  30.16  17082      1      1
  1108  48820 418221  16.98   0.00   9.37   8.21   8.01    86  32.78  4190  30.16  17082      1      1
  1109  48827 418230  17.97  26.62   9.35   8.20   7.97    85  32.77  4190  30.16  17082      0      1
  1109  48843 418245  19.00  24.38   9.34   8.19   7.83    84  32.76  4190  30.15  17081      1      1
  1111  48826 418250  20.04  20.58   9.33   8.18   7.72    83  32.76  4191  30.16  17086      1      1
  1111  48825 418240  20.95  24.84   9.33   8.17   7.69    82  32.76  4191  30.17  17089      0      1
  1112  48844 418243  21.86  28.90   9.33   8.17   7.64    82  32.77  4192  30.18  17093      0      1
  1113  48852 418226  22.88  22.68   9.33   8.17   7.64    82  32.77  4192  30.17  17093      3      1
  1114  48858 418240  23.97  19.32   9.33   8.16   7.54    81  32.78  4194  30.19  17099      1      1
  1114  48848 418251  24.96  18.26   9.32   8.16   7.55    81  32.77  4193  30.18  17096      1      1
  1115  48838 418244  26.01  18.60   9.33   8.15   7.46    80  32.79  4195  30.20  17107      1      1
  1116  48834 418243  27.02  17.13   9.34   8.15   7.39    79  32.82  4197  30.21  17115      1      1
  1117  48839 418247  27.94  16.00   9.34   8.15   7.35    79  32.82  4197  30.21  17114      0      1
  1117  48835 418245  29.00  16.14   9.34   8.15   7.34    79  32.82  4198  30.22  17117      0      1
  1118  48832 418236  29.97  14.16   9.35   8.15   7.31    78  32.85  4199  30.23  17126      1      1
  1118  48835 418231  31.08  13.20   9.36   8.15   7.30    78  32.86  4200  30.24  17128      1      1
  1118  48836 418232  32.05  12.21   9.36   8.15   7.29    78  32.85  4200  30.23  17126      1      1
  1119  48834 418237  32.91  11.33   9.36   8.15   7.29    78  32.85  4200  30.23  17127      1      1
  1119  48825 418239  33.99  10.31   9.36   8.14   7.28    78  32.85  4200  30.23  17126      3      1
  1119  48823 418242  35.06   9.14   9.37   8.14   7.27    78  32.87  4201  30.24  17132      1      1
  1120  48824 418246  36.04   8.18   9.38   8.14   7.25    78  32.88  4201  30.25  17134      2      1
  1120  48819 418243  36.99   7.21   9.37   8.14   7.23    78  32.88  4201  30.25  17134      1      1
  1120  48824 418244  38.05   6.11   9.38   8.14   7.23    77  32.88  4201  30.25  17135      1      1
  1120  48822 418246  38.90   5.38   9.38   8.14   7.21    77  32.89  4202  30.25  17138      1      1
  1121  48821 418249  39.97   4.19   9.38   8.14   7.17    77  32.90  4203  30.26  17140      1      1
  1121  48815 418258  40.90   2.70   9.38   8.14   7.17    77  32.89  4202  30.26  17139      1      2
  1121  48814 418263  42.16   0.80   9.38   8.14   7.18    77  32.89  4202  30.25  17138      1      2
 -1031  50110 418299   1.06  20.83  10.10   8.40   9.23    99  30.69  3851  27.47  15525      0      0
  1032  50055 418300   2.05  18.54  10.10   8.40   9.23    99  30.69  3852  27.47  15527      0      0
  1033  49971 418271   3.00   0.00  10.10   8.40   9.24    99  30.70  3853  27.48  15532      0      0
  1034  49900 418259   4.08  14.58  10.10   8.40   9.25    99  30.71  3854  27.49  15538      0      0
  1034  49890 418259   4.99  13.53  10.08   8.40   9.25    99  30.71  3855  27.50  15545      0      1
  1034  49880 418268   5.95  13.05  10.06   8.40   9.23    99  30.75  3862  27.55  15576      1      1
  1035  49847 418270   7.01  13.21   9.99   8.38   9.18    98  30.86  3884  27.72  15674      0      0
  1035  49801 418255   8.02   0.00   9.85   8.39   9.25    99  31.13  3931  28.10  15889      1      0
  1037  49709 418229   9.06  15.98   9.68   8.34   9.01    96  31.55  4001  28.65  16209      0      0
  1039  49662 418247  10.10  13.19   9.45   8.33   8.98    96  32.03  4085  29.32  16599      0      0
  1039  49667 418253  10.95  11.73   9.41   8.34   9.12    97  32.36  4131  29.69  16810      1      0
  1040  49680 418264  11.96   7.63   9.38   8.32   9.12    97  32.48  4150  29.83  16895      1      1
  1040  49676 418266  12.96   6.08   9.37   8.31   9.07    97  32.49  4153  29.86  16911      0      1
  1041  49682 418284  13.93   4.05   9.32   8.18   8.00    85  32.73  4188  30.14  17075      0      1
  1042  49688 418281  14.99   3.05   9.31   8.15   7.62    81  32.77  4194  30.19  17101      0      1
  1043  49698 418278  15.98   2.08   9.31   8.14   7.47    80  32.77  4195  30.20  17105      0      1
  1043  49708 418283  17.11   0.93   9.31   8.14   7.45    80  32.77  4195  30.20  17106      0      1
 -2359  50728 418380   1.00   9999   9999   9999   9999  9999   9999  9999   9999   9999   9999   9999
  2359  50728 418380  27.01   9999   9999   9999   9999  9999   9999  9999   9999   9999   9999   9999
 -2359  51572 418570   1.00   9999   9999   9999   9999  9999   9999  9999   9999   9999   9999   9999
  2359  51572 418570  37.00   9999   9999   9999   9999  9999   9999  9999   9999   9999   9999   9999
 -1010  53161 420559   1.03   0.00  10.19   8.39   9.17    98  30.47  3815  27.18  15361      0      0
  1010  53140 420532   1.95  10.86  10.19   8.39   9.16    98  30.48  3816  27.19  15364      0      0
  1010  53132 420518   2.96   0.00  10.19   8.39   9.16    98  30.47  3815  27.18  15361      0      0
  1011  53122 420506   4.01   8.61  10.19   8.39   9.16    98  30.47  3815  27.18  15362      0      0
  1011  53114 420495   5.02   7.55  10.18   8.39   9.16    98  30.47  3815  27.18  15362      0      0
  1011  53108 420486   5.97   6.49  10.19   8.39   9.15    98  30.48  3816  27.19  15366      0      0
  1012  53108 420486   7.05   5.39  10.19   8.39   9.15    98  30.49  3817  27.20  15371      0      0
  1012  53107 420479   7.97   4.31  10.19   8.39   9.16    98  30.49  3818  27.21  15374      0      0
  1012  53099 420468   8.98   3.38  10.11   8.38   9.07    97  30.70  3851  27.47  15524      0      0
  1013  53096 420453  10.04   2.00   9.99   8.37   9.00    96  30.89  3887  27.75  15687      0      0
  1014  53092 420443  11.06   0.89   9.64   8.29   8.49    91  31.44  3990  28.57  16162      0      0
 -0954  54077 421198   1.04   0.00  10.22   8.39   9.15    98  30.52  3818  27.21  15377      0      0
  0955  54041 421198   2.08  16.84  10.21   8.39   9.17    98  30.51  3818  27.21  15376      0      0
  0955  54025 421203   3.02  15.83  10.21   8.39   9.18    98  30.51  3818  27.21  15377      0      0
  0956  54029 421187   4.09   9.34  10.21   8.39   9.18    98  30.52  3819  27.22  15381      0      0
  0957  54033 421160   4.93  12.43  10.20   8.39   9.16    98  30.53  3822  27.23  15391      0      0
  0957  54016 421148   6.07  11.53  10.20   8.39   9.16    98  30.53  3821  27.23  15390      0      0
  0957  53998 421150   7.07  10.73  10.20   8.39   9.17    98  30.53  3821  27.23  15386      0      0
  0958  53989 421156   7.93  10.00  10.20   8.39   9.17    98  30.53  3821  27.23  15390      0      0
  0958  53984 421162   8.95   9.24  10.20   8.39   9.17    98  30.53  3822  27.24  15393      0      0
  0958  53978 421168  10.11   5.59  10.19   8.39   9.16    98  30.55  3824  27.26  15404      0      0
  0959  53921 421165  10.94   8.13  10.18   8.39   9.15    98  30.60  3832  27.32  15439      0      0
  1000  53892 421152  12.13   6.41   9.88   8.35   8.94    96  31.06  3919  28.00  15836      0      0
  1001  53891 421141  12.94   5.91   9.36   8.25   8.25    88  31.74  4057  29.10  16468      0      0
  1002  53863 421119  13.98   3.78   9.21   8.22   8.12    86  31.97  4102  29.46  16677      0      0
  1002  53860 421118  15.06   2.69   9.20   8.23   8.16    87  32.01  4108  29.50  16704      0      0
  1004  53849 421108  15.99   1.60   9.13   8.13   7.28    77  32.18  4138  29.74  16841      0      1
  1004  53830 421094  17.00   0.00   9.11   8.09   6.86    73  32.19  4141  29.76  16855      0      1
 -2359  55190 421380   1.00   9999   9999   9999   9999  9999   9999  9999   9999   9999   9999   9999
  2359  55190 421380  20.00   9999   9999   9999   9999  9999   9999  9999   9999   9999   9999   9999
 -0938  56431 420364   1.06  11.93  10.25   8.39   9.05    97  30.55  3819  27.21  15378      0      0
  0938  56405 420396   1.67  11.28  10.25   8.38   9.05    97  30.55  3820  27.22  15381      0      1
  0938  56395 420407   2.97  10.05  10.25   8.39   9.07    97  30.55  3819  27.22  15380      0      0
  0939  56391 420417   4.03   9.21  10.25   8.39   9.08    97  30.55  3819  27.22  15381      0      0
  0939  56391 420423   4.99   8.55  10.25   8.39   9.08    97  30.55  3820  27.22  15381      0      0
  0940  56396 420437   6.19   7.60  10.25   8.39   9.08    97  30.55  3819  27.22  15380      0      0
  0940  56397 420446   7.02   7.01  10.25   8.39   9.09    97  30.55  3820  27.22  15381      0      0
  0940  56399 420460   8.05   6.24  10.25   8.39   9.07    97  30.56  3820  27.22  15385      0      0
  0941  56398 420471   9.03   5.31  10.25   8.39   9.09    97  30.56  3820  27.22  15385      0      0
  0941  56395 420480   9.98   4.41  10.16   8.38   9.06    97  30.62  3837  27.36  15461      0      0
  0941  56395 420486  11.03   3.44  10.07   8.38   9.04    97  30.63  3846  27.43  15503      0      0
  0942  56404 420519  12.03   2.79   9.11   8.23   8.15    86  31.53  4055  29.09  16464      0      0
  0943  56405 420536  13.02   1.73   9.11   8.23   8.14    86  31.65  4072  29.21  16537      0      0
  0943  56405 420548  13.97   0.75   9.18   8.23   8.06    86  31.86  4091  29.37  16628      0      0
 -2359  57620 418940   1.00   9999   9999   9999   9999  9999   9999  9999   9999   9999   9999   9999
  2359  57620 418940  16.05   9999   9999   9999   9999  9999   9999  9999   9999   9999   9999   9999
 -0913  58126 417067   1.05  19.77  10.32   8.40   9.19    99  30.60  3819  27.21  15379      0      0
  0913  58117 417095   2.05  18.10  10.30   8.40   9.20    99  30.59  3819  27.21  15379      0      0
  0914  58112 417115   3.00  16.84  10.31   8.40   9.18    99  30.60  3820  27.22  15382      0      0
  0914  58112 417127   4.02  15.59  10.29   8.40   9.19    99  30.58  3819  27.22  15380      0      0
  0914  58111 417132   5.08  14.91  10.29   8.41   9.19    99  30.58  3820  27.22  15381      0      0
  0915  58112 417137   6.00  13.76  10.29   8.41   9.19    99  30.58  3819  27.22  15380      0      0
  0915  58116 417142   6.99  11.93  10.26   8.41   9.20    99  30.56  3820  27.22  15381      0      0
  0915  58119 417145   8.00  10.14  10.18   8.41   9.20    99  30.53  3823  27.24  15396      0      0
  0916  58120 417153   9.11   9.24  10.17   8.41   9.18    98  30.52  3824  27.25  15402      0      0
  0917  58084 417189  11.01   7.74   9.16   8.25   8.20    87  31.13  3999  28.64  16206      0      0
  0917  58080 417193  11.04   6.98   9.15   8.25   8.20    87  31.13  4001  28.65  16213      0      0
  0917  58072 417198  12.07   5.91   9.08   8.23   8.20    87  31.19  4015  28.77  16279      0      0
  0918  58054 417206  13.00   8.96   9.07   8.22   8.11    86  31.31  4032  28.90  16357      0      0
  0918  58046 417209  13.98   8.28   9.09   8.22   8.09    85  31.36  4037  28.94  16377      0      0
  0919  58027 417217  15.02   6.08   9.02   8.20   7.99    84  31.46  4056  29.09  16467      0      0
  0919  58012 417223  16.08   4.54   9.01   8.19   7.91    84  31.50  4063  29.14  16497      0      0
  0920  57994 417226  16.97   4.58   8.98   8.17   7.75    82  31.53  4069  29.20  16528      0      0
  0920  57969 417235  17.99   2.80   8.94   8.14   7.49    79  31.57  4079  29.28  16574      0      0
  0921  57953 417239  19.01   1.41   8.92   8.13   7.39    78  31.57  4081  29.29  16580      0      0
  0921  57942 417243  19.79   0.00   8.91   8.12   7.36    78  31.57  4081  29.29  16583      0      0
 -0854  59174 414923   0.94  14.58  10.15   8.41   9.28    99  30.46  3818  27.21  15374      0      0
  0855  59160 414931   2.00  14.04  10.15   8.41   9.28    99  30.47  3818  27.21  15375      0      0
  0855  59158 414933   2.96  10.75  10.15   8.41   9.28    99  30.46  3818  27.20  15374      0      0
  0855  59155 414935   4.11  11.70  10.14   8.41   9.27    99  30.46  3818  27.21  15376      0      0
  0856  59153 414937   5.08  10.65  10.15   8.41   9.27    99  30.46  3818  27.21  15375      0      0
  0856  59153 414946   5.98   9.81  10.14   8.41   9.27    99  30.45  3818  27.21  15374      0      0
  0856  59152 414957   7.00   8.33   9.95   8.40   9.28    99  30.53  3845  27.42  15500      0      0
  0856  59145 414969   8.03   7.70   9.90   8.39   9.26    99  30.56  3854  27.49  15539      1      0
  0858  59137 414981   9.00   6.84   9.78   8.37   9.04    96  30.60  3871  27.63  15617      0      0
  0858  59135 415013  10.05   4.98   9.31   8.29   8.54    90  30.85  3949  28.25  15977      0      0
  0859  59115 415024  10.96   4.68   9.15   8.23   8.16    86  31.04  3988  28.55  16155      0      0
  0900  59098 415025  11.98   3.98   9.00   8.18   7.85    83  31.28  4035  28.92  16369      0      0
  0900  59087 415026  12.98   3.11   8.97   8.17   7.80    82  31.34  4046  29.01  16422      0      0
  0901  59083 415024  14.06   2.08   8.97   8.18   7.82    82  31.35  4048  29.03  16429      0      0
  0901  59079 415026  15.04   1.31   8.94   8.17   7.78    82  31.40  4056  29.09  16466      0      0
 -0829  61553 412880   1.12   9.69  10.12   8.36   9.35   100  30.53  3830  27.30  15430      0      0
  0830  61514 412899   2.07   8.90  10.11   8.36   9.35   100  30.53  3830  27.30  15431      1      0
  0830  61494 412910   3.07   8.03  10.11   8.36   9.35   100  30.53  3830  27.30  15430      0      0
  0830  61476 412920   3.94   7.29  10.11   8.36   9.35   100  30.53  3831  27.31  15434      1      0
  0831  61460 412928   5.07   6.05  10.10   8.36   9.35   100  30.53  3831  27.31  15435      1      0
  0831  61449 412931   6.09   4.89  10.10   8.36   9.36   100  30.54  3832  27.31  15437      1      0
  0832  61437 412938   6.99   4.00  10.10   8.36   9.36   100  30.53  3832  27.31  15436      1      0
  0832  61427 412947   7.95   2.96  10.10   8.36   9.35   100  30.53  3832  27.32  15438      1      0
  0832  61413 412956   8.97   1.89  10.09   8.36   9.34   100  30.53  3833  27.32  15443      0      0
  0834  61379 412979   9.95   0.99   9.51   8.26   8.44    90  30.89  3934  28.12  15904      0      0
 -2359  62300 412250   1.00   9999   9999   9999   9999  9999   9999  9999   9999   9999   9999   9999
  2359  62300 412250  17.00   9999   9999   9999   9999  9999   9999  9999   9999   9999   9999   9999
 -0806  65378 412109   0.99  14.80  10.37   8.34   9.28   100  30.65  3821  27.23  15385      0      1
  0807  65366 412117   1.93  13.89  10.37   8.34   9.27   100  30.65  3821  27.23  15387      0      0
  0807  65364 412117   3.04  12.73  10.37   8.34   9.25    99  30.65  3821  27.23  15386      0      0
  0807  65354 412124   4.00  11.85  10.37   8.34   9.26   100  30.65  3821  27.23  15385      0      0
  0808  65346 412127   4.97  10.79  10.37   8.34   9.26   100  30.65  3820  27.22  15384      0      0
  0808  65339 412133   5.94   9.65  10.38   8.34   9.27   100  30.65  3820  27.22  15384      0      0
  0808  65331 412146   7.06   8.11  10.38   8.35   9.29   100  30.66  3821  27.23  15387      0      0
  0809  65315 412149   8.04   6.88  10.38   8.35   9.36   101  30.72  3828  27.28  15419      0      0
  0809  65308 412152   9.09   5.90  10.31   8.35   9.36   101  30.72  3835  27.34  15449      0      0
  0810  65298 412155  10.06   4.93  10.27   8.35   9.33   100  30.69  3835  27.34  15449      0      0
  0810  65291 412155  11.03   4.14  10.25   8.35   9.32   100  30.67  3835  27.34  15450      0      0
  0811  65260 412158  12.02   3.18   9.77   8.24   8.50    91  30.84  3902  27.87  15759      0      0
  0812  65241 412165  13.00   2.24   9.25   8.15   7.64    81  31.12  3988  28.56  16156      0      0
  0813  65180 412141  13.91   1.59   9.14   8.14   7.36    78  31.17  4006  28.69  16236      0      0
  0813  65163 412133  14.70   0.00   9.07   8.12   7.22    76  31.20  4018  28.79  16291      0      0
 -2359  66330 411630   1.00   9999   9999   9999   9999  9999   9999  9999   9999   9999   9999   9999
  2359  66330 411630   7.00   9999   9999   9999   9999  9999   9999  9999   9999   9999   9999   9999
 -0747  67578 411459   0.97  11.45  10.43   8.29   9.46   102  30.52  3799  27.06  15289      0      1
  0748  67535 411448   2.03  10.53  10.43   8.29   9.46   102  30.53  3800  27.06  15292      0      1
  0748  67519 411447   2.99   9.53  10.43   8.29   9.46   102  30.54  3801  27.07  15295      0      1
  0748  67515 411446   4.03   8.26  10.43   8.29   9.46   102  30.54  3801  27.07  15297      0      0
  0749  67513 411447   4.98   7.33  10.43   8.29   9.46   102  30.54  3801  27.07  15297      0      1
  0749  67507 411452   5.98   6.85  10.43   8.29   9.47   102  30.56  3803  27.09  15306      0      1
  0749  67500 411458   7.06   5.83  10.41   8.29   9.46   102  30.56  3806  27.11  15317      0      1
  0750  67487 411468   8.02   4.68  10.33   8.30   9.27   100  30.59  3817  27.20  15370      0      0
  0750  67478 411472   8.99   3.56  10.33   8.30   9.27   100  30.61  3818  27.21  15376      0      0
  0751  67464 411480   9.97   2.81  10.29   8.30   9.20    99  30.61  3824  27.25  15400      0      0
  0751  67453 411495  10.91   2.24  10.15   8.30   8.97    96  30.66  3842  27.40  15484      0      1
  0754  67360 411484  11.98   0.80   9.42   8.12   7.18    76  30.99  3956  28.29  16005      0      1
 -0737  69190 411047   1.05   6.87  10.94   8.33   9.35   101  30.31  3726  26.48  14952      0      1
  0737  69221 411017   2.00   6.06  10.92   8.33   9.35   101  30.37  3735  26.55  14994      0      1
  0738  69229 411014   2.98   5.02  10.58   8.28   9.34   101  30.57  3791  26.99  15249      0      1
  0738  69238 411014   4.13   3.83  10.56   8.28   9.32   101  30.58  3793  27.01  15259      0      1
  0738  69245 411012   5.06   2.91  10.58   8.29   9.32   101  30.60  3794  27.01  15262      0      1
  0738  69254 411010   6.00   2.04  10.64   8.29   9.32   101  30.66  3797  27.04  15277      0      1
  0739  69265 411006   6.94   0.85  10.64   8.29   9.33   101  30.69  3799  27.06  15287      1      1
 -0737  69190 411047   1.05   6.87  10.94   8.33   9.35   101  30.31  3726  26.48  14952      0      1
  0737  69221 411017   2.00   6.06  10.92   8.33   9.35   101  30.37  3735  26.55  14994      0      1
  0738  69229 411014   2.98   5.02  10.58   8.28   9.34   101  30.57  3791  26.99  15249      0      1
  0738  69238 411014   4.13   3.83  10.56   8.28   9.32   101  30.58  3793  27.01  15259      0      1
  0738  69245 411012   5.06   2.91  10.58   8.29   9.32   101  30.60  3794  27.01  15262      0      1
  0738  69254 411010   6.00   2.04  10.64   8.29   9.32   101  30.66  3797  27.04  15277      0      1
  0739  69265 411006   6.94   0.85  10.64   8.29   9.33   101  30.69  3799  27.06  15287      1      1
