# VERTIKAAL 8 Milieucontainer
* 11-09-2025 09:50:17
#     GEEN POSITIE    
#00 DONARLOCATIE: KTS-08
#08 WAARNEMER(S): bernaards
@ par1.dat
## LUCHTDK    hPa <1005>

~     X       Y    DATUM   TIJD SENSHTE   Echms       T     pH   O2     %O2   GELBH  GELDHD  SALNTT     CL- CHLFRFU  TROEBHFNU  PHYCOUGL
  44256  359089 20250911 95028    1.12    7.45   20.47   7.71 6.78      81   18.45    1826   12.09    6740    2.63       3.23     -0.54
  44256  359089 20250911 95054    2.03    5.45   20.48   7.71 6.80      82   18.46    1827   12.09    6743    2.73       3.28     -0.49
  44256  359089 20250911 95108    3.01    3.57   20.48   7.71 6.79      82   18.43    1824   12.07    6731    2.77       3.40     -0.50
  44256  359089 20250911 95126    3.97    2.39   20.49   7.71 6.79      82   18.48    1829   12.10    6749    2.82       3.36     -0.51
  44256  359089 20250911 95144    5.00    1.30   20.50   7.71 6.77      82   18.53    1833   12.14    6767    2.99       3.22     -0.57
  44256  359089 20250911 95201    6.01    0.43   20.50   7.71 6.76      81   18.55    1836   12.16    6779    2.91       3.28     -0.45
