#METING KANAAL VAN GENT NAAR TERNEUZEN
* 19990805
$ 9999 [000220]
> TIJD
> X-COORD
> Y-COORD
>SENSHTE   Diepte set        m
>Temp      Temperatuur       oC             :23.   0.125   20   0.5
>CL-       Chloride          mg/l
-0840    45654  372016    .0  24.2  3004
 0840    45654  372016   1.0  24.2  3004
 0840    45654  372016   2.0  24.2  3004
 0840    45654  372016   3.0  24.3  3015
 0840    45654  372016   4.0  24.4  3105
 0840    45654  372016   5.0  24.4  3189
 0840    45654  372016   6.0  24.4  3238
 0840    45654  372016   7.0  24.4  3276
 0840    45654  372016   8.0  24.4  3367
 0840    45654  372016   9.0  24.4  3410
 0840    45654  372016  10.0  24.2  3960
 0840    45654  372016  11.0  24.2  4767
 0840    45654  372016  12.0  23.8  5746
 0840    45654  372016  13.0  23.8  6219
 0840    45654  372016  14.0  23.7  7008
 0840    45654  372016  15.0  23.5  7675
 0840    45654  372016  16.0  23.2  7962
 0840    45654  372016  17.0  23.2  8237
 0840    45654  372016  18.0  23.1  8611
 0840    45654  372016  18.7  23.1  8849
-0850    45995  371292    .0  25.0  2962
 0850    45995  371292   1.0  25.0  3027
 0850    45995  371292   2.0  25.0  3057
 0850    45995  371292   3.0  25.0  3020
 0850    45995  371292   4.0  25.0  3033
 0850    45995  371292   5.0  25.0  3071
 0850    45995  371292   6.0  25.0  3188
 0850    45995  371292   7.0  25.0  3278
 0850    45995  371292   8.0  25.0  3372
 0850    45995  371292   9.0  25.0  3507
 0850    45995  371292  10.0  25.0  3731
 0850    45995  371292  11.0  25.0  4730
 0850    45995  371292  12.0  25.0  5163
 0850    45995  371292  13.0  25.0  5796
 0850    45995  371292  14.0  25.0  6181
 0850    45995  371292  15.0  25.0  6921
 0850    45995  371292  16.0  25.0  7611
 0850    45995  371292  17.0  25.0  8405
-0900    46360  370363    .0  24.1  2920
 0900    46360  370363   1.0  24.5  2908
 0900    46360  370363   2.0  24.6  2929
 0900    46360  370363   3.0  24.6  2998
 0900    46360  370363   4.0  24.6  3012
 0900    46360  370363   5.0  24.5  3060
 0900    46360  370363   6.0  24.5  3126
 0900    46360  370363   7.0  24.5  3199
 0900    46360  370363   8.0  24.5  3610
 0900    46360  370363   9.0  24.4  3814
 0900    46360  370363  10.0  24.3  3847
 0900    46360  370363  11.0  24.2  4546
 0900    46360  370363  12.0  24.1  4745
 0900    46360  370363  13.0  24.0  5039
 0900    46360  370363  14.0  23.5  6477
 0900    46360  370363  14.2  23.4  6633
-0915    46570  369385    .0  24.9  2787
 0915    46570  369385   1.0  25.0  2812
 0915    46570  369385   2.0  25.0  2767
 0915    46570  369385   3.0  25.0  2886
 0915    46570  369385   4.0  25.0  2924
 0915    46570  369385   5.0  24.9  3099
 0915    46570  369385   6.0  24.7  3223
 0915    46570  369385   7.0  24.6  3349
 0915    46570  369385   8.0  24.5  3522
 0915    46570  369385   9.0  24.4  3828
 0915    46570  369385  10.0  24.3  4157
 0915    46570  369385  11.0  24.2  4640
 0915    46570  369385  12.0  24.0  5238
 0915    46570  369385  13.0  23.8  5596
 0915    46570  369385  14.0  23.8  6178
 0915    46570  369385  14.3  23.5  6246
-0935    46955  367423    .0  24.7  2636
 0935    46955  367423   1.0  24.7  2646
 0935    46955  367423   2.0  24.7  2636
 0935    46955  367423   3.0  24.7  2633
 0935    46955  367423   4.0  24.6  2632
 0935    46955  367423   5.0  24.5  2713
 0935    46955  367423   6.0  24.5  2877
 0935    46955  367423   7.0  24.5  3126
 0935    46955  367423   8.0  24.6  3384
 0935    46955  367423   9.0  24.6  3500
 0935    46955  367423  10.0  24.5  3812
 0935    46955  367423  11.0  24.4  4253
 0935    46955  367423  12.0  24.2  4903
 0935    46955  367423  13.0  24.0  5356
 0935    46955  367423  14.0  23.8  5626
 0935    46955  367423  14.5  23.8  5641
-0950    46902  365454    .0  23.8  2472
 0950    46902  365454   1.0  23.8  2472
 0950    46902  365454   2.0  23.8  2472
 0950    46902  365454   3.0  23.8  2503
 0950    46902  365454   4.0  23.8  2558
 0950    46902  365454   5.0  23.9  2642
 0950    46902  365454   6.0  23.9  2649
 0950    46902  365454   7.0  23.9  2784
 0950    46902  365454   8.0  24.0  3126
 0950    46902  365454   9.0  24.2  3323
 0950    46902  365454  10.0  24.3  3822
 0950    46902  365454  11.0  24.2  4312
 0950    46902  365454  12.0  24.2  4687
 0950    46902  365454  13.0  23.9  4939
 0950    46902  365454  14.0  23.8  5002
 0950    46902  365454  15.0  23.8  5002
-1010    44866  362024   0.0  24.1  2275 
 1010    44866  362024   1.0  24.0  2291
 1010    44866  362024   2.0  24.0  2294
 1010    44866  362024   3.0  23.9  2367
 1010    44866  362024   4.0  23.9  2436
 1010    44866  362024   5.0  23.9  2477
 1010    44866  362024   6.0  23.9  2573
 1010    44866  362024   7.0  24.0  2677
 1010    44866  362024   8.0  24.0  2809
 1010    44866  362024   9.0  24.0  3077
 1010    44866  362024  10.0  24.0  3032
 1010    44866  362024  11.0  23.9  3537
 1010    44866  362024  12.0  23.9  3965
 1010    44866  362024  13.0  23.8  4072
 1010    44866  362024  14.0  23.8  4358
 1010    44866  362024  15.0  23.8  4388
 1010    44866  362024  15.4  23.8  4399
-1030    44261  359086    .0  23.9  2286
 1030    44261  359086   1.0  23.8  2284
 1030    44261  359086   2.0  23.8  2304
 1030    44261  359086   3.0  23.8  2298
 1030    44261  359086   4.0  23.8  2315
 1030    44261  359086   5.0  23.8  2332
 1030    44261  359086   6.0  23.9  2408
 1030    44261  359086   7.0  24.0  2612
 1030    44261  359086   8.0  24.0  2809
 1030    44261  359086   9.0  23.9  2968
 1030    44261  359086  10.0  23.9  3109
 1030    44261  359086  11.0  23.9  3225
 1030    44261  359086  12.0  23.9  3562
 1030    44261  359086  13.0  23.9  3644
 1030    44261  359086  14.0  23.9  4814
 1030    44261  359086  14.1  23.9  4855
-1105    42775  352485    .0  24.2  1895
 1105    42775  352485   1.0  24.2  1898
 1105    42775  352485   2.0  24.4  1890
 1105    42775  352485   3.0  24.2  1915
 1105    42775  352485   4.0  24.0  1997
 1105    42775  352485   5.0  23.8  2114
 1105    42775  352485   6.0  23.7  2224
 1105    42775  352485   7.0  23.8  2339
 1105    42775  352485   8.0  23.8  2441
 1105    42775  352485   9.0  23.8  2693
 1105    42775  352485  10.0  23.8  2811
 1105    42775  352485  11.0  23.6  3183
 1105    42775  352485  12.0  23.5  3318
 1105    42775  352485  13.0  23.5  3322
 1105    42775  352485  14.0  23.4  3537
 1105    42775  352485  15.0  23.1  3747
 1105    42775  352485  15.8  23.2  4029
-1125    40710  349000    .0  23.1  1560
 1125    40710  349000   1.0  23.1  1564
 1125    40710  349000   2.0  23.1  1574
 1125    40710  349000   3.0  23.1  1577
 1125    40710  349000   4.0  23.1  1587
 1125    40710  349000   5.0  23.1  1617
 1125    40710  349000   6.0  23.0  1722
 1125    40710  349000   7.0  23.0  1991
 1125    40710  349000   8.0  23.1  2320
 1125    40710  349000   9.0  23.1  2345
 1125    40710  349000  10.0  23.1  2665
 1125    40710  349000  11.0  23.2  2874
 1125    40710  349000  12.0  23.3  3312
 1125    40710  349000  13.0  23.3  3596
 1125    40710  349000  14.0  23.3  3618
 1125    40710  349000  15.0  23.2  3626
 1125    40710  349000  15.5  23.1  3645
-1145    39130  346450   0.0  23.6  1239
 1145    39130  346450   1.0  23.4  1321
 1145    39130  346450   2.0  23.3  1350
 1145    39130  346450   3.0  23.3  1377
 1145    39130  346450   4.0  23.2  1473
 1145    39130  346450   5.0  23.0  1787
 1145    39130  346450   6.0  22.7  2029
 1145    39130  346450   7.0  22.7  2244
 1145    39130  346450   8.0  22.7  2293
 1145    39130  346450   9.0  22.8  2409
 1145    39130  346450  10.0  22.9  2537
 1145    39130  346450  11.0  22.9  2755
 1145    39130  346450  12.0  23.0  3026
 1145    39130  346450  13.0  23.0  3190
 1145    39130  346450  13.5  23.0  3208
