#METING KANAAL VAN GENT NAAR TERNEUZEN
* 19990225
$ 9999 [000220]
> TIJD
> X-COORD
> Y-COORD
>SENSHTE   Diepte set        m
>Temp      Temperatuur       oC             :6.   0.125   20   0.5
>CL-       Chloride          mg/l
-0845    45654  372016    .0   7.1  1105
 0845    45654  372016   1.0   7.1  1105
 0845    45654  372016   2.0   7.1  1105
 0845    45654  372016   3.0   7.1  1105
 0845    45654  372016   4.0   7.1  1105
 0845    45654  372016   5.0   7.1  1105
 0845    45654  372016   6.0   7.1  1148
 0845    45654  372016   7.0   7.1  1162
 0845    45654  372016   8.0   7.1  1262
 0845    45654  372016   9.0   7.1  1358
 0845    45654  372016  10.0   6.6  1717
 0845    45654  372016  11.0   6.6  1846
 0845    45654  372016  12.0   6.6  2690
 0845    45654  372016  13.0   6.6  3664
 0845    45654  372016  14.0   6.5  4561
 0845    45654  372016  15.0   6.4  4639
 0845    45654  372016  16.0   6.3  4796
 0845    45654  372016  17.0   6.3  5294
 0845    45654  372016  18.0   6.3  5433
 0845    45654  372016  18.5   6.3  5461
-0855    45995  371292    .0   7.1  1077
 0855    45995  371292   1.0   7.1  1086
 0855    45995  371292   2.0   7.1  1086
 0855    45995  371292   3.0   7.1  1096
 0855    45995  371292   4.0   7.1  1105
 0855    45995  371292   5.0   7.1  1105
 0855    45995  371292   6.0   7.1  1148
 0855    45995  371292   7.0   7.1  1153
 0855    45995  371292   8.0   7.1  1220
 0855    45995  371292   9.0   7.1  1325
 0855    45995  371292  10.0   7.1  1517
 0855    45995  371292  11.0   7.1  1912
 0855    45995  371292  12.0   7.1  2804
 0855    45995  371292  13.0   7.0  4288
 0855    45995  371292  14.0   6.6  4737
 0855    45995  371292  15.0   6.4  4947
 0855    45995  371292  16.0   6.3  5122
 0855    45995  371292  17.0   6.3  5511
 0855    45995  371292  17.1   6.3  5517
-0905    46360  370363    .0   7.5  1050
 0905    46360  370363   1.0   7.5  1045
 0905    46360  370363   2.0   7.5  1054
 0905    46360  370363   3.0   7.5  1059
 0905    46360  370363   4.0   7.5  1064
 0905    46360  370363   5.0   7.5  1064
 0905    46360  370363   6.0   7.5  1064
 0905    46360  370363   7.0   7.4  1157
 0905    46360  370363   8.0   7.4  1199
 0905    46360  370363   9.0   7.3  1293
 0905    46360  370363  10.0   7.2  1431
 0905    46360  370363  11.0   7.1  1844
 0905    46360  370363  12.0   6.8  3061
 0905    46360  370363  13.0   6.9  3228
 0905    46360  370363  14.0   6.7  4310
 0905    46360  370363  15.0   6.6  4704
-0915    46570  369385    .0   7.4  1034
 0915    46570  369385   1.0   7.4  1034
 0915    46570  369385   2.0   7.4  1034
 0915    46570  369385   3.0   7.4  1034
 0915    46570  369385   4.0   7.4  1034
 0915    46570  369385   5.0   7.4  1095
 0915    46570  369385   6.0   7.4  1109
 0915    46570  369385   7.0   7.4  1152
 0915    46570  369385   8.0   7.4  1303
 0915    46570  369385   9.0   7.4  1332
 0915    46570  369385  10.0   7.4  1361
 0915    46570  369385  11.0   7.3  1552
 0915    46570  369385  12.0   7.1  1898
 0915    46570  369385  13.0   7.0  2924
 0915    46570  369385  14.0   6.8  3754
 0915    46570  369385  14.4   6.6  4030
-0925    46955  367423    .0   7.1   822
 0925    46955  367423   1.0   7.1   822
 0925    46955  367423   2.0   7.1   822
 0925    46955  367423   3.0   7.1   822
 0925    46955  367423   4.0   7.1   822
 0925    46955  367423   5.0   7.1   822
 0925    46955  367423   6.0   7.1   855
 0925    46955  367423   7.0   7.1   878
 0925    46955  367423   8.0   7.0   914
 0925    46955  367423   9.0   7.0  1171
 0925    46955  367423  10.0   7.0  1324
 0925    46955  367423  11.0   7.0  1658
 0925    46955  367423  12.0   7.2  2064
 0925    46955  367423  13.0   6.9  2969
 0925    46955  367423  14.0   6.9  3171
 0925    46955  367423  14.5   6.9  3176
-1010    46902  365454    .0   6.6   745
 1010    46902  365454   1.0   6.5   747
 1010    46902  365454   2.0   6.5   747
 1010    46902  365454   3.0   6.5   752
 1010    46902  365454   4.0   6.5   766
 1010    46902  365454   5.0   6.6   788
 1010    46902  365454   6.0   6.6   840
 1010    46902  365454   7.0   6.6   849
 1010    46902  365454   8.0   6.6   849
 1010    46902  365454   9.0   6.7   870
 1010    46902  365454  10.0   6.7  1191
 1010    46902  365454  11.0   6.9  1227
 1010    46902  365454  12.0   7.0  2171
 1010    46902  365454  13.0   6.9  2378
 1010    46902  365454  14.0   6.9  2459
 1010    46902  365454  15.0   7.0  2512
-1030    44866  362024   0.0   6.5   613
 1030    44866  362024   1.0   6.5   613
 1030    44866  362024   2.0   6.5   613
 1030    44866  362024   3.0   6.5   628 
 1030    44866  362024   4.0   6.5   650
 1030    44866  362024   5.0   6.5   650
 1030    44866  362024   6.0   6.5   693
 1030    44866  362024   7.0   6.5   708
 1030    44866  362024   8.0   6.5   722
 1030    44866  362024   9.0   6.5   778
 1030    44866  362024  10.0   6.5   776
 1030    44866  362024  11.0   6.5  1061
 1030    44866  362024  12.0   6.5  1371
 1030    44866  362024  13.0   6.5  1560
 1030    44866  362024  14.0   6.5  1673
 1030    44866  362024  14.8   6.5  1692   
-1045    44261  359086    .0   6.6   515
 1045    44261  359086   1.0   6.6   515
 1045    44261  359086   2.0   6.6   515
 1045    44261  359086   3.0   6.6   515
 1045    44261  359086   4.0   6.6   515
 1045    44261  359086   5.0   6.6   515
 1045    44261  359086   6.0   6.6   515
 1045    44261  359086   7.0   6.6   525
 1045    44261  359086   8.0   6.6   534
 1045    44261  359086   9.0   6.7   547
 1045    44261  359086  10.0   6.7   590
 1045    44261  359086  11.0   6.6   635
 1045    44261  359086  12.0   6.7   909
 1045    44261  359086  13.0   6.8  1087
 1045    44261  359086  14.0   6.8  1178
-1125    42775  352485    .0   7.0   297
 1125    42775  352485   1.0   6.9   298
 1125    42775  352485   2.0   6.9   298
 1125    42775  352485   3.0   6.9   298
 1125    42775  352485   4.0   6.9   298
 1125    42775  352485   5.0   6.9   303
 1125    42775  352485   6.0   6.9   303
 1125    42775  352485   7.0   6.9   303
 1125    42775  352485   8.0   6.9   303
 1125    42775  352485   9.0   6.8   309
 1125    42775  352485  10.0   6.8   313
 1125    42775  352485  11.0   6.9   322
 1125    42775  352485  12.0   6.9   322
 1125    42775  352485  13.0   7.0   348
 1125    42775  352485  14.0   7.0   414
 1125    42775  352485  15.0   6.9   491
 1125    42775  352485  15.2   6.9   496
-1200    40710  349000    .0   6.0   199
 1200    40710  349000   1.0   6.0   199
 1200    40710  349000   2.0   6.0   199
 1200    40710  349000   3.0   6.0   199
 1200    40710  349000   4.0   6.0   199
 1200    40710  349000   5.0   6.0   199
 1200    40710  349000   6.0   6.0   199
 1200    40710  349000   7.0   6.0   199
 1200    40710  349000   8.0   6.0   199
 1200    40710  349000   9.0   6.0   203
 1200    40710  349000  10.0   6.0   203
 1200    40710  349000  11.0   6.0   203
 1200    40710  349000  12.0   5.9   222
 1200    40710  349000  13.0   5.9   204
 1200    40710  349000  14.0   5.9   204
 1200    40710  349000  14.5   5.9   204
-1210    39130  346450    .0   6.1   190
 1210    39130  346450   1.0   6.1   190
 1210    39130  346450   2.0   6.1   190
 1210    39130  346450   3.0   6.1   190
 1210    39130  346450   4.0   6.1   190
 1210    39130  346450   5.0   6.1   190
 1210    39130  346450   6.0   6.1   190
 1210    39130  346450   7.0   6.1   194
 1210    39130  346450   8.0   6.1   198
 1210    39130  346450   9.0   6.1   198
 1210    39130  346450  10.0   6.1   202
 1210    39130  346450  11.0   6.1   202
 1210    39130  346450  12.0   6.1   207
 1210    39130  346450  13.0   6.1   215
 1210    39130  346450  14.0   6.3   231
 1210    39130  346450  15.0   6.3   264
