#METING KANAAL VAN GENT NAAR TERNEUZEN
# Waarnemer:        A.J. Klerks 
* 20030418
$ 9999 [000220]
> TIJD
> X-COORD
> Y-COORD
>SENSHTE   Diepte set        m
>Temp      Temperatuur       oC             :11.0   0.125   20   0.5
>CL-       Chloride          mg/l
-0750     45654    372016    .0  13.1  1487
 0750     45654    372016   1.0  13.1  1487
 0750     45654    372016   2.0  13.1  1487
 0750     45654    372016   3.0  13.1  1487
 0750     45654    372016   4.0  13.2  1521
 0750     45654    372016   5.0  13.2  1546
 0750     45654    372016   6.0  13.2  1579
 0750     45654    372016   7.0  13.2  1625
 0750     45654    372016   8.0  13.3  1646
 0750     45654    372016   9.0  13.3  1658
 0750     45654    372016  10.0  13.3  1704
 0750     45654    372016  11.0  13.3  1998
 0750     45654    372016  12.0  13.2  2068
 0750     45654    372016  13.0  13.2  2894
 0750     45654    372016  14.0  12.8  3604
 0750     45654    372016  15.0  12.4  4932
 0750     45654    372016  16.0  12.3  5778
 0750     45654    372016  17.0  11.4  7028
 0750     45654    372016  18.0  10.8 10098
-0800     45995    371292    .0  13.0  1487
 0800     45995    371292   1.0  13.1  1483
 0800     45995    371292   2.0  13.1  1483
 0800     45995    371292   3.0  13.1  1483
 0800     45995    371292   4.0  13.1  1483
 0800     45995    371292   5.0  13.2  1525
 0800     45995    371292   6.0  13.2  1587
 0800     45995    371292   7.0  13.3  1612
 0800     45995    371292   8.0  13.3  1633
 0800     45995    371292   9.0  13.2  1776
 0800     45995    371292  10.0  13.2  1928
 0800     45995    371292  11.0  13.2  2579
 0800     45995    371292  12.0  13.0  3283
 0800     45995    371292  13.0  12.6  3724
 0800     45995    371292  14.0  12.3  4732
 0800     45995    371292  15.0  12.1  5838
 0800     45995    371292  16.0  11.7  7131
 0800     45995    371292  16.8  11.4  7770
-0820     46360    370363    .0  13.2  1401
 0820     46360    370363   1.0  13.4  1393
 0820     46360    370363   2.0  13.4  1377
 0820     46360    370363   3.0  13.4  1393
 0820     46360    370363   4.0  13.4  1434
 0820     46360    370363   5.0  13.4  1467
 0820     46360    370363   6.0  13.4  1558
 0820     46360    370363   7.0  13.4  1725
 0820     46360    370363   8.0  13.2  1814
 0820     46360    370363   9.0  13.2  1961
 0820     46360    370363  10.0  13.2  2131
 0820     46360    370363  11.0  13.1  2747
 0820     46360    370363  12.0  12.8  3210
 0820     46360    370363  13.0  12.8  4105
 0820     46360    370363  14.0  12.3  5184
 0820     46360    370363  14.8  12.1  5394
-0830     46570    369385    .0  13.0  1288
 0830     46570    369385   1.0  13.2  1297
 0830     46570    369385   2.0  13.5  1316
 0830     46570    369385   3.0  13.5  1307
 0830     46570    369385   4.0  13.5  1369
 0830     46570    369385   5.0  13.5  1406
 0830     46570    369385   6.0  13.5  1414
 0830     46570    369385   7.0  13.5  1496
 0830     46570    369385   8.0  13.4  1708
 0830     46570    369385   9.0  13.2  1868
 0830     46570    369385  10.0  13.1  2086
 0830     46570    369385  11.0  13.0  2540
 0830     46570    369385  12.0  12.8  3332
 0830     46570    369385  13.0  12.5  4022
 0830     46570    369385  14.0  12.3  4350
 0830     46570    369385  14.4  12.2  4410
-0840     46955    367423    .0  13.0  1222
 0840     46955    367423   1.0  13.2  1211
 0840     46955    367423   2.0  13.2  1211
 0840     46955    367423   3.0  13.2  1215
 0840     46955    367423   4.0  13.2  1207
 0840     46955    367423   5.0  13.3  1224
 0840     46955    367423   6.0  13.3  1269
 0840     46955    367423   7.0  13.3  1372
 0840     46955    367423   8.0  13.2  1483
 0840     46955    367423   9.0  13.4  1583
 0840     46955    367423  10.0  13.3  1729
 0840     46955    367423  11.0  13.3  1838
 0840     46955    367423  12.0  13.1  2395
 0840     46955    367423  13.0  12.9  2846
 0840     46955    367423  14.0  12.5  3300
 0840     46955    367423  14.7  11.4  3474
-0850     46902    365454    .0  12.6   999
 0850     46902    365454   1.0  12.6   999
 0850     46902    365454   2.0  12.6   999
 0850     46902    365454   3.0  12.6  1003
 0850     46902    365454   4.0  12.6  1003
 0850     46902    365454   5.0  12.6  1003
 0850     46902    365454   6.0  12.6  1040
 0850     46902    365454   7.0  12.6  1144
 0850     46902    365454   8.0  12.8  1237
 0850     46902    365454   9.0  12.8  1525
 0850     46902    365454  10.0  12.8  1752
 0850     46902    365454  11.0  12.8  2051
 0850     46902    365454  12.0  12.8  2392
 0850     46902    365454  13.0  12.7  2464
 0850     46902    365454  14.0  12.6  2846
-0905     44866    362024    .0  12.9   844
 0905     44866    362024   1.0  12.8   847
 0905     44866    362024   2.0  12.8   847
 0905     44866    362024   3.0  12.8   842
 0905     44866    362024   4.0  12.8   851
 0905     44866    362024   5.0  12.8   855
 0905     44866    362024   6.0  12.9   852
 0905     44866    362024   7.0  12.9   881
 0905     44866    362024   8.0  12.8   936
 0905     44866    362024   9.0  12.9  1052
 0905     44866    362024  10.0  12.8  1449
 0905     44866    362024  11.0  12.7  1676
 0905     44866    362024  12.0  12.6  1967
 0905     44866    362024  13.0  12.5  2403
 0905     44866    362024  14.0  12.4  2418
 0905     44866    362024  14.8  12.4  2422
-0920     44261    359086    .0  12.8   757
 0920     44261    359086   1.0  12.9   755
 0920     44261    359086   2.0  12.9   755
 0920     44261    359086   3.0  12.9   755
 0920     44261    359086   4.0  13.0   757
 0920     44261    359086   5.0  13.0   745
 0920     44261    359086   6.0  13.0   749
 0920     44261    359086   7.0  13.0   777
 0920     44261    359086   8.0  13.0   842
 0920     44261    359086   9.0  13.0   858
 0920     44261    359086  10.0  12.8  1204
 0920     44261    359086  11.0  12.7  1244
 0920     44261    359086  12.0  12.5  1848
 0920     44261    359086  13.0  12.4  1922
 0920     44261    359086  14.0  12.4  1926
 0920     44261    359086  14.2  12.4  1926
-0950     42775    352485    .0  13.3   488
 0950     42775    352485   1.0  13.2   492
 0950     42775    352485   2.0  13.2   489
 0950     42775    352485   3.0  13.2   489
 0950     42775    352485   4.0  13.2   489
 0950     42775    352485   5.0  13.2   508
 0950     42775    352485   6.0  13.0   539
 0950     42775    352485   7.0  13.0   546
 0950     42775    352485   8.0  12.8   553
 0950     42775    352485   9.0  12.7   556
 0950     42775    352485  10.0  12.6   558
 0950     42775    352485  11.0  12.7   557
 0950     42775    352485  12.0  12.7   561
 0950     42775    352485  13.0  12.7   697
 0950     42775    352485  14.0  12.5   833
 0950     42775    352485  14.6  12.5   837
-1010     40710    349000    .0  12.2   297
 1010     40710    349000   1.0  12.1   296
 1010     40710    349000   2.0  12.0   297
 1010     40710    349000   3.0  12.0   298
 1010     40710    349000   4.0  11.9   305
 1010     40710    349000   5.0  11.9   307
 1010     40710    349000   6.0  11.8   308
 1010     40710    349000   7.0  11.8   308
 1010     40710    349000   8.0  11.8   309
 1010     40710    349000   9.0  11.8   309
 1010     40710    349000  10.0  11.8   310
 1010     40710    349000  11.0  11.8   318
 1010     40710    349000  12.0  11.8   327
 1010     40710    349000  13.0  11.8   333
 1010     40710    349000  14.0  11.8   365
 1010     40710    349000  14.3  11.8   367
-1030     39130    346450    .0  13.2   230
 1030     39130    346450   1.0  13.0   233
 1030     39130    346450   2.0  12.9   233
 1030     39130    346450   3.0  12.3   236
 1030     39130    346450   4.0  12.2   237
 1030     39130    346450   5.0  12.5   236
 1030     39130    346450   6.0  12.5   234
 1030     39130    346450   7.0  12.5   233
 1030     39130    346450   8.0  11.9   239
 1030     39130    346450   9.0  11.8   242
 1030     39130    346450  10.0  12.3   237
 1030     39130    346450  11.0  12.3   240
 1030     39130    346450  12.0  12.1   241
 1030     39130    346450  13.0  11.7   273
 1030     39130    346450  14.0  11.4   382
