#METING KANAAL VAN GENT NAAR TERNEUZEN
# Waarnemer:        A.J. Klerks 
* 20031212
$ 9999 [000220]
> TIJD
> X-COORD
> Y-COORD
>SENSHTE   Diepte set        m
>Temp      Temperatuur       oC             :8.0   0.125   25   0.5
>CL-       Chloride          mg/l
-0825     45654    372016    .0   9.6  4174
 0825     45654    372016   1.0   9.6  4174
 0825     45654    372016   2.0   9.7  4162
 0825     45654    372016   3.0   9.7  4162
 0825     45654    372016   4.0   9.7  4162
 0825     45654    372016   5.0   9.6  4184
 0825     45654    372016   6.0   9.6  4194
 0825     45654    372016   7.0   9.7  4258
 0825     45654    372016   8.0   9.7  4288
 0825     45654    372016   9.0   9.7  4318
 0825     45654    372016  10.0   9.7  4536
 0825     45654    372016  11.0   9.6  4932
 0825     45654    372016  12.0   9.5  5328
 0825     45654    372016  13.0   9.3  5704
 0825     45654    372016  14.0   9.0  6927
 0825     45654    372016  15.0   8.7  8555
 0825     45654    372016  16.0   8.6  9121
 0825     45654    372016  17.0   8.6  9371
 0825     45654    372016  18.0   8.3  9851
 0825     45654    372016  19.0   8.3 10151
 0825     45654    372016  19.4   8.3 10151
-0830     45995    371292    .0   9.7  4132
 0830     45995    371292   1.0   9.6  4144
 0830     45995    371292   2.0   9.7  4132
 0830     45995    371292   3.0   9.7  4142
 0830     45995    371292   4.0   9.7  4147
 0830     45995    371292   5.0   9.7  4162
 0830     45995    371292   6.0   9.8  4196
 0830     45995    371292   7.0   9.8  4271
 0830     45995    371292   8.0   9.8  4306
 0830     45995    371292   9.0   9.8  4346
 0830     45995    371292  10.0   9.6  4579
 0830     45995    371292  11.0   9.6  5033
 0830     45995    371292  12.0   9.3  5927
 0830     45995    371292  13.0   9.2  6630
 0830     45995    371292  14.0   9.1  7210
 0830     45995    371292  15.0   8.9  7866
 0830     45995    371292  16.0   8.7  9299
 0830     45995    371292  16.1   8.7  9272
-0850     46360    370363    .0   9.7  4002
 0850     46360    370363   1.0   9.7  4002
 0850     46360    370363   2.0   9.8  4016
 0850     46360    370363   3.0   9.8  4111
 0850     46360    370363   4.0   9.8  4156
 0850     46360    370363   5.0   9.8  4176
 0850     46360    370363   6.0   9.8  4276
 0850     46360    370363   7.0   9.8  4437
 0850     46360    370363   8.0   9.8  4543
 0850     46360    370363   9.0   9.6  4658
 0850     46360    370363  10.0   9.5  5047
 0850     46360    370363  11.0   9.4  5487
 0850     46360    370363  12.0   9.2  6514
 0850     46360    370363  13.0   9.1  7478
 0850     46360    370363  14.0   8.9  8093
 0850     46360    370363  14.3   8.9  8120
-0900     46570    369385    .0   9.6  3959
 0900     46570    369385   1.0   9.8  3996
 0900     46570    369385   2.0   9.8  3991
 0900     46570    369385   3.0   9.8  4016
 0900     46570    369385   4.0   9.8  4051
 0900     46570    369385   5.0   9.9  4114
 0900     46570    369385   6.0   9.9  4219
 0900     46570    369385   7.0   9.9  4289
 0900     46570    369385   8.0   9.8  4427
 0900     46570    369385   9.0   9.8  4688
 0900     46570    369385  10.0   9.6  5130
 0900     46570    369385  11.0   9.6  5431
 0900     46570    369385  12.0   9.3  6271
 0900     46570    369385  13.0   9.3  7001
 0900     46570    369385  14.0   9.2  7473
 0900     46570    369385  15.0   9.1  7548
 0900     46570    369385  15.2   9.1  7559
-0910     46955    367423    .0   9.2  3682
 0910     46955    367423   1.0   9.3  3672
 0910     46955    367423   2.0   9.4  3672
 0910     46955    367423   3.0   9.4  3672
 0910     46955    367423   4.0   9.3  3682
 0910     46955    367423   5.0   9.4  3681
 0910     46955    367423   6.0   9.4  3701
 0910     46955    367423   7.0   9.4  3891
 0910     46955    367423   8.0   9.6  4024
 0910     46955    367423   9.0   9.6  4280
 0910     46955    367423  10.0   9.8  4457
 0910     46955    367423  11.0   9.8  4753
 0910     46955    367423  12.0   9.6  5049
 0910     46955    367423  13.0   9.6  5426
 0910     46955    367423  14.0   9.6  5569
 0910     46955    367423  14.5   9.6  5667
-0925     46902    365454    .0   9.0  3438
 0925     46902    365454   1.0   9.0  3438
 0925     46902    365454   2.0   9.0  3438
 0925     46902    365454   3.0   9.0  3438
 0925     46902    365454   4.0   9.0  3448
 0925     46902    365454   5.0   9.1  3478
 0925     46902    365454   6.0   9.1  3573
 0925     46902    365454   7.0   9.2  3677
 0925     46902    365454   8.0   9.4  3831
 0925     46902    365454   9.0   9.5  4045
 0925     46902    365454  10.0   9.6  4325
 0925     46902    365454  11.0   9.6  4896
 0925     46902    365454  12.0   9.6  5324
 0925     46902    365454  13.0   9.6  5539
 0925     46902    365454  14.0   9.6  5651
 0925     46902    365454  14.5   9.6  5672
-0945     44866    362024    .0   9.0  3290
 0945     44866    362024   1.0   9.1  3280
 0945     44866    362024   2.0   9.1  3305
 0945     44866    362024   3.0   9.2  3306
 0945     44866    362024   4.0   9.2  3365
 0945     44866    362024   5.0   9.2  3404
 0945     44866    362024   6.0   9.2  3424
 0945     44866    362024   7.0   9.4  3657
 0945     44866    362024   8.0   9.4  3796
 0945     44866    362024   9.0   9.4  4036
 0945     44866    362024  10.0   9.6  4300
 0945     44866    362024  11.0   9.6  4584
 0945     44866    362024  12.0   9.6  4830
 0945     44866    362024  13.0   9.8  5091
 0945     44866    362024  14.0   9.8  5142
-1000     44261    359086    .0   9.3  3081
 1000     44261    359086   1.0   9.3  3081
 1000     44261    359086   2.0   9.3  3081
 1000     44261    359086   3.0   9.4  3126
 1000     44261    359086   4.0   9.3  3218
 1000     44261    359086   5.0   9.4  3267
 1000     44261    359086   6.0   9.5  3395
 1000     44261    359086   7.0   9.5  3567
 1000     44261    359086   8.0   9.5  3721
 1000     44261    359086   9.0   9.6  4049
 1000     44261    359086  10.0   9.6  4204
 1000     44261    359086  11.0   9.6  4432
 1000     44261    359086  12.0   9.8  4559
 1000     44261    359086  13.0   9.8  4620
 1000     44261    359086  14.0   9.8  4635
 1000     44261    359086  14.5   9.8  4663
-1035     42775    352485    .0   9.5  2371
 1035     42775    352485   1.0   9.5  2371
 1035     42775    352485   2.0   9.4  2378
 1035     42775    352485   3.0   9.5  2409
 1035     42775    352485   4.0   9.5  2494
 1035     42775    352485   5.0   9.6  2530
 1035     42775    352485   6.0   9.6  2511
 1035     42775    352485   7.0   9.6  2530
 1035     42775    352485   8.0   9.6  2624
 1035     42775    352485   9.0   9.6  2624
 1035     42775    352485  10.0   9.8  2947
 1035     42775    352485  11.0   9.9  3073
 1035     42775    352485  12.0   9.9  3353
 1035     42775    352485  13.0   9.9  3367
 1035     42775    352485  14.0   9.9  3377
 1035     42775    352485  15.0   9.9  3386
-1055     40710    349000    .0   8.4  1994
 1055     40710    349000   1.0   8.4  1960
 1055     40710    349000   2.0   8.4  1994
 1055     40710    349000   3.0   8.5  1993
 1055     40710    349000   4.0   8.6  2063
 1055     40710    349000   5.0   8.8  2113
 1055     40710    349000   6.0   8.9  2183
 1055     40710    349000   7.0   9.1  2341
 1055     40710    349000   8.0   9.3  2513
 1055     40710    349000   9.0   9.5  2718
 1055     40710    349000  10.0   9.6  2820
 1055     40710    349000  11.0   9.8  3077
 1055     40710    349000  12.0   9.9  3097
 1055     40710    349000  13.0  10.0  3098
 1055     40710    349000  13.5  10.0  3098
-1115     39130    346450    .0   8.1  1629
 1115     39130    346450   1.0   8.1  1634
 1115     39130    346450   2.0   8.2  1676
 1115     39130    346450   3.0   8.2  1653
 1115     39130    346450   4.0   8.3  1995
 1115     39130    346450   5.0   8.5  2012
 1115     39130    346450   6.0   9.6  2355
 1115     39130    346450   7.0   9.9  2480
 1115     39130    346450   8.0   9.8  2563
 1115     39130    346450   9.0   9.8  2676
 1115     39130    346450  10.0   9.9  2811
 1115     39130    346450  11.0  10.0  2888
 1115     39130    346450  12.0  10.1  2928
 1115     39130    346450  13.0  10.1  2975
 1115     39130    346450  14.0  10.1  2999
 1115     39130    346450  14.5  10.1  3004
