# MEETVAARTUIG : M.C.ECOS2 YSI
# MEETDATUM    : 21-11-2018 08:27:45
# MEETGEBIED   : KANAAL GENT-TERNEUZE
# STARTPUNT    : Terneuzen
# EINDPUNT     : Gent
# PROJECTCODE  : E7801X
# OPDRACHTGEVER: ZHXXREG_KWALTMNT
# BEHEERDER    : ZLXXAXBMDBG
# BEMONST. INST:
# WAARNEMER(S) : K. de Vlaam
#
* 20181121
$ 9999 [000000000000000]
>TIJD      uumm                    
>X         coordinaat              
>Y         coordinaat              
>SENSHTE   Diepte set        m     
>Echms     Echoset           mtrs  
>Temp      Temperatuur       oC    : 7  0.5   11  0.5
>pH        Zuurgraad         dimsls
>O2        Zuurstof          mg/l  
>%O2       Zuurstof%         %     
>GELBH     Geleidendheid     mS/cm 
>GEL20     Gel20             ???   
>SALNTT    Saliniteit        dimsl 
>CL-       Chloride          mg/l  : 250  250  15  250
>CHFLYSI   Chlorofyl         ugr/l 
>TURBID    Troebelheid       NTU   
 -0827  45705 371909   1.05  17.45  10.60   8.07   9.38    91  14.60  1810  12.03   6719   1.30   1.20
  0828  45699 371919   2.06  16.09  10.59   8.07   9.37    91  14.59  1809  12.02   6715   0.90   1.20
  0828  45697 371920   3.08  15.01  10.58   8.07   9.36    91  14.59  1809  12.03   6717   1.20   1.10
  0828  45698 371917   4.09  13.99  10.61   8.06   9.35    91  14.62  1812  12.04   6727   1.00   1.20
  0829  45702 371915   5.13  13.41  10.63   8.06   9.35    91  14.65  1814  12.06   6738   1.10   1.20
  0829  45704 371918   6.14  12.54  10.66   8.05   9.34    91  14.70  1819  12.10   6758   1.00   1.30
  0830  45702 371922   6.95  11.54  10.65   8.05   9.32    90  14.83  1836  12.22   6825   0.90   1.20
  0830  45700 371927   7.96  10.41  10.66   8.04   9.30    90  15.08  1866  12.44   6949   0.80   1.40
  0830  45698 371930   8.97   9.38  10.64   8.03   9.31    90  15.23  1886  12.58   7029   0.70   1.40
  0831  45695 371932   9.99   8.30  10.64   8.03   9.29    90  15.25  1888  12.60   7039   0.90   1.40
  0831  45691 371932  10.97   7.35  10.56   8.01   9.24    90  15.98  1983  13.28   7426   0.90   1.70
  0832  45689 371932  12.00   5.88  10.55   8.01   9.20    90  16.60  2060  13.85   7745   0.80   1.90
  0832  45689 371930  13.01   5.10  10.46   8.00   9.20    90  17.31  2153  14.53   8130   0.70   2.10
  0832  45690 371926  13.97   4.13  10.25   7.96   9.07    90  19.95  2494  17.05   9563   0.70   3.50
  0833  45691 371922  14.93   3.00  10.05   7.94   9.02    90  22.27  2798  19.34  10862   1.00   5.40
  0833  45696 371920  15.89   2.44   9.85   7.94   8.97    91  24.31  3070  21.40  12042   1.00   6.90
  0834  45700 371922  16.95   1.38   9.75   7.96   9.04    92  25.25  3196  22.37  12598   0.70   8.70
  0835  45701 371923  17.94   0.75   9.72   7.96   9.01    92  25.62  3245  22.75  12815   1.00   9.50
 -0842  46156 370932   1.11   0.75  10.79   8.04   9.36    91  14.51  1790  11.89   6638   1.00   1.40
  0842  46158 370930   2.14  12.74  10.80   8.04   9.35    91  14.56  1796  11.93   6662   1.10   1.50
  0842  46159 370929   3.05  11.81  10.80   8.04   9.36    91  14.60  1801  11.96   6682   1.10   1.40
  0843  46159 370928   4.05  10.76  10.81   8.04   9.33    91  14.72  1815  12.07   6740   1.10   1.40
  0843  46158 370929   5.07   9.76  10.81   8.04   9.33    91  14.77  1821  12.11   6765   1.10   1.50
  0844  46158 370928   6.09   8.65  10.79   8.04   9.31    91  14.89  1837  12.22   6829   1.30   1.50
  0844  46157 370927   7.10   7.53  10.78   8.04   9.28    90  14.97  1847  12.30   6871   1.00   1.60
  0845  46157 370926   8.10   6.50  10.75   8.03   9.27    90  15.17  1873  12.49   6977   1.10   1.60
  0845  46156 370925   9.10   5.44  10.72   8.04   9.26    90  15.21  1880  12.53   7003   1.40   1.60
  0845  46155 370925  10.10   4.40  10.72   8.04   9.26    90  15.24  1883  12.56   7018   1.40   1.60
  0846  46153 370927  11.07   3.44  10.43   8.02   9.21    90  16.36  2036  13.67   7647   1.00   3.30
  0846  46155 370927  12.06   2.51  10.38   8.00   9.18    90  17.36  2163  14.60   8174   0.80   4.00
  0847  46156 370927  13.07   1.53  10.27   7.98   9.11    90  19.32  2414  16.46   9225   0.80   5.20
  0847  46156 370925  14.02   0.00  10.22   7.97   9.03    90  21.33  2669  18.36  10306   0.90   6.30
 -0856  46349 370380   1.01  12.84  10.85   8.05   9.33    91  14.86  1831  12.18   6803   1.20   1.50
  0856  46357 370372   2.01   1.46  10.83   8.05   9.31    91  14.94  1841  12.26   6846   1.30   1.70
  0857  46361 370371   3.05   0.88  10.80   8.05   9.30    91  15.19  1873  12.49   6978   1.20   1.90
  0857  46365 370368   4.07   0.00  10.83   8.05   9.30    91  14.95  1843  12.26   6851   1.00   1.80
  0857  46369 370367   5.06   1.26  10.85   8.05   9.29    90  14.86  1831  12.18   6803   0.90   1.60
  0858  46371 370368   6.08   9.25  10.86   8.06   9.29    90  14.80  1823  12.12   6771   1.30   1.70
  0858  46370 370369   7.07   0.75  10.85   8.06   9.30    91  14.81  1824  12.13   6777   0.90   1.60
  0859  46366 370370   7.06   7.26  10.82   8.06   9.28    90  14.95  1843  12.27   6853   1.00   2.10
  0859  46357 370368   8.07   5.86  10.78   8.05   9.24    90  15.33  1892  12.62   7052   1.30   2.10
  0900  46355 370367   9.09   4.73  10.75   8.05   9.23    90  15.49  1913  12.77   7139   1.30   2.50
  0900  46354 370365  10.10   3.61  10.68   8.04   9.22    90  15.91  1968  13.17   7365   1.20   3.40
  0900  46353 370363  11.09   2.63  10.65   8.04   9.21    90  16.17  2002  13.42   7504   1.10   3.50
  0901  46352 370361  12.07   1.49  10.55   8.02   9.17    90  17.22  2137  14.41   8063   1.50  13.70
  0901  46354 370359  13.01   0.95  10.31   7.98   9.01    90  20.49  2558  17.53   9833   1.90  49.80
 -0907  46566 369380   1.06  13.48  10.78   8.08   9.42    91  13.91  1716  11.36   6341   1.50   1.50
  0907  46568 369374   2.07  12.54  10.76   8.07   9.41    91  13.92  1719  11.37   6349   1.00   1.50
  0908  46569 369373   3.10  11.61  10.83   8.07   9.38    91  14.06  1733  11.47   6406   1.20   1.50
  0908  46570 369370   4.09  10.63  10.89   8.07   9.37    91  14.33  1764  11.69   6530   1.10   1.70
  0909  46569 369372   5.09   9.54  10.90   8.06   9.35    91  14.42  1774  11.77   6573   1.30   1.60
  0909  46568 369376   6.10   8.46  10.88   8.06   9.32    91  14.78  1819  12.10   6757   1.30   1.80
  0910  46565 369385   7.12   7.29  10.86   8.06   9.27    90  15.01  1849  12.31   6876   1.10   2.20
  0910  46563 369386   8.12   6.21  10.84   8.05   9.24    90  15.16  1868  12.45   6955   1.10   2.20
  0910  46563 369386   9.13   5.19  10.78   8.05   9.23    90  15.40  1900  12.68   7087   1.00   2.60
  0911  46562 369385  10.12   4.09  10.74   8.04   9.19    90  16.14  1994  13.36   7470   1.30   3.30
  0911  46561 369384  11.13   2.89  10.66   8.03   9.14    90  16.92  2094  14.09   7885   1.00   6.70
  0912  46561 369378  12.15   1.83  10.68   8.03   9.12    90  17.31  2141  14.44   8080   1.00   9.50
  0912  46567 369370  13.13   1.35  10.56   8.02   9.02    89  18.53  2299  15.60   8739   1.40  17.40
  0913  46570 369367  14.03   0.75  10.55   8.02   9.01    89  18.81  2334  15.86   8887   1.50  19.30
 -0929  46945 367433   0.93   0.75  10.43   8.08   9.34    89  13.46  1675  11.07   6176   1.20   1.60
  0930  46949 367426   1.94  11.86  10.44   8.07   9.33    89  13.51  1681  11.11   6200   1.40   1.70
  0930  46958 367426   2.97  11.23  10.46   8.07   9.29    89  13.64  1696  11.22   6261   1.40   1.70
  0931  46962 367426   3.98   5.65  10.48   8.07   9.27    89  13.71  1704  11.27   6293   1.10   1.70
  0931  46964 367425   4.99   9.09  10.48   8.07   9.28    89  13.73  1707  11.29   6303   1.20   1.80
  0931  46965 367426   6.00   8.01  10.49   8.07   9.26    89  13.77  1711  11.32   6321   1.10   2.00
  0932  46966 367426   7.01   6.98  10.50   8.07   9.24    89  13.83  1718  11.37   6350   1.20   2.10
  0932  46966 367427   8.00   6.03  10.53   8.07   9.24    89  13.93  1730  11.45   6395   1.30   2.10
  0932  46965 367428   9.01   5.03  10.62   8.07   9.20    89  14.10  1747  11.58   6464   1.10   2.30
  0933  46963 367430  10.00   4.04  10.82   8.05   9.18    89  14.86  1832  12.19   6808   1.20   2.60
  0933  46962 367430  11.02   3.08  10.80   8.04   9.15    90  15.81  1950  13.04   7290   1.10   5.60
  0934  46960 367429  12.03   2.04  10.78   8.04   9.14    90  16.32  2014  13.51   7553   1.00   7.40
  0934  46958 367428  12.99   1.09  10.70   8.02   9.06    89  17.81  2202  14.89   8333   1.00  12.10
 -0945  46900 365471   1.04  12.89  10.21   8.07   9.19    87  12.99  1626  10.71   5978   1.40   1.50
  0945  46896 365457   2.03  11.95  10.22   8.07   9.20    88  13.00  1626  10.72   5981   1.20   1.60
  0946  46896 365456   3.06  11.03  10.22   8.07   9.20    88  13.00  1626  10.72   5981   1.50   1.60
  0946  46898 365456   4.03  10.30  10.25   8.07   9.17    87  13.07  1634  10.77   6011   1.40   1.70
  0946  46900 365454   5.04   9.41  10.27   8.07   9.17    87  13.16  1644  10.85   6053   1.30   1.70
  0947  46901 365454   6.03   8.53  10.32   8.07   9.15    87  13.30  1660  10.96   6115   1.30   1.80
  0947  46901 365455   6.99   7.59  10.36   8.06   9.13    87  13.48  1681  11.10   6198   1.20   2.10
  0947  46902 365454   7.96   6.64  10.49   8.06   9.11    88  13.93  1731  11.47   6402   1.30   2.50
  0948  46902 365454   8.90   5.74  10.69   8.05   9.09    88  14.47  1790  11.88   6637   1.10   3.00
  0948  46901 365454  10.12   4.40  10.82   8.04   9.02    88  15.48  1908  12.74   7120   1.00   4.20
  0949  46898 365455  11.12   3.19  10.87   8.04   9.02    88  16.06  1977  13.24   7403   1.30   6.80
  0949  46892 365458  12.05   1.46  10.84   8.04   9.03    89  16.42  2023  13.57   7591   1.10   9.20
  0950  46886 365462  13.06   0.00  10.86   8.03   9.01    89  16.96  2089  14.05   7862   1.30  13.60
 -1012  44890 362050   1.04   0.85  10.51   8.05   8.79    84  12.71  1579  10.38   5789   1.10   2.60
  1012  44886 362034   2.08  11.60  10.51   8.05   8.82    84  12.70  1578  10.37   5784   1.10   2.90
  1013  44886 362033   3.07   0.75  10.51   8.05   8.80    84  12.71  1579  10.38   5789   1.10   2.70
  1013  44887 362034   4.07   9.53  10.52   8.05   8.80    84  12.74  1582  10.40   5802   1.00   2.70
  1013  44889 362036   5.05   8.53  10.52   8.05   8.78    84  12.75  1583  10.41   5807   1.10   2.70
  1014  44889 362037   6.11   7.45  10.53   8.05   8.78    84  12.79  1588  10.44   5825   1.10   2.80
  1014  44889 362037   7.12   6.44  10.56   8.05   8.75    84  12.94  1605  10.57   5895   1.30   3.20
  1014  44889 362037   8.11   5.43  10.57   8.05   8.75    84  12.99  1611  10.61   5918   1.30   3.30
  1014  44888 362037   9.12   4.41  10.61   8.04   8.75    84  13.20  1636  10.78   6016   1.30   3.50
  1015  44886 362036  10.13   3.45  10.75   8.02   8.71    84  14.25  1760  11.67   6516   1.10   6.10
  1015  44884 362036  11.10   2.50  10.81   8.02   8.72    85  14.75  1819  12.09   6755   1.40   8.80
  1015  44883 362037  12.04   1.58  10.86   8.02   8.75    85  15.04  1852  12.33   6891   1.30  11.60
  1016  44882 362038  13.02   0.00  10.90   8.02   8.75    86  15.33  1886  12.58   7029   1.30  13.90
 -1035  44257 359086   0.91   1.53  10.67   8.03   8.57    82  12.43  1538  10.09   5625   1.20   2.60
  1036  44257 359072   1.86   0.75  10.67   8.03   8.58    82  12.42  1537  10.08   5620   1.00   2.80
  1036  44262 359076   2.91  11.66  10.67   8.03   8.57    82  12.41  1536  10.07   5615   1.40   2.70
  1037  44265 359082   3.92  10.56  10.68   8.03   8.56    82  12.44  1539  10.09   5628   1.30   2.90
  1037  44262 359085   4.93   9.64  10.68   8.03   8.55    82  12.46  1541  10.11   5638   1.20   2.90
  1037  44258 359085   5.93   8.33  10.71   8.03   8.52    82  12.57  1554  10.20   5688   1.30   3.20
  1037  44255 359084   6.90   7.30  10.74   8.02   8.52    82  12.75  1575  10.35   5772   1.20   3.40
  1038  44253 359083   7.97   6.16  10.77   8.02   8.53    82  12.86  1587  10.43   5821   1.10   3.70
  1038  44251 359083   8.98   5.01  10.80   8.02   8.51    82  13.05  1610  10.59   5910   1.30   4.20
  1038  44249 359084  10.01   3.83  10.81   8.02   8.51    82  13.10  1615  10.63   5934   1.10   5.00
  1038  44248 359084  10.98   2.81  10.84   8.02   8.51    82  13.23  1630  10.74   5993   0.90   5.60
  1039  44249 359085  11.98   1.84  10.86   8.01   8.50    82  13.37  1647  10.86   6059   1.10   5.90
  1039  44249 359085  13.02   0.80  10.87   8.01   8.51    82  13.56  1670  11.02   6151   1.40   6.90
 -1115  42625 352110   0.92  12.78  10.44   8.01   7.81    73   9.67  1203   7.74   4310   1.20   3.80
  1116  42621 352098   1.94   0.75  10.49   7.99   7.78    73   9.90  1231   7.93   4415   1.30   4.10
  1116  42619 352097   2.94   0.75  10.59   7.97   7.76    73  10.29  1276   8.24   4591   1.40   4.40
  1116  42618 352097   3.95   9.80  10.71   7.97   7.75    73  10.66  1318   8.53   4754   1.20   4.60
  1117  42619 352096   4.97   8.75  10.77   7.96   7.72    73  10.85  1339   8.68   4838   1.50   4.70
  1117  42620 352095   5.94   7.75  10.80   7.96   7.70    73  10.96  1352   8.77   4888   1.30   5.00
  1117  42621 352094   6.98   6.69  10.81   7.97   7.71    73  10.99  1355   8.80   4901   1.20   5.40
  1118  42621 352093   7.99   5.70  10.84   7.97   7.69    73  11.06  1363   8.85   4931   1.20   5.80
  1118  42622 352092   8.99   4.71  10.88   7.97   7.69    73  11.19  1377   8.95   4988   1.30   5.80
  1118  42621 352092  10.00   3.70  10.90   7.97   7.69    73  11.23  1382   8.98   5005   1.30   6.20
  1119  42620 352092  10.98   2.71  11.10   7.96   7.61    73  11.64  1425   9.29   5175   1.30   7.80
  1119  42619 352093  11.99   1.69  11.15   7.96   7.57    73  11.69  1430   9.32   5192   1.50   8.20
  1120  42618 352096  13.00   0.75  11.16   7.97   7.55    73  11.74  1435   9.36   5215   1.00   8.30
 -1138  40673 348853   0.89  13.20  10.32   7.93   7.44    69   8.84  1103   7.05   3921   1.40   5.90
  1138  40668 348844   1.93   0.75  10.35   7.93   7.41    69   8.92  1113   7.11   3959   1.50   5.80
  1139  40667 348845   2.95  10.91  10.42   7.91   7.36    69   9.13  1137   7.28   4052   1.40   5.70
  1140  40664 348845   3.94   0.94  10.46   7.92   7.33    69   9.31  1158   7.42   4132   1.30   4.70
  1140  40664 348847   4.96   8.91  10.55   7.91   7.32    69   9.63  1196   7.69   4279   1.30   4.80
  1141  40665 348850   5.96   7.79  10.79   7.90   7.29    69   9.97  1230   7.93   4414   1.50   4.50
  1141  40664 348850   6.98   6.75  10.93   7.90   7.24    69  10.35  1272   8.22   4577   1.30   4.10
  1141  40664 348849   7.98   5.75  11.04   7.90   7.20    69  10.65  1306   8.45   4707   1.50   4.10
  1142  40663 348847   8.98   4.74  11.19   7.90   7.14    68  10.88  1329   8.61   4797   1.20   4.20
  1142  40662 348845   9.98   3.80  11.12   7.90   7.15    68  10.90  1334   8.65   4816   1.40   4.00
  1143  40662 348845  10.99   2.79  11.04   7.90   7.21    69  11.12  1363   8.85   4933   0.90   3.50
  1143  40663 348845  11.98   1.86  11.13   7.90   7.29    70  11.47  1403   9.13   5089   1.20   3.20
  1144  40663 348845  12.99   0.90  11.18   7.91   7.36    71  11.60  1417   9.23   5145   1.10   4.10
 -1200  39084 346355   0.92  12.55   9.82   7.90   7.18    65   6.69   846   5.30   2946   1.10   3.40
  1200  39082 346345   1.86   0.75   9.91   7.89   7.15    65   6.97   878   5.52   3069   1.30   3.30
  1200  39078 346346   2.94  10.50  10.66   7.82   6.95    65   8.65  1071   6.82   3796   1.10   3.10
  1201  39073 346344   3.93   9.58  10.62   7.85   6.58    62   8.73  1081   6.89   3836   1.30   3.50
  1202  39070 346343   4.97   8.45  10.86   7.84   6.55    62   9.21  1135   7.26   4043   1.10   3.30
  1202  39075 346341   5.98   7.51  10.91   7.84   6.48    61   9.30  1144   7.33   4079   1.30   3.30
  1203  39088 346341   6.97   6.40  11.22   7.83   6.32    60  10.03  1224   7.88   4388   1.00   3.60
  1204  39095 346338   7.95   5.45  11.15   7.86   6.68    64  10.32  1262   8.14   4535   1.00   5.80
  1204  39093 346340   8.96   4.41  11.22   7.84   6.68    64  10.81  1320   8.54   4760   1.30   6.70
  1205  39091 346345   9.96   3.40  11.26   7.85   6.56    63  11.00  1342   8.70   4846   1.20   8.80
  1206  39087 346349  10.98   2.44  11.64   7.84   6.19    60  11.37  1374   8.92   4971   1.50   9.90
  1208  39085 346344  11.98   1.39  12.04   7.83   5.50    54  11.79  1411   9.18   5116   1.50   8.20
  1209  39082 346348  12.97   0.75  12.56   7.80   4.32    43  12.31  1455   9.49   5287   1.30   5.90
