#METING KANAAL VAN GENT NAAR TERNEUZEN
# Waarnemer:        A.J. Klerks 
* 20010606
$ 9999 [000220]
> TIJD
> X-COORD
> Y-COORD
>SENSHTE   Diepte set        m
>Temp      Temperatuur       oC             :17.   0.125   20   0.5
>CL-       Chloride          mg/l
-0815     45654    372016    .0  18.8  1071
 0815     45654    372016   1.0  18.8  1071
 0815     45654    372016   2.0  18.8  1079
 0815     45654    372016   3.0  18.8  1079
 0815     45654    372016   4.0  18.8  1079
 0815     45654    372016   5.0  18.8  1079
 0815     45654    372016   6.0  18.8  1082
 0815     45654    372016   7.0  18.8  1115
 0815     45654    372016   8.0  18.8  1140
 0815     45654    372016   9.0  18.8  1237
 0815     45654    372016  10.0  18.7  1477
 0815     45654    372016  11.0  18.6  1888
 0815     45654    372016  12.0  18.5  2354
 0815     45654    372016  13.0  18.3  2570
 0815     45654    372016  14.0  18.1  3412
 0815     45654    372016  15.0  17.9  4439
 0815     45654    372016  16.0  17.7  4811
 0815     45654    372016  17.0  17.7  5312
 0815     45654    372016  18.0  17.6  5766
 0815     45654    372016  19.0  17.4  6363
 0815     45654    372016  19.3  17.4  6862
-0825     45995    371292    .0  9999  1765
 0825     45995    371292   1.0  9999  1765
 0825     45995    371292   2.0  9999  1777
 0825     45995    371292   3.0  9999  1825
 0825     45995    371292   4.0  9999  1849
 0825     45995    371292   5.0  9999  1873
 0825     45995    371292   6.0  9999  1927
 0825     45995    371292   7.0  9999  1987
 0825     45995    371292   8.0  9999  2113
 0825     45995    371292   9.0  9999  2332
 0825     45995    371292  10.0  9999  2478
 0825     45995    371292  11.0  9999  3632
 0825     45995    371292  12.0  9999  3870
 0825     45995    371292  13.0  9999  5154
 0825     45995    371292  14.0  9999  6417
 0825     45995    371292  15.0  9999  7109
 0825     45995    371292  16.0  9999  9159
 0825     45995    371292  17.0  9999  9632
 0825     45995    371292  17.5  9999  9660
-0830     46360    370363    .0  18.8   982
 0830     46360    370363   1.0  18.8   982
 0830     46360    370363   2.0  18.9   979
 0830     46360    370363   3.0  18.9   983
 0830     46360    370363   4.0  19.0   977
 0830     46360    370363   5.0  19.0  1002
 0830     46360    370363   6.0  19.0  1034
 0830     46360    370363   7.0  18.8  1043
 0830     46360    370363   8.0  18.9  1187
 0830     46360    370363   9.0  18.7  1280
 0830     46360    370363  10.0  18.5  1488
 0830     46360    370363  11.0  18.3  1596
 0830     46360    370363  12.0  18.5  1968
 0830     46360    370363  13.0  18.3  2628
 0830     46360    370363  14.0  18.1  3240
 0830     46360    370363  14.3  18.0  3316
-0840     46570    369385    .0  19.0   906
 0840     46570    369385   1.0  19.0   916
 0840     46570    369385   2.0  19.1   907
 0840     46570    369385   3.0  19.1   907
 0840     46570    369385   4.0  19.0   934
 0840     46570    369385   5.0  19.0   948
 0840     46570    369385   6.0  19.0  1020
 0840     46570    369385   7.0  19.0  1113
 0840     46570    369385   8.0  18.9  1187
 0840     46570    369385   9.0  18.5  1338
 0840     46570    369385  10.0  18.5  1566
 0840     46570    369385  11.0  18.3  1838
 0840     46570    369385  12.0  18.3  2198
 0840     46570    369385  13.0  18.3  2683
 0840     46570    369385  14.0  18.1  2927
 0840     46570    369385  14.5  18.0  2962
-0850     46955    367423    .0  18.8   779
 0850     46955    367423   1.0  18.8   779
 0850     46955    367423   2.0  18.8   782
 0850     46955    367423   3.0  18.8   782
 0850     46955    367423   4.0  18.8   782
 0850     46955    367423   5.0  18.8   782
 0850     46955    367423   6.0  18.7   781
 0850     46955    367423   7.0  18.7   856
 0850     46955    367423   8.0  18.6   998
 0850     46955    367423   9.0  18.6  1156
 0850     46955    367423  10.0  18.6  1353
 0850     46955    367423  11.0  18.5  1514
 0850     46955    367423  12.0  18.4  1647
 0850     46955    367423  13.0  18.3  1827
 0850     46955    367423  14.0  18.3  1835
-0905     46902    365454    .0  18.0   636
 0905     46902    365454   1.0  18.0   636
 0905     46902    365454   2.0  18.0   636
 0905     46902    365454   3.0  18.0   636
 0905     46902    365454   4.0  18.0   643
 0905     46902    365454   5.0  18.0   658
 0905     46902    365454   6.0  18.0   658
 0905     46902    365454   7.0  18.0   665
 0905     46902    365454   8.0  18.0   741
 0905     46902    365454   9.0  18.0   741
 0905     46902    365454  10.0  18.1  1080
 0905     46902    365454  11.0  18.1  1182
 0905     46902    365454  12.0  18.1  1300
 0905     46902    365454  13.0  18.1  1451
 0905     46902    365454  14.0  18.1  1477
 0905     46902    365454  14.9  18.1  1507
-0930     44866    362024    .0  18.0   537
 0930     44866    362024   1.0  18.0   533
 0930     44866    362024   2.0  18.0   533
 0930     44866    362024   3.0  18.0   541
 0930     44866    362024   4.0  18.0   544
 0930     44866    362024   5.0  18.0   548
 0930     44866    362024   6.0  18.0   555
 0930     44866    362024   7.0  18.0   566
 0930     44866    362024   8.0  18.0   632
 0930     44866    362024   9.0  18.0   672
 0930     44866    362024  10.0  18.0   731
 0930     44866    362024  11.0  18.0   813
 0930     44866    362024  12.0  18.0  1024
 0930     44866    362024  13.0  18.0  1071
 0930     44866    362024  14.0  18.0  1112
 0930     44866    362024  15.0  18.0  1137
 0930     44866    362024  15.7  18.0  1141
-0945     44261    359086    .0  18.2   465
 0945     44261    359086   1.0  18.2   465
 0945     44261    359086   2.0  18.2   465
 0945     44261    359086   3.0  18.2   465
 0945     44261    359086   4.0  18.1   470
 0945     44261    359086   5.0  18.1   474
 0945     44261    359086   6.0  18.1   474
 0945     44261    359086   7.0  18.1   477
 0945     44261    359086   8.0  18.1   514
 0945     44261    359086   9.0  18.1   660
 0945     44261    359086  10.0  18.1   746
 0945     44261    359086  11.0  18.0   748
 0945     44261    359086  12.0  18.0   850
 0945     44261    359086  13.0  18.0   951
 0945     44261    359086  14.0  18.0   984
 0945     44261    359086  14.8  18.0   987
-1025     42775    352485    .0  18.5   287
 1025     42775    352485   1.0  18.5   287
 1025     42775    352485   2.0  18.5   287
 1025     42775    352485   3.0  18.4   291
 1025     42775    352485   4.0  18.3   296
 1025     42775    352485   5.0  18.3   296
 1025     42775    352485   6.0  18.3   296
 1025     42775    352485   7.0  18.3   296
 1025     42775    352485   8.0  18.2   300
 1025     42775    352485   9.0  18.1   305
 1025     42775    352485  10.0  18.1   308
 1025     42775    352485  11.0  18.1   308
 1025     42775    352485  12.0  18.0   320
 1025     42775    352485  13.0  18.0   324
 1025     42775    352485  14.0  18.0   324
 1025     42775    352485  15.0  17.9   346
 1025     42775    352485  15.8  17.9   346
-1045     40710    349000    .0  17.9   223
 1045     40710    349000   1.0  17.9   223
 1045     40710    349000   2.0  17.9   223
 1045     40710    349000   3.0  17.9   223
 1045     40710    349000   4.0  17.9   223
 1045     40710    349000   5.0  17.8   224
 1045     40710    349000   6.0  17.8   224
 1045     40710    349000   7.0  17.8   224
 1045     40710    349000   8.0  17.7   225
 1045     40710    349000   9.0  17.7   225
 1045     40710    349000  10.0  17.7   228
 1045     40710    349000  11.0  17.7   228
 1045     40710    349000  12.0  17.7   228
 1045     40710    349000  13.0  17.6   229
 1045     40710    349000  14.0  17.6   232
-1105     39130    346450    .0  18.3   220
 1105     39130    346450   1.0  18.3   220
 1105     39130    346450   2.0  18.3   220
 1105     39130    346450   3.0  18.3   220
 1105     39130    346450   4.0  18.3   220
 1105     39130    346450   5.0  18.2   221
 1105     39130    346450   6.0  18.0   219
 1105     39130    346450   7.0  18.0   219
 1105     39130    346450   8.0  18.0   219
 1105     39130    346450   9.0  18.0   219
 1105     39130    346450  10.0  17.9   217
 1105     39130    346450  11.0  17.8   227
 1105     39130    346450  12.0  17.8   245
 1105     39130    346450  13.0  17.8   234
 1105     39130    346450  13.7  17.7   483
