#METING KANAAL VAN GENT NAAR TERNEUZEN
# Waarnemer:        Marcel Puist
* 20040607
$ 9999 [000220]
> TIJD
> X-COORD
> Y-COORD
>SENSHTE   Diepte set        m
>Temp      Temperatuur       oC             :17.0   0.125   25   0.5
>CL-       Chloride          mg/l
-0845     45654    372016    .0  19.5  2788
 0845     45654    372016   1.0  19.5  2795
 0845     45654    372016   2.0  19.5  2811
 0845     45654    372016   3.0  19.4  2829
 0845     45654    372016   4.0  19.5  2849
 0845     45654    372016   5.0  19.4  2986
 0845     45654    372016   6.0  19.4  3024
 0845     45654    372016   7.0  19.3  3043
 0845     45654    372016   8.0  19.4  3055
 0845     45654    372016   9.0  19.3  3109
 0845     45654    372016  10.0  19.2  3342
 0845     45654    372016  11.0  19.1  3944
 0845     45654    372016  12.0  18.9  5016
 0845     45654    372016  13.0  18.5  6663
 0845     45654    372016  14.0  18.0  8511
 0845     45654    372016  15.0  17.9  9242
 0845     45654    372016  16.0  17.8  9714
 0845     45654    372016  17.0  17.4 11279
 0845     45654    372016  18.0  17.1 12305
 0845     45654    372016  19.0  17.0 12812
 0845     45654    372016  19.6  17.0 12764
-0853     45995    371292    .0  19.5  2742
 0853     45995    371292   1.0  19.6  2721
 0853     45995    371292   2.0  19.5  2754
 0853     45995    371292   3.0  19.5  2773
 0853     45995    371292   4.0  19.5  2795
 0853     45995    371292   5.0  19.5  2795
 0853     45995    371292   6.0  19.4  2825
 0853     45995    371292   7.0  19.4  2875
 0853     45995    371292   8.0  19.4  2905
 0853     45995    371292   9.0  19.4  2967
 0853     45995    371292  10.0  19.2  3346
 0853     45995    371292  11.0  18.8  4244
 0853     45995    371292  12.0  18.7  4867
 0853     45995    371292  13.0  18.4  6012
 0853     45995    371292  14.0  18.2  7101
 0853     45995    371292  15.0  17.8  8553
 0853     45995    371292  16.0  17.6  9716
 0853     45995    371292  16.9  17.4 11233
-0912     46360    370363    .0  19.5  2716
 0912     46360    370363   1.0  19.5  2719
 0912     46360    370363   2.0  19.5  2719
 0912     46360    370363   3.0  19.4  2963
 0912     46360    370363   4.0  19.4  2730
 0912     46360    370363   5.0  19.5  2761
 0912     46360    370363   6.0  19.4  2806
 0912     46360    370363   7.0  19.4  2928
 0912     46360    370363   8.0  19.4  2963
 0912     46360    370363   9.0  19.2  3194
 0912     46360    370363  10.0  19.2  3400
 0912     46360    370363  11.0  19.0  3961
 0912     46360    370363  12.0  18.9  4437
 0912     46360    370363  13.0  18.4  6100
 0912     46360    370363  14.0  17.9  7777
 0912     46360    370363  14.5  17.8  7936
-0920     46570    369385    .0  19.7  2601
 0920     46570    369385   1.0  19.7  2594
 0920     46570    369385   2.0  19.7  2612
 0920     46570    369385   3.0  19.6  2634
 0920     46570    369385   4.0  19.6  2622
 0920     46570    369385   5.0  19.6  2649
 0920     46570    369385   6.0  19.5  2682
 0920     46570    369385   7.0  19.4  2806
 0920     46570    369385   8.0  19.3  2993
 0920     46570    369385   9.0  19.1  3143
 0920     46570    369385  10.0  19.1  3373
 0920     46570    369385  11.0  19.0  4078
 0920     46570    369385  12.0  18.6  5139
 0920     46570    369385  13.0  18.1  6408
 0920     46570    369385  14.0  17.9  6688
 0920     46570    369385  14.6  17.8  6756
-0933     46955    367423    .0  20.0  2456
 0933     46955    367423   1.0  19.9  2451
 0933     46955    367423   2.0  19.7  2462
 0933     46955    367423   3.0  19.8  2460
 0933     46955    367423   4.0  19.7  2466
 0933     46955    367423   5.0  19.7  2455
 0933     46955    367423   6.0  19.2  2503
 0933     46955    367423   7.0  19.1  2696
 0933     46955    367423   8.0  19.1  2899
 0933     46955    367423   9.0  19.1  2980
 0933     46955    367423  10.0  19.0  3193
 0933     46955    367423  11.0  18.8  3644
 0933     46955    367423  12.0  18.6  4421
 0933     46955    367423  13.0  18.2  5758
 0933     46955    367423  13.3  18.0  5990
-0948     46902    365454    .0  18.9  2343
 0948     46902    365454   1.0  18.8  2353
 0948     46902    365454   2.0  18.8  2368
 0948     46902    365454   3.0  18.8  2368
 0948     46902    365454   4.0  18.8  2368
 0948     46902    365454   5.0  18.8  2394
 0948     46902    365454   6.0  18.7  2461
 0948     46902    365454   7.0  18.7  2522
 0948     46902    365454   8.0  18.7  2641
 0948     46902    365454   9.0  18.7  2761
 0948     46902    365454  10.0  18.8  3068
 0948     46902    365454  11.0  18.7  3825
 0948     46902    365454  12.0  18.4  4637
 0948     46902    365454  13.0  18.2  5193
 0948     46902    365454  14.0  18.1  5352
 0948     46902    365454  14.9  18.2  5377
-1005     44866    362024    .0  19.2  2154
 1005     44866    362024   1.0  18.9  2162
 1005     44866    362024   2.0  19.0  2150
 1005     44866    362024   3.0  18.9  2151
 1005     44866    362024   4.0  18.8  2171
 1005     44866    362024   5.0  18.8  2183
 1005     44866    362024   6.0  18.8  2201
 1005     44866    362024   7.0  18.7  2282
 1005     44866    362024   8.0  18.6  2521
 1005     44866    362024   9.0  18.6  2845
 1005     44866    362024  10.0  18.6  2927
 1005     44866    362024  11.0  18.5  3888
 1005     44866    362024  12.0  18.4  4327
 1005     44866    362024  13.0  18.3  4532
 1005     44866    362024  14.0  18.2  4703
 1005     44866    362024  14.3  18.2  4707
-1026     44261    359086    .0  19.0  1993
 1026     44261    359086   1.0  18.9  2001
 1026     44261    359086   2.0  18.9  2001
 1026     44261    359086   3.0  18.9  2001
 1026     44261    359086   4.0  18.8  2029
 1026     44261    359086   5.0  18.7  2060
 1026     44261    359086   6.0  18.7  2143
 1026     44261    359086   7.0  18.7  2195
 1026     44261    359086   8.0  18.6  2303
 1026     44261    359086   9.0  18.6  2729
 1026     44261    359086  10.0  18.4  3371
 1026     44261    359086  11.0  18.4  3740
 1026     44261    359086  12.0  18.3  3960
 1026     44261    359086  13.0  18.3  4111
 1026     44261    359086  13.2  18.2  6588
-1100     42775    352485    .0  19.3  1579
 1100     42775    352485   1.0  19.2  1597
 1100     42775    352485   2.0  19.3  1583
 1100     42775    352485   3.0  19.1  1605
 1100     42775    352485   4.0  19.0  1642
 1100     42775    352485   5.0  18.8  1746
 1100     42775    352485   6.0  18.7  1832
 1100     42775    352485   7.0  18.5  1904
 1100     42775    352485   8.0  18.4  2314
 1100     42775    352485   9.0  18.3  2205
 1100     42775    352485  10.0  18.3  2335
 1100     42775    352485  11.0  18.2  2787
 1100     42775    352485  12.0  18.0  2997
 1100     42775    352485  13.0  17.7  3020
 1100     42775    352485  14.0  17.4  3050
-1120     40710    349000    .0  18.9  1270
 1120     40710    349000   1.0  18.8  1284
 1120     40710    349000   2.0  18.6  1302
 1120     40710    349000   3.0  18.6  1371
 1120     40710    349000   4.0  18.3  1570
 1120     40710    349000   5.0  18.1  1667
 1120     40710    349000   6.0  18.1  1727
 1120     40710    349000   7.0  18.0  1765
 1120     40710    349000   8.0  18.0  1882
 1120     40710    349000   9.0  18.0  2053
 1120     40710    349000  10.0  18.0  2156
 1120     40710    349000  11.0  18.0  2329
 1120     40710    349000  12.0  18.0  2616
 1120     40710    349000  13.0  17.9  2681
 1120     40710    349000  13.4  17.8  2700
-1140     39130    346450    .0  20.2   906
 1140     39130    346450   1.0  19.6   955
 1140     39130    346450   2.0  18.4  1115
 1140     39130    346450   3.0  18.2  1164
 1140     39130    346450   4.0  18.2  1307
 1140     39130    346450   5.0  17.7  1601
 1140     39130    346450   6.0  17.4  1719
 1140     39130    346450   7.0  17.3  1857
 1140     39130    346450   8.0  17.3  1919
 1140     39130    346450   9.0  17.3  2097
 1140     39130    346450  10.0  17.6  2174
 1140     39130    346450  11.0  17.7  2347
 1140     39130    346450  12.0  17.7  2378
 1140     39130    346450  13.0  17.6  2419
 1140     39130    346450  13.7  17.3  2409
