#METING KANAAL VAN GENT NAAR TERNEUZEN
# Waarnemer:        A.J. Klerks 
* 20001207
$ 9999 [000220]
> TIJD
> X-COORD
> Y-COORD
>SENSHTE   Diepte set        m
>Temp      Temperatuur       oC             :8.   0.125   20   0.5
>CL-       Chloride          mg/l
-0800     45654    372016    .0  10.2   605
 0800     45654    372016   1.0  10.2   618
 0800     45654    372016   2.0  10.2   618
 0800     45654    372016   3.0  10.0   653
 0800     45654    372016   4.0  10.0   662
 0800     45654    372016   5.0  10.0   662
 0800     45654    372016   6.0  10.0   675
 0800     45654    372016   7.0  10.0   675
 0800     45654    372016   8.0  10.0   702
 0800     45654    372016   9.0  10.0   706
 0800     45654    372016  10.0  10.0   706
 0800     45654    372016  11.0  10.0   706
 0800     45654    372016  12.0  10.0   783
 0800     45654    372016  13.0  10.0   883
 0800     45654    372016  14.0  10.0  1507
 0800     45654    372016  15.0  10.0  2167
 0800     45654    372016  16.0  10.0  3088
 0800     45654    372016  17.0   9.9  3777
 0800     45654    372016  18.0   9.9  3950
 0800     45654    372016  19.0   9.8  4437
 0800     45654    372016  19.9   9.7  4602
-0815     45995    371292    .0  10.0   662
 0815     45995    371292   1.0  10.0   662
 0815     45995    371292   2.0  10.0   653
 0815     45995    371292   3.0  10.0   653
 0815     45995    371292   4.0  10.0   640
 0815     45995    371292   5.0  10.2   649
 0815     45995    371292   6.0  10.1   660
 0815     45995    371292   7.0  10.1   669
 0815     45995    371292   8.0  10.0   751
 0815     45995    371292   9.0  10.0   770
 0815     45995    371292  10.0  10.0   848
 0815     45995    371292  11.0   9.9   991
 0815     45995    371292  12.0   9.9  1516
 0815     45995    371292  13.0   9.9  1883
 0815     45995    371292  14.0   9.9  2298
 0815     45995    371292  15.0   9.9  2739
 0815     45995    371292  16.0   9.7  3967
 0815     45995    371292  17.0   9.7  4958
 0815     45995    371292  17.1   9.7  5309
-0830     46360    370363    .0  10.1   580
 0830     46360    370363   1.0  10.1   589
 0830     46360    370363   2.0  10.2   592
 0830     46360    370363   3.0  10.2   592
 0830     46360    370363   4.0  10.2   596
 0830     46360    370363   5.0  10.2   601
 0830     46360    370363   6.0  10.2   618
 0830     46360    370363   7.0  10.2   631
 0830     46360    370363   8.0  10.2   658
 0830     46360    370363   9.0  10.2   715
 0830     46360    370363  10.0  10.2   813
 0830     46360    370363  11.0  10.1   845
 0830     46360    370363  12.0  10.2  1000
 0830     46360    370363  13.0  10.2  1228
 0830     46360    370363  14.0  10.1  1696
 0830     46360    370363  15.0   9.9  2877
-0845     46570    369385    .0  10.2   504
 0845     46570    369385   1.0  10.2   504
 0845     46570    369385   2.0  10.2   504
 0845     46570    369385   3.0  10.2   504
 0845     46570    369385   4.0  10.2   504
 0845     46570    369385   5.0  10.2   509
 0845     46570    369385   6.0  10.2   539
 0845     46570    369385   7.0  10.2   561
 0845     46570    369385   8.0  10.2   596
 0845     46570    369385   9.0  10.2   667
 0845     46570    369385  10.0  10.2   761
 0845     46570    369385  11.0  10.2   860
 0845     46570    369385  12.0  10.1   871
 0845     46570    369385  13.0  10.1  1280
 0845     46570    369385  13.9  10.0  1368
-0855     46955    367423    .0   9.6   391
 0855     46955    367423   1.0   9.6   391
 0855     46955    367423   2.0   9.6   395
 0855     46955    367423   3.0   9.6   395
 0855     46955    367423   4.0   9.6   395
 0855     46955    367423   5.0   9.6   395
 0855     46955    367423   6.0   9.6   400
 0855     46955    367423   7.0   9.6   417
 0855     46955    367423   8.0   9.6   439
 0855     46955    367423   9.0   9.6   461
 0855     46955    367423  10.0   9.7   601
 0855     46955    367423  11.0   9.8   866
 0855     46955    367423  12.0   9.9  1692
 0855     46955    367423  13.0   9.9  1902
 0855     46955    367423  14.0   9.9  2099
 0855     46955    367423  14.9   9.9  2108
-0910     46902    365454    .0   9.5   200
 0910     46902    365454   1.0   9.5   200
 0910     46902    365454   2.0   9.5   200
 0910     46902    365454   3.0   9.5   200
 0910     46902    365454   4.0   9.5   200
 0910     46902    365454   5.0   9.5   200
 0910     46902    365454   6.0   9.5   204
 0910     46902    365454   7.0   9.5   204
 0910     46902    365454   8.0   9.5   204
 0910     46902    365454   9.0   9.5   208
 0910     46902    365454  10.0   9.5   212
 0910     46902    365454  11.0   9.6   286
 0910     46902    365454  12.0   9.7   355
 0910     46902    365454  13.0   9.8   551
 0910     46902    365454  13.8   9.9   735
-0930     44866    362024    .0   9.7   154
 0930     44866    362024   1.0   9.7   154
 0930     44866    362024   2.0   9.7   154
 0930     44866    362024   3.0   9.7   154
 0930     44866    362024   4.0   9.7   154
 0930     44866    362024   5.0   9.7   154
 0930     44866    362024   6.0   9.7   154
 0930     44866    362024   7.0   9.7   154
 0930     44866    362024   8.0   9.7   154
 0930     44866    362024   9.0   9.7   154
 0930     44866    362024  10.0   9.7   154
 0930     44866    362024  11.0   9.7   154
 0930     44866    362024  12.0   9.7   154
 0930     44866    362024  13.0   9.7   154
 0930     44866    362024  14.0   9.7   154
 0930     44866    362024  14.8   9.7   154
-0940     44261    359086    .0   9.9   156
 0940     44261    359086   1.0   9.9   156
 0940     44261    359086   2.0   9.9   156
 0940     44261    359086   3.0   9.9   156
 0940     44261    359086   4.0   9.9   156
 0940     44261    359086   5.0   9.9   156
 0940     44261    359086   6.0   9.9   156
 0940     44261    359086   7.0   9.9   156
 0940     44261    359086   8.0   9.9   156
 0940     44261    359086   9.0   9.9   156
 0940     44261    359086  10.0   9.9   156
 0940     44261    359086  11.0   9.9   156
 0940     44261    359086  12.0   9.9   156
 0940     44261    359086  13.0   9.9   156
 0940     44261    359086  14.0   9.9   156
 0940     44261    359086  14.2   9.9   146
-1020     42775    352485    .0   9.7   123
 1020     42775    352485   1.0   9.7   123
 1020     42775    352485   2.0   9.7   123
 1020     42775    352485   3.0   9.7   123
 1020     42775    352485   4.0   9.7   123
 1020     42775    352485   5.0   9.7   123
 1020     42775    352485   6.0   9.7   123
 1020     42775    352485   7.0   9.7   123
 1020     42775    352485   8.0   9.7   123
 1020     42775    352485   9.0   9.7   123
 1020     42775    352485  10.0   9.7   123
 1020     42775    352485  11.0   9.5   131
 1020     42775    352485  12.0   9.5   131
 1020     42775    352485  13.0   9.7   140
 1020     42775    352485  14.0   9.7   147
-1040     40710    349000    .0   8.7   118
 1040     40710    349000   1.0   8.7   118
 1040     40710    349000   2.0   8.7   118
 1040     40710    349000   3.0   8.7   118
 1040     40710    349000   4.0   8.7   121
 1040     40710    349000   5.0   8.7   121
 1040     40710    349000   6.0   8.7   121
 1040     40710    349000   7.0   8.7   121
 1040     40710    349000   8.0   8.7   121
 1040     40710    349000   9.0   8.7   121
 1040     40710    349000  10.0   8.7   121
 1040     40710    349000  11.0   8.7   121
 1040     40710    349000  12.0   8.7   121
 1040     40710    349000  13.0   8.7   121
 1040     40710    349000  14.0   8.7   121
 1040     40710    349000  14.3   8.7   121
-1100     39130    346450    .0   9.3   186
 1100     39130    346450   1.0   9.3   186
 1100     39130    346450   2.0   9.3   186
 1100     39130    346450   3.0   9.3   186
 1100     39130    346450   4.0   9.3   186
 1100     39130    346450   5.0   9.3   190
 1100     39130    346450   6.0   9.3   198
 1100     39130    346450   7.0   9.3   202
 1100     39130    346450   8.0   9.3   214
 1100     39130    346450   9.0   9.3   218
 1100     39130    346450  10.0   9.3   226
 1100     39130    346450  11.0   9.3   230
 1100     39130    346450  12.0   9.3   230
 1100     39130    346450  13.0   9.3   264
 1100     39130    346450  14.0   9.3   294
 1100     39130    346450  14.1   9.3   417
