#METING KANAAL VAN GENT NAAR TERNEUZEN
# Waarnemer:        A.J. Klerks 
* 20011213
$ 9999 [000220]
> TIJD
> X-COORD
> Y-COORD
>SENSHTE   Diepte set        m
>Temp      Temperatuur       oC             :8.   0.125   20   0.5
>CL-       Chloride          mg/l
-0810     45654    372016    .0  10.0  1089
 0810     45654    372016   1.0  10.0  1089
 0810     45654    372016   2.0  10.0  1089
 0810     45654    372016   3.0  10.0  1098
 0810     45654    372016   4.0  10.0  1111
 0810     45654    372016   5.0  10.0  1111
 0810     45654    372016   6.0  10.0  1146
 0810     45654    372016   7.0  10.2  1201
 0810     45654    372016   8.0  10.2  1285
 0810     45654    372016   9.0  10.1  1320
 0810     45654    372016  10.0  10.1  1436
 0810     45654    372016  11.0  10.1  1476
 0810     45654    372016  12.0  10.1  1655
 0810     45654    372016  13.0  10.1  1996
 0810     45654    372016  14.0  10.0  2718
 0810     45654    372016  15.0  10.0  3136
 0810     45654    372016  16.0   9.8  3270
 0810     45654    372016  17.0   9.7  4087
 0810     45654    372016  18.0   9.6  4310
 0810     45654    372016  18.5   9.6  4391
-0815     45995    371292    .0  10.0  1093
 0815     45995    371292   1.0  10.0  1093
 0815     45995    371292   2.0  10.0  1093
 0815     45995    371292   3.0  10.0  1093
 0815     45995    371292   4.0  10.1  1090
 0815     45995    371292   5.0  10.1  1090
 0815     45995    371292   6.0  10.2  1105
 0815     45995    371292   7.0  10.2  1122
 0815     45995    371292   8.0  10.2  1162
 0815     45995    371292   9.0  10.1  1227
 0815     45995    371292  10.0  10.1  1231
 0815     45995    371292  11.0  10.2  1534
 0815     45995    371292  12.0  10.0  1733
 0815     45995    371292  13.0  10.0  1864
 0815     45995    371292  14.0  10.0  2422
 0815     45995    371292  15.0   9.9  3333
 0815     45995    371292  16.0   9.8  3606
 0815     45995    371292  16.5   9.7  3843
-0830     46360    370363    .0  10.1  1016
 0830     46360    370363   1.0  10.2  1013
 0830     46360    370363   2.0  10.3  1014
 0830     46360    370363   3.0  10.4  1046
 0830     46360    370363   4.0  10.4  1063
 0830     46360    370363   5.0  10.4  1068
 0830     46360    370363   6.0  10.4  1090
 0830     46360    370363   7.0  10.4  1124
 0830     46360    370363   8.0  10.4  1155
 0830     46360    370363   9.0  10.3  1238
 0830     46360    370363  10.0  10.2  1330
 0830     46360    370363  11.0  10.2  1409
 0830     46360    370363  12.0  10.2  1584
 0830     46360    370363  13.0  10.2  1777
 0830     46360    370363  14.0  10.0  2186
 0830     46360    370363  14.6   9.9  2801
-0840     46570    369385    .0  10.1   972
 0840     46570    369385   1.0  10.4   963
 0840     46570    369385   2.0  10.5   965
 0840     46570    369385   3.0  10.5   974
 0840     46570    369385   4.0  10.5   978
 0840     46570    369385   5.0  10.5  1017
 0840     46570    369385   6.0  10.5  1034
 0840     46570    369385   7.0  10.5  1065
 0840     46570    369385   8.0  10.5  1117
 0840     46570    369385   9.0  10.4  1300
 0840     46570    369385  10.0  10.3  1459
 0840     46570    369385  11.0  10.2  1682
 0840     46570    369385  12.0  10.2  1990
 0840     46570    369385  13.0  10.1  2476
 0840     46570    369385  13.9  10.0  2530
-0850     46955    367423    .0  10.0   830
 0850     46955    367423   1.0  10.2   830
 0850     46955    367423   2.0  10.2   830
 0850     46955    367423   3.0  10.3   832
 0850     46955    367423   4.0  10.3   832
 0850     46955    367423   5.0  10.3   840
 0850     46955    367423   6.0  10.3   849
 0850     46955    367423   7.0  10.2   925
 0850     46955    367423   8.0  10.3  1010
 0850     46955    367423   9.0  10.3  1132
 0850     46955    367423  10.0  10.4  1265
 0850     46955    367423  11.0  10.5  1389
 0850     46955    367423  12.0  10.5  1521
 0850     46955    367423  13.0  10.4  1700
 0850     46955    367423  13.9  10.2  1369
-0900     46902    365454    .0   9.3   713
 0900     46902    365454   1.0   9.3   711
 0900     46902    365454   2.0   9.3   712
 0900     46902    365454   3.0   9.3   710
 0900     46902    365454   4.0   9.3   710
 0900     46902    365454   5.0   9.3   711
 0900     46902    365454   6.0   9.3   714
 0900     46902    365454   7.0   9.3   735
 0900     46902    365454   8.0   9.3   768
 0900     46902    365454   9.0   9.6   849
 0900     46902    365454  10.0   9.6   884
 0900     46902    365454  11.0   9.6  1124
 0900     46902    365454  12.0   9.7  1272
 0900     46902    365454  13.0   9.9  1336
 0900     46902    365454  14.0  10.1  9999
 0900     46902    365454  14.9  10.2  1525
-0920     44866    362024    .0   9.3   586
 0920     44866    362024   1.0   9.3   586
 0920     44866    362024   2.0   9.4   584
 0920     44866    362024   3.0   9.4   584
 0920     44866    362024   4.0   9.4   584
 0920     44866    362024   5.0   9.3   586
 0920     44866    362024   6.0   9.3   586
 0920     44866    362024   7.0   9.3   586
 0920     44866    362024   8.0   9.3   586
 0920     44866    362024   9.0   9.5   650
 0920     44866    362024  10.0   9.6   679
 0920     44866    362024  11.0   9.6   783
 0920     44866    362024  12.0   9.7   882
 0920     44866    362024  13.0   9.8  1073
 0920     44866    362024  14.0  10.0  1191
 0920     44866    362024  15.0  10.0  1191
 0920     44866    362024  15.2  10.0  1217
-0940     44261    359086    .0   9.3   457
 0940     44261    359086   1.0   9.4   455
 0940     44261    359086   2.0   9.4   460
 0940     44261    359086   3.0   9.4   460
 0940     44261    359086   4.0   9.4   460
 0940     44261    359086   5.0   9.5   458
 0940     44261    359086   6.0   9.5   458
 0940     44261    359086   7.0   9.4   460
 0940     44261    359086   8.0   9.4   460
 0940     44261    359086   9.0   9.4   500
 0940     44261    359086  10.0   9.5   547
 0940     44261    359086  11.0   9.6   590
 0940     44261    359086  12.0   9.7   659
 0940     44261    359086  13.0   9.8   724
 0940     44261    359086  14.0   9.9   767
 0940     44261    359086  14.5   9.9   798
-1010     42775    352485    .0   8.9   213
 1010     42775    352485   1.0   8.9   213
 1010     42775    352485   2.0   8.9   213
 1010     42775    352485   3.0   8.9   213
 1010     42775    352485   4.0   8.9   213
 1010     42775    352485   5.0   8.9   213
 1010     42775    352485   6.0   9.0   212
 1010     42775    352485   7.0   9.0   212
 1010     42775    352485   8.0   9.0   212
 1010     42775    352485   9.0   9.0   212
 1010     42775    352485  10.0   9.0   212
 1010     42775    352485  11.0   9.0   212
 1010     42775    352485  12.0   9.0   216
 1010     42775    352485  13.0   8.9   221
 1010     42775    352485  14.0   8.9   225
-1030     40710    349000    .0   8.2   194
 1030     40710    349000   1.0   8.1   195
 1030     40710    349000   2.0   8.1   195
 1030     40710    349000   3.0   8.0   196
 1030     40710    349000   4.0   8.0   196
 1030     40710    349000   5.0   8.0   196
 1030     40710    349000   6.0   7.9   196
 1030     40710    349000   7.0   7.9   196
 1030     40710    349000   8.0   8.0   196
 1030     40710    349000   9.0   8.0   196
 1030     40710    349000  10.0   8.0   196
 1030     40710    349000  11.0   7.9   196
 1030     40710    349000  12.0   7.9   196
 1030     40710    349000  13.0   7.9   196
 1030     40710    349000  14.0   8.0   196
 1030     40710    349000  15.0   8.0   196
 1030     40710    349000  15.2   8.0   200
-1045     39130    346450    .0   8.2   219
 1045     39130    346450   1.0   8.2   219
 1045     39130    346450   2.0   8.2   219
 1045     39130    346450   3.0   8.2   219
 1045     39130    346450   4.0   8.2   219
 1045     39130    346450   5.0   8.2   219
 1045     39130    346450   6.0   8.2   219
 1045     39130    346450   7.0   8.2   219
 1045     39130    346450   8.0   8.2   219
 1045     39130    346450   9.0   7.9   209
 1045     39130    346450  10.0   7.6   203
 1045     39130    346450  11.0   7.4   200
 1045     39130    346450  12.0   7.3   193
 1045     39130    346450  13.0   7.0   191
 1045     39130    346450  14.0   6.9   192
 1045     39130    346450  14.2   6.9   188
