# MEETVAARTUIG : M.S. ARGUS
# MEETDATUM    : 10-09-2013 09:23:31
# MEETGEBIED   : KANAAL GENT-TERNEUZEN
# STARTPUNT    : Kanaal terneuzen
# EINDPUNT     : kanaal terneuzen
# PROJECTCODE  : E7801X
# OPDRACHTGEVER: ZLXXAXAMDBG
# BEHEERDER    : ZLXXAXAMDBG
# BEMONST. INST:
# WAARNEMER(S) : Kevin de Vlaam
#
* 20130910
$ 9999 [0000000000000]
>TIJD      uumm                    
>X         coordinaat              
>Y         coordinaat              
>SENSHTE   Diepte set        m     
>ECHOS     Echoset           mtrs  
>Temp      Temperatuur       oC    : 17  0.5   11  0.5
>pH        Zuurgraad         dimsls
>O2        Zuurstof          mg/l  
>%O2       Zuurstof%         %     
>GELBH     Geleidendheid     mS/cm 
>GEL20     Gel20             ???   
>SALNTT    Saliniteit        dimsl 
>CL-       Chloride          mg/l  : 250  250  15  250
 -0923  45697 371907   1.07  16.35  20.86   7.86   7.30    85  10.13   995   6.26   3476
  0923  45693 371913   1.98  15.30  20.87   7.86   7.28    84  10.19  1000   6.30   3497
  0924  45695 371914   3.07  14.35  20.89   7.86   7.28    84  10.32  1013   6.38   3544
  0924  45695 371917   3.92  13.50  20.90   7.86   7.27    84  10.40  1020   6.44   3573
  0924  45695 371916   5.08  12.50  20.89   7.85   7.26    84  10.46  1027   6.48   3596
  0924  45695 371915   6.04  11.70  20.88   7.85   7.24    84  10.81  1061   6.71   3727
  0925  45693 371920   6.98  10.55  20.91   7.85   7.23    84  10.92  1071   6.78   3766
  0925  45693 371920   7.97   9.75  20.93   7.85   7.22    84  10.96  1075   6.80   3779
  0925  45693 371922   8.97   8.85  20.97   7.85   7.19    84  11.08  1086   6.88   3820
  0925  45693 371921   9.99   7.80  20.96   7.84   7.19    84  11.29  1106   7.02   3900
  0926  45696 371922  11.09   6.90  20.92   7.81   7.09    84  14.23  1396   9.02   5020
  0926  45696 371921  11.97   6.10  20.82   7.80   7.04    83  15.72  1545  10.08   5610
  0926  45694 371925  12.96   5.00  20.72   7.78   6.97    83  18.38  1810  11.97   6674
  0927  45695 371928  13.95   4.00  20.59   7.78   6.89    83  20.96  2070  13.85   7735
  0927  45696 371928  14.95   2.95  20.54   7.78   6.84    83  22.31  2206  14.85   8296
  0928  45699 371929  15.96   1.90  20.38   7.77   6.78    83  24.91  2471  16.81   9409
  0928  45703 371928  16.97   0.70  20.31   7.77   6.70    82  26.11  2594  17.73   9930
 -0934  46156 370953   1.03   0.40  21.14   7.85   7.16    83  10.06   982   6.17   3427
  0934  46166 370935   1.90   0.40  21.16   7.85   7.16    84  10.16   992   6.24   3463
  0934  46167 370933   3.00   1.30  21.15   7.85   7.17    84  10.17   993   6.25   3467
  0935  46166 370927   3.94  10.30  21.15   7.84   7.17    84  10.18   994   6.25   3471
  0935  46166 370926   4.96   9.30  21.13   7.85   7.15    83  10.32  1008   6.35   3524
  0935  46165 370926   5.97   8.25  21.13   7.84   7.14    83  10.57  1032   6.51   3617
  0935  46163 370929   6.96   7.25  21.12   7.84   7.13    83  10.85  1060   6.70   3721
  0936  46162 370928   8.00   6.25  21.13   7.84   7.11    83  11.05  1079   6.83   3795
  0936  46161 370927   8.94   5.30  21.14   7.84   7.12    83  11.16  1090   6.91   3835
  0936  46160 370926  10.08   4.25  21.13   7.83   7.10    83  11.44  1117   7.09   3940
  0936  46162 370927  10.93   3.40  21.08   7.82   7.08    83  12.46  1218   7.79   4328
  0937  46161 370927  11.90   2.40  21.00   7.81   7.06    83  13.62  1334   8.59   4777
  0937  46239 370959  13.03   1.30  20.87   7.76   6.83    82  18.87  1853  12.27   6845
  0937  46227 370952  13.91   0.50  20.75   7.75   6.76    82  21.11  2078  13.91   7766
 -0941  46350 370385   1.05   0.45  21.15   7.85   7.19    84  10.00   976   6.13   3404
  0941  46353 370368   1.99  10.85  21.15   7.85   7.19    84   9.92   969   6.08   3376
  0942  46348 370369   3.04   9.70  21.19   7.84   7.17    84  10.25  1000   6.29   3493
  0942  46342 370367   3.98   8.75  21.17   7.84   7.15    83  10.13   988   6.22   3451
  0942  46337 370378   5.01   7.65  21.17   7.84   7.13    83  10.13   988   6.22   3451
  0943  46336 370378   6.01   6.70  21.21   7.84   7.12    83  10.29  1003   6.32   3506
  0943  46338 370373   6.98   5.85  21.23   7.83   7.08    83  11.21  1092   6.92   3845
  0943  46345 370366   8.01   5.00  21.23   7.83   7.06    83  11.53  1124   7.14   3965
  0943  46352 370362   9.02   4.20  21.23   7.82   7.05    83  11.86  1156   7.36   4088
  0943  46355 370361  10.06   3.20  21.23   7.81   7.03    83  12.55  1223   7.82   4347
  0944  46359 370360  10.98   2.40  21.25   7.81   6.99    83  13.28  1294   8.31   4620
  0944  46359 370369  12.04   1.45  21.02   7.77   6.75    81  17.15  1679  11.02   6142
  0945  46359 370372  12.96   0.70  20.95   7.74   6.73    81  18.23  1787  11.80   6578
 -0950  46561 369406   0.99  12.40  21.25   7.83   7.08    83   9.96   971   6.10   3383
  0950  46565 369394   2.04  11.40  21.25   7.83   7.07    82   9.97   971   6.10   3386
  0950  46565 369393   3.08  10.40  21.26   7.83   7.06    82   9.98   972   6.10   3387
  0951  46565 369391   4.01   9.50  21.26   7.83   7.06    82   9.97   971   6.10   3386
  0951  46565 369389   5.01   8.45  21.27   7.83   7.04    82  10.04   978   6.14   3410
  0951  46567 369387   5.96   7.65  21.28   7.83   7.02    82  10.15   988   6.21   3449
  0951  46569 369386   6.99   6.85  21.32   7.82   6.98    82  10.50  1021   6.44   3575
  0952  46571 369386   8.00   6.05  21.35   7.81   6.95    82  10.99  1068   6.76   3753
  0952  46573 369385   8.94   5.35  21.36   7.80   6.90    81  11.69  1136   7.22   4012
  0952  46574 369384   9.98   4.50  21.33   7.79   6.85    81  12.77  1242   7.95   4419
  0953  46573 369388  10.94   3.50  21.30   7.78   6.82    81  13.39  1303   8.38   4657
  0953  46570 369395  11.95   2.35  21.18   7.77   6.66    79  15.73  1534  10.00   5567
  0954  46568 369397  12.98   1.35  21.08   7.73   6.59    79  18.14  1773  11.70   6522
  0954  46567 369400  13.95   0.40  20.94   7.73   6.37    77  19.98  1959  13.04   7277
 -1018  46937 367445   1.03  11.75  20.88   7.83   6.93    80   9.50   933   5.84   3241
  1018  46950 367426   2.06  10.95  20.87   7.83   6.91    80   9.49   932   5.84   3239
  1018  46956 367419   2.97  10.25  20.86   7.83   6.90    80   9.47   930   5.83   3233
  1019  46961 367415   4.02   9.50  20.85   7.83   6.90    80   9.47   930   5.82   3232
  1019  46966 367412   4.96   8.75  20.87   7.82   6.86    79   9.57   940   5.89   3269
  1019  46969 367411   6.03   7.75  20.91   7.81   6.84    79   9.74   956   6.00   3329
  1019  46970 367412   7.10   6.70  20.90   7.82   6.83    79   9.69   951   5.97   3311
  1020  46966 367430   8.07   5.55  21.10   7.80   6.77    79  10.74  1049   6.63   3682
  1020  46963 367433   8.95   4.80  21.11   7.80   6.75    79  10.65  1040   6.57   3648
  1021  46959 367426  10.03   3.70  21.27   7.78   6.69    79  12.01  1169   7.45   4140
  1021  46958 367418  10.97   2.65  21.29   7.77   6.68    79  13.11  1276   8.19   4552
  1021  46957 367411  11.99   1.45  21.26   7.76   6.64    79  14.48  1410   9.12   5076
  1021  46958 367400  13.05   0.45  21.20   7.75   6.55    78  15.60  1521   9.91   5514
 -1030  46911 365478   1.13  12.60  20.59   7.79   6.71    77   8.75   864   5.38   2987
  1031  46905 365460   1.95   1.35  20.60   7.79   6.71    77   8.85   873   5.44   3021
  1031  46902 365460   3.00  10.50  20.64   7.79   6.69    77   9.00   888   5.54   3075
  1031  46900 365462   4.03   9.25  20.66   7.79   6.67    77   9.09   896   5.60   3106
  1031  46897 365465   5.05   8.05  20.67   7.79   6.65    77   9.12   899   5.62   3118
  1032  46895 365465   6.02   7.05  20.69   7.78   6.65    77   9.19   905   5.66   3139
  1032  46895 365464   7.03   6.15  20.77   7.78   6.62    76   9.48   933   5.85   3244
  1032  46897 365462   7.94   5.35  20.85   7.77   6.58    76   9.80   962   6.04   3353
  1032  46900 365460   9.04   4.60  20.93   7.76   6.55    76  10.43  1023   6.45   3581
  1033  46902 365458  10.05   3.90  21.02   7.76   6.51    76  11.08  1084   6.87   3816
  1033  46903 365458  11.00   3.30  21.06   7.75   6.49    76  11.51  1126   7.15   3973
  1033  46905 365456  12.03   2.40  21.14   7.74   6.45    76  12.26  1197   7.64   4247
  1034  46903 365457  12.93   1.40  21.24   7.72   6.38    76  14.06  1370   8.84   4918
  1034  46900 365457  13.88   0.40  21.25   7.73   6.38    76  14.44  1407   9.10   5062
 -1052  44898 362068   1.04  11.70  20.47   7.75   6.26    72   7.95   787   4.87   2699
  1052  44879 362037   2.00   0.40  20.48   7.75   6.26    72   7.97   789   4.88   2709
  1052  44876 362033   3.01  10.05  20.49   7.75   6.26    72   7.99   791   4.89   2714
  1053  44873 362029   4.08   9.10  20.50   7.75   6.26    72   8.02   793   4.91   2722
  1053  44868 362025   4.99   8.35  20.54   7.75   6.23    71   8.15   806   5.00   2771
  1053  44867 362023   5.98   7.55  20.56   7.75   6.21    71   8.21   811   5.03   2788
  1053  44863 362020   6.95   6.75  20.58   7.74   6.19    71   8.28   818   5.07   2814
  1054  44864 362021   8.06   5.90  20.61   7.74   6.19    71   8.34   823   5.11   2834
  1054  44866 362026   8.98   5.15  21.07   7.70   6.12    71  10.15   992   6.24   3466
  1054  44867 362029   9.99   4.25  21.08   7.71   6.12    71  10.39  1016   6.40   3554
  1054  44868 362031  10.90   3.30  21.10   7.72   6.12    71  10.50  1026   6.47   3593
  1055  44867 362031  12.09   2.15  21.19   7.71   6.10    71  11.09  1082   6.85   3804
  1055  44866 362030  13.01   1.40  21.26   7.71   6.08    72  11.84  1153   7.34   4078
  1055  44861 362024  13.99   0.50  21.34   7.70   6.00    71  12.50  1215   7.77   4317
 -1109  44266 359115   1.00   0.40  20.65   7.74   6.04    69   7.58   747   4.61   2554
  1109  44260 359091   2.06  11.40  20.66   7.74   6.05    69   7.61   750   4.62   2564
  1109  44261 359087   3.01   1.20  20.66   7.74   6.05    69   7.62   751   4.63   2567
  1109  44261 359082   3.97   9.70  20.67   7.74   6.04    69   7.64   753   4.65   2576
  1110  44259 359077   4.99   8.65  20.68   7.73   5.99    69   7.69   758   4.67   2592
  1110  44259 359074   6.02   7.55  20.74   7.72   5.95    68   7.90   778   4.81   2665
  1110  44259 359073   7.00   6.60  20.79   7.72   5.92    68   8.14   801   4.96   2750
  1111  44258 359074   8.01   5.70  20.85   7.71   5.90    68   8.44   829   5.15   2854
  1111  44257 359074   8.98   4.65  20.95   7.71   5.86    68   8.84   866   5.39   2992
  1111  44257 359074  10.01   3.75  21.02   7.70   5.83    68   9.27   907   5.67   3145
  1111  44257 359074  11.05   2.70  21.08   7.70   5.82    68   9.54   933   5.84   3241
  1111  44258 359074  12.02   1.80  21.10   7.71   5.81    68   9.70   948   5.94   3298
  1112  44258 359076  13.02   0.75  21.30   7.68   5.81    68  11.03  1073   6.79   3772
 -1146  42651 352133   1.03  11.90  20.64   7.68   5.01    57   6.19   611   3.71   2056
  1146  42648 352122   2.02  10.80  20.66   7.68   5.00    57   6.24   615   3.74   2072
  1146  42650 352119   3.04   9.85  20.67   7.67   4.98    57   6.30   621   3.78   2093
  1147  42651 352115   3.98   8.85  20.72   7.67   4.97    57   6.50   640   3.90   2162
  1147  42649 352112   5.04   7.85  20.77   7.66   4.94    56   6.77   666   4.07   2255
  1147  42649 352109   6.02   6.95  20.81   7.66   4.92    56   6.95   683   4.18   2317
  1147  42648 352107   6.96   6.00  20.84   7.66   4.91    56   7.11   698   4.28   2373
  1148  42648 352104   7.94   5.05  20.80   7.67   4.91    56   7.13   701   4.30   2382
  1148  42647 352101   8.99   4.05  20.88   7.66   4.88    56   7.27   714   4.38   2430
  1148  42646 352099   9.93   3.20  20.92   7.66   4.85    56   7.36   722   4.44   2460
  1148  42645 352097  10.97   2.20  20.97   7.66   4.84    56   7.56   741   4.56   2529
  1149  42644 352096  12.08   1.20  21.03   7.65   4.82    56   7.80   763   4.71   2611
  1149  42645 352095  12.84   0.40  21.04   7.65   4.81    55   7.86   769   4.75   2632
 -1206  40675 348871   1.05   0.40  20.65   7.61   4.07    46   5.56   548   3.31   1831
  1206  40665 348856   1.97  11.10  20.66   7.61   4.07    46   5.58   550   3.32   1839
  1206  40659 348853   3.05  10.00  20.76   7.59   4.02    46   5.90   581   3.51   1947
  1207  40657 348851   3.94   9.10  20.73   7.60   4.03    46   5.93   584   3.54   1959
  1207  40656 348848   5.06   8.10  20.72   7.60   4.08    46   6.01   592   3.59   1988
  1207  40660 348844   5.99   7.40  20.74   7.61   4.19    48   6.11   602   3.65   2023
  1208  40666 348845   7.13   6.20  20.75   7.61   4.19    48   6.14   604   3.67   2031
  1208  40666 348843   7.98   5.35  20.80   7.61   4.21    48   6.37   626   3.81   2111
  1208  40667 348848   9.02   4.40  20.88   7.60   4.20    48   6.59   647   3.94   2186
  1208  40665 348849   9.99   3.45  20.94   7.60   4.22    48   6.82   669   4.09   2267
  1209  40663 348849  10.95   2.50  21.01   7.59   4.21    48   7.14   699   4.29   2377
  1209  40663 348849  12.00   1.45  21.29   7.60   4.38    51   8.32   810   5.02   2782
  1210  40663 348851  12.94   0.55  21.31   7.60   4.39    51   8.44   821   5.09   2824
 -1227  39076 346373   1.04  10.90  20.06   7.56   4.83    54   3.55   355   2.08   1068
  1228  39084 346346   2.05   9.95  19.99   7.55   4.84    54   3.60   360   2.12   1085
  1228  39088 346345   3.03   9.00  20.12   7.54   4.29    48   4.07   406   2.40   1246
  1229  39088 346343   4.02   8.20  20.11   7.53   4.29    48   4.31   430   2.55   1332
  1229  39081 346339   5.06   7.00  21.20   7.46   2.50    29   6.26   610   3.71   2053
  1230  39084 346330   5.95   6.10  21.24   7.46   2.10    24   6.33   617   3.75   2076
  1231  39084 346328   7.02   5.05  21.26   7.47   2.10    24   6.45   628   3.82   2117
  1231  39082 346328   8.01   4.10  21.26   7.48   2.35    27   6.50   633   3.85   2135
  1231  39081 346332   9.02   3.05  21.24   7.49   2.45    28   6.55   639   3.89   2156
  1232  39080 346335  10.01   2.15  21.23   7.49   2.45    28   6.56   639   3.89   2158
  1232  39080 346351  11.02   1.20  21.26   7.50   2.84    33   6.98   679   4.16   2304
  1233  39081 346356  11.91   0.40  21.25   7.51   2.84    33   7.00   682   4.17   2314
