# MEETVAARTUIG : M.C.ECOS 6 VERTIKAAL
# MEETDATUM    : 13-03-2024 09:50:46
# MEETGEBIED   : KANAAL GENT-TERNEUZE
# STARTPUNT    : terneuzen
# EINDPUNT     : gent
# PROJECTCODE  : KTS
# OPDRACHTGEVER: ZHXXREG_KWALTMNT
# BEHEERDER    : ZLXXAXBMDBG
# BEMONST. INST:
# WAARNEMER(S) : bernaards
#
* 20240313
$ 9999 [000000000000000]
>TIJD      uumm                    
>X         coordinaat              
>Y         coordinaat              
>SENSHTE   Diepte set        m     
>Echms     Echoset           mtrs  
>Temp      Temperatuur       oC
>pH        Zuurgraad         dimsls
>O2        Zuurstof          mg/l  
>%O2       Zuurstof%         %     
>GELBH     Geleidendheid     mS/cm 
>GEL20     Gel20             ???   
>SALNTT    Saliniteit        dimsl 
>CL-       Chloride          mg/l 
>CHFLYSI   Chlorofyl         ugr/l 
>TURBID    Troebelheid       NTU   
 -0950  45697 371926   1.07   7.95   9.39   7.87   9.00    79   2.27   290   1.70    841   0.63   3.06
  0951  45697 371926   2.03  17.13   9.39   7.87   8.99    79   2.28   292   1.71    847   0.58   3.10
  0951  45697 371926   2.96  16.15   9.38   7.87   8.98    79   2.30   293   1.72    852   0.58   3.08
  0952  45697 371926   3.98   0.76   9.40   7.87   8.99    79   2.25   287   1.68    831   0.69   3.15
  0952  45697 371926   5.09  13.64   9.40   7.87   8.99    79   2.22   283   1.66    817   0.67   3.00
  0952  45697 371926   6.03   0.84   9.40   7.87   8.99    79   2.20   280   1.64    808   0.63   3.02
  0953  45697 371926   6.95  12.52   9.36   7.86   8.97    79   2.39   305   1.80    894   0.64   3.16
  0953  45697 371926   8.01   9.90   9.34   7.85   8.97    79   2.51   321   1.90    950   0.64   3.24
  0954  45697 371926   9.04  10.54   9.33   7.85   8.96    79   2.69   344   2.04   1030   0.69   3.53
  0954  45697 371926  10.18   8.92   9.35   7.83   8.99    80   3.21   410   2.45   1261   0.68   5.74
  0955  45697 371926  11.00   8.03   9.33   7.81   9.00    80   3.74   479   2.89   1562   0.66   7.52
  0955  45697 371926  12.05   7.02   9.27   7.79   9.01    80   4.53   580   3.55   1969   0.75   7.23
  0955  45697 371926  13.04   5.70   9.18   7.78   9.03    81   5.97   766   4.78   2652   0.65   7.89
  0956  45697 371926  13.93   5.06   9.18   7.79   9.06    81   6.17   792   4.95   2748   0.67   8.85
  0957  45697 371926  15.00   3.98   9.03   7.77   9.10    82   8.65  1116   7.14   3975   0.61  11.85
  0958  45697 371926  15.98   2.92   8.78   7.79   9.23    86  14.02  1818  12.10   6762   0.97  24.48
  0958  45697 371926  17.00   1.79   8.74   7.80   9.24    86  14.78  1920  12.84   7177   0.88  26.08
  0959  45697 371926  17.96   0.81   8.71   7.81   9.25    87  15.44  2006  13.47   7532   1.02  28.01
 -1004  46161 370929   1.02  14.23   9.33   7.86   8.91    78   1.98   253   1.47    730   0.66   3.49
  1005  46161 370929   2.02  12.81   9.33   7.86   8.90    78   2.01   258   1.50    745   0.60   3.54
  1005  46161 370929   2.94  11.68   9.33   7.86   8.89    78   2.04   261   1.52    757   0.61   3.54
  1005  46161 370929   4.03  10.70   9.33   7.85   8.88    78   2.05   262   1.53    746   0.64   3.61
  1006  46161 370929   5.04   9.80   9.35   7.85   8.88    78   2.10   269   1.57    768   0.65   3.55
  1006  46161 370929   5.92   9.36   9.35   7.85   8.88    78   2.13   272   1.59    779   0.69   3.35
  1007  46161 370929   6.92   8.39   9.38   7.84   8.88    78   2.25   287   1.68    832   0.67   3.85
  1007  46161 370929   8.02   7.16   9.36   7.84   8.89    78   2.54   325   1.92    963   0.65   3.77
  1007  46161 370929   8.98   6.34   9.31   7.83   8.92    79   2.82   361   2.14   1090   0.65   4.45
  1008  46161 370929  10.04   5.35   9.27   7.81   8.98    79   3.64   467   2.81   1462   0.62   4.61
  1008  46161 370929  11.04   4.46   9.25   7.81   8.99    80   3.92   503   3.05   1691   0.63   4.95
  1009  46161 370929  11.95   3.51   9.13   7.76   8.99    80   5.92   761   4.74   2634   0.67   5.90
  1009  46161 370929  12.96   2.41   9.03   7.76   9.06    82   8.20  1056   6.74   3748   0.64   7.56
  1010  46161 370929  14.02   1.16   8.83   7.78   9.13    84  12.05  1560  10.26   5723   0.77  12.32
 -1015  46358 370360   1.06  13.03   9.29   7.86   8.87    78   1.85   237   1.38    674   0.63   3.44
  1016  46358 370360   1.99  12.24   9.29   7.86   8.87    78   1.84   236   1.37    668   0.66   3.39
  1016  46358 370360   3.03  11.16   9.29   7.85   8.86    78   1.85   237   1.37    672   0.69   3.48
  1016  46358 370360   4.08  10.04   9.31   7.85   8.86    78   1.98   253   1.47    730   0.63   3.40
  1017  46358 370360   5.06   9.24   9.33   7.84   8.84    78   2.15   274   1.60    788   0.66   3.74
  1017  46358 370360   6.05   8.60   9.34   7.84   8.84    78   2.27   290   1.70    840   0.63   3.76
  1018  46358 370360   6.90   8.85   9.35   7.84   8.85    78   2.30   294   1.72    855   0.67   3.96
  1019  46358 370360   7.90   8.34   9.37   7.84   8.86    78   2.48   317   1.86    934   0.63   3.88
  1019  46358 370360   8.91   6.95   9.35   7.82   8.86    78   2.78   355   2.10   1068   0.64   4.11
  1020  46358 370360   9.95   5.89   9.32   7.82   8.89    78   3.02   387   2.30   1179   0.58   3.85
  1020  46358 370360  10.96   4.99   9.27   7.80   8.90    79   3.79   485   2.93   1626   0.61   4.45
  1021  46358 370360  12.06   3.65   9.21   7.78   8.87    79   4.64   596   3.65   2024   0.60   4.78
  1021  46358 370360  13.09   2.05   9.08   7.76   8.80    79   6.77   872   5.48   3047   0.55   5.62
  1022  46358 370360  14.01   0.00   8.98   7.78   9.08    82   8.92  1151   7.38   4111   0.62   7.13
 -1028  46567 369383   1.02  13.89   9.53   7.86   8.85    78   1.61   205   1.18    560   0.65   3.28
  1028  46567 369383   1.90  13.19   9.47   7.86   8.84    78   1.61   205   1.18    562   0.62   3.26
  1028  46567 369383   3.08  12.19   9.46   7.85   8.83    78   1.62   207   1.19    568   0.67   3.43
  1029  46567 369383   4.04  11.26   9.43   7.85   8.83    78   1.63   208   1.20    571   0.59   3.41
  1029  46567 369383   4.90  10.19   9.37   7.84   8.82    77   1.73   220   1.27    614   0.64   3.58
  1029  46567 369383   5.95   9.15   9.31   7.84   8.81    77   1.82   233   1.35    659   0.70   3.48
  1030  46567 369383   6.98   7.84   9.27   7.83   8.80    77   2.00   256   1.49    740   0.65   3.49
  1030  46567 369383   7.97   6.95   9.31   7.82   8.79    77   2.27   291   1.70    843   0.64   3.89
  1031  46567 369383   9.03   5.85   9.34   7.81   8.79    78   2.82   361   2.14   1089   0.62   5.27
  1031  46567 369383  10.06   4.85   9.31   7.80   8.82    78   3.22   412   2.47   1269   0.62   5.79
  1031  46567 369383  10.93   4.06   9.30   7.81   8.84    78   3.42   437   2.63   1358   0.66   5.19
  1031  46567 369383  11.98   3.20   9.24   7.78   8.84    78   4.09   524   3.18   1767   0.61   5.32
  1032  46567 369383  13.04   2.26   9.10   7.74   8.80    79   6.14   790   4.93   2741   0.58   5.08
  1032  46567 369383  13.91   1.28   8.98   7.73   8.78    79   8.94  1154   7.41   4123   0.62   5.51
 -1050  46955 367427   1.23  13.90   9.10   7.85   8.83    77   1.47   189   1.09    506   0.71   3.56
  1051  46955 367427   2.08  12.39   9.10   7.85   8.83    77   1.47   190   1.09    506   0.64   3.47
  1051  46955 367427   3.12  11.58   9.08   7.85   8.82    77   1.48   191   1.09    510   0.66   3.57
  1052  46955 367427   3.98  10.54   9.08   7.85   8.82    77   1.48   191   1.09    510   0.66   3.61
  1052  46955 367427   5.05   9.53   9.03   7.85   8.82    77   1.49   192   1.10    513   0.68   3.51
  1053  46955 367427   5.88   0.00   9.05   7.85   8.81    77   1.49   191   1.10    513   0.63   3.48
  1053  46955 367427   7.11   7.65   9.04   7.85   8.81    77   1.50   193   1.11    518   0.67   3.40
  1053  46955 367427   7.91   6.73   9.03   7.85   8.81    77   1.52   196   1.13    529   0.69   3.51
  1054  46955 367427   9.01   5.48   9.17   7.80   8.77    77   2.12   272   1.59    781   0.69   3.73
  1054  46955 367427  10.08   4.35   9.22   7.80   8.76    77   2.35   301   1.77    880   0.60   3.93
  1055  46955 367427  10.89   3.50   9.24   7.81   8.79    77   2.50   321   1.89    949   0.66   4.42
  1056  46955 367427  12.05   2.20   9.18   7.77   8.74    78   4.54   583   3.57   1980   0.59   4.07
  1056  46955 367427  13.06   1.23   9.14   7.76   8.69    77   5.26   676   4.18   2319   0.57   4.73
 -1107  46899 365456   0.97  12.93   9.04   7.86   8.86    77   1.23   158   0.90    398   0.67   3.78
  1107  46899 365456   2.01   4.85   9.01   7.86   8.87    77   1.24   160   0.91    402   0.68   3.79
  1107  46899 365456   3.14  11.11   9.00   7.85   8.85    77   1.28   165   0.94    423   0.60   3.68
  1108  46899 365456   3.95  10.83   8.99   7.85   8.82    77   1.28   165   0.94    421   0.67   3.76
  1108  46899 365456   5.06   9.96   8.99   7.84   8.81    77   1.37   176   1.01    460   0.67   3.67
  1109  46899 365456   6.04   9.23   8.99   7.84   8.81    77   1.35   175   1.00    455   0.66   3.83
  1109  46899 365456   6.99   8.38   8.99   7.83   8.79    76   1.44   186   1.06    493   0.68   3.57
  1109  46899 365456   7.99   7.63   8.99   7.84   8.79    76   1.43   185   1.06    490   0.65   3.75
  1110  46899 365456   8.95   6.30   8.99   7.83   8.79    76   1.45   187   1.07    499   0.67   3.65
  1110  46899 365456  10.08   5.08   9.01   7.80   8.77    76   1.75   225   1.30    631   0.69   3.69
  1110  46899 365456  10.98   4.26   9.09   7.75   8.70    76   2.92   376   2.24   1140   0.63   4.28
  1111  46899 365456  12.07   3.03   9.18   7.77   8.71    77   3.58   460   2.77   1439   0.65   4.80
  1111  46899 365456  12.98   1.95   9.16   7.75   8.70    77   4.24   545   3.32   1841   0.57   6.09
  1112  46899 365456  14.00   0.75   9.13   7.75   8.65    77   4.91   631   3.88   2153   0.74  21.38
 -1130  44865 362025   1.06  12.75   9.02   7.83   8.64    75   1.18   152   0.86    376   0.71   4.71
  1131  44865 362025   1.93  12.08   9.02   7.82   8.64    75   1.19   154   0.87    383   0.69   4.83
  1131  44865 362025   2.96  10.91   9.01   7.82   8.63    75   1.24   160   0.91    403   0.73   4.72
  1131  44865 362025   3.94   0.80   9.01   7.82   8.63    75   1.24   160   0.91    405   0.69   4.88
  1132  44865 362025   4.99   0.90   9.02   7.82   8.63    75   1.21   157   0.89    392   0.70   4.34
  1132  44865 362025   5.90   8.05   9.01   7.82   8.61    75   1.27   164   0.93    418   0.70   4.92
  1133  44865 362025   6.91   7.29   9.02   7.82   8.62    75   1.26   162   0.92    411   0.67   4.56
  1134  44865 362025   7.89   6.06   9.02   7.83   8.63    75   1.22   158   0.89    395   0.69   4.44
  1134  44865 362025   8.97   4.94   8.98   7.80   8.59    75   1.43   184   1.05    487   0.63   4.77
  1134  44865 362025  10.07   3.75   8.97   7.78   8.54    74   1.95   251   1.46    722   0.70   6.02
  1135  44865 362025  11.02   2.58   8.98   7.76   8.52    74   2.35   303   1.78    888   0.59   6.43
  1135  44865 362025  12.05   1.63   8.98   7.77   8.51    74   2.43   314   1.85    923   0.63   6.48
  1135  44865 362025  12.90   0.84   8.98   7.76   8.48    74   2.66   343   2.03   1025   0.62   7.61
 -1153  44256 359089   1.07  13.71   9.06   7.82   8.56    74   0.86   110   0.62    237   0.66   4.72
  1154  44256 359089   1.87  12.89   9.04   7.82   8.54    74   0.85   109   0.61    233   0.71   4.84
  1154  44256 359089   2.91  11.86   9.04   7.82   8.54    74   0.85   110   0.61    236   0.70   4.63
  1155  44256 359089   3.93  10.70   9.04   7.82   8.54    74   0.86   111   0.62    239   0.70   4.79
  1155  44256 359089   4.95   9.64   9.03   7.81   8.54    74   0.87   112   0.63    244   0.68   4.60
  1155  44256 359089   5.92   8.44   9.03   7.81   8.54    74   0.87   112   0.62    243   0.72   4.70
  1156  44256 359089   6.92   7.15   9.02   7.81   8.53    74   0.88   113   0.63    247   0.69   4.86
  1156  44256 359089   8.15   5.68   9.01   7.81   8.53    74   0.88   114   0.64    250   0.70   5.17
  1157  44256 359089   9.10   4.70   9.00   7.80   8.52    74   0.97   125   0.70    287   0.78   4.95
  1157  44256 359089  10.00   3.69   9.00   7.79   8.50    74   1.02   132   0.74    308   0.68   4.83
  1157  44256 359089  11.02   2.69   8.99   7.77   8.49    74   1.18   153   0.87    379   0.65   4.95
  1158  44256 359089  12.15   1.54   8.98   7.77   8.44    73   1.45   187   1.07    497   0.62   5.87
  1158  44256 359089  13.07   0.00   8.98   7.74   8.30    72   2.23   288   1.69    834   0.68   9.86
 -1234  42636 352113   0.92   6.33   9.23   7.75   8.04    70   0.58    74   0.41    132   0.98   6.44
  1235  42636 352113   2.06  12.19   9.20   7.75   8.01    70   0.58    74   0.41    131   1.04   6.61
  1235  42636 352113   2.85  11.46   9.20   7.75   8.00    70   0.58    74   0.41    131   1.03   6.22
  1235  42636 352113   3.93  10.29   9.20   7.75   8.00    70   0.58    74   0.41    131   1.09   6.39
  1236  42636 352113   4.91   9.01   9.19   7.75   8.00    70   0.58    74   0.41    131   1.09   6.27
  1236  42636 352113   5.86   8.04   9.18   7.75   7.99    69   0.58    74   0.41    132   1.14   6.76
  1236  42636 352113   6.90   7.00   9.18   7.75   7.98    69   0.58    74   0.41    131   1.00   5.89
  1237  42636 352113   7.91   6.04   9.20   7.75   7.99    69   0.58    74   0.41    131   1.11   6.10
  1237  42636 352113   8.94   4.91   9.20   7.75   8.00    69   0.58    74   0.41    131   1.03   6.56
  1237  42636 352113   9.94   3.96   9.20   7.75   8.00    70   0.58    74   0.41    131   1.10   6.76
  1238  42636 352113  11.01   2.84   9.20   7.75   8.01    70   0.58    74   0.41    131   1.11   6.02
  1238  42636 352113  12.00   1.90   9.20   7.75   8.01    70   0.58    74   0.41    131   1.05   6.16
  1238  42636 352113  13.01   0.81   9.17   7.75   8.00    70   0.58    74   0.41    131   1.07   6.22
 -1258  40663 348850   0.83  13.79   9.33   7.80   8.24    72   0.58    74   0.41    131   1.08   5.52
  1259  40663 348850   1.97  12.71   9.32   7.80   8.26    72   0.58    74   0.41    131   0.92   5.85
  1259  40663 348850   2.98  11.55   9.29   7.80   8.26    72   0.58    74   0.41    131   1.01   5.90
  1300  40663 348850   3.94   7.75   9.30   7.80   8.26    72   0.58    74   0.41    131   1.00   5.76
  1300  40663 348850   5.04   9.05   9.29   7.80   8.25    72   0.58    74   0.41    130   0.92   5.70
  1300  40663 348850   5.90   8.14   9.26   7.79   8.25    72   0.58    74   0.41    130   0.88   6.28
  1301  40663 348850   6.93   7.14   9.25   7.80   8.24    72   0.58    74   0.41    130   0.86   5.83
  1301  40663 348850   7.92   6.10   9.27   7.80   8.25    72   0.58    74   0.41    130   1.04   6.05
  1302  40663 348850   8.91   5.14   9.26   7.80   8.24    72   0.58    74   0.41    130   1.00   6.65
  1302  40663 348850   9.86   4.10   9.22   7.80   8.23    72   0.58    74   0.41    130   0.94   5.67
  1303  40663 348850  10.86   3.05   9.24   7.80   8.22    72   0.58    74   0.41    130   0.90   5.58
  1304  40663 348850  11.86   2.11   9.25   7.80   8.23    72   0.58    74   0.41    130   1.02   5.39
  1304  40663 348850  12.87   1.00   9.19   7.80   8.19    71   0.57    74   0.41    130   0.84   5.35
 -1320  39083 346347   1.04  12.36   9.30   7.76   8.02    70   0.59    75   0.41    134   0.90   4.78
  1320  39083 346347   2.04  11.49   9.30   7.76   7.98    70   0.59    75   0.41    134   0.90   4.83
  1320  39083 346347   3.00  10.58   9.21   7.76   7.97    69   0.59    76   0.42    135   0.87   4.86
  1321  39083 346347   4.08   9.40   9.12   7.75   7.91    69   0.59    76   0.42    136   0.85   4.57
  1321  39083 346347   5.01   8.43   9.09   7.75   7.88    68   0.59    76   0.42    136   0.76   4.27
  1321  39083 346347   6.09   7.33   9.13   7.75   7.88    68   0.59    76   0.42    136   0.87   4.16
  1321  39083 346347   7.04   6.40   9.19   7.76   7.89    69   0.59    76   0.42    136   0.93   4.51
  1322  39083 346347   8.03   5.35   9.06   7.75   7.86    68   0.59    76   0.42    137   0.85   4.06
  1322  39083 346347   9.01   4.34   9.06   7.75   7.85    68   0.59    76   0.42    137   0.85   4.11
  1322  39083 346347   9.97   3.36   9.06   7.75   7.84    68   0.59    76   0.42    137   0.87   4.29
  1323  39083 346347  11.03   2.23   9.07   7.75   7.83    68   0.59    76   0.42    137   0.98   4.12
  1323  39083 346347  11.96   1.69   9.06   7.75   7.82    68   0.60    77   0.42    139   0.85   4.58
