# MEETVAARTUIG : M.C.ECOS2 YSI
# MEETDATUM    : 20-01-2010 08:26:18
# MEETGEBIED   : KANAAL GENT-TERNEUZEN
# STARTPUNT    : Terneuzen
# EINDPUNT     : Gent
# PROJECTCODE  : E7801X
# OPDRACHTGEVER: ZLXAXBMDBG
# BEHEERDER    : ZLXXAXBMDBG
# BEMONST. INST:
# WAARNEMER(S) : G.J.Bakker
#
* 20100120
$ 9999 [0000000000000]
>TIJD      uumm                    
>X         coordinaat              
>Y         coordinaat              
>SENSHTE   Diepte set        m     
>Echms     Echoset           mtrs  
>EchoSh    Echoschip         m     
>Temp      Temperatuur       oC    : 2  0.5   11  0.5
>O2        Zuurstof          mg/l  
>%O2       Zuurstof%         %     
>GELBH     Geleidendheid     mS/cm 
>GEL20     Gel20             ???   
>SALNTT    Saliniteit        dimsl 
>CL-       Chloride          mg/l  : 250  250  15  250
 -0826  45697 371926   0.92  17.92 999.99   4.40  10.62    84   2.30   335   1.99    999
  0827  45697 371926   1.94  16.94 999.99   4.39  10.59    84   2.30   336   2.00   1000
  0827  45697 371926   2.96  15.96 999.99   4.40  10.58    84   2.31   336   2.00   1000
  0827  45697 371926   3.97  15.01 999.99   4.40  10.58    84   2.31   336   2.00   1001
  0828  45697 371926   4.98  14.03 999.99   4.40  10.56    83   2.32   337   2.01   1006
  0829  45697 371926   5.97  13.08 999.99   4.40  10.56    83   2.33   339   2.02   1012
  0829  45697 371926   7.00  12.07 999.99   4.41  10.56    83   2.37   345   2.05   1032
  0830  45697 371926   8.00  11.14 999.99   4.40  10.53    83   2.56   372   2.23   1128
  0830  45697 371926   9.01  10.22 999.99   4.38  10.55    84   2.85   416   2.50   1281
  0831  45697 371926   9.99   9.27 999.99   4.39  10.63    84   3.06   446   2.69   1388
  0831  45697 371926  11.00   8.29 999.99   4.36  10.66    85   3.66   533   3.26   1810
  0832  45697 371926  12.02   7.31 999.99   4.27  10.91    87   4.61   673   4.18   2321
  0833  45697 371926  13.03   6.35 999.99   4.14  10.95    88   5.86   859   5.42   3014
  0834  45697 371926  14.07   5.46 999.99   4.06  10.92    88   6.45   947   6.02   3349
  0835  45697 371926  14.94   4.50 999.99   3.97  10.75    87   7.15  1054   6.75   3757
  0835  45697 371926  15.99   3.53 999.99   3.94  10.69    86   7.52  1109   7.13   3969
  0836  45697 371926  16.98   2.58 999.99   3.91  10.73    87   7.71  1138   7.33   4083
  0836  45697 371926  17.96   1.60 999.99   3.75  10.68    87   9.42  1397   9.14   5096
  0837  45697 371926  18.94   0.56 999.99   3.65  10.72    88  10.46  1555  10.26   5726
 -0843  46161 370929   1.04  14.92 999.99   4.48  10.47    83   2.28   331   1.96    983
  0843  46161 370929   2.02  14.06 999.99   4.50  10.50    83   2.26   329   1.95    976
  0844  46161 370929   3.02   0.59 999.99   4.50  10.50    83   2.27   330   1.96    979
  0844  46161 370929   4.02  12.10 999.99   4.49  10.50    83   2.30   333   1.98    992
  0845  46161 370929   5.02  28.70 999.99   4.49  10.49    83   2.31   335   1.99    997
  0845  46161 370929   6.03  10.36 999.99   4.51  10.47    83   2.35   341   2.03   1020
  0845  46161 370929   7.03   9.58 999.99   4.50  10.47    83   2.38   346   2.06   1035
  0846  46161 370929   8.03   8.65 999.99   4.50  10.49    83   2.43   352   2.10   1059
  0846  46161 370929   9.04   7.64 999.99   4.49  10.52    83   2.49   361   2.16   1090
  0847  46161 370929  10.03   6.72 999.99   4.49  10.54    84   2.51   365   2.18   1102
  0847  46161 370929  11.02   5.68 999.99   4.45  10.55    84   2.76   401   2.41   1228
  0848  46161 370929  12.01   4.59 999.99   4.42  10.56    84   3.09   450   2.72   1402
  0849  46161 370929  13.05   3.39 999.99   4.32  10.59    84   4.00   583   3.58   1990
  0849  46161 370929  14.02   2.46 999.99   4.24  10.63    85   4.84   707   4.40   2446
  0849  46161 370929  15.02   1.48 999.99   4.02  10.58    85   6.68   982   6.26   3481
  0850  46161 370929  15.99   0.64 999.99   3.80  10.48    85   8.81  1304   8.48   4729
 -0858  46358 370360   0.96  12.91 999.99   4.70  10.41    83   2.13   307   1.82    900
  0858  46358 370360   1.94   0.56 999.99   4.68  10.41    83   2.19   316   1.87    931
  0859  46358 370360   3.01   0.67 999.99   4.63  10.41    83   2.32   336   2.00   1002
  0859  46358 370360   4.01  10.08 999.99   4.64  10.41    83   2.29   331   1.97    985
  0900  46358 370360   5.01   9.04 999.99   4.58  10.42    83   2.42   350   2.09   1051
  0900  46358 370360   6.01   8.23 999.99   4.57  10.42    83   2.42   351   2.09   1053
  0901  46358 370360   7.01   7.22 999.99   4.54  10.42    83   2.54   368   2.20   1112
  0901  46358 370360   8.02   6.30 999.99   4.53  10.45    83   2.56   372   2.22   1127
  0902  46358 370360   9.01   5.10 999.99   4.50  10.48    83   2.63   382   2.29   1163
  0902  46358 370360  10.03   3.95 999.99   4.42  10.54    84   3.15   458   2.77   1431
  0903  46358 370360  11.01   2.97 999.99   4.31  10.52    84   3.70   540   3.30   1833
  0903  46358 370360  12.02   1.96 999.99   4.32  10.55    84   4.06   592   3.64   2024
  0904  46358 370360  13.01   0.95 999.99   4.23  10.56    84   4.89   716   4.46   2478
 -0909  46567 369383   1.00  12.66 999.99   4.94  10.34    83   2.05   295   1.74    858
  0910  46567 369383   2.00  11.65 999.99   4.94  10.36    83   2.04   293   1.73    853
  0911  46567 369383   3.00  10.50 999.99   4.92  10.35    83   2.05   295   1.74    858
  0911  46567 369383   4.00   9.55 999.99   4.94  10.35    83   2.06   295   1.74    859
  0911  46567 369383   5.02   8.65 999.99   4.92  10.34    83   2.12   304   1.80    890
  0912  46567 369383   6.01   7.84 999.99   4.79  10.34    82   2.28   328   1.95    975
  0912  46567 369383   7.02   6.72 999.99   4.70  10.35    82   2.38   343   2.04   1026
  0913  46567 369383   8.02   5.52 999.99   4.58  10.38    82   2.46   357   2.13   1074
  0913  46567 369383   9.01   4.42 999.99   4.47  10.45    83   2.61   380   2.27   1154
  0914  46567 369383  10.00   3.44 999.99   4.43  10.47    83   2.84   413   2.49   1273
  0915  46567 369383  11.03   2.46 999.99   4.34  10.52    84   3.45   503   3.06   1700
  0915  46567 369383  12.02   1.48 999.99   4.33  10.54    84   3.89   568   3.49   1935
  0915  46567 369383  12.98   0.56 999.99   4.17  10.47    84   5.13   752   4.70   2613
 -0929  46955 367427   1.01  12.32 999.99   4.18  10.32    80   1.86   273   1.61    783
  0930  46955 367427   1.98  11.26 999.99   4.18  10.34    80   1.87   273   1.61    783
  0930  46955 367427   2.98  10.11 999.99   4.17  10.35    80   1.86   272   1.60    781
  0931  46955 367427   3.99   8.90 999.99   4.15  10.32    80   1.86   273   1.61    783
  0931  46955 367427   4.98   8.01 999.99   4.12  10.31    80   1.87   274   1.61    786
  0932  46955 367427   6.02   7.20 999.99   4.13  10.30    80   1.89   277   1.63    796
  0932  46955 367427   7.03   6.27 999.99   4.23  10.30    80   1.98   290   1.71    842
  0933  46955 367427   8.00   5.43 999.99   4.33  10.28    80   2.19   320   1.90    945
  0933  46955 367427   9.04   5.10 999.99   4.36  10.32    80   2.32   339   2.01   1010
  0934  46955 367427  10.05   3.75 999.99   4.52  10.40    82   2.59   376   2.25   1142
  0934  46955 367427  11.05   2.38 999.99   4.50  10.50    82   2.90   421   2.54   1301
  0935  46955 367427  12.01   1.40 999.99   4.40  10.55    83   3.10   451   2.73   1408
  0936  46955 367427  12.98   0.56 999.99   4.13  10.53    83   5.16   756   4.73   2629
 -0946  46899 365456   1.01  11.79 999.99   3.92  10.24    79   1.69   249   1.46    714
  0946  46899 365456   1.98  10.89 999.99   3.91  10.27    79   1.68   248   1.45    713
  0946  46899 365456   2.98   9.88 999.99   3.91  10.28    79   1.68   248   1.45    713
  0947  46899 365456   4.00   9.30 999.99   3.91  10.28    79   1.69   249   1.46    714
  0948  46899 365456   5.00   8.23 999.99   3.92  10.27    79   1.70   250   1.46    718
  0948  46899 365456   6.01   7.20 999.99   3.97  10.24    79   1.77   260   1.53    755
  0949  46899 365456   7.03   6.13 999.99   4.04  10.22    79   1.91   281   1.66    811
  0949  46899 365456   8.01   5.12 999.99   4.09  10.23    79   2.02   297   1.75    865
  0950  46899 365456   9.00   4.03 999.99   4.13  10.25    79   2.14   314   1.86    924
  0950  46899 365456  10.02   3.11 999.99   4.25  10.22    80   2.44   357   2.13   1075
  0951  46899 365456  10.99   2.35 999.99   4.29  10.30    80   3.03   442   2.67   1375
  0951  46899 365456  12.00   1.48 999.99   4.25  10.42    82   3.91   572   3.51   1950
  0952  46899 365456  12.96   0.56 999.99   4.22  10.47    82   4.19   613   3.78   2099
 -1010  44865 362025   0.99   8.48 999.99   3.92   9.90    76   1.48   218   1.27    605
  1010  44865 362025   1.99   7.06 999.99   3.92   9.92    76   1.48   218   1.27    606
  1011  44865 362025   2.99   0.56 999.99   3.92   9.92    76   1.48   218   1.27    605
  1011  44865 362025   4.00   4.28 999.99   3.93   9.90    76   1.48   219   1.27    609
  1012  44865 362025   5.00   3.36 999.99   3.93   9.90    76   1.49   220   1.28    614
  1012  44865 362025   6.01   2.35 999.99   3.94   9.90    76   1.50   221   1.29    617
  1013  44865 362025   7.01   1.46 999.99   3.99   9.89    76   1.63   240   1.40    681
  1014  44865 362025   8.01   2.72 999.99   4.02   9.91    76   1.75   258   1.51    747
  1015  44865 362025   8.98   2.86 999.99   4.04   9.95    77   1.90   279   1.65    805
  1015  44865 362025   9.95   2.72 999.99   4.05   9.95    77   1.99   292   1.73    850
  1016  44865 362025  11.02   1.88 999.99   4.07  10.03    78   2.23   328   1.95    973
  1016  44865 362025  12.01   0.70 999.99   4.16  10.14    79   2.73   400   2.40   1224
 -1034  44256 359089   0.95  11.40 999.99   3.89   9.69    74   1.34   198   1.15    536
  1035  44256 359089   1.98   0.64 999.99   3.90   9.73    75   1.34   198   1.15    537
  1035  44256 359089   2.99   9.66 999.99   3.90   9.73    75   1.34   198   1.15    536
  1036  44256 359089   3.99   8.74 999.99   3.90   9.73    75   1.35   199   1.15    539
  1036  44256 359089   4.98   7.92 999.99   3.92   9.69    74   1.36   201   1.16    547
  1036  44256 359089   5.99   6.97 999.99   3.91   9.71    74   1.36   200   1.16    542
  1037  44256 359089   6.99   6.08 999.99   3.94   9.70    74   1.40   207   1.20    568
  1037  44256 359089   7.99   5.32 999.99   3.96   9.73    75   1.47   217   1.26    602
  1038  44256 359089   8.98   4.23 999.99   3.99   9.71    75   1.63   240   1.40    684
  1039  44256 359089   9.99   3.08 999.99   4.01   9.78    76   1.88   277   1.63    798
  1039  44256 359089  10.98   1.99 999.99   4.03   9.84    76   2.09   307   1.82    900
  1040  44256 359089  11.97   0.81 999.99   4.04   9.89    77   2.26   333   1.98    990
 -1123  42636 352113   1.00  11.82 999.99   3.90   8.98    69   0.94   138   0.78    328
  1123  42636 352113   1.96  10.75 999.99   3.89   8.99    69   0.93   138   0.78    327
  1124  42636 352113   2.96   9.49 999.99   3.88   9.01    69   0.93   137   0.78    326
  1124  42636 352113   4.01   8.46 999.99   3.90   8.98    69   0.95   141   0.80    338
  1125  42636 352113   5.02   7.45 999.99   3.95   8.94    68   1.01   149   0.85    365
  1125  42636 352113   6.03   6.47 999.99   3.96   8.96    69   1.03   152   0.87    377
  1126  42636 352113   7.03   5.46 999.99   3.90   9.12    70   1.16   172   0.99    445
  1127  42636 352113   8.01   4.68 999.99   3.89   9.28    71   1.26   186   1.07    495
  1127  42636 352113   9.04   3.84 999.99   3.90   9.38    72   1.30   192   1.11    514
  1128  42636 352113  10.02   2.91 999.99   3.92   9.40    72   1.46   216   1.25    598
  1128  42636 352113  11.01   1.96 999.99   3.93   9.42    72   1.59   234   1.36    661
  1129  42636 352113  12.04   1.09 999.99   3.96   9.45    73   1.83   270   1.58    771
  1129  42636 352113  13.02  22.90 999.99   3.98   9.45    73   1.93   285   1.68    823
 -1149  40663 348850   1.02   8.62 999.99   3.30   8.56    64   0.73   110   0.62    237
  1149  40663 348850   1.99   0.62 999.99   3.31   8.59    65   0.73   110   0.62    237
  1149  40663 348850   2.99   0.62 999.99   3.31   8.57    64   0.73   110   0.62    235
  1150  40663 348850   3.99   0.78 999.99   3.31   8.57    64   0.73   110   0.62    235
  1151  40663 348850   5.00   5.10 999.99   3.29   8.55    64   0.75   113   0.64    248
  1151  40663 348850   6.00   5.18 999.99   3.27   8.55    64   0.77   115   0.65    255
  1152  40663 348850   7.00   4.98 999.99   3.26   8.58    64   0.77   116   0.66    258
  1152  40663 348850   8.01   4.87 999.99   3.25   8.62    65   0.79   119   0.67    266
  1153  40663 348850   9.00   4.28 999.99   3.27   8.72    66   0.91   137   0.78    323
  1153  40663 348850   9.99   3.36 999.99   3.40   8.77    66   1.04   155   0.89    388
  1154  40663 348850  11.00   2.49 999.99   3.54   8.82    67   1.22   182   1.05    481
  1154  40663 348850  11.99   1.65 999.99   3.75   8.90    68   1.43   213   1.23    587
  1155  40663 348850  12.98   0.59 999.99   3.96   9.00    69   1.77   261   1.53    742
 -1210  39083 346347   1.00  11.31 999.99   2.52   8.69    64   0.68   104   0.58    218
  1211  39083 346347   1.95  10.44 999.99   2.52   8.73    64   0.68   104   0.58    218
  1212  39083 346347   2.99   0.67 999.99   2.52   8.73    64   0.68   104   0.58    217
  1212  39083 346347   4.00   8.48 999.99   2.52   8.74    64   0.68   104   0.58    217
  1213  39083 346347   5.00   7.50 999.99   2.53   8.71    64   0.67   103   0.58    215
  1213  39083 346347   5.99   6.55 999.99   2.52   8.74    64   0.68   104   0.58    216
  1213  39083 346347   6.99   5.57 999.99   2.53   8.74    64   0.68   104   0.58    216
  1214  39083 346347   7.99   4.62 999.99   2.52   8.77    65   0.68   104   0.58    217
  1214  39083 346347   8.98   3.78 999.99   2.53   8.78    65   0.68   104   0.59    218
  1215  39083 346347  10.00   2.77 999.99   2.58   8.81    65   0.69   106   0.60    225
  1215  39083 346347  10.99   1.82 999.99   2.63   8.78    65   0.70   108   0.61    229
  1216  39083 346347  11.98   0.84 999.99   2.88   8.75    65   0.80   121   0.68    274
