# MEETVAARTUIG : M.C.ECOS 8 VERTIKAAL
# MEETDATUM    : 19-07-2018 08:38:26
# MEETGEBIED   : KANAAL GENT-TERNEUZE
# STARTPUNT    : Terneuzen
# EINDPUNT     : Gent
# PROJECTCODE  : E7801X
# OPDRACHTGEVER: ZHXXREG_KWALTMNT
# BEHEERDER    : ZLXXAXBMDBG
# BEMONST. INST:
# WAARNEMER(S) : Dolf van der Gaag
#
* 20180719
$ 9999 [000000000000000]
>TIJD      uumm                    
>X         coordinaat              
>Y         coordinaat              
>SENSHTE   Diepte set        m     
>Echms     Echoset           mtrs  
>Temp      Temperatuur       oC    : 17  0.5   11  0.5
>pH        Zuurgraad         dimsls
>O2        Zuurstof          mg/l  
>%O2       Zuurstof%         %     
>GELBH     Geleidendheid     mS/cm 
>GEL20     Gel20             ???   
>SALNTT    Saliniteit        dimsl 
>CL-       Chloride          mg/l  : 250  250  15  250
>CHFLYSI   Chlorofyl         ugr/l 
>TURBID    Troebelheid       NTU   
 -0838  45711 371934   1.03   0.00  22.93   8.13   9.14   111  13.76  1295   8.31   4619   3.00   1.90
  0838  45691 371936   2.00  16.08  22.99   8.12   9.16   111  13.87  1304   8.37   4653   2.80   1.90
  0839  45684 371936   3.00  14.89  23.00   8.13   9.14   111  13.91  1307   8.40   4667   2.80   1.90
  0839  45684 371939   4.01  13.85  23.00   8.13   9.11   111  13.94  1310   8.42   4678   2.80   1.90
  0840  45687 371938   4.98  13.06  23.02   8.13   9.08   110  14.00  1315   8.45   4698   2.80   1.90
  0840  45682 371933   6.02  12.10  23.04   8.12   9.03   110  14.42  1354   8.72   4849   2.80   1.90
  0840  45673 371943   7.04  11.10  23.05   8.12   9.00   110  14.67  1377   8.89   4940   2.50   2.00
  0841  45668 371940   8.00   9.99  23.06   8.12   8.98   110  14.84  1393   9.00   5001   2.70   2.00
  0841  45667 371936   8.99   8.83  23.07   8.12   8.97   110  14.86  1394   9.01   5007   2.70   2.00
  0842  45665 371942   9.94   7.84  23.02   8.12   8.91   109  15.71  1476   9.58   5327   2.60   2.20
  0842  45661 371959  10.96   7.09  22.84   8.09   8.81   109  18.28  1723  11.34   6314   2.50   2.60
  0843  45670 371960  12.02   6.50  22.69   8.12   8.62   107  20.30  1920  12.75   7109   2.40   4.30
  0844  45677 371954  12.98   6.34  22.31   8.10   8.41   106  26.01  2479  16.86   9431   2.30   6.20
  0844  45676 371956  14.02   5.39  22.20   8.10   8.35   106  27.68  2644  18.10  10133   2.30   7.20
  0844  45680 371957  14.97   4.46  22.04   8.11   8.27   106  29.88  2863  19.76  11076   2.30   8.60
  0845  45673 371956  15.98   3.65  22.01   8.13   8.23   105  30.24  2900  20.03  11233   2.10  10.00
  0845  45675 371965  16.98   2.63  21.97   8.14   8.20   105  30.71  2947  20.40  11439   1.90   9.80
  0845  45677 371970  18.00   1.70  21.95   8.15   8.17   105  30.99  2975  20.61  11561   2.00  10.20
  0846  45677 371967  18.96   0.94  21.85   8.15   8.14   105  32.42  3119  21.71  12189   2.00  11.80
 -0853  46119 371001   0.96  13.93  23.02   8.18   8.90   108  13.74  1291   8.28   4603   3.00   2.00
  0853  46129 370986   2.00  13.14  23.03   8.17   8.89   108  13.77  1293   8.30   4613   2.80   1.90
  0853  46132 370981   3.05  12.20  23.03   8.17   8.89   108  13.77  1293   8.30   4613   2.70   1.90
  0854  46141 370974   3.99   0.00  23.03   8.17   8.89   108  13.83  1299   8.34   4634   2.60   1.90
  0854  46144 370970   5.08  10.59  23.04   8.16   8.85   108  13.95  1310   8.42   4677   2.70   1.90
  0854  46147 370967   5.99   9.60  23.07   8.16   8.83   108  14.16  1329   8.55   4751   2.60   2.00
  0854  46153 370966   7.01   8.54  23.11   8.15   8.79   108  14.91  1398   9.03   5021   2.80   2.10
  0855  46157 370962   7.99   7.63  23.13   8.15   8.79   108  15.24  1428   9.24   5140   2.70   2.30
  0855  46158 370955   9.02   6.54  23.07   8.15   8.78   108  16.15  1515   9.86   5484   2.70   2.30
  0855  46160 370943   9.97   5.55  22.95   8.14   8.69   107  18.00  1693  11.12   6192   2.60   2.60
  0856  46164 370934  11.01   4.70  22.85   8.14   8.61   107  19.35  1824  12.06   6719   2.30   2.90
  0856  46165 370930  12.04   3.64  22.65   8.12   8.50   106  22.21  2102  14.08   7856   2.20   3.60
  0857  46166 370924  12.95   2.68  22.37   8.11   8.36   106  25.93  2468  16.78   9386   2.10   4.40
  0858  46169 370907  13.99   0.84  22.07   8.14   7.98   102  29.35  2811  19.36  10849   2.10   8.80
 -0902  46321 370419   1.01  12.48  23.21   8.18   8.73   106  13.69  1281   8.22   4565   2.90   2.50
  0902  46330 370394   2.01  11.50  23.22   8.17   8.71   106  13.73  1284   8.24   4578   2.60   2.30
  0902  46334 370383   2.85  10.59  23.22   8.17   8.69   106  13.73  1284   8.24   4578   2.40   2.30
  0902  46336 370373   3.94   9.69  23.21   8.16   8.66   106  13.82  1293   8.30   4612   2.40   2.30
  0903  46340 370364   4.97   8.61  23.19   8.16   8.64   106  14.01  1311   8.43   4683   2.40   2.20
  0903  46341 370355   6.05   7.43  23.15   8.15   8.63   105  14.36  1345   8.66   4815   2.40   2.20
  0903  46343 370349   6.98   6.45  23.14   8.15   8.59   105  14.93  1399   9.04   5025   2.40   2.30
  0903  46342 370349   8.02   5.38  23.11   8.14   8.61   106  15.35  1439   9.32   5183   2.60   2.30
  0904  46345 370345   9.00   4.48  23.06   8.14   8.62   106  16.34  1534   9.99   5556   2.70   2.40
  0904  46347 370337   9.98   3.50  22.98   8.13   8.59   106  17.90  1683  11.04   6150   2.50   2.40
  0904  46347 370331  11.00   2.53  22.88   8.13   8.56   106  19.31  1819  12.02   6699   2.50   2.60
  0905  46347 370322  12.01   1.61  22.75   8.13   8.49   106  20.94  1978  13.17   7346   2.40   3.10
  0906  46347 370304  13.01   0.75  22.41   8.13   8.07   101  24.74  2353  15.93   8901   2.20   8.90
 -0911  46551 369425   1.00  11.69  23.33   8.16   8.77   107  13.27  1239   7.92   4400   2.70   2.30
  0911  46560 369378   1.99  12.28  23.31   8.15   8.73   107  13.32  1244   7.96   4420   2.50   2.30
  0911  46562 369367   3.03  11.19  23.30   8.15   8.63   105  13.45  1256   8.04   4468   2.40   2.30
  0912  46564 369366   4.02  10.19  23.29   8.14   8.60   105  13.57  1268   8.12   4513   2.30   2.30
  0912  46566 369363   5.01   9.23  23.28   8.14   8.56   105  13.84  1293   8.30   4612   2.30   2.30
  0912  46564 369355   5.98   8.31  23.27   8.14   8.52   104  14.03  1311   8.42   4682   2.40   2.40
  0913  46568 369353   7.01   7.26  23.25   8.13   8.51   104  14.22  1330   8.55   4753   2.50   2.30
  0913  46568 369348   7.99   6.25  23.18   8.12   8.47   104  14.93  1398   9.03   5020   2.40   2.30
  0913  46567 369345   8.96   5.30  23.10   8.12   8.45   104  15.78  1480   9.61   5343   2.30   2.40
  0913  46566 369340   9.97   4.13  23.02   8.12   8.42   104  16.73  1571  10.25   5706   2.40   2.60
  0914  46564 369330  11.00   3.01  22.83   8.11   8.29   103  19.29  1819  12.02   6699   2.40   3.50
  0914  46566 369329  12.00   2.04  22.73   8.11   8.21   102  20.56  1943  12.92   7202   2.20   3.80
  0915  46566 369322  12.97   0.85  22.51   8.11   7.97   100  23.30  2211  14.88   8310   2.10   6.00
 -0925  46915 367462   1.03  12.38  23.19   8.14   8.61   104  12.52  1172   7.46   4144   2.80   2.70
  0925  46928 367426   2.01  11.36  23.07   8.14   8.55   104  12.66  1188   7.57   4206   2.70   2.70
  0926  46930 367417   3.00   5.53  23.02   8.13   8.50   103  12.63  1186   7.56   4200   2.40   2.60
  0926  46931 367408   4.01   9.44  23.02   8.13   8.46   102  12.87  1209   7.72   4287   2.60   2.50
  0926  46935 367403   5.02   8.44  23.02   8.13   8.44   102  12.91  1213   7.74   4301   2.40   2.60
  0926  46935 367399   6.05   7.45  23.06   8.12   8.38   102  13.22  1241   7.94   4409   2.40   2.60
  0927  46936 367396   6.97   6.41  23.10   8.11   8.34   102  13.96  1309   8.41   4674   2.50   2.60
  0927  46937 367392   7.98   5.40  23.15   8.10   8.32   102  15.12  1417   9.16   5094   2.20   2.70
  0927  46939 367386   8.98   4.45  23.09   8.10   8.28   102  16.40  1538  10.02   5574   2.10   2.80
  0928  46938 367379  10.02   3.41  23.05   8.11   8.25   102  16.76  1573  10.27   5713   2.30   2.90
  0928  46938 367372  10.97   2.43  23.00   8.10   8.21   101  17.29  1625  10.63   5918   2.20   3.00
  0929  46939 367368  11.98   1.46  22.87   8.10   8.12   100  18.82  1773  11.69   6514   2.20   3.70
  0929  46942 367359  12.99   0.00  22.57   8.09   7.80    97  22.24  2108  14.12   7883   2.30   8.80
 -0939  46884 365547   1.02  11.91  22.91   8.12   8.34   101  12.21  1149   7.31   4058   3.00   3.10
  0939  46874 365483   2.03  10.93  22.90   8.12   8.29   100  12.27  1155   7.35   4081   2.70   3.10
  0940  46875 365478   3.00  10.33  22.91   8.12   8.27   100  12.31  1159   7.37   4095   2.60   3.00
  0940  46874 365475   4.06   9.15  22.90   8.11   8.23    99  12.55  1182   7.53   4182   2.70   3.00
  0940  46873 365472   4.98   8.36  22.91   8.11   8.18    99  12.66  1192   7.60   4221   2.60   3.10
  0941  46872 365470   5.97   7.25  22.92   8.11   8.15    99  12.85  1209   7.72   4289   2.50   3.10
  0941  46872 365466   6.99   6.31  22.94   8.10   8.12    98  13.30  1251   8.01   4451   2.50   3.10
  0941  46870 365459   8.00   5.51  22.94   8.09   8.11    98  13.53  1273   8.16   4534   2.70   3.00
  0942  46869 365457   9.02   4.23  22.98   8.08   8.06    98  14.80  1391   8.98   4995   2.50   3.20
  0942  46869 365455  10.02   3.46  22.99   8.07   8.03    99  16.37  1539  10.02   5576   2.20   3.30
  0942  46868 365453  10.97   2.43  22.95   8.08   8.03    99  17.60  1656  10.85   6041   2.30   3.60
  0942  46867 365449  12.06   1.35  22.82   8.07   7.97    99  19.32  1822  12.04   6712   2.10   4.20
  0943  46863 365443  12.96   0.75  22.71   8.08   7.83    97  20.53  1941  12.90   7194   2.10   6.90
 -0958  44869 362173   1.04  10.34  22.96   8.09   8.18    98  11.40  1072   6.78   3763   3.20   3.50
  0959  44834 362074   2.04   9.96  22.95   8.08   8.02    97  11.44  1076   6.81   3778   2.80   3.60
  0959  44832 362061   2.98   9.36  22.96   8.08   7.96    96  11.49  1081   6.84   3795   2.80   3.60
  0959  44835 362038   4.06   9.51  22.95   8.07   7.92    96  11.76  1106   7.01   3893   2.60   3.60
  1000  44833 362021   5.04   8.55  22.95   8.07   7.87    95  11.82  1112   7.05   3914   2.50   3.50
  1000  44831 362008   5.90   8.03  22.95   8.07   7.81    94  12.00  1129   7.17   3979   2.50   3.60
  1000  44835 361997   6.98   7.21  22.95   8.06   7.76    94  12.30  1157   7.36   4087   2.40   3.60
  1001  44840 361982   8.01   6.65  22.95   8.05   7.70    94  13.52  1272   8.15   4530   2.60   3.60
  1001  44847 361977   8.97   5.18  22.93   8.04   7.69    94  14.79  1392   8.99   4997   2.20   3.90
  1001  44852 361967  10.05   3.76  22.92   8.04   7.68    94  15.54  1463   9.49   5276   2.10   3.90
  1002  44852 361954  11.02   2.69  22.84   8.04   7.62    94  16.77  1581  10.32   5745   2.00   4.50
  1002  44847 361950  12.00   1.78  22.79   8.05   7.55    93  17.52  1653  10.84   6033   2.00   5.20
  1003  44847 361946  12.94   1.04  22.76   8.04   7.51    92  18.10  1709  11.23   6257   2.00   5.30
 -1019  44260 359177   1.01  12.35  22.94   8.09   7.79    94  11.27  1060   6.70   3718   2.90   4.00
  1020  44242 359122   2.06  11.20  22.93   8.08   7.76    93  11.39  1072   6.78   3762   2.90   4.00
  1020  44241 359115   2.99  10.36  22.94   8.08   7.73    93  11.29  1062   6.71   3725   2.70   4.00
  1021  44237 359099   4.00   9.30  22.92   8.06   7.58    91  11.67  1098   6.96   3863   2.60   4.20
  1021  44237 359082   4.98   8.25  22.92   8.05   7.50    90  12.13  1142   7.26   4029   2.50   4.40
  1022  44236 359076   5.96   7.34  22.92   8.05   7.46    90  12.37  1164   7.41   4115   2.60   4.70
  1022  44233 359073   6.94   6.33  22.92   8.04   7.44    90  12.40  1167   7.43   4126   2.60   4.70
  1022  44232 359066   7.98   5.30  22.92   8.04   7.40    90  13.03  1226   7.84   4354   2.50   5.10
  1022  44233 359062   8.97   4.43  22.91   8.03   7.39    90  13.56  1277   8.19   4548   2.40   5.10
  1023  44233 359055   9.92   3.71  22.90   8.03   7.38    90  13.95  1314   8.44   4692   2.30   5.50
  1023  44230 359052  10.94   2.65  22.88   8.03   7.37    90  14.29  1346   8.67   4819   2.30   6.20
  1023  44230 359046  11.98   1.54  22.87   8.03   7.34    89  14.74  1389   8.97   4986   2.40   6.40
  1023  44225 359042  12.95   0.00  22.85   8.02   7.30    89  15.12  1425   9.22   5129   2.10   7.00
 -1052  42653 352310   1.05  12.88  22.88   8.03   6.92    83   9.41   886   5.52   3063   2.90   4.40
  1052  42649 352292   2.01  11.74  22.88   8.03   6.94    83   9.40   885   5.51   3058   2.90   4.40
  1053  42643 352272   2.97  10.45  22.89   8.02   6.81    81   9.53   897   5.60   3103   2.80   4.50
  1053  42641 352267   3.95   9.16  22.87   8.02   6.78    81   9.57   902   5.63   3122   2.70   4.40
  1054  42636 352247   5.00   8.00  22.84   7.99   6.40    77  10.15   957   6.00   3327   2.10   4.50
  1055  42630 352221   6.02   7.39  22.81   7.97   6.16    74  10.74  1013   6.38   3540   1.90   4.30
  1055  42626 352216   7.04   6.45  22.81   7.96   6.16    74  11.11  1048   6.62   3672   1.60   4.40
  1056  42619 352209   7.96   5.64  22.82   7.95   6.16    74  11.67  1101   6.97   3872   1.60   4.50
  1056  42611 352189   9.01   4.39  22.73   7.94   6.03    73  12.28  1160   7.38   4101   1.30   4.50
  1057  42609 352181   9.99   3.54  22.72   7.94   6.00    72  12.61  1192   7.60   4221   1.30   4.40
  1057  42606 352168  10.95   2.58  22.66   7.92   5.97    72  14.19  1343   8.65   4807   1.30   4.80
  1058  42597 352151  11.98   1.63  22.61   7.93   5.85    71  14.72  1394   9.01   5008   1.30   7.00
  1059  42582 352123  13.03   0.75  22.49   7.91   5.38    65  15.68  1489   9.67   5381   1.00   6.30
 -1116  40731 348975   1.04  12.69  22.75   8.04   6.76    80   8.82   833   5.17   2866   3.30   5.80
  1117  40708 348921   2.06  11.90  22.67   8.02   6.37    76   9.01   852   5.30   2936   3.00   7.10
  1118  40700 348907   2.93  11.31  22.60   8.01   6.27    74   9.02   854   5.31   2944   3.00   8.10
  1118  40698 348903   3.94  10.11  22.58   8.00   6.23    74   9.24   876   5.45   3024   2.90   9.30
  1119  40682 348884   4.99   9.05  22.55   7.97   5.87    70   9.77   927   5.79   3214   2.70  14.30
  1119  40680 348879   6.01   7.88  22.55   7.96   5.80    69   9.90   939   5.88   3261   2.40  15.70
  1120  40674 348864   6.97   7.16  22.55   7.95   5.53    66  10.32   979   6.15   3410   2.20  16.70
  1121  40667 348844   8.00   5.75  22.52   7.93   5.31    63  10.84  1029   6.48   3599   2.10  19.10
  1122  40657 348835   9.04   4.66  22.50   7.90   5.14    62  11.85  1125   7.14   3966   1.80  19.40
  1122  40652 348833  10.06   3.61  22.51   7.90   5.10    61  11.89  1129   7.17   3979   1.70  18.90
  1122  40650 348832  10.93   2.76  22.55   7.89   5.08    61  12.45  1181   7.52   4179   1.50  17.90
  1123  40646 348828  11.98   1.75  22.57   7.89   5.23    63  13.33  1264   8.10   4499   1.30  13.10
  1124  40636 348818  13.02   0.85  22.45   7.86   4.71    57  14.61  1388   8.97   4986   1.20  13.60
 -1139  39134 346475   1.03  12.79  23.16   8.14   8.03    95   6.10   571   3.45   1910   3.20   5.60
  1140  39116 346367   1.99  11.45  22.89   8.05   7.06    84   6.58   620   3.76   2085   2.60   4.90
  1142  39122 346341   3.01  10.30  22.81   8.00   6.21    74   7.72   728   4.47   2479   1.90   4.30
  1143  39124 346332   3.99   9.41  22.68   7.94   5.41    64   8.65   818   5.07   2810   1.80   4.30
  1145  39132 346312   5.01   0.00  22.52   7.88   4.63    55   9.26   879   5.47   3035   1.70   4.80
  1146  39131 346299   6.02   1.94  22.38   7.81   3.66    43   9.99   951   5.96   3305   1.30   5.20
  1147  39130 346299   6.99   6.54  22.30   7.77   3.47    41  10.85  1034   6.52   3621   1.00   4.80
  1148  39130 346289   8.02   5.59  22.37   7.79   3.94    47  11.52  1097   6.95   3858   1.10   5.60
  1149  39125 346270   8.96   3.50  22.43   7.81   4.19    50  11.89  1130   7.18   3987   0.90   6.40
  1150  39129 346245  10.01   2.53  22.44   7.82   4.42    53  11.99  1140   7.24   4022   1.10   6.70
  1150  39127 346242  10.99   1.59  22.47   7.82   4.48    54  12.64  1201   7.66   4257   1.10   7.70
  1151  39130 346273  11.97   1.59  22.47   7.82   4.47    54  12.98  1233   7.89   4381   1.20  13.40
  1152  39134 346283  12.99   0.75  22.43   7.81   4.42    53  13.66  1299   8.34   4636   1.20  15.70
