# MEETVAARTUIG : M.C.ECOS2 YSI
# MEETDATUM    : 11-09-2012 08:06:03
# MEETGEBIED   : KANAAL GENT-TERNEUZE
# STARTPUNT    : Terneuzen
# EINDPUNT     : Gent
# PROJECTCODE  : 7801X
# OPDRACHTGEVER: ZLXXREG_KWALTMNT
# BEHEERDER    : RIKZITIMDBG
# BEMONST. INST:
# WAARNEMER(S) : H.Satink
#
* 20120911
$ 9999 [0000000000000]
>TIJD      uumm                    
>X         coordinaat              
>Y         coordinaat              
>SENSHTE   Diepte set        m     
>Echms     Echoset           mtrs  
>Temp      Temperatuur       oC    : 16  0.5   11  0.5
>pH        Zuurgraad         dimsls
>O2        Zuurstof          mg/l  
>%O2       Zuurstof%         %     
>GELBH     Geleidendheid     mS/cm 
>GEL20     Gel20             ???   
>SALNTT    Saliniteit        dimsl 
>CL-       Chloride          mg/l  : 250  250  15  250
 -0806  45708 371898   1.10  15.87  21.23   7.82   7.10    83   9.89   964   6.05   3358
  0806  45699 371917   2.11  14.51  21.24   7.81   7.11    83   9.92   966   6.07   3366
  0806  45698 371922   3.09   1.25  21.24   7.81   7.11    83   9.90   965   6.06   3362
  0807  45699 371924   4.11   0.59  21.25   7.81   7.10    83   9.91   966   6.06   3365
  0807  45700 371926   5.11   5.63  21.29   7.81   7.08    83   9.99   973   6.11   3391
  0807  45699 371930   6.09  11.01  21.33   7.81   7.07    83  10.14   987   6.20   3443
  0807  45695 371933   7.13  10.08  21.30   7.81   7.07    83  10.00   973   6.11   3391
  0808  45691 371937   8.08   9.16  21.36   7.80   7.06    83  10.35  1006   6.34   3518
  0808  45687 371940   9.05   8.19  21.30   7.80   7.05    83  10.78  1049   6.63   3681
  0808  45682 371942  10.05   7.34  21.25   7.76   7.00    83  12.91  1258   8.06   4481
  0809  45684 371936  11.04   6.11  21.20   7.75   6.98    83  14.29  1393   8.99   5009
  0809  45689 371928  12.05   5.07  21.09   7.75   6.96    83  16.00  1564  10.21   5684
  0810  45697 371920  13.01   4.59  20.74   7.74   6.81    83  21.88  2154  14.50   8080
  0810  45700 371919  13.97   4.00  20.61   7.74   6.75    83  23.93  2363  16.01   8952
  0810  45702 371919  14.89   3.14  20.43   7.75   6.66    82  27.17  2693  18.47  10351
  0811  45702 371922  15.98   2.09  20.40   7.78   6.65    82  27.75  2752  18.92  10604
  0811  45702 371923  16.98   1.12  20.38   7.79   6.64    82  28.00  2778  19.12  10717
  0811  45702 371925  17.96  26.73  20.33   7.79   6.61    82  28.99  2879  19.88  11152
 -0818  46154 370943   1.05  12.60  21.32   7.82   7.00    82   9.95   968   6.08   3372
  0818  46168 370928   2.05  12.04  21.34   7.81   6.98    82   9.98   970   6.09   3382
  0819  46169 370928   3.04  11.23  21.34   7.81   6.97    82  10.01   973   6.11   3393
  0819  46167 370926   4.07  10.00  21.34   7.81   6.96    82  10.02   974   6.12   3397
  0819  46164 370925   5.05   0.59  21.36   7.81   6.96    82  10.12   984   6.18   3432
  0820  46161 370923   6.07   1.06  21.37   7.81   6.96    82  10.37  1008   6.35   3523
  0820  46159 370923   7.03   6.75  21.38   7.81   6.98    82  10.42  1012   6.38   3540
  0820  46158 370924   8.05   5.82  21.37   7.80   6.98    82  10.68  1038   6.55   3637
  0820  46157 370925   9.06   4.87  21.35   7.79   6.98    82  11.24  1093   6.92   3846
  0821  46156 370926  10.07   3.92  21.34   7.79   6.99    82  11.68  1136   7.22   4010
  0821  46156 370927  11.05   3.02  21.29   7.77   6.98    83  12.85  1251   8.01   4454
  0821  46155 370929  12.03   2.16  21.08   7.72   6.91    83  16.76  1638  10.74   5980
  0822  46155 370931  13.01   1.29  20.76   7.72   6.76    82  21.83  2148  14.43   8057
  0822  46158 370926  13.99  11.70  20.57   7.72   6.64    82  25.45  2515  17.14   9592
 -0827  46353 370376   1.01  11.65  21.38   7.81   6.85    80   9.75   947   5.94   3295
  0827  46364 370361   2.05  10.89  21.38   7.80   6.85    80   9.81   953   5.98   3316
  0827  46366 370359   2.97  10.22  21.38   7.80   6.85    80   9.83   955   5.99   3324
  0828  46366 370360   3.98   0.56  21.38   7.80   6.86    80   9.86   957   6.01   3333
  0828  46366 370361   5.04   1.40  21.39   7.80   6.85    80  10.03   974   6.12   3396
  0828  46363 370361   6.00   0.59  21.39   7.79   6.86    80  10.30  1000   6.30   3495
  0829  46359 370360   6.98   6.08  21.41   7.79   6.90    81  10.37  1007   6.34   3519
  0829  46357 370359   8.65   4.45  21.41   7.79   6.92    81  10.80  1049   6.62   3678
  0829  46356 370357   9.01   4.09  21.38   7.79   6.99    82  11.16  1084   6.87   3813
  0830  46357 370356  10.04   3.14  21.36   7.79   6.98    82  11.67  1134   7.21   4005
  0830  46356 370357  11.00   2.21  21.27   7.76   6.94    82  13.40  1305   8.39   4664
  0830  46356 370358  12.01   1.32  21.21   7.75   6.93    82  14.18  1382   8.93   4967
  0831  46357 370362  12.99   0.56  20.94   7.73   6.71    81  18.79  1842  12.20   6802
 -0839  46561 369409   1.09  12.01  21.43   7.79   6.75    79   9.16   889   5.54   3075
  0839  46567 369387   2.09  11.23  21.45   7.79   6.75    79   9.19   891   5.56   3085
  0839  46568 369386   3.03  10.44  21.48   7.78   6.74    79   9.34   905   5.65   3137
  0840  46569 369385   4.04   9.63  21.48   7.79   6.73    79   9.38   910   5.68   3153
  0840  46569 369384   5.05   8.74  21.48   7.78   6.74    79   9.47   918   5.74   3186
  0840  46570 369382   6.03   7.87  21.45   7.78   6.73    79   9.93   963   6.04   3354
  0840  46571 369381   7.04   6.97  21.41   7.77   6.74    79  10.58  1027   6.48   3597
  0841  46571 369381   8.04   5.91  21.36   7.77   6.81    80  11.12  1081   6.84   3800
  0841  46570 369382   9.05   5.10  21.35   7.77   6.83    80  11.43  1111   7.05   3916
  0842  46568 369383  10.04   4.06  21.32   7.76   6.84    81  12.08  1175   7.49   4162
  0842  46564 369387  11.06   2.86  21.25   7.75   6.82    81  13.41  1306   8.40   4670
  0842  46562 369386  12.02   1.76  21.10   7.71   6.75    81  15.86  1550  10.11   5627
  0843  46560 369386  13.02   0.73  20.91   7.70   6.56    79  19.34  1897  12.60   7026
 -0920  46960 367436   1.05  11.84  20.99   7.79   6.55    76   8.68   850   5.28   2931
  0920  46967 367424   2.07  10.78  20.98   7.79   6.55    76   8.66   848   5.27   2925
  0920  46968 367425   3.07   9.86  20.99   7.78   6.54    76   8.67   849   5.28   2929
  0921  46969 367426   4.06   8.90  21.00   7.79   6.52    76   8.68   850   5.29   2933
  0921  46969 367429   5.08   7.95  21.03   7.78   6.52    76   8.89   870   5.42   3007
  0921  46968 367429   6.08   7.08  21.12   7.77   6.51    76   9.27   906   5.66   3140
  0922  46967 367429   7.08   6.24  21.17   7.76   6.51    76   9.72   948   5.94   3298
  0922  46965 367428   8.07   5.38  21.22   7.75   6.52    76  10.07   982   6.17   3425
  0922  46961 367426   9.05   4.59  21.32   7.75   6.54    77  10.45  1016   6.41   3556
  0923  46957 367425  10.06   3.61  21.29   7.73   6.55    77  11.67  1136   7.22   4011
  0923  46949 367426  11.04   2.30  21.24   7.74   6.79    81  13.93  1357   8.75   4868
  0924  46945 367428  12.05   1.23  21.13   7.73   6.63    79  15.34  1498   9.74   5422
  0925  46944 367432  13.03  28.64  21.02   7.72   6.53    78  17.13  1677  11.01   6134
 -0936  46905 365478   0.97  11.87  20.92   7.79   6.45    74   8.10   795   4.92   2728
  0936  46902 365465   1.96  10.98  20.93   7.78   6.44    74   8.11   795   4.92   2728
  0936  46900 365460   2.96   0.70  20.95   7.78   6.43    74   8.17   801   4.96   2751
  0937  46899 365455   3.99   0.59  20.95   7.78   6.42    74   8.19   802   4.97   2756
  0937  46898 365450   5.00   8.34  20.96   7.78   6.42    74   8.22   805   4.99   2766
  0937  46898 365449   5.99   7.59  20.98   7.78   6.39    74   8.30   813   5.04   2796
  0938  46899 365449   7.02   6.75  20.97   7.78   6.38    74   8.28   811   5.03   2788
  0938  46901 365449   8.01   5.91  21.17   7.73   6.31    74  10.05   981   6.16   3421
  0939  46902 365449   9.01   5.07  21.20   7.73   6.33    74  10.66  1039   6.56   3644
  0939  46903 365451  10.02   4.20  21.20   7.73   6.33    74  10.82  1055   6.67   3703
  0939  46903 365452  11.01   3.22  21.22   7.70   6.33    75  12.57  1225   7.84   4355
  0939  46902 365454  11.98   2.27  21.16   7.69   6.36    76  14.08  1374   8.87   4935
  0940  46901 365456  12.99   1.23  21.11   7.70   6.26    74  14.63  1429   9.26   5151
  0940  46901 365458  14.00  23.44  21.10   7.70   6.24    74  14.64  1431   9.27   5156
 -1001  44898 362055   1.01  10.84  20.88   7.76   6.04    70   7.63   749   4.62   2559
  1001  44893 362036   2.02   9.91  20.88   7.76   6.03    69   7.62   748   4.61   2557
  1002  44893 362034   3.02   9.02  20.88   7.76   6.03    69   7.63   749   4.61   2558
  1002  44894 362035   4.01   0.59  20.94   7.76   6.01    69   7.76   761   4.69   2602
  1002  44894 362038   5.04   7.25  21.02   7.74   5.97    69   8.14   797   4.93   2736
  1003  44892 362042   6.03   6.30  21.08   7.73   5.96    69   8.80   860   5.35   2969
  1003  44890 362046   7.01   5.46  21.07   7.74   5.99    70   8.74   855   5.32   2951
  1003  44887 362049   8.02   4.65  21.13   7.71   5.97    70   9.63   941   5.89   3271
  1004  44883 362048   9.03   3.86  21.15   7.71   6.03    70  10.05   981   6.17   3423
  1004  44881 362047  10.02   3.02  21.15   7.72   6.04    71  10.13   989   6.22   3452
  1005  44880 362046  11.03   2.13  21.15   7.72   6.04    71  10.30  1005   6.33   3515
  1005  44880 362045  12.02   1.20  21.09   7.67   5.98    70  12.58  1229   7.87   4372
  1006  44879 362044  13.00   0.95  21.04   7.68   5.81    69  13.51  1322   8.51   4731
 -1038  44266 359109   0.95  12.26  20.94   7.76   5.82    67   7.32   718   4.41   2446
  1039  44263 359095   1.96  11.23  20.96   7.75   5.82    67   7.39   725   4.45   2469
  1039  44260 359089   2.96  10.14  20.95   7.75   5.81    67   7.41   726   4.46   2475
  1039  44256 359082   3.95   9.16  20.96   7.75   5.79    67   7.44   729   4.49   2487
  1040  44253 359077   4.97   8.18  20.99   7.75   5.76    66   7.65   749   4.62   2560
  1040  44253 359077   5.97   7.25  20.99   7.75   5.74    66   7.61   746   4.59   2547
  1041  44254 359079   6.96   6.36  20.99   7.74   5.73    66   7.72   756   4.66   2584
  1041  44255 359083   7.96   5.46  21.04   7.73   5.70    66   8.20   802   4.97   2756
  1041  44257 359087   8.95   4.65  21.09   7.70   5.69    66   9.13   892   5.57   3089
  1042  44259 359087   9.94   3.78  21.09   7.70   5.69    66   9.36   915   5.72   3174
  1042  44261 359087  10.98   2.88  21.09   7.68   5.74    67  10.78  1054   6.66   3698
  1043  44262 359088  11.97   2.13  21.08   7.67   5.76    68  11.89  1162   7.40   4114
  1044  44260 359093  12.96   1.04  21.00   7.66   5.52    65  13.66  1338   8.62   4793
  1044  44255 359086  13.75  28.64  20.97   7.66   5.37    64  14.03  1375   8.88   4938
 -1130  42624 352116   0.93  11.42  20.97   7.72   5.17    59   6.59   646   3.94   2182
  1131  42627 352095   1.91  10.53  20.97   7.73   5.15    59   6.59   645   3.93   2180
  1131  42629 352092   2.93   9.58  20.99   7.72   5.13    59   6.66   652   3.98   2205
  1132  42626 352089   3.93   0.76  21.00   7.72   4.98    57   6.73   659   4.02   2230
  1133  42621 352091   4.93   7.78  21.05   7.70   4.83    56   6.94   679   4.16   2303
  1133  42617 352096   5.93   6.92  21.07   7.70   4.41    51   7.17   701   4.30   2384
  1134  42616 352097   7.03   5.94  21.10   7.70   4.81    55   7.16   699   4.29   2376
  1135  42616 352097   8.00   5.01  21.05   7.63   4.05    47   8.31   813   5.04   2794
  1135  42617 352096   9.01   4.09  21.08   7.64   4.01    46   8.11   793   4.91   2722
  1136  42617 352095  10.00   3.14  21.01   7.61   3.96    46   8.86   867   5.40   2996
  1137  42621 352094  11.01   2.24  20.92   7.60   4.43    52  11.57  1135   7.22   4009
  1137  42623 352092  12.03   1.26  20.92   7.61   4.47    52  11.50  1128   7.17   3982
  1138  42623 352086  13.01  28.64  20.90   7.60   4.47    52  12.56  1232   7.89   4384
 -1201  40671 348845   1.08  28.64  20.66   7.70   4.68    53   6.39   630   3.84   2127
  1202  40671 348843   2.10  10.70  20.66   7.70   4.63    53   6.43   634   3.86   2141
  1202  40670 348845   3.10   9.83  20.66   7.70   4.57    52   6.43   634   3.86   2141
  1203  40666 348853   4.08   8.71  20.76   7.66   4.29    49   7.19   708   4.34   2408
  1203  40664 348856   5.07   7.78  20.79   7.66   4.31    49   7.34   721   4.43   2458
  1204  40661 348858   6.06   6.83  20.78   7.66   4.36    50   7.22   710   4.36   2418
  1204  40660 348859   7.07   5.85  20.85   7.65   4.32    50   7.58   744   4.58   2542
  1204  40661 348860   8.05   5.01  20.92   7.63   4.30    50   8.20   805   4.98   2765
  1205  40663 348863   9.08   4.14  20.92   7.62   4.22    49   8.64   847   5.27   2921
  1206  40662 348858  10.07   3.16  20.91   7.62   4.15    48   9.15   898   5.61   3111
  1206  40662 348849  11.07   2.35  20.89   7.60   3.90    45  10.03   984   6.19   3436
  1207  40669 348847  12.08   1.74  20.86   7.57   3.71    43  10.96  1076   6.82   3785
  1208  40671 348846  13.08   0.84  20.86   7.57   3.64    42  11.16  1096   6.95   3860
 -1229  39078 346334   0.96  10.50  20.73   7.69   4.30    49   5.17   509   3.05   1692
  1229  39080 346337   2.00   9.58  20.73   7.68   4.33    49   5.22   514   3.09   1709
  1230  39079 346334   2.99   8.65  20.77   7.67   4.14    47   5.49   540   3.25   1801
  1231  39082 346334   4.00   7.73  20.88   7.61   3.23    37   6.36   624   3.80   2105
  1233  39091 346343   4.99   6.86  20.91   7.57   2.59    30   7.09   696   4.27   2365
  1233  39087 346345   5.99   5.94  20.90   7.57   2.55    29   7.16   702   4.31   2388
  1234  39086 346346   6.99   4.96  20.89   7.55   2.49    29   7.59   745   4.59   2543
  1235  39093 346353   7.99   4.20  20.90   7.55   2.73    32   8.24   809   5.01   2779
  1236  39091 346355   9.02   3.22  20.89   7.55   2.92    34   8.58   842   5.23   2903
  1236  39090 346352   9.99   2.35  20.89   7.54   2.94    34   8.85   868   5.41   3000
  1237  39093 346343  10.97   1.43  20.88   7.53   3.21    37   9.86   968   6.08   3374
  1237  39087 346340  11.97   0.59  20.88   7.53   3.31    38  10.23  1004   6.32   3511
