# MEETVAARTUIG         : M.C.ECOS 6 VERTIKAAL
# MEETDATUM            : 21-08-2024 11:34:19
# MEETGEBIED           : GREVELINGEN
# STARTPUNT            : BRUINISSE
# EINDPUNT             : GTS-02
# PROJECTCODE          : GTS
# OPDRACHTGEVER        : ZLXXAXAMDBG
# BEHEERDER            : ZLXXAXBMDBG
# BEMONST. INST        : []
# WAARNEMER(S)         : Bernaards
#
* 20240821
$ 9999 [000000000000000]
>TIJD       uumm                         
>X          coordinaat                   
>Y          coordinaat                   
>SENSHTE    Diepte set           m       
>Echms      Echoset              mtrs    
>Temp       Temperatuur          oC      
>pH         Zuurgraad            dimsls  
>O2         Zuurstof             mg/l    
>%O2        Zuurstof%            %       
>GELBH      Geleidendheid        mS/cm   
>GEL20      Gel20                ???     
>SALNTT     Saliniteit           dimsl   
>CL-        Chloride             mg/l    
>CHFLYSI    Chlorofyl            ugr/l   
>TURBID     Troebelheid          NTU     
 -2359    47466   418850    0.00    9999    9999    9999    9999   9999    9999   9999    9999    9999    9999    9999
  2359    47466   418850   15.96    9999    9999    9999    9999   9999    9999   9999    9999    9999    9999    9999
 -1135    47960   418357    1.09   15.38   21.19    8.04    7.33     97   41.61   4059   29.07   16413    2.40    0.79
  1135    47960   418357    1.93   14.81   21.19    8.04    7.32     97   41.62   4060   29.08   16418    2.54    0.93
  1136    47960   418357    3.06   13.66   21.19    8.03    7.23     96   41.64   4061   29.09   16425    2.14    1.04
  1136    47960   418357    3.98   12.79   21.20    8.02    7.12     95   41.67   4063   29.11   16435    1.95    0.81
  1136    47960   418357    5.07   11.71   21.20    8.02    7.14     95   41.69   4065   29.13   16445    1.53    0.80
  1137    47960   418357    5.96   10.80   21.38    7.93    4.86     65   42.38   4117   29.54   16682    1.44    0.71
  1138    47960   418357    7.07    8.73   21.74    7.82    4.12     56   44.24   4266   30.73   17371    0.57    0.68
  1139    47960   418357    8.10    8.11   21.71    7.83    4.07     55   44.26   4271   30.77   17394    0.48    0.76
  1139    47960   418357    9.06    7.29   21.59    7.80    3.68     50   44.25   4280   30.84   17435    0.50    0.74
  1141    47960   418357   10.00    6.10   21.56    7.89    4.63     63   44.27   4285   30.88   17458    0.54    1.01
  1142    47960   418357   11.09    4.73   21.55    7.88    4.27     58   44.26   4285   30.88   17459    0.61    1.06
  1143    47960   418357   11.97    4.53   21.44    7.80    3.46     47   44.28   4297   30.98   17514    0.35    0.82
  1145    47960   418357   12.98    3.73   21.36    7.94    5.18     70   44.42   4317   31.14   17608    0.55    1.44
  1146    47960   418357   14.08    2.73   21.31    7.94    5.09     69   44.43   4322   31.18   17634    0.53    1.23
  1147    47960   418357   14.95    1.54   21.05    7.90    4.32     58   44.20   4323   31.19   17640    0.49    1.10
  1148    47960   418357   16.03    0.83   20.90    7.90    3.99     53   44.10   4327   31.22   17659    0.64    0.86
 -1157    48775   418191    1.03    0.00   21.18    7.99    6.58     87   41.40   4038   28.91   16321    1.28    0.67
  1157    48775   418191    2.10   42.09   21.17    7.98    6.58     87   41.39   4039   28.91   16322    1.31    0.76
  1158    48775   418191    2.95    0.00   21.19    7.99    6.60     88   41.41   4039   28.92   16324    1.35    0.70
  1158    48775   418191    4.01    0.00   21.17    7.98    6.52     87   41.42   4042   28.94   16335    1.17    0.77
  1159    48775   418191    5.02    0.00   21.18    7.91    5.19     69   41.83   4080   29.24   16513    0.71    0.60
  1160    48775   418191    5.99   39.22   21.16    7.92    5.61     75   41.69   4069   29.15   16462    0.69    0.63
  1200    48775   418191    6.95    0.00   21.27    7.87    4.35     58   42.09   4099   29.39   16598    0.76    0.77
  1201    48775   418191    7.94   36.45   21.42    7.80    3.73     50   42.99   4173   29.99   16942    0.61    0.62
  1202    48775   418191    9.09   35.40   21.56    7.73    3.15     42   43.95   4254   30.63   17314    0.40    0.56
  1203    48775   418191    9.99    0.00   21.37    7.69    2.46     33   44.09   4283   30.87   17453    0.49    0.63
  1204    48775   418191   11.09    0.00   21.37    7.70    2.60     35   44.09   4285   30.88   17460    0.43    0.57
  1204    48775   418191   11.93    0.00   21.36    7.70    2.33     31   44.08   4284   30.88   17457    0.53    0.73
  1205    48775   418191   13.05   32.13   21.39    7.78    3.33     45   44.21   4294   30.96   17502    0.45    0.78
  1206    48775   418191   14.02   30.50   21.37    7.88    4.29     58   44.37   4311   31.09   17580    0.55    0.89
  1207    48775   418191   14.95   29.57   21.33    7.95    5.31     72   44.50   4328   31.23   17659    0.70    2.21
  1207    48775   418191   15.94   28.73   21.07    7.96    5.37     72   44.46   4347   31.39   17752    0.80    2.83
  1208    48775   418191   17.01   27.97   20.89    7.94    4.92     66   44.28   4345   31.37   17743    0.54    3.21
  1209    48775   418191   18.05   27.30   16.89    7.74    0.81     10   39.75   4253   30.64   17337    0.34   13.21
  1210    48775   418191   19.08    0.00   13.59    7.60    0.37      4   36.51   4212   30.32   17165    0.20    2.55
  1211    48775   418191   20.04   24.84   12.97    7.58    0.25      3   35.90   4202   30.24   17119    0.24    2.19
  1212    48775   418191   20.90   23.82   12.73    7.57    0.23      3   35.68   4200   30.23   17112    0.20    1.80
  1213    48775   418191   22.06   22.68   12.12    7.56    0.21      2   35.10   4193   30.17   17082    0.28    1.11
  1214    48775   418191   23.13   22.02   11.90    7.55    0.20      2   34.87   4188   30.13   17058    0.25    0.86
  1214    48775   418191   24.04   20.79   11.80    7.54    0.20      2   34.78   4187   30.13   17057    0.26    0.89
  1214    48775   418191   25.12   19.83   11.76    7.54    0.19      2   34.73   4185   30.11   17047    0.22    0.85
  1215    48775   418191   25.92   18.95   11.74    7.54    0.19      2   34.71   4184   30.10   17044    0.27    0.86
  1215    48775   418191   26.93   17.85   11.66    7.54    0.19      2   34.64   4184   30.10   17045    0.20    0.72
  1215    48775   418191   28.11   16.83   11.60    7.54    0.19      2   34.59   4184   30.10   17043    0.25    0.77
  1216    48775   418191   28.98   16.29   11.56    7.53    0.18      2   34.55   4183   30.09   17039    0.31    0.74
  1216    48775   418191   30.07   15.26   11.48    7.53    0.18      2   34.48   4183   30.09   17038    0.23    0.56
  1216    48775   418191   31.09    9.44   11.44    7.53    0.18      2   34.44   4183   30.09   17038    0.26    0.76
  1216    48775   418191   32.01   13.03   11.33    7.53    0.18      2   34.36   4183   30.09   17039    0.17    0.58
  1217    48775   418191   33.04   11.75   11.28    7.52    0.17      2   34.31   4183   30.09   17039    0.25    0.53
  1217    48775   418191   34.00   11.19   11.26    7.52    0.18      2   34.30   4183   30.09   17040    0.21    0.53
  1217    48775   418191   34.78   10.13   11.24    7.52    0.18      2   34.28   4183   30.09   17040    0.24    0.45
 -1111    49730   418270    1.08   17.08   21.17    8.00    6.82     90   41.22   4023   28.78   16248    1.20    0.80
  1111    49730   418270    2.08   17.48   21.16    7.99    6.79     90   41.22   4023   28.79   16249    1.36    0.64
  1112    49730   418270    2.97   19.25   21.16    7.99    6.78     90   41.22   4023   28.79   16252    1.59    0.67
  1112    49730   418270    4.07    0.00   21.16    7.99    6.77     90   41.22   4023   28.79   16250    1.42    0.69
  1112    49730   418270    5.09   25.37   21.15    7.99    6.76     90   41.22   4024   28.79   16254    1.15    0.75
  1113    49730   418270    5.97    0.00   21.14    7.99    6.71     89   41.23   4025   28.80   16259    1.20    0.68
  1113    49730   418270    7.03   18.03   21.10    7.98    6.68     88   41.23   4029   28.83   16277    1.08    0.69
  1114    49730   418270    8.06   16.66   20.97    7.93    5.96     79   41.33   4049   29.00   16371    0.43    0.68
  1116    49730   418270    8.98   10.50   21.37    7.57    1.14     15   43.71   4247   30.58   17284    0.40    0.46
  1116    49730   418270    9.96    8.68   21.24    7.61    1.34     18   43.92   4280   30.84   17436    0.32    0.45
  1117    49730   418270   10.97    7.44   20.99    7.59    1.06     14   43.68   4278   30.83   17429    0.27    0.54
  1117    49730   418270   12.08    6.16   20.70    7.58    0.77     10   43.35   4271   30.78   17401    0.32    0.32
  1118    49730   418270   13.02    4.99   20.66    7.72    2.17     29   43.55   4295   30.96   17510    0.47    0.72
  1119    49730   418270   13.97    4.31   20.66    7.84    3.31     44   43.74   4314   31.12   17597    0.55    0.96
  1120    49730   418270   15.11    3.06   20.26    7.81    2.61     34   43.24   4300   31.01   17537    0.45    0.91
  1121    49730   418270   16.08    2.50   19.20    7.74    1.45     19   42.05   4277   30.83   17437    0.48    1.30
  1122    49730   418270   16.93    3.18   16.64    7.70    0.29      4   39.38   4237   30.51   17262    0.25    5.81
  1123    49730   418270   18.04    2.66   15.19    7.66    0.26      3   38.05   4230   30.45   17237    0.29    2.15
  1123    49730   418270   19.00    2.05   14.41    7.63    0.23      3   37.31   4222   30.40   17206    0.30    1.62
 -2359    50728   418380    0.00    9999    9999    9999    9999   9999    9999   9999    9999    9999    9999    9999
  2359    50728   418380   27.01    9999    9999    9999    9999   9999    9999   9999    9999    9999    9999    9999
 -2359    51572   418570    0.00    9999    9999    9999    9999   9999    9999   9999    9999    9999    9999    9999
  2359    51572   418570   37.00    9999    9999    9999    9999   9999    9999   9999    9999    9999    9999    9999
 -1046    53082   420502    1.04    9.80   20.98    7.91    6.34     84   40.90   4006   28.65   16173    1.33    0.82
  1046    53082   420502    1.97    8.80   20.99    7.92    6.38     84   40.89   4005   28.64   16168    1.90    1.01
  1047    53082   420502    2.99    7.75   20.97    7.91    6.37     84   40.87   4004   28.63   16163    1.73    0.92
  1047    53082   420502    4.02    6.63   20.96    7.91    6.35     84   40.85   4003   28.63   16159    1.94    0.91
  1047    53082   420502    5.08    5.48   20.95    7.91    6.34     84   40.84   4003   28.63   16159    1.32    1.02
  1048    53082   420502    6.11    4.43   20.92    7.91    6.33     84   40.81   4002   28.62   16157    1.39    1.05
  1048    53082   420502    6.97    3.55   20.91    7.90    6.30     83   40.80   4002   28.62   16157    1.33    0.91
  1049    53082   420502    8.04    2.64   20.99    7.88    5.83     77   41.07   4022   28.78   16246    1.19    0.80
  1050    53082   420502    8.97    2.08   21.50    7.59    1.54     21   43.44   4210   30.28   17110    0.33    0.45
  1051    53082   420502    9.98    1.19   21.31    7.58    1.13     15   43.54   4237   30.50   17236    0.25    0.54
 -1026    53710   421060    1.03   15.76   21.18    7.94    6.33     84   41.14   4014   28.71   16208    1.01    0.58
  1026    53710   421060    2.04   15.03   21.17    7.94    6.33     84   41.14   4013   28.71   16206    1.36    0.61
  1026    53710   421060    3.05   14.03   21.17    7.94    6.32     84   41.14   4014   28.72   16209    1.28    0.69
  1027    53710   421060    3.98   13.16   21.16    7.92    6.17     82   41.17   4018   28.75   16226    1.19    0.79
  1028    53710   421060    4.98   11.91   21.13    7.91    6.05     80   41.19   4022   28.78   16247    1.31    0.62
  1028    53710   421060    5.92    0.00   21.15    7.85    5.48     73   41.38   4040   28.92   16327    0.98    0.78
  1029    53710   421060    7.09    9.04   21.50    7.76    4.03     54   42.15   4084   29.27   16527    0.52    0.40
  1030    53710   421060    7.99    8.35   21.60    7.68    2.75     37   42.53   4113   29.51   16663    0.42    0.41
  1033    53710   421060    9.11    8.54   21.08    7.53    0.76     10   42.69   4173   29.99   16943    0.24    1.05
  1034    53710   421060    9.97    7.63   20.93    7.52    0.26      3   42.63   4180   30.05   16977    0.20    1.20
  1034    53710   421060   10.97    6.34   20.91    7.52    0.23      3   42.65   4184   30.08   16996    0.22    1.22
  1035    53710   421060   11.97    5.43   20.93    7.52    0.21      3   42.74   4191   30.13   17028    0.24    1.33
  1036    53710   421060   12.92    3.73   21.10    7.52    0.38      5   43.10   4211   30.29   17119    0.16    0.49
  1037    53710   421060   14.06    2.14   21.13    7.55    0.63      8   43.31   4230   30.44   17207    0.16    0.60
  1038    53710   421060   15.04    1.09   20.82    7.54    0.27      4   42.99   4225   30.41   17186    0.13    0.70
 -2359    55190   421380    0.00    9999    9999    9999    9999   9999    9999   9999    9999    9999    9999    9999
  2359    55190   421380   20.00    9999    9999    9999    9999   9999    9999   9999    9999    9999    9999    9999
 -1003    56280   420520    1.01   12.18   20.99    7.97    6.77     89   40.78   3995   28.56   16121    0.68    0.57
  1003    56280   420520    2.08    0.75   20.98    7.97    6.77     89   40.78   3994   28.56   16119    0.86    0.57
  1004    56280   420520    3.01    9.38   20.98    7.97    6.78     89   40.78   3994   28.56   16119    0.60    0.55
  1004    56280   420520    4.03    9.69   20.98    7.97    6.76     89   40.78   3995   28.56   16121    0.69    0.47
  1004    56280   420520    4.99    9.00   20.97    7.97    6.74     89   40.77   3994   28.56   16120    0.70    0.39
  1005    56280   420520    6.06    7.99   20.91    7.96    6.69     88   40.72   3995   28.57   16125    0.54    0.45
  1005    56280   420520    6.97    7.41   20.81    7.95    6.63     87   40.65   3996   28.57   16127    0.38    0.61
  1006    56280   420520    8.06    6.39   20.63    7.91    6.20     81   40.56   4002   28.62   16157    0.37    0.41
  1006    56280   420520    9.01    5.63   20.62    7.89    6.07     80   40.59   4006   28.66   16177    0.30    0.77
  1007    56280   420520   10.04    4.49   20.56    7.84    5.47     72   40.66   4019   28.75   16233    0.25    0.81
  1009    56280   420520   10.96    3.49   20.66    7.53    0.53      7   41.96   4138   29.70   16781    0.19    1.16
  1009    56280   420520   12.03    1.73   20.60    7.52    0.29      4   42.08   4155   29.84   16862    0.20    1.04
  1010    56280   420520   13.08    0.80   20.64    7.51    0.27      4   42.22   4165   29.92   16907    0.26    0.66
 -2359    57620   418940    0.00    9999    9999    9999    9999   9999    9999   9999    9999    9999    9999    9999
  2359    57620   418940   16.05    9999    9999    9999    9999   9999    9999   9999    9999    9999    9999    9999
 -0936    57960   417200    1.05    0.79   21.32    7.97    6.31     84   41.05   3992   28.54   16109    0.91    0.60
  0936    57960   417200    1.96    0.75   21.32    7.97    6.29     84   41.04   3992   28.54   16107    0.75    0.56
  0936    57960   417200    2.96   17.43   21.33    7.98    6.40     85   41.03   3990   28.53   16099    0.81    0.59
  0937    57960   417200    3.97   16.51   21.33    7.99    6.48     86   41.03   3990   28.52   16097    0.88    0.53
  0937    57960   417200    5.05   10.60   21.32    7.99    6.49     86   41.02   3990   28.53   16098    0.76    0.59
  0937    57960   417200    6.02   14.43   21.33    7.98    6.42     85   41.03   3991   28.53   16100    0.76    0.55
  0938    57960   417200    6.98   13.06   21.33    7.98    6.44     86   41.05   3991   28.53   16104    0.90    0.63
  0938    57960   417200    7.96    0.00   21.32    7.98    6.37     85   41.04   3991   28.54   16104    0.77    0.46
  0939    57960   417200    9.04   10.88   21.37    7.95    5.87     78   41.11   3994   28.56   16118    0.87    0.67
  0940    57960   417200    9.99   10.35   21.50    7.86    4.71     63   41.42   4013   28.71   16203    0.62    0.67
  0940    57960   417200   11.08   10.93   21.46    7.67    2.66     36   41.88   4061   29.09   16425    0.38    0.65
  0941    57960   417200   11.94    6.20   21.06    7.50    1.07     14   41.68   4076   29.21   16494    0.26    0.72
  0942    57960   417200   13.06    5.54   20.61    7.46    0.33      4   41.43   4090   29.32   16561    0.35    0.85
  0942    57960   417200   14.01    4.55   20.23    7.49    0.29      4   41.20   4100   29.41   16611    0.22    0.53
  0942    57960   417200   15.06    3.29   20.14    7.50    0.26      3   41.36   4124   29.59   16720    0.29    0.20
  0943    57960   417200   16.01    1.56   20.16    7.50    0.24      3   41.44   4130   29.65   16751    0.28    0.14
  0943    57960   417200   16.97    0.00   20.18    7.50    0.23      3   41.49   4133   29.67   16762    0.25    0.11
 -0911    59310   414130    1.02   16.31   21.54    8.01    6.24     83   41.20   3989   28.52   16093    1.01    0.69
  0912    59310   414130    2.03   14.56   21.55    8.01    6.27     84   41.20   3989   28.51   16091    1.04    0.60
  0912    59310   414130    2.95   13.94   21.55    8.01    6.25     83   41.20   3989   28.51   16090    1.16    0.76
  0912    59310   414130    3.97   12.71   21.55    8.01    6.24     83   41.21   3989   28.51   16091    1.02    0.64
  0913    59310   414130    5.03   11.64   21.55    8.01    6.18     82   41.21   3989   28.52   16093    1.16    0.67
  0913    59310   414130    6.11    8.25   21.55    8.01    6.21     83   41.21   3989   28.52   16094    1.31    0.63
  0913    59310   414130    6.99    9.14   21.55    8.00    6.15     82   41.21   3990   28.52   16095    1.01    0.59
  0914    59310   414130    8.00    8.14   21.54    7.95    5.45     73   41.31   4000   28.60   16142    0.98    0.64
  0915    59310   414130    9.07    7.43   21.41    7.74    3.19     42   41.48   4027   28.82   16269    0.63    0.69
  0916    59310   414130   10.03    6.79   21.42    7.74    3.22     43   41.47   4026   28.81   16262    0.78    0.61
  0917    59310   414130   11.08    6.00   21.29    7.65    2.42     32   41.51   4041   28.93   16331    0.58    0.63
  0918    59310   414130   11.95    5.69   21.14    7.59    1.68     22   41.52   4053   29.03   16389    0.74    0.74
  0919    59310   414130   13.05    4.46   20.83    7.51    0.86     11   41.41   4069   29.16   16465    0.53    0.76
  0920    59310   414130   14.05    2.93   20.33    7.49    0.30      4   41.16   4088   29.31   16552    0.23    1.12
  0920    59310   414130   14.96    1.29   20.29    7.50    0.27      3   41.18   4093   29.35   16579    0.24    1.33
 -0840    61220   413050    1.08    8.66   21.45    7.99    6.10     81   41.18   3995   28.56   16118    1.85    0.60
  0841    61220   413050    2.01    8.13   21.45    7.99    6.11     81   41.18   3995   28.56   16118    1.87    0.58
  0841    61220   413050    3.09    7.06   21.44    7.99    6.09     81   41.17   3994   28.56   16118    1.61    0.60
  0841    61220   413050    4.02    6.14   21.42    7.99    6.05     81   41.15   3995   28.56   16119    1.49    0.57
  0842    61220   413050    5.03    5.14   21.35    7.96    5.87     78   41.10   3995   28.56   16120    1.21    0.66
  0842    61220   413050    6.01    4.15   21.38    7.97    5.90     79   41.12   3995   28.56   16119    1.20    0.58
  0843    61220   413050    6.97    3.23   21.36    7.97    5.87     78   41.11   3995   28.56   16119    1.12    0.58
  0843    61220   413050    8.01    2.28   21.34    7.96    5.84     78   41.09   3995   28.56   16119    1.06    0.55
  0844    61220   413050    9.01    1.33   21.29    7.84    4.48     60   41.19   4009   28.67   16183    0.95    0.69
 -2359    62300   412250    0.00    9999    9999    9999    9999   9999    9999   9999    9999    9999    9999    9999
  2359    62300   412250   17.00    9999    9999    9999    9999   9999    9999   9999    9999    9999    9999    9999
 -0808    65270   412088    1.01    2.85   21.28    8.03    6.38     85   40.86   3978   28.43   16042    1.09    0.79
  0809    65270   412088    2.00    2.20   21.24    8.03    6.37     85   40.82   3977   28.42   16037    1.00    0.78
  0810    65270   412088    2.98    1.46   21.24    8.02    6.36     84   40.81   3976   28.42   16036    0.98    0.72
  0810    65270   412088    4.00    0.75   21.25    8.02    6.32     84   40.82   3976   28.42   16035    0.81    0.64
  0812    65270   412088    5.00   10.40   21.46    8.07    6.64     89   41.12   3988   28.51   16088    1.78    0.82
  0812    65270   412088    6.02    0.00   21.49    8.08    6.70     89   41.15   3988   28.51   16089    1.84    0.80
  0813    65270   412088    7.02    0.00   21.54    8.08    6.78     91   41.20   3990   28.52   16095    1.91    0.85
  0813    65270   412088    8.01    7.91   21.49    8.08    6.79     91   41.15   3988   28.51   16090    1.96    0.87
  0814    65270   412088    9.11    6.69   21.51    8.07    6.74     90   41.18   3989   28.52   16094    1.46    0.89
  0815    65270   412088   10.05    5.25   21.59    8.04    6.05     81   41.37   4002   28.62   16149    1.34    1.29
  0816    65270   412088   11.08    4.56   21.50    7.85    4.12     55   41.61   4032   28.86   16290    1.52    1.19
  0817    65270   412088   11.96    3.85   21.41    7.82    3.78     51   41.57   4036   28.89   16308    1.03    1.29
  0818    65270   412088   13.03    2.35   20.01    7.53    0.58      8   40.84   4084   29.27   16535    0.45    1.68
  0819    65270   412088   14.09    1.68   19.82    7.51    0.32      4   40.78   4094   29.36   16586    0.23    0.72
  0819    65270   412088   14.95    0.90   19.81    7.51    0.29      4   40.79   4096   29.37   16592    0.19    0.66
 -2359    66330   411630    0.00    9999    9999    9999    9999   9999    9999   9999    9999    9999    9999    9999
  2359    66330   411630    7.00    9999    9999    9999    9999   9999    9999   9999    9999    9999    9999    9999
 -0748    67340   411360    0.98   11.21   21.28    8.08    6.71     89   40.86   3977   28.42   16040    1.77    1.18
  0748    67340   411360    1.94   10.26   21.29    8.08    6.71     89   40.86   3977   28.42   16040    1.47    1.19
  0749    67340   411360    3.00    9.45   21.31    8.08    6.71     89   40.88   3977   28.42   16039    1.62    0.92
  0749    67340   411360    3.96    8.46   21.30    8.08    6.71     89   40.87   3977   28.42   16040    1.58    1.17
  0749    67340   411360    4.90    7.66   21.27    8.08    6.68     89   40.85   3978   28.43   16041    1.53    1.25
  0750    67340   411360    6.02    5.39   21.27    8.08    6.66     88   40.85   3977   28.42   16040    1.55    1.14
  0750    67340   411360    6.97    5.58   21.24    8.07    6.62     88   40.84   3979   28.44   16048    1.52    1.22
  0751    67340   411360    8.03    4.50   21.23    8.07    6.59     88   40.84   3979   28.44   16050    1.85    1.56
  0751    67340   411360    8.97    3.73   21.23    8.06    6.54     87   40.84   3980   28.45   16052    1.71    1.56
  0751    67340   411360   10.01    2.79   21.23    8.06    6.49     86   40.85   3981   28.45   16056    1.60    1.36
  0752    67340   411360   10.94    2.00   21.22    8.06    6.49     86   40.85   3982   28.46   16061    1.50    1.44
  0753    67340   411360   12.00    1.08   21.12    7.78    3.36     45   41.28   4032   28.86   16290    1.43    2.02
 -2359    68840   411250    0.00    9999    9999    9999    9999   9999    9999   9999    9999    9999    9999    9999
  2359    68840   411250   10.94    9999    9999    9999    9999   9999    9999   9999    9999    9999    9999    9999
 -0735    69280   410950    1.01    1.35   19.63    8.16    6.54     84   38.73   3904   27.84   15714    0.82    3.48
  0735    69280   410950    2.07    3.40   19.79    8.16    6.59     85   38.99   3916   27.94   15769    0.86    2.24
  0735    69280   410950    2.99    3.65   20.00    8.14    6.55     85   39.27   3928   28.03   15821    0.81    2.11
  0736    69280   410950    4.00    2.99   20.67    8.09    6.50     85   40.35   3978   28.43   16047    1.17    1.49
  0736    69280   410950    5.07    2.27   20.66    8.09    6.49     85   40.31   3975   28.41   16035    1.08    1.43
  0736    69280   410950    6.02    1.59   20.55    8.11    6.51     85   40.11   3965   28.33   15986    1.13    1.79
  0737    69280   410950    6.98    0.93   20.70    8.10    6.53     86   40.35   3976   28.41   16038    1.20    1.55
