# VERTIKAAL 5 Delta
* 25-07-2025 09:57:36
#X: 72819 - Y: 400085
#00 DONARLOCATIE: ZTS-27
#08 WAARNEMER(S): bernaards
@ par3.dat

~     X       Y    DATUM   TIJD SENSHTE   Echms       T     pH   O2     %O2   GELBH  GELDHD  SALNTT     CL- CHLFRFU    TROEBHFNU  PHYCOUGL
  72819  400085 20250725 95748    0.89    8.96   22.27   8.65 8.71     100    1.69     161    0.91     408    0.43      3.99     -0.82
  72819  400085 20250725 95812    2.02    8.96   22.27   8.65 8.69     100    1.69     161    0.91     408    0.47      3.70     -0.98
  72819  400085 20250725 95827    3.07    8.96   22.27   8.65 8.68     100    1.69     161    0.91     408    0.33      4.32     -0.96
  72819  400085 20250725 95842    4.08    8.96   22.27   8.65 8.66     100    1.69     161    0.91     408    0.38      5.30     -0.88
  72819  400085 20250725 95857    4.96    8.96   22.27   8.65 8.66     100    1.69     161    0.91     408    0.40      5.30     -0.93
  72819  400085 20250725 95912    5.99    8.96   22.27   8.65 8.65     100    1.69     161    0.91     408    0.44      3.98     -0.99
  72819  400085 20250725 95929    7.11    8.96   22.27   8.65 8.62      99    1.69     161    0.91     408    0.39      4.09     -0.94
  72819  400085 20250725 95949    8.08    8.96   22.25   8.64 8.59      99    1.69     161    0.91     409    0.48      3.56     -0.73
