# VERTIKAAL 5 Milieucontainer
* 07-01-2026 08:52:37
#X: 66351 - Y: 411645
#00 DONARLOCATIE: GTS-17
#08 WAARNEMER(S): bernaards
@ par3.dat

~     X       Y    DATUM   TIJD SENSHTE   Echms       T     pH   O2     %O2   GELBH  GELDHD  SALNTT     CL- CHLFRFU  TROEBHFNU  PHYCOUGL
  66351  411646 20260107 85247    1.09    8.71    1.76   8.08 10.8      96   27.56    4320   31.22   17711    0.18       0.74      0.52
  66351  411646 20260107 85307    2.13    7.66    1.77   8.08 10.7      95   27.56    4319   31.21   17711    0.22       0.81      0.44
  66351  411646 20260107 85321    2.94    6.76    1.77   8.07 10.7      95   27.56    4319   31.21   17710    0.22       0.74      0.61
  66351  411646 20260107 85335    4.11    5.61    1.76   8.07 10.7      95   27.55    4319   31.21   17708    0.15       0.90      0.39
  66351  411646 20260107 85349    5.10    4.55    1.75   8.07 10.7      95   27.54    4318   31.21   17705    0.30       0.83      0.30
  66351  411646 20260107 85406    5.96    3.46    1.77   8.07 10.7      95   27.57    4320   31.22   17712    0.20       0.84      0.64
  66351  411646 20260107 85419    7.09    2.10    1.78   8.07 10.7      95   27.57    4320   31.22   17713    0.22       0.85      0.28
  66351  411646 20260107 85433    7.99    1.20    1.80   8.07 10.7      95   27.60    4322   31.23   17720    0.19       0.92      0.35
