# VERTIKAAL 11 Milieucontainer
* 08-06-2026 10:14:26
#X: 36752 - Y: 395731
#00 DONARLOCATIE: VTS-07
#08 WAARNEMER(S): bernaards
@ par1.dat

~     X       Y    DATUM   TIJD SENSHTE   Echms       T     pH   O2     %O2   GELBH  GELDHD  SALNTT     CL- CHLFRFU  TROEBHFNU  PHYCOUGL
  36753  395729 20260608 101514    1.04    8.07   17.87   8.05 8.42     106   40.07    4195   30.17   17061    3.99       1.19      0.48
  36753  395729 20260608 101530    1.94    7.38   17.85   8.06 8.42     106   40.04    4193   30.16   17054    3.95       1.32      0.25
  36753  395729 20260608 101552    3.05    6.35   17.86   8.06 8.42     106   40.05    4194   30.16   17057    3.98       1.03      0.40
  36753  395729 20260608 101608    4.10    0.68   17.89   8.05 8.36     105   40.10    4196   30.18   17069    4.29       1.12      0.35
  36753  395729 20260608 101626    4.96    0.27   17.87   8.05 8.35     105   40.07    4196   30.18   17065    4.03       1.14      0.31
  36753  395729 20260608 101707    6.04    3.27   18.20   7.92 6.87      87   40.76    4237   30.50   17254    2.96       0.95      0.08
  36753  395729 20260608 101743    7.05    1.88   17.50   7.78 4.48      56   40.27    4251   30.62   17325    1.44       0.88      0.04
  36753  395729 20260608 101816    7.99    0.96   16.90   7.70 3.33      41   39.93    4271   30.78   17421    0.99       0.80      0.06
