# MEETVAARTUIG         : M.C.ECOS 8 VERTIKAAL
# MEETDATUM            : 25-07-2024 09:37:18
# MEETGEBIED           : VOLKERAK/ZOOMMEER
# STARTPUNT            : KRAMMER
# EINDPUNT             : KREEKRAK
# PROJECTCODE          : ATS ZTS
# OPDRACHTGEVER        : ZLXXAXAMDBG
# BEHEERDER            : ZLXXAXAMDBG
# BEMONST. INST        : []
# WAARNEMER(S)         : Bernaards
#
* 20240725
$ 9999 [00000000000000000000]
>TIJD       uumm                         
>X          coordinaat                   
>Y          coordinaat                   
>SENSHTE    Diepte set           m       
>Echms      Echoset              mtrs    
>Temp       Temperatuur          oC      
>pH         Zuurgraad            dimsls  
>O2         Zuurstof             mg/l    
>%O2        Zuurstof%            %       
>GELBH      Geleidendheid        mS/cm   
>GEL20      Gel20                ???     
>SALNTT     Saliniteit           dimsl   
>CL-        Chloride             mg/l    
>CHLFRFU    Chlorofyl            RFU     
>TROEBFN    Troebelheid          FNU     
>PHUCOUG    Phycocyanine         ug/l    
 -1058    70374   410225    0.94    0.00   21.18    8.63    9999   9999    1.44    140    0.78     336    1.37    0.00      0
  1058    70367   410229    1.96    0.00   21.18    8.63    9999   9999    1.44    141    0.78     337    1.49    0.00      0
  1058    70365   410230    2.89    0.00   21.17    8.63    9999   9999    1.44    141    0.78     337    1.27    0.00      0
  1058    70364   410231    3.88    0.00   21.15    8.63    9999   9999    1.44    141    0.78     337    1.31    0.00      0
  1058    70359   410233    4.89    0.00   21.13    8.62    9999   9999    1.44    140    0.78     336    1.26    0.00      0
  1058    70358   410234    5.94    0.00   21.10    8.61    9999   9999    1.44    140    0.78     336    1.24    0.00      0
  1059    70358   410234    6.93    0.00   21.08    8.55    9999   9999    1.48    145    0.81     351    1.14    0.00      0
 -1039    71729   409434    1.01    0.00   21.21    8.72   10.10    115    1.32    128    0.71     295    1.50    0.00      0
  1039    71721   409454    2.03    0.00   21.21    8.72   10.10    115    1.32    129    0.72     297    1.66    0.00      0
  1040    71721   409457    2.99    0.00   21.19    8.72   10.00    114    1.32    129    0.72     296    1.46    0.00      0
  1040    71720   409460    4.06    0.00   21.17    8.72   10.00    113    1.32    129    0.72     296    1.41    0.00      0
  1040    71720   409461    5.03    0.00   21.16    8.71    9.98    113    1.32    129    0.72     298    1.38    0.00      0
  1040    71719   409464    6.03    0.00   21.12    8.68    9.83    111    1.36    133    0.74     310    1.36    0.00      0
  1041    71718   409471    7.07    0.00   21.08    8.52    9.04    102    1.50    146    0.82     356    1.10    0.00      0
  1042    71717   409472    7.98    0.00   21.04    8.47    8.71     99    1.52    149    0.83     364    1.06    0.00      0
  1043    71717   409469    9.01    0.00   20.97    8.31    7.83     88    1.64    161    0.90     406    0.89    0.00      0
  1043    71717   409467   10.08    0.00   21.00    8.32    7.82     89    2.35    230    1.31     646    0.87    0.00      0
  1044    71716   409463   10.95    0.00   20.18    8.08    6.85     76    2.30    229    1.31     645    0.84    0.00      0
  1045    71714   409461   12.03    0.00   19.92    7.98    6.43     71    2.31    232    1.33     653    0.83    0.00      0
  1046    71710   409461   12.92    0.00   18.60    7.64    4.46     48    2.14    221    1.26     614    0.84    0.00      0
  1047    71708   409463   14.09    0.00   18.24    7.56    3.43     37    2.16    225    1.29     629    0.76    0.00      0
  1049    71707   409468   15.12    0.00   17.11    7.43    0.75      8    2.14    228    1.31     640    0.86    0.00      0
  1049    71708   409471   16.10    0.00   16.70    7.42    0.41      4    2.12    228    1.31     641    0.80    0.00      0
  1050    71708   409472   17.13    0.00   16.44    7.42    0.18      2    2.11    228    1.31     640    0.78    0.00      0
  1050    71708   409471   18.11    0.00   15.84    7.42    0.12      1    2.08    228    1.31     640    0.86    0.00      0
  1050    71707   409471   19.08    0.00   15.41    7.41    0.10      1    2.07    229    1.32     644    0.87    0.00      0
  1050    71707   409470   19.99    0.00   15.27    7.41    0.10      1    2.07    229    1.32     646    0.87    0.00      0
  1051    71706   409469   21.04    0.00   14.95    7.40    0.08      1    2.08    232    1.34     656    0.87    0.00      0
 -1033    71462   408809    1.05    0.00   21.22    8.62    9999   9999    1.62    158    0.89     396    1.65    0.00      0
  1034    71454   408808    1.96    0.00   21.22    8.62    9999   9999    1.62    157    0.88     395    1.48    0.00      0
  1034    71451   408809    2.91    0.00   21.21    8.62    9999   9999    1.64    160    0.90     402    1.32    0.00      0
  1034    71449   408809    3.91    0.00   21.18    8.61    9999   9999    1.70    165    0.93     423    1.38    0.00      0
  1034    71449   408809    4.92    0.00   21.15    8.59    9999   9999    1.80    176    0.99     459    1.34    0.00      0
 -1028    72589   408718    0.93    0.00   21.15    8.68    9999   9999    1.39    135    0.75     319    1.48    0.00      0
  1028    72573   408747    1.88    0.00   21.15    8.68    9999   9999    1.39    135    0.75     319    1.50    0.00      0
  1028    72572   408750    2.92    0.00   21.12    8.68    9999   9999    1.39    135    0.75     319    1.33    0.00      0
  1028    72571   408751    4.02    0.00   21.08    8.67    9999   9999    1.39    135    0.75     319    1.36    0.00      0
  1028    72572   408751    5.06    0.00   21.08    8.66    9999   9999    1.39    136    0.76     320    1.31    0.00      0
  1028    72572   408751    5.90    0.00   21.08    8.64    9999   9999    1.40    137    0.76     325    1.21    0.00      0
  1028    72572   408751    6.97    0.00   21.07    8.64    9999   9999    1.41    138    0.77     327    1.25    0.00      0
  1028    72572   408751    7.99    0.00   21.09    8.63    9999   9999    1.43    139    0.78     333    1.16    0.00      0
  1028    72572   408751    8.95    0.00   21.08    8.61    9999   9999    1.44    141    0.79     338    1.12    0.00      0
  1028    72572   408752    9.88    0.00   21.14    8.58    9999   9999    1.59    155    0.87     388    1.44    0.00      0
 -1023    73163   407819    0.97    0.00   21.15    8.74    9999   9999    1.27    124    0.69     283    1.63    0.00      0
  1023    73158   407823    1.93    0.00   21.14    8.74    9999   9999    1.27    124    0.69     283    1.36    0.00      0
  1023    73157   407825    2.89    0.00   21.13    8.73    9999   9999    1.27    124    0.69     284    1.30    0.00      0
  1023    73157   407825    3.94    0.00   21.11    8.72    9999   9999    1.27    124    0.69     285    1.25    0.00      0
  1023    73157   407825    4.91    0.00   21.09    8.71    9999   9999    1.28    125    0.69     287    1.36    0.00      0
  1023    73157   407825    5.96    0.00   21.08    8.70    9999   9999    1.28    125    0.70     284    1.29    0.00      0
  1023    73157   407826    6.90    0.00   21.07    8.70    9999   9999    1.29    126    0.70     286    1.29    0.00      0
  1023    73157   407826    7.88    0.00   20.97    8.50    9999   9999    1.58    155    0.87     386    1.04    0.00      0
 -1053    75750   406440    1.04    7.45   21.52    8.83   11.00    126    1.16    112    0.62     244    1.68    0.00      1
  1054    75750   406440    2.06    5.24   21.46    8.82   10.90    124    1.16    112    0.62     244    1.76    0.00      1
  1057    75750   406440    3.10    7.85   21.49    8.87   11.50    131    1.18    114    0.63     250    2.15    0.00      3
  1058    75750   406440    4.04    6.98   21.49    8.88   11.50    131    1.18    114    0.63     250    2.21    0.00      2
  1058    75750   406440    5.05    6.03   21.44    8.86   11.30    128    1.17    114    0.63     250    1.94    0.00      2
  1059    75750   406440    6.07    4.89   21.36    8.80   10.60    121    1.16    113    0.63     247    1.75    0.00      0
  1100    75750   406440    6.98    4.25   21.22    8.73   10.10    115    1.15    112    0.62     244    1.42    0.00      0
  1101    75750   406440    7.96    3.59   21.04    8.66    9.27    104    1.16    114    0.63     249    1.25    0.00      0
  1102    75750   406440    9.01    3.11   20.79    8.53    8.48     95    1.25    123    0.68     279    1.28    0.00      0
  1102    75750   406440    9.99    0.00   20.67    8.45    8.33     93    1.33    131    0.73     305    1.24    0.00      0
  1103    75750   406440   11.03    1.08   20.53    8.35    7.78     87    1.45    143    0.80     346    1.09    0.00      0
 -0840    77150   406200    1.06   10.65   21.64    8.73    9999   9999    1.05    102    0.56     211    1.65    0.00      0
  0840    77150   406200    2.11    9.44   21.55    8.73    9999   9999    1.09    106    0.58     223    1.50    0.00      0
  0840    77150   406200    3.11    8.35   21.46    8.78    9999   9999    1.13    110    0.60     235    1.50    0.00      0
  0840    77150   406200    4.14    7.37   21.36    8.77    9999   9999    1.15    111    0.62     242    1.29    0.00      0
  0840    77150   406200    5.10    6.39   21.31    8.75    9999   9999    1.16    113    0.62     247    1.36    0.00      0
  0840    77150   406200    6.16    5.42   21.24    8.73    9999   9999    1.19    116    0.64     257    1.35    0.00      0
  0840    77150   406200    7.11    4.37   21.20    8.72    9999   9999    1.21    118    0.65     262    1.23    0.00      0
  0840    77150   406200    8.12    3.40   21.16    8.70    9999   9999    1.22    119    0.66     267    1.22    0.00      0
  0840    77150   406200    9.12    2.59   21.00    8.64    9999   9999    1.28    126    0.70     286    1.17    0.00      0
  0840    77150   406200   10.14    1.52   20.80    8.42    9999   9999    1.40    138    0.76     327    1.17    0.00      0
  0840    77150   406200   11.04    0.89   20.34    8.23    9999   9999    1.63    162    0.91     412    0.98    0.00      0
 -1017    80150   408110    1.01   13.03   21.18    8.59   10.10    115    0.90     87    0.48     167    1.78    0.00      1
  1018    80150   408110    1.98   11.16   21.18    8.58   10.10    114    0.90     87    0.48     167    1.56    0.00      1
  1018    80150   408110    3.02    9.45   21.17    8.57   10.10    114    0.90     88    0.48     168    1.89    0.00      1
  1019    80150   408110    4.11    7.51   21.18    8.57   10.00    114    0.90     87    0.48     168    1.66    0.00      1
  1019    80150   408110    5.02    5.20   21.17    8.57   10.10    114    0.90     88    0.48     168    1.98    0.00      1
  1019    80150   408110    5.99    3.41   21.17    8.57   10.10    114    0.90     88    0.48     168    1.67    0.00      1
  1019    80150   408110    7.03    1.76   21.16    8.58   10.10    114    0.90     88    0.48     168    1.77    0.00      1
  1020    80150   408110    8.06    0.00   21.17    8.59   10.10    114    0.90     88    0.48     168    2.07    0.00      0
 -0913    83688   408515    1.05    9.74   21.22    8.60    9999   9999    0.87     85    0.46     160    1.82    0.00      0
  0914    83688   408515    2.03    8.33   21.22    8.58    9999   9999    0.87     85    0.46     160    1.62    0.00      0
  0914    83688   408515    2.98    7.54   21.21    8.59    9999   9999    0.87     85    0.46     160    1.67    0.00      1
  0914    83688   408515    3.91    6.48   21.21    8.58    9999   9999    0.87     85    0.46     159    1.87    0.00      0
  0914    83688   408515    4.96    5.36   21.21    8.58    9999   9999    0.87     85    0.46     159    1.59    0.00      0
  0914    83688   408515    5.96    4.55   21.21    8.58    9999   9999    0.87     85    0.46     159    1.68    0.00      0
  0914    83688   408515    6.91    3.60   21.19    8.56    9999   9999    0.87     85    0.46     161    1.47    0.00      0
  0914    83688   408515    7.95    2.68   21.18    8.56    9999   9999    0.87     85    0.46     161    1.59    0.00      0
  0914    83688   408515    8.92    2.01   21.18    8.56    9999   9999    0.87     85    0.47     161    1.66    0.00      0
  0914    83688   408515    9.88    1.25   21.13    8.53    9999   9999    0.89     87    0.47     165    1.41    0.00      0
 -0937    86060   411520    1.04   11.88   21.46    8.65   10.60    121    0.75     72    0.39     127    1.97    0.00      0
  0938    86060   411520    2.09    9.44   21.45    8.66   10.70    122    0.75     72    0.39     126    1.83    0.00      0
  0938    86060   411520    3.03    9.61   21.46    8.65   10.70    121    0.75     72    0.39     126    1.85    0.00      0
  0939    86060   411520    3.05   10.06   21.44    8.63   10.50    119    0.75     72    0.39     127    1.63    0.00      0
  0939    86060   411520    3.98    9.36   21.42    8.55    9.72    110    0.75     73    0.39     127    1.68    0.00      0
  0940    86060   411520    5.02    7.26   21.13    8.37    8.73     98    0.76     74    0.40     130    1.31    0.00      0
  0941    86060   411520    6.04    6.20   21.05    8.32    8.65     97    0.77     76    0.41     135    1.28    0.00      0
  0941    86060   411520    6.97    5.31   20.98    8.31    8.64     97    0.79     78    0.42     140    1.09    0.00      0
  0942    86060   411520    8.02    4.40   20.86    8.26    8.26     92    0.80     78    0.43     142    1.14    0.00      0
  0943    86060   411520    9.01    3.68   20.21    7.94    6.85     76    0.75     75    0.41     133    1.11    0.00      0
  0944    86060   411520   10.07    2.83   20.16    7.85    5.59     62    0.75     74    0.40     132    1.21    0.00      0
  0945    86060   411520   11.07    1.76   19.98    7.77    5.53     61    0.74     74    0.40     132    1.42    0.00      0
  0945    86060   411520   12.08    1.50   19.42    7.64    4.63     50    0.74     75    0.41     133    0.93    0.00      0
