# VERTIKAAL 2 M.C.ECOS 8 VERTIKAAL
* 07-03-2024 08:51:37
#X: 83690 - Y: 408515
#00 DONARLOCATIE: ZTS-04
#01 MEETPUNT: 1
#08 WAARNEMER(S): Hofman
@ par1.dat
## TLU        oC <-->
## LUCHTDK    hPa <1025>
## WINDSHD    m/s <9999.9>
## WINDRTG    gradn <279>
## BEWKGD     /8 <1>

~     X       Y    DATUM   TIJD SENSHTE   Echms       T     pH   O2     %O2   GELBH   GEL20  SALNTT     CL- CHFLYSI  TURBID
  83690  408476 20240307 85140    1.11    8.59    7.89   7.95 11.0      92    0.48      63    0.35     104    1.54    3.04
  83690  408476 20240307 85154    1.94    7.74    7.89   7.95 11.0      92    0.48      63    0.35     104    1.49    3.23
  83690  408476 20240307 85203    3.04    6.68    7.90   7.94 11.0      92    0.48      63    0.35     104    1.47    3.19
  83690  408473 20240307 85219    3.91    5.85    7.89   7.95 11.0      92    0.48      64    0.35     104    1.53    2.93
  83690  408471 20240307 85234    5.02    4.80    7.89   7.95 11.0      92    0.48      64    0.35     104    1.52    3.10
  83690  408469 20240307 85257    6.05    3.28    7.89   7.95 11.0      92    0.48      64    0.35     105    1.51    2.97
  83690  408467 20240307 85316    7.20    2.91    7.89   7.95 11.0      92    0.48      64    0.35     105    1.48    2.97
  83690  408465 20240307 85327    8.08    1.43    7.89   7.95 11.0      92    0.48      64    0.35     106    1.47    3.01
  83690  408464 20240307 85336    8.86    1.35    7.89   7.96 11.0      92    0.48      64    0.35     106    1.48    2.83