# VERTIKAAL 14 Roompot
* 13-10-2025 11:53:17
#X: 36177 - Y: 396837
#00 DONARLOCATIE: VTS-06
#08 WAARNEMER(S): bernaards
@ par1.dat

~     X       Y    DATUM   TIJD SENSHTE   Echms       T     pH   O2     %O2   GELBH  GELDHD  SALNTT     CL- CHLFRFU    TROEBHFNU  PHYCOUGL
  36176  396838 20251013 115327    1.00    5.75   14.80   7.89 8.58     101   38.37    4303   31.04   17580    0.73      0.66     -0.83
  36176  396838 20251013 115340    1.98    4.90   14.80   7.89 8.58     101   38.36    4303   31.05   17581    0.76      0.58     -0.93
  36176  396838 20251013 115359    3.07    3.79   14.79   7.89 8.59     101   38.36    4303   31.05   17581    0.72      0.55     -0.94
  36176  396838 20251013 115415    3.94    2.93   14.80   7.89 8.59     101   38.36    4303   31.05   17582    0.68      0.63     -0.92
  36176  396838 20251013 115441    5.06    1.92   14.65   7.87 8.20      96   38.28    4309   31.09   17608    0.68      0.56     -0.95
  36176  396838 20251013 115515    6.04    0.90   14.34   7.84 7.51      88   38.21    4332   31.28   17718    0.51      0.57     -0.91
