# VERTIKAAL 7 Milieucontainer
* 02-02-2026 09:09:35
#X: 41844 - Y: 397188
#00 DONARLOCATIE: VTS-11
#08 WAARNEMER(S): bernaards
@ par1.dat

~     X       Y    DATUM   TIJD SENSHTE   Echms       T     pH   O2     %O2   GELBH  GELDHD  SALNTT     CL- CHLFRFU  TROEBHFNU  PHYCOUGL
  41844  397188 20260202 90945    1.02    8.15    4.08   8.22 11.0     103   27.32    4012   28.77   16289    0.33       0.37      0.32
  41844  397188 20260202 91000    2.05    7.56    4.09   8.22 11.0     103   27.33    4013   28.77   16291    0.24       0.25      0.26
  41844  397188 20260202 91024    2.92    6.74    4.11   8.22 11.0     103   27.38    4018   28.82   16317    0.37       0.33      0.37
  41844  397188 20260202 91046    4.08    5.16    4.11   8.21 11.0     103   27.55    4042   29.00   16425    0.36       0.29      0.56
  41844  397188 20260202 91059    4.99    4.94    4.02   8.13 10.8     101   28.51    4193   30.19   17119    0.26       0.24      0.44
  41844  397188 20260202 91116    6.08    3.28    4.07   8.12 10.5      99   28.98    4258   30.72   17418    0.07       0.28      0.41
  41844  397188 20260202 91130    7.00    2.81    4.14   8.09 10.3      97   29.33    4301   31.06   17617    0.13       0.33      0.29
  41844  397188 20260202 91200    7.95    1.33    4.13   8.09 10.1      96   29.38    4309   31.13   17656    0.06       0.36      0.29
  41844  397188 20260202 91223    8.99    0.78    4.12   8.09 10.1      95   29.40    4312   31.15   17667    0.15       0.38      0.46
