# M.S. ARGUS
# MEETPUNT: ZTS-39
# PROJECTCODE: 7608X
# MEETGEBIED: VOLKERAK/ZOOMMEER
# STARTPUNT: SCHELDERIJNKANAAL
# EINDPUNT: KRAMMERSLUIZEN
# OPDRACHTGEVER: ZLXXAXWMDBG
# BEHEERDER: ZLXXAXWMDBG
# BEMONST. INST.: ZLXXAXMVSGN
# TLU        oC    12.7
# LUCHTDK    hp    1023
# WINDSHD    m/s    3
# BEWKGD     DIMSLS    3
* 19990618
$ 9999 [00022222220222]
> TIJD
> X-COORD
> Y-COORD
>SENSHTE   Diepte set        m
>Echms     Echoset           mtrs
>Echo      Echoschip         dm
>Temp      Temperatuur       oC
>pH        Zuurgraad         dimsls
>GELBH     Geleidendheid     ms/cm
>SALNTT    Saliniteit        dimsls
>CL-       Chloride          mg/l
>DICHT     Dichtheid         dimsls
>O2        Zuurstof          mg/l
>%O2       Zuurstof verz.p.  %
 -752  74557 385470   0.93   3.74   6.80  19.49   8.85   1.37   0.74    330   0.00   9999   9999
  752  74557 385470   2.16   2.95   6.90  19.49   8.85   1.37   0.74    330   0.00   9999   9999
  752  74557 385470   3.22   1.71   6.90  19.49   8.85   1.37   0.74    330   0.00   9999   9999
  752  74557 385470   4.17   1.06   6.96  19.49   8.85   1.37   0.74    330   0.00   9999   9999
  752  74557 385470   5.02   0.59   6.90  19.49   8.85   1.37   0.74    330   0.00   9999   9999
 -543  74565 384867   0.96   0.43   6.70  19.61   8.64   1.38   0.74    330   0.00   9999   9999
  543  74565 384867   2.06   3.44   6.60  19.61   8.64   1.38   0.74    330   0.00   9999   9999
  543  74565 384867   3.00   2.02   6.60  19.61   8.64   1.37   0.74    330   0.00   9999   9999
  543  74565 384867   4.00   1.16   6.60  19.61   8.64   1.38   0.74    330   0.00   9999   9999
  544  74565 384867   4.81   0.54   6.70  19.61   8.63   1.37   0.74    330   0.00   9999   9999
 -553  74857 382378   0.98   3.46   6.50  19.70   8.62   1.38   0.74    331   0.00   9999   9999
  553  74857 382378   2.06   2.68   6.00  19.70   8.60   1.38   0.74    331   0.00   9999   9999
  553  74857 382378   2.99   0.33   6.37  19.71   8.60   1.38   0.74    331   0.00   9999   9999
  553  74857 382378   4.01   0.33   6.40  19.71   8.60   1.38   0.74    331   0.00   9999   9999
  553  74857 382378   5.02   0.47   6.30  19.71   8.60   1.38   0.74    331   0.00   9999   9999
 -604  75090 380279   0.95   1.96   6.24  19.62   8.61   1.37   0.74    329   0.00   9999   9999
  604  75090 380279   2.23   2.16   5.48  19.62   8.61   1.37   0.74    329   0.00   9999   9999
  604  75090 380279   3.16   0.74   6.23  19.62   8.61   1.37   0.74    329   0.00   9999   9999
  604  75090 380279   4.09  -0.07   6.21  19.62   8.61   1.37   0.74    329   0.00   9999   9999
  604  75090 380279   5.02  -1.01   6.20  19.62   8.61   1.37   0.74    329   0.00   9999   9999
 -615  75241 379014   0.88   1.40   6.55  19.65   8.70   1.38   0.74    332   0.00   9999   9999
  615  75241 379014   2.18   1.50   6.46  19.65   8.69   1.38   0.74    332   0.00   9999   9999
  615  75241 379014   3.09   0.96   6.10  19.65   8.69   1.38   0.74    332   0.00   9999   9999
  615  75241 379014   4.14   0.21   6.00  19.65   8.69   1.38   0.74    332   0.00   9999   9999
  615  75241 379014   4.99  -0.37   6.34  19.65   8.69   1.38   0.74    332   0.00   9999   9999
 -625  76661 377037   1.11   0.34   6.40  20.83   8.55   2.69   1.49    755   0.00   8.26     93
  626  76661 377037   2.01   1.51   6.20  20.80   8.55   2.73   1.53    768   0.00   8.25     93
  627  76661 377037   3.08   1.61   6.21  20.80   8.55   2.75   1.54    773   0.00   8.23     93
  627  76661 377037   4.02   0.76   5.90  20.82   8.55   2.65   1.46    741   0.00   8.36     95
  628  76661 377037   5.00  -0.36   5.70  20.82   8.55   2.71   1.49    760   0.00   8.22     93
-1200  78860 376582   1.04   9999   9999   9999   9999   9999   9999   9999   9999   9999   9999
 1200  78866 376593   4.84   9999   9999   9999   9999   9999   9999   9999   9999   9999   9999
-1200  79318 374362   1.04   9999   9999   9999   9999   9999   9999   9999   9999   9999   9999
 1200  79324 374356   5.84   9999   9999   9999   9999   9999   9999   9999   9999   9999   9999
-1200  79391 372227   1.01   9999   9999   9999   9999   9999   9999   9999   9999   9999   9999
 1200  79381 372199  13.81   9999   9999   9999   9999   9999   9999   9999   9999   9999   9999
