# MEETVAARTUIG : M.S. ARGUS
# MEETDATUM    : 27-11-2012 12:38:43
# MEETGEBIED   :
# STARTPUNT    :
# EINDPUNT     :
# PROJECTCODE  :
# OPDRACHTGEVER:
# BEHEERDER    :
# BEMONST. INST:
# WAARNEMER(S) : Satink / G.Bakker
#
* 20121127
$ 9999 [000000000000]
>TIJD      uumm                    
>X         coordinaat              
>Y         coordinaat              
>SENSHTE   Diepte set        m     
>ECHOS     Echoset           mtrs  
>Temp      Temperatuur       oC        : 4.0   0.5   15   0.5
>pH        Zuurgraad         dimsls
>GELBH     Geleidendheid     mS/cm 
>SALNTT    Saliniteit        dimsl 
>CL-       Chloride          mg/l  
>O2        Zuurstof          mg/l  
>%O2       Zuurstof%         %     
 -1238  74545 385545   0.94   5.35   7.48   8.30   1.78   1.39    679   9999  9999
  1238  74546 385535   1.80   4.80   7.48   8.29   1.78   1.39    678   9999  9999
  1238  74547 385528   2.84   3.80   7.48   8.29   1.78   1.39    678   9999  9999
  1238  74547 385522   3.87   2.90   7.48   8.30   1.78   1.39    678   9999  9999
  1239  74547 385518   4.82   1.90   7.48   8.30   1.78   1.39    678   9999  9999
  1239  74548 385516   5.82   1.00   7.48   8.30   1.78   1.39    678   9999  9999
 -1329  74672 384147   1.03   4.35   7.54   8.24   1.75   1.36    664   9999  9999
  1329  74672 384147   1.80   3.70   7.54   8.24   1.75   1.36    664   9999  9999
  1329  74672 384147   2.81   2.85   7.54   8.25   1.75   1.36    664   9999  9999
  1329  74672 384147   3.80   1.75   7.54   8.26   1.75   1.36    664   9999  9999
  1329  74672 384147   4.81   0.95   7.54   8.26   1.75   1.36    663   9999  9999
 -1338  74901 382293   1.01   0.40   7.54   8.23   1.75   1.36    663   9999  9999
  1339  74901 382292   1.82  20.65   7.54   8.23   1.75   1.36    663   9999  9999
  1339  74902 382290   2.85   3.60   7.54   8.23   1.75   1.36    663   9999  9999
  1339  74903 382289   3.85   2.65   7.54   8.23   1.75   1.36    664   9999  9999
  1339  74904 382287   4.85   1.20   7.54   8.23   1.75   1.36    663   9999  9999
 -1348  75097 380322   1.04   4.20   7.59   8.22   1.79   1.40    683   9999  9999
  1349  75100 380313   1.80   3.80   7.59   8.21   1.79   1.40    683   9999  9999
  1349  75101 380308   2.87   2.70   7.59   8.21   1.79   1.40    683   9999  9999
  1349  75102 380306   3.85   1.80   7.59   8.22   1.80   1.40    684   9999  9999
  1349  75103 380303   4.87   0.85   7.59   8.22   1.80   1.40    684   9999  9999
 -1358  75508 378307   0.98   4.05   8.64   8.23   3.29   2.57   1325   9999  9999
  1358  75513 378300   1.85   0.40   8.65   8.23   3.31   2.59   1334   9999  9999
  1358  75514 378297   2.83   0.40   8.66   8.23   3.33   2.60   1342   9999  9999
  1359  75516 378295   3.86   2.05   8.68   8.23   3.35   2.62   1353   9999  9999
  1359  75517 378293   4.82   1.10   8.71   8.23   3.41   2.66   1378   9999  9999
 -1408  76874 376958   1.02   4.20  11.60   8.19   6.20   4.65   2584  10.08    96
  1408  76880 376957   2.01   3.25  11.63   8.19   6.23   4.67   2596  10.05    96
  1409  76884 376957   3.05   2.15  11.71   8.19   6.29   4.71   2617  10.04    96
  1409  76885 376955   3.99   1.20  11.81   8.20   6.36   4.76   2641   9.99    96
 -1419  78822 376588   1.02   4.55  12.71   8.17   8.07   5.99   3332   9999  9999
  1419  78829 376590   1.81   4.40  12.66   8.17   8.08   6.01   3339   9999  9999
  1419  78835 376590   2.91   3.05  12.64   8.16   8.09   6.02   3348   9999  9999
  1419  78839 376591   3.82   2.10  12.62   8.16   8.12   6.05   3363   9999  9999
  1419  78843 376591   4.83   1.25  12.61   8.16   8.13   6.06   3369   9999  9999
 -1430  79317 374384   1.09   5.75  11.08   8.05   9.46   7.43   4134   9999  9999
  1430  79317 374374   1.81   5.30  11.09   8.04   9.47   7.43   4138   9999  9999
  1430  79318 374371   2.84   4.20  11.07   8.04   9.54   7.50   4173   9999  9999
  1430  79318 374369   3.82   3.40  11.04   8.03   9.68   7.62   4241   9999  9999
  1430  79318 374366   4.83   2.45  10.98   8.03   9.73   7.68   4277   9999  9999
  1430  79318 374362   5.81   1.30  10.98   8.02  10.01   7.92   4408   9999  9999
 -1440  79385 372289   1.08  14.80  10.56   7.93  10.55   8.47   4720   9999  9999
  1440  79388 372282   1.81  14.50  10.56   7.92  10.55   8.47   4720   9999  9999
  1440  79389 372279   2.81  13.50  10.56   7.92  10.55   8.47   4720   9999  9999
  1440  79391 372275   3.82  12.40  10.56   7.93  10.55   8.47   4720   9999  9999
  1441  79392 372272   4.82  11.55  10.57   7.93  10.55   8.47   4719   9999  9999
  1441  79392 372271   5.83  10.55  10.57   7.93  10.55   8.47   4719   9999  9999
  1441  79393 372269   6.84   9.40  10.57   7.93  10.57   8.49   4729   9999  9999
  1441  79394 372268   7.85   8.50  10.57   7.92  10.59   8.51   4739   9999  9999
  1441  79395 372266   8.82   7.50  10.57   7.92  10.60   8.51   4743   9999  9999
  1441  79396 372264   9.88   6.60  10.56   7.92  10.64   8.55   4764   9999  9999
  1441  79397 372262  10.80   5.65  10.56   7.92  10.68   8.59   4784   9999  9999
  1441  79397 372260  11.83   4.80  10.55   7.92  10.80   8.69   4843   9999  9999
  1441  79398 372260  12.81   3.70  10.56   7.92  10.84   8.73   4862   9999  9999
  1441  79399 372258  13.84   2.55  10.56   7.92  10.96   8.83   4920   9999  9999
  1441  79399 372258  14.84   1.70  10.53   7.91  11.29   9.12   5085   9999  9999
  1441  79401 372256  15.82   0.60  10.42   7.91  11.77   9.57   5337   9999  9999
