# M.C. ECOS2
# 10-05-2001 08:22:37
# PROJECTCODE: E7608X
# STARTPUNT: MP.46 KM.1052
# EINDPUNT: MP.1
# OPDRACHTGEVER: ZLXAXBMDBG
# BEHEERDER: ZLXXAXBMDBG
# BEMONST. INST.: ZLXXAXMVSGN
# TLU        oC    19
# LUCHTDK    hPa    1020
# WINDSHD    m/s    5
* 20010510
$ -9999 [00000000000]
> TIJD
> X-COORD
> Y-COORD
>SENSHTE   Diepte set        m
>Temp      Temperatuur       oC                 :9.  0.5  11  0.5
>pH        Zuurgraad         dimsls
>O2        Zuurstof          mg/l
>%O2       Zuurstof%         %
>GELBH     Geleidendheid     ms/cm
>SALNTT    Saliniteit        dimsls
>CL-       Chloride          mg/l
 -821  79308 372325   1.00  13.46   8.02  -9999  -9999   1.91   1.27    615
  821  79307 372324   1.11  13.47   8.02  -9999  -9999   1.91   1.27    616
  821  79306 372324   2.95  13.47   8.01  -9999  -9999   1.91   1.27    615
  821  79306 372324   3.97  13.40   8.01  -9999  -9999   1.92   1.28    621
  821  79305 372324   4.93  13.36   8.00  -9999  -9999   1.93   1.29    628
  821  79305 372323   5.93  13.35   7.99  -9999  -9999   1.95   1.31    636
  821  79304 372324   6.94  13.34   7.98  -9999  -9999   1.97   1.32    644
  822  79304 372323   7.94  13.35   7.98  -9999  -9999   1.99   1.33    650
  822  79303 372323   8.94  13.36   7.97  -9999  -9999   2.02   1.35    662
  822  79303 372323   9.88  13.39   7.96  -9999  -9999   2.10   1.41    696
  822  79303 372323  10.89  13.40   7.95  -9999  -9999   2.15   1.44    716
  822  79302 372323  11.90  13.39   7.95  -9999  -9999   2.14   1.44    712
  822  79302 372323  12.94  13.40   7.95  -9999  -9999   2.15   1.44    715
  822  79302 372323  13.93  13.46   7.93  -9999  -9999   2.22   1.49    744
 -836  79327 374381   1.04  14.40   8.10  -9999  -9999   1.88   1.22    588
  836  79327 374391   1.88  14.40   8.10  -9999  -9999   1.87   1.22    585
  837  79326 374394   2.91  14.39   8.10  -9999  -9999   1.88   1.22    589
  837  79326 374396   3.94  14.34   8.10  -9999  -9999   1.90   1.23    596
  837  79326 374399   4.89  14.29   8.09  -9999  -9999   1.93   1.26    609
  837  79325 374401   5.91  14.24   8.09  -9999  -9999   1.95   1.27    619
  837  79325 374403   6.90  14.19   8.08  -9999  -9999   1.98   1.30    632
 -849  78931 376568   1.10  16.19   8.30  -9999  -9999   1.55   0.95    432
  849  78919 376568   1.95  16.19   8.30  -9999  -9999   1.55   0.95    432
  849  78915 376568   2.91  16.18   8.30  -9999  -9999   1.55   0.95    432
  849  78913 376568   3.89  16.18   8.30  -9999  -9999   1.55   0.95    432
  850  78909 376569   4.92  16.16   8.30  -9999  -9999   1.55   0.95    431
 -900  77003 376904   1.17  13.61   8.38  10.51    102   1.08   0.70    287
  901  76922 376935   2.07  13.53   8.39  10.56    102   1.07   0.69    283
  902  76922 376931   2.97  13.55   8.39  10.65    103   1.08   0.69    285
  902  76924 376925   4.00  13.55   8.38  10.71    104   1.08   0.69    285
  903  76924 376918   4.97  13.56   8.38  10.76    104   1.08   0.70    287
 -915  75433 378496   0.93  13.25   8.37  -9999  -9999   1.04   0.68    275
  915  75429 378504   1.91  13.24   8.36  -9999  -9999   1.04   0.68    274
  915  75426 378508   2.91  13.25   8.36  -9999  -9999   1.04   0.68    274
  915  75424 378512   3.99  13.23   8.36  -9999  -9999   1.04   0.68    274
  915  75422 378515   4.92  13.23   8.36  -9999  -9999   1.04   0.68    274
 -924  75103 380236   1.09  13.15   8.37  -9999  -9999   1.04   0.68    275
  925  75094 380288   1.93  13.15   8.36  -9999  -9999   1.04   0.68    275
  925  75093 380289   2.94  13.12   8.35  -9999  -9999   1.04   0.68    275
  925  75093 380290   3.93  13.11   8.35  -9999  -9999   1.04   0.68    276
  925  75092 380291   4.92  13.11   8.35  -9999  -9999   1.04   0.68    276
 -936  74880 382451   0.88  13.43   8.34  -9999  -9999   1.06   0.68    278
  936  74879 382452   2.00  13.32   8.33  -9999  -9999   1.05   0.68    279
  936  74879 382453   2.89  13.29   8.33  -9999  -9999   1.05   0.68    278
  936  74878 382453   3.89  13.28   8.33  -9999  -9999   1.05   0.68    278
  936  74878 382453   4.90  13.26   8.33  -9999  -9999   1.05   0.68    278
 -946  74716 384070   0.90  13.22   8.35  -9999  -9999   1.05   0.68    277
  946  74655 384177   1.93  13.23   8.35  -9999  -9999   1.05   0.68    276
  946  74654 384179   2.89  13.21   8.35  -9999  -9999   1.05   0.68    277
  946  74652 384183   3.91  13.20   8.36  -9999  -9999   1.05   0.68    277
  946  74650 384187   4.93  13.18   8.36  -9999  -9999   1.05   0.68    277
-1031  74544 385502   0.91  13.62   8.53  -9999  -9999   1.06   0.68    278
 1031  74545 385499   1.93  13.41   8.49  -9999  -9999   1.04   0.67    271
 1031  74544 385497   2.90  13.26   8.46  -9999  -9999   1.05   0.68    277
 1032  74545 385496   3.93  13.13   8.44  -9999  -9999   1.04   0.68    276
 1032  74545 385495   4.94  13.14   8.42  -9999  -9999   1.05   0.68    277
 1032  74545 385494   5.90  13.10   8.41  -9999  -9999   1.04   0.68    277
