# MEETVAARTUIG : M.C.ECOS2 YSI
# MEETDATUM    : 09-06-2010 08:28:04
# MEETGEBIED   : VOLKERAK/ZOOMMEER
# STARTPUNT    : Antwerpen
# EINDPUNT     : Krammersluizen
# PROJECTCODE  : E7608X
# OPDRACHTGEVER: ZLXXAXAMDBG
# BEHEERDER    : ZLXXAXWMDBG
# BEMONST. INST:
# WAARNEMER(S) : G.J.Bakker.
#
* 20100608
$ 9999 [00000000000]
>TIJD      uumm                    
>X         coordinaat              
>Y         coordinaat              
>SENSHTE   Diepte set        m     
>Echms     Echoset           mtrs  
>Temp      Temperatuur       oC        : 15.0   0.5   15   0.5
>GELBH     Geleidendheid     mS/cm 
>SALNTT    Saliniteit        dimsl 
>CL-       Chloride          mg/l  
>O2        Zuurstof          mg/l  
>%O2       Zuurstof%         %     
 -0828  74554 385505   1.08   5.09  18.46   1.69   0.98    453   9999  9999
  0828  74556 385487   2.01   4.33  18.46   1.69   0.98    453   9999  9999
  0828  74557 385478   3.04   3.32  18.46   1.69   0.98    453   9999  9999
  0828  74558 385474   4.07   2.37  18.46   1.69   0.98    453   9999  9999
  0828  74559 385470   5.08   1.21  18.46   1.69   0.98    453   9999  9999
  0828  74559 385466   6.08   0.64  18.46   1.69   0.98    453   9999  9999
 -2211  74677 384092   0.89   4.45  18.82   1.75   1.02    471   9999  9999
  2211  74674 384118   1.89   3.75  18.82   1.75   1.01    471   9999  9999
  2212  74673 384130   2.91   3.75  18.82   1.75   1.01    471   9999  9999
  2212  74672 384140   3.90   1.96  18.83   1.75   1.01    471   9999  9999
  2212  74670 384152   4.92   1.01  18.83   1.75   1.01    470   9999  9999
 -2202  74899 382222   1.02   4.23  19.24   1.89   1.09    516   9999  9999
  2203  74896 382252   2.00   3.67  19.24   1.88   1.09    513   9999  9999
  2203  74894 382272   3.00   2.88  19.24   1.88   1.08    511   9999  9999
  2203  74893 382285   3.89   2.38  19.24   1.88   1.08    511   9999  9999
  2203  74893 382300   4.91   0.87  19.24   1.88   1.08    510   9999  9999
 -2153  75098 380262   0.98   4.28  19.33   2.79   1.64    817   9999  9999
  2153  75096 380281   1.95   3.58  19.32   2.77   1.63    811   9999  9999
  2153  75095 380296   2.90   2.66  19.32   2.77   1.63    811   9999  9999
  2153  75094 380304   3.89   1.71  19.33   2.78   1.63    812   9999  9999
  2154  75093 380316   4.89   0.87  19.33   2.79   1.64    817   9999  9999
 -2142  75517 378237   1.00   4.51  19.99   4.65   2.77   1455   9999  9999
  2142  75511 378251   2.00   4.06  19.97   4.62   2.76   1447   9999  9999
  2142  75508 378258   2.98   2.91  19.98   4.64   2.77   1455   9999  9999
  2142  75505 378264   3.98   1.90  19.99   4.66   2.78   1460   9999  9999
  2142  75502 378271   4.96   1.23  20.00   4.68   2.79   1466   9999  9999
 -2128  76927 376907   0.85   4.70  22.00   7.65   4.51   2500   8.29    98
  2129  76897 376919   1.95   3.84  22.01   7.66   4.52   2503   8.28    98
  2129  76881 376928   2.96   2.86  22.02   7.68   4.53   2509   8.28    98
  2130  76869 376936   3.95   1.88  22.02   7.66   4.51   2502   8.27    98
  2130  76859 376942   4.95   0.92  22.05   7.70   4.54   2515   8.25    98
 -2114  78901 376563   1.09   1.32  22.61   9.12   5.38   2981   9999  9999
  2114  78880 376564   1.88   3.84  22.67   9.14   5.38   2981   9999  9999
  2114  78869 376564   2.98   3.84  22.72   9.15   5.38   2984   9999  9999
  2114  78864 376564   3.92   3.84  22.68   9.14   5.37   2981   9999  9999
  2114  78855 376565   5.00   1.15  22.63   9.12   5.37   2979   9999  9999
 -2101  79314 374347   1.09   5.82  19.67   9.12   5.75   3191   9999  9999
  2101  79313 374358   1.89   5.29  19.71   9.12   5.74   3189   9999  9999
  2101  79312 374364   2.90   4.28  19.67   9.12   5.75   3191   9999  9999
  2101  79311 374370   3.89   3.42  19.69   9.12   5.75   3190   9999  9999
  2101  79310 374377   4.94   3.42  19.62   9.12   5.75   3194   9999  9999
  2102  79309 374382   5.95   1.32  19.62   9.12   5.75   3194   9999  9999
 -2047  79378 372223   1.01   0.67  17.97   8.65   5.66   3142   9999  9999
  2047  79380 372217   1.94  25.31  17.96   8.67   5.67   3150   9999  9999
  2047  79380 372216   2.97  12.18  17.97   8.66   5.66   3144   9999  9999
  2047  79381 372214   3.96  11.34  17.98   8.66   5.66   3142   9999  9999
  2047  79382 372213   4.97  10.47  17.98   8.66   5.66   3144   9999  9999
  2047  79382 372212   6.10   9.28  17.98   8.65   5.65   3140   9999  9999
  2047  79382 372212   7.05   8.36  17.96   8.76   5.73   3184   9999  9999
  2047  79381 372213   8.07   7.51  17.93   8.83   5.79   3213   9999  9999
  2047  79381 372214   9.00   6.61  17.93   8.93   5.86   3254   9999  9999
  2047  79380 372215   9.98   5.70  17.95   9.06   5.94   3302   9999  9999
  2048  79380 372216  10.97   4.70  17.95   9.35   6.15   3418   9999  9999
  2048  79380 372218  11.94   3.80  17.94   9.80   6.47   3598   9999  9999
  2048  79380 372220  13.01   2.75  17.89  10.71   7.13   3966   9999  9999
  2048  79381 372222  13.91   1.92  17.88  10.95   7.31   4063   9999  9999
  2048  79382 372224  15.00   1.31  17.86  11.32   7.57   4212   9999  9999
  2048  79383 372225  15.98   3.29  17.83  11.85   7.96   4430   9999  9999
