# MEETVAARTUIG : M.C.ECOS 6 VERTIKAAL
# MEETDATUM    : 14-06-2021 12:20:55
# MEETGEBIED   :
# STARTPUNT    :
# EINDPUNT     :
# PROJECTCODE  :
# OPDRACHTGEVER:
# BEHEERDER    :
# BEMONST. INST:
# WAARNEMER(S) : Michel
#
* 20210614
$ 9999 [000000000000000]
>TIJD      uumm                    
>X         coordinaat              
>Y         coordinaat              
>SENSHTE   Diepte set        m     
>Echms     Echoset           mtrs  
>Temp      Temperatuur       oC
>pH        Zuurgraad         dimsls
>GELBH     Geleidendheid     mS/cm 
>GEL20     Gel20             ???   
>SALNTT    Saliniteit        dimsl 
>CL-       Chloride          mg/l  
>CHFLYSI   Chlorofyl         ugr/l 
>TURBID    Troebelheid       NTU   
>O2        Zuurstof          mg/l  
>%O2       Zuurstof%         %     
 -1220  74552 385520   0.91   5.44  21.80   8.54   1.63   157   0.88    392   0.16   0.80   9999  9999
  1221  74551 385523   1.91   4.51  21.78   8.55   1.62   156   0.87    389   0.19   0.86   9999  9999
  1221  74551 385524   2.90   3.48  21.72   8.50   1.61   155   0.87    388   0.16   0.88   9999  9999
  1221  74551 385526   3.94   2.46  21.73   8.54   1.61   155   0.87    387   0.22   0.96   9999  9999
  1221  74551 385526   4.99   1.43  21.71   8.56   1.61   155   0.87    388   0.15   1.01   9999  9999
 -0940  74644 384169   0.95   5.34  21.65   8.37   1.70   164   0.92    419   1.24   5.75   9999  9999
  0940  74645 384164   1.91   4.10  21.65   8.37   1.70   164   0.92    419   1.15   5.65   9999  9999
  0940  74645 384162   2.89   3.23  21.66   8.37   1.70   164   0.92    419   1.14   4.63   9999  9999
  0940  74645 384159   3.91   1.99  21.66   8.37   1.70   164   0.92    419   1.25   4.95   9999  9999
  0940  74645 384157   4.91   1.10  21.66   8.39   1.70   164   0.92    419   1.13   4.12   9999  9999
 -0949  74867 382289   0.88   4.61  22.07   8.34   2.42   232   1.33    655   1.61   2.47   9999  9999
  0949  74869 382262   1.89   3.35  22.07   8.34   2.47   237   1.36    672   1.90   6.28   9999  9999
  0949  74870 382250   2.89   2.41  22.06   8.34   2.46   236   1.35    669   1.95   6.35   9999  9999
  0949  74871 382236   3.95   1.41  22.06   8.34   2.48   237   1.36    673   2.22   7.00   9999  9999
 -0958  75122 380282   0.88   4.55  22.45   8.48   4.14   393   2.32   1202   1.58   3.33   9999  9999
  0958  75126 380260   1.90   3.46  22.44   8.48   4.20   399   2.35   1221   2.06   2.64   9999  9999
  0958  75126 380256   2.96   2.51  22.43   8.48   4.22   401   2.37   1231   2.11   3.17   9999  9999
  0958  75127 380250   3.96   1.59  22.42   8.47   4.24   403   2.38   1238   2.28   3.85   9999  9999
 -1007  75525 378312   1.08   1.51  22.78   8.43   6.36   600   3.63   2013   1.61   2.52   9999  9999
  1007  75531 378301   1.89   3.43  22.78   8.43   6.35   600   3.63   2012   1.51   2.43   9999  9999
  1007  75535 378294   2.91   2.33  22.78   8.43   6.36   601   3.64   2016   1.60   2.32   9999  9999
  1007  75537 378291   3.95   1.35  22.79   8.43   6.39   603   3.66   2025   1.50   2.65   9999  9999
 -1021  76866 376974   1.05   4.35  23.37   8.35   8.80   821   5.09   2819   0.88   1.30   9.31   112
  1021  76902 376958   2.05   3.39  23.36   8.36   8.79   820   5.08   2817   1.06   1.31   9.29   111
  1022  76910 376954   2.97   2.49  23.36   8.35   8.80   821   5.09   2819   0.99   1.08   9.30   111
  1022  76913 376956   4.00   1.46  23.36   8.35   8.81   822   5.09   2822   0.78   1.25   9.29   111
 -1031  78822 376589   1.08   5.21  22.95   8.33  10.17   957   5.99   3326   1.20   1.64   9999  9999
  1031  78836 376588   1.92   3.61  22.90   8.32  10.18   958   6.01   3333   1.24   2.15   9999  9999
  1032  78842 376588   2.99   2.69  22.91   8.32  10.18   958   6.01   3332   1.12   1.74   9999  9999
  1032  78846 376587   3.91   2.11  22.87   8.32  10.18   959   6.01   3336   1.21   2.06   9999  9999
  1032  78857 376588   4.96   0.76  22.84   8.31  10.19   960   6.02   3340   1.50   2.18   9999  9999
 -1042  79299 374400   0.89   4.78  21.14   8.20  10.85  1059   6.70   3720   1.27   1.46   9999  9999
  1042  79299 374369   1.91   0.93  21.15   8.20  10.85  1059   6.69   3717   1.28   1.38   9999  9999
  1042  79300 374357   3.02   2.86  21.07   8.20  10.86  1062   6.72   3729   1.40   1.61   9999  9999
  1042  79300 374345   3.88   2.00  20.99   8.19  10.87  1065   6.74   3741   1.40   1.49   9999  9999
  1042  79300 374337   4.92   1.30  20.99   8.19  10.87  1064   6.73   3739   1.33   2.81   9999  9999
 -1052  79387 372217   0.90  15.63  19.81   8.17  10.36  1040   6.57   3651   1.72   1.01   9999  9999
  1052  79390 372215   1.94  14.81  19.71   8.16  10.35  1041   6.58   3654   2.23   1.05   9999  9999
  1053  79391 372214   2.91  13.11  19.68   8.16  10.37  1044   6.60   3668   2.09   0.96   9999  9999
  1053  79393 372213   3.95  12.31  19.68   8.15  10.41  1049   6.63   3683   2.07   0.91   9999  9999
  1053  79396 372213   4.92  11.08  19.68   8.14  10.45  1052   6.66   3698   1.94   1.12   9999  9999
  1053  79397 372213   5.92  10.05  19.67   8.14  10.46  1054   6.67   3702   1.91   0.97   9999  9999
  1053  79398 372212   6.97   9.05  19.67   8.14  10.51  1059   6.70   3722   1.66   1.05   9999  9999
  1053  79399 372211   7.96   8.20  19.71   8.13  10.67  1074   6.80   3779   1.70   1.25   9999  9999
  1053  79402 372212   8.90   7.18  19.74   8.12  10.81  1087   6.89   3829   1.73   1.20   9999  9999
  1053  79404 372212   9.89   6.31  19.77   8.11  10.90  1095   6.95   3860   1.60   1.30   9999  9999
  1053  79406 372214  10.90   5.21  19.82   8.10  11.10  1114   7.08   3933   5.57   1.23   9999  9999
  1053  79408 372214  11.92   4.15  19.83   8.09  11.22  1126   7.16   3979   1.62   1.56   9999  9999
  1053  79408 372215  12.89   3.26  19.91   8.07  11.81  1183   7.55   4199   1.49   2.33   9999  9999
  1053  79408 372216  13.98   2.09  19.90   8.05  12.04  1207   7.72   4289   1.56   2.55   9999  9999
  1053  79409 372217  14.89   1.18  19.88   8.03  12.60  1263   8.10   4506   1.28   3.37   9999  9999
