# MEETVAARTUIG : M.C.ECOS 6 VERTIKAAL
# MEETDATUM    : 05-02-2024 16:34:03
# MEETGEBIED   :
# STARTPUNT    :
# EINDPUNT     :
# PROJECTCODE  :
# OPDRACHTGEVER:
# BEHEERDER    :
# BEMONST. INST:
# WAARNEMER(S) : Hartman
#
* 20240205
$ 9999 [000000000000000]
>TIJD      uumm                    
>X         coordinaat              
>Y         coordinaat              
>SENSHTE   Diepte set        m     
>Echms     Echoset           mtrs  
>Temp      Temperatuur       oC
>pH        Zuurgraad         dimsls
>GELBH     Geleidendheid     mS/cm 
>GEL20     Gel20             ???   
>SALNTT    Saliniteit        dimsl 
>CL-       Chloride          mg/l  
>CHFLYSI   Chlorofyl         ugr/l 
>TURBID    Troebelheid       NTU   
>O2        Zuurstof          mg/l  
>%O2       Zuurstof%         %     
 -1635  74550 385500   1.01   5.51   6.38   8.22   0.90   125   0.70    287   1.43   4.35   9999  9999
  1635  74550 385500   2.06   4.13   6.38   8.21   0.90   125   0.70    287   1.43   4.28   9999  9999
  1635  74550 385500   2.93   3.21   6.38   8.21   0.90   125   0.70    287   1.57   4.35   9999  9999
  1635  74550 385500   4.02   2.11   6.38   8.21   0.90   125   0.70    287   1.48   4.04   9999  9999
  1635  74550 385500   4.90   1.25   6.38   8.21   0.91   125   0.71    288   1.46   4.20   9999  9999
  1635  74550 385500   5.92   0.75   6.38   8.21   0.91   125   0.71    288   1.42   4.02   9999  9999
 -0844  74654 384174   1.03   5.54   6.57   8.23   0.97   133   0.75    311   1.31   3.84   9999  9999
  0844  74654 384174   2.02   3.55   6.56   8.23   0.97   133   0.75    311   1.32   3.74   9999  9999
  0844  74654 384174   3.01   2.84   6.56   8.23   0.97   133   0.75    311   1.31   4.16   9999  9999
  0845  74654 384174   4.01   1.41   6.54   8.23   0.97   133   0.75    311   1.35   5.08   9999  9999
  0845  74654 384174   5.09   1.11   6.54   8.23   0.97   133   0.75    311   1.37   4.68   9999  9999
 -0855  74893 382266   1.01   4.88   6.52   8.23   1.02   141   0.80    337   1.60  18.51   9999  9999
  0856  74893 382266   2.05   3.33   6.53   8.23   1.03   141   0.80    338   1.65  20.76   9999  9999
  0856  74893 382266   3.06   2.21   6.53   8.23   1.03   141   0.80    338   1.61  21.78   9999  9999
  0856  74893 382266   3.94   1.23   6.53   8.23   1.03   141   0.80    338   1.65  19.44   9999  9999
  0856  74893 382266   4.92   0.79   6.53   8.23   1.03   141   0.80    338   1.90  26.17   9999  9999
 -0907  75095 380299   0.88   4.56   6.65   8.24   1.38   189   1.09    504   1.81  27.20   9999  9999
  0907  75095 380299   2.00   3.11   6.64   8.24   1.38   189   1.09    505   1.90  27.94   9999  9999
  0908  75095 380299   3.06   2.10   6.64   8.24   1.38   190   1.09    506   1.92  30.29   9999  9999
  0908  75095 380299   3.92   1.29   6.64   8.24   1.38   190   1.09    507   2.13  35.20   9999  9999
  0908  75095 380299   4.88   0.91   6.64   8.24   1.39   190   1.09    508   2.33  44.78   9999  9999
 -0920  75510 378297   0.96   4.36   7.53   8.28   2.16   290   1.70    841   1.26  19.32   9999  9999
  0920  75510 378297   1.91   3.13   7.52   8.28   2.17   290   1.70    842   1.22  19.73   9999  9999
  0920  75510 378297   2.89   2.18   7.52   8.28   2.16   290   1.70    842   1.24  17.87   9999  9999
  0920  75510 378297   3.96   1.06   7.53   8.28   2.17   291   1.71    843   1.39  61.78   9999  9999
  0920  75510 378297   4.89   1.04   7.53   8.28   2.17   291   1.71    845   1.50  24.44   9999  9999
 -0945  76900 376922   1.02   5.35   9.94   8.24   3.04   383   2.28   1165   0.95  12.96  11.20   101
  0945  76900 376922   2.08   4.31   9.99   8.24   3.05   384   2.29   1170   0.90  12.32  11.20   101
  0945  76900 376922   3.03   3.30  10.02   8.24   3.06   385   2.29   1172   0.86  13.59  11.20   101
  0946  76900 376922   4.07   2.21  10.02   8.24   3.06   385   2.29   1173   0.90  13.17  11.10   101
  0946  76900 376922   5.00   1.26  10.05   8.24   3.07   386   2.29   1175   0.92  12.89  11.10   101
 -0956  78859 376581   1.00   4.53  14.92   8.18   4.32   483   2.90   1609   0.64  10.34   9999  9999
  0956  78859 376581   1.91   3.60  14.84   8.18   4.31   483   2.90   1610   0.63  10.13   9999  9999
  0956  78859 376581   2.91   2.53  14.79   8.18   4.31   483   2.90   1610   0.61  10.27   9999  9999
  0956  78859 376581   3.97   1.29  14.70   8.19   4.30   484   2.91   1611   0.60  10.33   9999  9999
  0956  78859 376581   4.91   0.75  14.65   8.19   4.30   484   2.91   1612   0.63  10.09   9999  9999
 -1007  79318 374362   1.02   4.91  12.12   8.12   4.09   488   2.94   1632   0.61  14.57   9999  9999
  1007  79318 374362   1.89   3.59  12.18   8.12   4.09   488   2.94   1632   0.63  15.64   9999  9999
  1007  79318 374362   3.01   2.64  12.13   8.12   4.09   488   2.94   1632   0.71  15.59   9999  9999
  1007  79318 374362   3.96   1.78  12.04   8.12   4.08   488   2.94   1631   0.65  15.65   9999  9999
  1007  79318 374362   4.89   0.86  12.09   8.12   4.08   488   2.94   1631   0.67  14.86   9999  9999
 -1018  79391 372226   0.99  14.58   7.86   7.98   3.46   459   2.77   1436   0.59  10.18   9999  9999
  1018  79391 372226   1.95  13.90   7.86   7.98   3.46   460   2.77   1438   0.60  10.23   9999  9999
  1018  79391 372226   3.06  12.84   7.86   7.98   3.46   460   2.77   1438   0.55  10.01   9999  9999
  1018  79391 372226   3.96  11.94   7.86   7.98   3.46   460   2.78   1439   0.55  10.15   9999  9999
  1018  79391 372226   4.95  10.55   7.86   7.98   3.47   460   2.78   1440   0.56  10.24   9999  9999
  1018  79391 372226   5.93   9.53   7.86   7.98   3.47   461   2.78   1442   0.56  10.28   9999  9999
  1018  79391 372226   7.03   8.43   7.85   7.98   3.48   462   2.79   1445   0.61  10.49   9999  9999
  1018  79391 372226   7.95   7.21   7.85   7.98   3.49   463   2.80   1451   0.58  10.16   9999  9999
  1018  79391 372226   8.92   6.21   7.84   7.98   3.50   465   2.80   1455   0.58  10.48   9999  9999
  1018  79391 372226   9.94   5.26   7.83   7.98   3.52   468   2.83   1467   0.59  10.67   9999  9999
  1018  79391 372226  10.97   4.18   7.83   7.98   3.54   470   2.84   1474   0.59  10.71   9999  9999
  1018  79391 372226  11.97   3.08   7.84   7.98   3.55   472   2.85   1480   0.55  10.86   9999  9999
  1018  79391 372226  12.94   1.96   7.86   7.98   3.59   476   2.88   1496   0.56  11.50   9999  9999
  1018  79391 372226  13.90   0.89   7.87   7.98   3.71   492   2.98   1654   0.56  13.06   9999  9999
