# MEETVAARTUIG : M.C.ECOS 6 VERTIKAAL
# MEETDATUM    : 03-11-2023 08:01:51
# MEETGEBIED   : VOLKERAK/ZOOMMEER
# STARTPUNT    : Steenbergen
# EINDPUNT     : ZTS-46
# PROJECTCODE  : ATS ZTS
# OPDRACHTGEVER: ZLXXAXAMDBG
# BEHEERDER    : ZLXXAXAMDBG
# BEMONST. INST:
# WAARNEMER(S) : Bernaards
#
* 20231103
$ 9999 [000000000000000]
>TIJD      uumm                    
>X         coordinaat              
>Y         coordinaat              
>SENSHTE   Diepte set        m     
>Echms     Echoset           mtrs  
>Temp      Temperatuur       oC
>pH        Zuurgraad         dimsls
>GELBH     Geleidendheid     mS/cm 
>GEL20     Gel20             ???   
>SALNTT    Saliniteit        dimsl 
>CL-       Chloride          mg/l  
>CHFLYSI   Chlorofyl         ugr/l 
>TURBID    Troebelheid       NTU   
>O2        Zuurstof          mg/l  
>%O2       Zuurstof%         %     
 -0801  74550 385500   1.08   5.84  11.58   8.17   1.46   176   1.00    459   0.64   3.57   9999  9999
  0801  74550 385500   2.53   4.01  11.58   8.17   1.46   176   1.00    459   0.70   3.52   9999  9999
  0802  74550 385500   3.63   2.97  11.58   8.17   1.46   176   1.00    459   0.64   3.46   9999  9999
  0802  74550 385500   4.47   2.22  11.58   8.17   1.46   176   1.00    459   0.64   3.67   9999  9999
  0802  74550 385500   5.20   1.33  11.58   8.17   1.46   176   1.00    460   0.62   3.66   9999  9999
  0802  74550 385500   6.46   0.00  11.59   8.17   1.46   176   1.00    460   0.66   3.95   9999  9999
 -1440  74654 384174   0.96   5.40  12.69   8.02   1.33   157   0.89    393   0.77   6.32   9999  9999
  1440  74654 384174   2.11   4.09  12.69   8.01   1.34   158   0.89    396   0.78   6.89   9999  9999
  1440  74654 384174   3.05   3.25  12.68   8.01   1.34   159   0.90    399   0.77   6.77   9999  9999
  1441  74654 384174   3.89   2.26  12.68   8.00   1.35   159   0.90    400   0.78   6.68   9999  9999
  1441  74654 384174   4.95   1.03  12.68   8.00   1.35   160   0.90    402   0.80  10.27   9999  9999
 -1450  74893 382266   1.05   4.88  12.63   7.98   1.40   165   0.94    421   0.82   7.22   9999  9999
  1450  74893 382266   1.92   3.55  12.64   7.99   1.40   165   0.94    422   0.83   7.55   9999  9999
  1450  74893 382266   2.94   2.58  12.64   7.99   1.40   165   0.94    422   0.79   7.22   9999  9999
  1451  74893 382266   3.93   2.31  12.65   7.99   1.40   165   0.94    422   0.84   8.68   9999  9999
  1451  74893 382266   4.92   1.17  12.65   7.98   1.40   165   0.94    422   0.89  19.80   9999  9999
 -1502  75095 380299   1.10   4.60  13.04   7.96   2.49   291   1.70    845   2.38  32.01   9999  9999
  1502  75095 380299   2.02   3.52  13.05   7.96   2.53   296   1.73    861   2.41  35.19   9999  9999
  1502  75095 380299   3.10   2.53  13.05   7.96   2.52   295   1.72    857   2.95  50.98   9999  9999
  1502  75095 380299   3.89   1.86  13.07   7.96   2.60   303   1.78    888   2.14  29.89   9999  9999
  1503  75095 380299   5.06   0.80  13.09   7.96   2.65   309   1.81    908   2.81  47.23   9999  9999
 -1513  75510 378297   1.09   5.04  13.78   8.01   4.65   534   3.23   1792   1.65  16.60   9999  9999
  1513  75510 378297   2.04   3.81  13.78   8.01   4.66   535   3.24   1796   1.43  12.59   9999  9999
  1513  75510 378297   2.93   3.00  13.80   8.01   4.70   540   3.27   1813   1.49  13.50   9999  9999
  1513  75510 378297   4.10   1.16  13.83   8.01   4.77   547   3.31   1839   1.59  13.51   9999  9999
  1514  75510 378297   4.96   1.15  13.85   8.02   4.83   553   3.36   1862   1.60  10.83   9999  9999
 -1534  76900 376922   0.99   5.41  15.27   8.03   7.54   836   5.21   2896   0.99   6.56   8.95    93
  1534  76900 376922   2.03   4.39  15.31   8.03   7.58   840   5.24   2911   1.00   6.54   8.93    93
  1535  76900 376922   2.97   3.48  15.31   8.03   7.58   840   5.24   2911   1.05   5.73   8.94    94
  1535  76900 376922   4.05   2.39  15.35   8.03   7.63   845   5.27   2927   1.00   6.28   8.93    94
  1536  76900 376922   4.90   1.47  15.33   8.03   7.61   843   5.26   2921   1.04   5.99   8.93    93
  1537  76900 376922   5.93  14.16  15.31   8.03   7.58   840   5.24   2910   1.23   6.73   8.95    94
 -1549  78859 376581   1.05   4.66  15.99   8.05   9.46  1032   6.54   3633   0.88   5.65   9999  9999
  1549  78859 376581   1.88   0.79  15.91   8.05   9.45  1033   6.54   3637   0.92   5.48   9999  9999
  1549  78859 376581   2.89   0.75  15.87   8.04   9.45  1034   6.55   3641   0.91   5.70   9999  9999
  1549  78859 376581   3.90   1.93  15.87   8.04   9.45  1035   6.55   3643   0.89   6.18   9999  9999
  1550  78859 376581   4.89   1.14  15.81   8.04   9.46  1037   6.57   3650   0.85   6.28   9999  9999
 -1601  79318 374362   0.91   4.15  15.22   7.92  11.30  1256   8.07   4495   0.61   6.60   9999  9999
  1602  79318 374362   1.90   4.34  15.23   7.92  11.40  1267   8.15   4537   0.63   7.46   9999  9999
  1602  79318 374362   3.11   2.98  15.22   7.92  11.34  1260   8.10   4511   0.63   7.54   9999  9999
  1602  79318 374362   3.99   2.12  15.22   7.92  11.36  1262   8.12   4518   0.60   7.30   9999  9999
  1602  79318 374362   5.11   1.03  15.22   7.92  11.37  1263   8.12   4522   0.68   7.09   9999  9999
 -1613  79391 372226   0.87   9.98  15.43   7.83  12.80  1415   9.19   5118   0.52   3.26   9999  9999
  1613  79391 372226   1.91  15.13  15.43   7.83  12.79  1414   9.18   5114   0.51   3.19   9999  9999
  1614  79391 372226   2.93  13.95  15.43   7.83  12.79  1415   9.18   5116   0.55   3.15   9999  9999
  1614  79391 372226   3.90  13.06  15.43   7.83  12.80  1415   9.19   5118   0.53   3.28   9999  9999
  1615  79391 372226   4.97  11.90  15.43   7.83  12.81  1416   9.20   5123   0.50   3.50   9999  9999
  1615  79391 372226   5.90  10.44  15.42   7.83  12.82  1418   9.21   5129   0.51   3.55   9999  9999
  1615  79391 372226   6.91   9.64  15.41   7.83  12.85  1422   9.24   5144   0.51   4.23   9999  9999
  1616  79391 372226   8.09   7.43  15.41   7.83  12.85  1421   9.23   5142   0.44   3.90   9999  9999
  1616  79391 372226   8.88   7.37  15.41   7.83  12.84  1421   9.23   5140   0.55   3.88   9999  9999
  1616  79391 372226   9.96   6.55  15.38   7.84  12.92  1429   9.29   5174   0.52   4.84   9999  9999
  1617  79391 372226  10.88   5.78  15.37   7.84  12.94  1433   9.31   5188   0.54   5.52   9999  9999
  1617  79391 372226  12.12   4.23  15.34   7.84  13.05  1446   9.41   5241   0.49   8.06   9999  9999
  1617  79391 372226  13.07   3.25  15.34   7.84  13.06  1446   9.41   5242   0.45   8.50   9999  9999
  1617  79391 372226  14.05   2.07  15.33   7.84  13.09  1451   9.44   5260   0.53  10.92   9999  9999
  1618  79391 372226  15.11   1.05  15.29   7.83  13.29  1474   9.60   5350   0.61  14.70   9999  9999
