# MEETVAARTUIG : M.S. ARGUS
# MEETDATUM    : 29-10-2007 07:51:19
# MEETGEBIED   : VOLKERAK/ZOOMMEER
# STARTPUNT    : Krammersluizen
# EINDPUNT     : Antwerpen
# PROJECTCODE  : E7608X
# OPDRACHTGEVER: ZLXXAXAMDBG
# BEHEERDER    : ZLXXAXAMDBG
# BEMONST. INST:
# WAARNEMER(S) : G,J.Bakker.
#
* 20071030
$ 9999 [00000000000000]
>TIJD      uumm                    
>X         coordinaat              
>Y         coordinaat              
>SENSHTE   Diepte set        m     
>ECHOS     Echoset           mtrs  
>Temp      Temperatuur       oC        : 6.0   0.5   15   0.5
>GELBH     Geleidendheid     mS/cm 
>SALNTT    Saliniteit        dimsl 
>CL-       Chloride          mg/l  
>Echo      Echoschip         M     
>pH        Zuurgraad         dimsls
>O2        Zuurstof          mg/l  
>%O2       Zuurstof%         %     
>CHFLYSI   Chlorofyl         ugr/l 
 -1355  74555 385526   1.01   5.45  10.53   1.53   1.09    507   9999   9999   9999  9999   9999
  1355  74556 385518   1.81   4.95  10.54   1.53   1.08    506   9999   9999   9999  9999   9999
  1355  74557 385512   2.97   3.90  10.54   1.53   1.08    506   9999   9999   9999  9999   9999
  1355  74557 385508   3.89   3.00  10.53   1.53   1.09    507   9999   9999   9999  9999   9999
  1355  74557 385506   4.92   2.00  10.53   1.53   1.09    507   9999   9999   9999  9999   9999
  1355  74557 385504   5.86   1.00  10.53   1.53   1.09    507   9999   9999   9999  9999   9999
 -0859  74666 384174   0.96   4.50  10.59   1.49   1.06    491   9999   9999   9999  9999   9999
  0859  74664 384175   1.84   3.85  10.59   1.50   1.06    492   9999   9999   9999  9999   9999
  0859  74663 384175   2.81   2.90  10.58   1.50   1.06    492   9999   9999   9999  9999   9999
  0900  74662 384176   3.93   1.95  10.58   1.50   1.06    493   9999   9999   9999  9999   9999
  0900  74660 384178   4.90   0.95  10.58   1.50   1.06    492   9999   9999   9999  9999   9999
 -0909  74893 382281   1.12   4.65  10.53   1.50   1.06    493   9999   9999   9999  9999   9999
  0909  74893 382261   1.82   3.60  10.53   1.50   1.06    492   9999   9999   9999  9999   9999
  0910  74893 382254   2.81   2.75  10.54   1.50   1.06    493   9999   9999   9999  9999   9999
  0910  74892 382251   3.80   1.95  10.54   1.50   1.06    493   9999   9999   9999  9999   9999
  0910  74889 382253   4.82   0.90  10.54   1.50   1.06    492   9999   9999   9999  9999   9999
 -0919  75091 380325   1.00   4.15  10.59   1.49   1.05    489   9999   9999   9999  9999   9999
  0919  75094 380307   1.85   3.45  10.58   1.49   1.05    488   9999   9999   9999  9999   9999
  0919  75094 380299   2.83   2.55  10.59   1.49   1.05    489   9999   9999   9999  9999   9999
  0919  75094 380296   3.88   1.55  10.59   1.49   1.05    488   9999   9999   9999  9999   9999
  0919  75094 380296   4.87   0.55  10.58   1.49   1.05    489   9999   9999   9999  9999   9999
 -0928  75504 378310   0.97   4.15  11.47   2.89   2.08   1055   9999   9999   9999  9999   9999
  0928  75508 378301   1.88   0.40  11.43   2.84   2.03   1030   9999   9999   9999  9999   9999
  0928  75509 378298   2.88   0.45  11.44   2.85   2.04   1036   9999   9999   9999  9999   9999
  0929  75510 378295   3.83   1.95  11.51   3.03   2.18   1110   9999   9999   9999  9999   9999
  0929  75509 378294   4.82   1.45  11.61   3.18   2.29   1173   9999   9999   9999  9999   9999
 -0938  76900 376934   1.12   4.20  13.33   5.25   3.72   2064   9999   9999   9.68    94   9999
  0938  76908 376923   2.08   3.50  13.78   5.69   4.01   2226   9999   9999   9.60    95   9999
  0939  76899 376925   2.95   2.75  13.97   5.85   4.11   2280   9999   9999   9.53    94   9999
  0940  76897 376923   4.03   1.75  14.32   6.20   4.34   2407   9999   9999   9.47    95   9999
  0940  76898 376921   5.04   0.80  14.59   6.39   4.45   2469   9999   9999   9.41    95   9999
 -0949  78833 376589   0.90   4.80  16.08   8.34   5.70   3166   9999   9999   9999  9999   9999
  0949  78843 376587   1.80   4.10  16.05   8.37   5.72   3178   9999   9999   9999  9999   9999
  0949  78852 376586   2.84   3.10  16.06   8.40   5.74   3191   9999   9999   9999  9999   9999
  0949  78854 376585   3.80   2.30  16.05   8.41   5.76   3198   9999   9999   9999  9999   9999
  0949  78858 376585   4.81   1.20  15.99   8.43   5.77   3207   9999   9999   9999  9999   9999
 -0959  79322 374400   0.91   5.95  13.98   8.90   6.44   3582   9999   9999   9999  9999   9999
  0959  79322 374372   1.82  51.25  13.96   8.72   6.31   3508   9999   9999   9999  9999   9999
  1000  79322 374369   2.83   4.30  13.96   8.71   6.30   3501   9999   9999   9999  9999   9999
  1000  79322 374364   3.85   3.45  13.95   8.94   6.48   3602   9999   9999   9999  9999   9999
  1000  79323 374361   4.92   2.35  14.02   9.26   6.71   3734   9999   9999   9999  9999   9999
  1000  79323 374360   5.82   1.50  14.07   9.52   6.91   3842   9999   9999   9999  9999   9999
  1000  79324 374360   6.86   0.80  14.13  10.15   7.39   4114   9999   9999   9999  9999   9999
 -1009  79397 372245   0.98  15.20  13.85  10.62   7.82   4352   9999   9999   9999  9999   9999
  1009  79397 372237   1.84  14.30  13.86  10.64   7.83   4360   9999   9999   9999  9999   9999
  1009  79396 372232   2.88  13.20  13.87  10.68   7.86   4377   9999   9999   9999  9999   9999
  1009  79396 372231   3.95  12.40  13.89  10.69   7.87   4379   9999   9999   9999  9999   9999
  1009  79396 372225   4.85  11.30  13.90  10.70   7.87   4382   9999   9999   9999  9999   9999
  1009  79396 372223   5.96  10.25  13.91  10.71   7.88   4385   9999   9999   9999  9999   9999
  1009  79396 372222   6.90   9.00  13.91  10.71   7.88   4385   9999   9999   9999  9999   9999
  1009  79395 372220   7.82   8.75  13.91  10.72   7.89   4390   9999   9999   9999  9999   9999
  1009  79395 372218   8.84   7.55  13.92  10.77   7.93   4411   9999   9999   9999  9999   9999
  1010  79395 372217   9.82   6.45  13.96  10.88   8.00   4455   9999   9999   9999  9999   9999
  1010  79395 372216  10.96   5.60  13.97  11.13   8.20   4565   9999   9999   9999  9999   9999
  1010  79394 372216  11.96   4.40  13.98  11.20   8.25   4595   9999   9999   9999  9999   9999
  1010  79394 372216  12.90   3.40  14.01  11.42   8.42   4690   9999   9999   9999  9999   9999
  1010  79393 372216  13.87   2.20  14.04  11.77   8.70   4842   9999   9999   9999  9999   9999
  1010  79394 372216  14.83   1.55  14.03  12.20   9.04   5036   9999   9999   9999  9999   9999
