# MEETVAARTUIG : M.S. ARGUS
# MEETDATUM    : 11-07-2011 08:12:08
# MEETGEBIED   :
# STARTPUNT    :
# EINDPUNT     :
# PROJECTCODE  :
# OPDRACHTGEVER:
# BEHEERDER    :
# BEMONST. INST:
# WAARNEMER(S) : G.J.Bakker
#
* 20110711
$ 9999 [000000000000]
>TIJD      uumm                    
>X         coordinaat              
>Y         coordinaat              
>SENSHTE   Diepte set        m     
>ECHOS     Echoset           mtrs  
>Temp      Temperatuur       oC        : 13.0   0.5   15   0.5
>pH        Zuurgraad         dimsls
>GELBH     Geleidendheid     mS/cm 
>SALNTT    Saliniteit        dimsl 
>CL-       Chloride          mg/l  
>O2        Zuurstof          mg/l  
>%O2       Zuurstof%         %     
 -0812  74555 385486   1.09   4.80  20.09   8.73   2.04   1.16    556   9999  9999
  0812  74552 385476   1.83  23.85  20.09   8.72   2.05   1.16    558   9999  9999
  0812  74551 385472   2.87   0.40  20.09   8.72   2.05   1.16    558   9999  9999
  0812  74550 385469   3.83   0.40  20.08   8.71   2.05   1.17    560   9999  9999
  0812  74550 385468   4.82   0.45  20.08   8.71   2.05   1.17    560   9999  9999
 -1257  74637 384119   1.06   4.55  20.25   8.51   2.14   1.21    587   9999  9999
  1258  74638 384142   1.93   4.10  20.18   8.51   2.14   1.21    588   9999  9999
  1258  74638 384146   2.86   3.10  20.17   8.51   2.14   1.21    587   9999  9999
  1258  74638 384152   3.80   2.40  20.17   8.51   2.14   1.21    588   9999  9999
  1258  74638 384157   4.84   1.20  20.19   8.51   2.14   1.21    588   9999  9999
 -1248  74892 382228   0.94   4.10  20.09   8.46   2.12   1.21    583   9999  9999
  1248  74887 382243   1.82   4.05  20.10   8.47   2.12   1.21    584   9999  9999
  1248  74885 382250   2.92   2.60  20.09   8.47   2.12   1.21    584   9999  9999
  1248  74884 382256   3.93   1.55  20.08   8.47   2.12   1.21    583   9999  9999
  1248  74882 382262   4.94   0.85  20.07   8.46   2.12   1.21    584   9999  9999
 -1238  75093 380264   0.99   0.40  20.69   8.35   2.71   1.54    763   9999  9999
  1238  75092 380268   1.83   3.65  20.66   8.35   2.71   1.54    764   9999  9999
  1238  75091 380271   2.87   2.75  20.63   8.35   2.71   1.55    765   9999  9999
  1239  75091 380274   3.80   1.85  20.61   8.35   2.72   1.55    767   9999  9999
  1239  75090 380276   4.83   0.80  20.54   8.33   2.80   1.60    796   9999  9999
 -1227  75520 378272   1.11   3.80  21.22   8.22   5.08   2.97   1643   9999  9999
  1228  75515 378277   1.82   0.40  21.21   8.21   5.14   3.00   1663   9999  9999
  1228  75512 378278   2.85   0.40  21.20   8.20   5.30   3.10   1719   9999  9999
  1228  75508 378282   3.82   1.55  21.21   8.19   5.52   3.24   1796   9999  9999
  1228  75505 378285   4.86   0.60  21.22   8.18   5.65   3.32   1840   9999  9999
 -1216  76912 376933   1.04   4.00  21.77   8.16   8.04   4.79   2653   8.14    95
  1217  76892 376945   1.98   3.10  21.81   8.15   8.22   4.89   2713   8.16    95
  1217  76895 376943   2.99   2.15  21.84   8.15   8.35   4.98   2759   8.14    95
  1217  76897 376940   4.05   1.15  21.80   8.16   8.19   4.88   2704   8.14    95
 -1156  78891 376589   1.07   4.50  21.89   8.15  10.01   6.04   3350   9999  9999
  1157  78878 376587   1.85   4.35  21.81   8.14  10.16   6.15   3411   9999  9999
  1157  78873 376587   2.85   2.90  21.79   8.13  10.25   6.21   3445   9999  9999
  1157  78869 376586   3.85   2.00  21.72   8.12  10.70   6.51   3615   9999  9999
  1157  78861 376585   4.82   1.10  21.60   8.11  10.95   6.69   3717   9999  9999
 -1140  79319 374345   1.08   5.70  21.32   8.10  12.60   7.84   4356   9999  9999
  1140  79318 374356   1.86   5.20  21.28   8.10  12.71   7.92   4402   9999  9999
  1141  79318 374361   2.84   4.30  21.24   8.09  12.76   7.96   4425   9999  9999
  1141  79318 374364   3.80   3.40  21.20   8.09  12.85   8.03   4463   9999  9999
  1141  79319 374365   4.84   2.30  21.13   8.08  13.06   8.18   4550   9999  9999
  1141  79320 374365   5.84   1.45  20.87   8.05  13.83   8.76   4872   9999  9999
 -1127  79386 372272   1.10  14.78  20.44   8.03  13.94   8.93   4965   9999  9999
  1127  79383 372252   1.87  13.71  20.52   8.03  13.91   8.89   4943   9999  9999
  1127  79383 372246   2.94  12.70  20.46   8.03  13.90   8.89   4947   9999  9999
  1127  79382 372238   3.95  11.70  20.40   8.02  13.91   8.91   4957   9999  9999
  1127  79382 372235   4.92  10.77  20.39   8.02  13.91   8.92   4961   9999  9999
  1127  79382 372233   6.00   9.71  20.33   8.02  13.93   8.94   4974   9999  9999
  1127  79382 372231   7.01   8.77  20.31   8.02  13.93   8.95   4978   9999  9999
  1127  79381 372230   8.03   7.83  20.31   8.01  13.96   8.97   4990   9999  9999
  1127  79382 372229   9.01   6.87  20.30   8.01  13.98   8.98   4998   9999  9999
  1128  79382 372228  10.06   5.77  20.30   8.01  14.03   9.02   5017   9999  9999
  1128  79382 372227  11.01   4.83  20.31   8.00  14.21   9.14   5087   9999  9999
  1128  79382 372227  11.99   3.98  20.33   8.00  14.28   9.18   5112   9999  9999
  1128  79382 372227  13.05   2.95  20.36   7.99  14.61   9.40   5237   9999  9999
  1128  79382 372227  13.87   1.98  20.39   7.99  14.79   9.53   5303   9999  9999
  1128  79382 372226  14.90   0.82  20.43   7.96  15.69  10.14   5649   9999  9999
