# MEETVAARTUIG : M.S. ARGUS
# MEETDATUM    : 14-05-2014 13:31:22
# MEETGEBIED   :
# STARTPUNT    :
# EINDPUNT     :
# PROJECTCODE  :
# OPDRACHTGEVER:
# BEHEERDER    :
# BEMONST. INST:
# WAARNEMER(S) : Kevin de Vlaam
#
#   meetpunt 37 gemeten op 20140513
#
* 20140514
$ 9999 [0000000000000]
>TIJD      uumm                    
>X         coordinaat              
>Y         coordinaat              
>SENSHTE   Diepte set        m     
>ECHOS     Echoset           mtrs  
>Temp      Temperatuur       oC     : 10.0   0.5   15   0.5
>pH        Zuurgraad         dimsls
>GELBH     Geleidendheid     mS/cm 
>GEL20     Gel20             ???   
>SALNTT    Saliniteit        dimsl 
>CL-       Chloride          mg/l  
>O2        Zuurstof          mg/l  
>%O2       Zuurstof%         %     
 -1331  74546 385528   1.07   5.05  13.28   8.13   1.54   178   1.02    468   9999  9999
  1331  74547 385516   1.80   4.75  13.27   8.13   1.54   179   1.02    468   9999  9999
  1331  74548 385512   2.95   3.65  13.28   8.13   1.53   178   1.01    467   9999  9999
  1331  74548 385507   3.84   2.70  13.28   8.13   1.54   178   1.02    468   9999  9999
  1331  74549 385505   4.81   1.90  13.28   8.13   1.54   179   1.02    468   9999  9999
  1331  74549 385502   5.84   0.55  13.27   8.14   1.54   179   1.02    468   9999  9999
 -0844  74635 384180   1.07   4.90  13.86   8.23   1.62   186   1.06    492   9999  9999
  0844  74649 384175   2.01   4.15  13.86   8.23   1.62   186   1.06    493   9999  9999
  0844  74652 384172   2.94   3.40  13.85   8.23   1.62   186   1.06    492   9999  9999
  0844  74654 384170   3.91   2.50  13.85   8.23   1.62   186   1.06    493   9999  9999
  0844  74659 384167   4.76   0.80  13.84   8.20   1.62   186   1.06    493   9999  9999
 -0858  74884 382269   0.92   4.55  14.29   8.08   1.71   194   1.11    521   9999  9999
  0858  74885 382261   1.94   3.55  14.32   8.08   1.71   194   1.10    520   9999  9999
  0858  74886 382258   2.87   3.20  14.31   8.08   1.71   194   1.11    521   9999  9999
  0858  74886 382253   3.92   2.10  14.29   8.07   1.71   194   1.11    521   9999  9999
  0858  74887 382249   4.83   0.75  14.28   8.06   1.71   194   1.10    520   9999  9999
 -0908  75095 380315   0.92   4.25  14.53   8.28   2.48   280   1.63    806   9999  9999
  0908  75096 380311   1.95   3.65  14.52   8.29   2.49   281   1.64    811   9999  9999
  0908  75096 380306   2.92   2.70  14.50   8.29   2.49   282   1.64    813   9999  9999
  0908  75097 380297   3.80   1.85  14.49   8.28   2.50   282   1.64    814   9999  9999
  0908  75098 380291   4.86   0.65  14.49   8.27   2.49   281   1.64    811   9999  9999
 -0918  75499 378315   1.00   4.15  14.33   8.55   3.91   444   2.65   1381   9999  9999
  0918  75507 378308   1.91   3.55  14.34   8.55   3.92   445   2.66   1384   9999  9999
  0918  75511 378305   2.82   2.65  14.34   8.55   3.94   446   2.67   1389   9999  9999
  0918  75517 378299   3.83   1.80  14.33   8.54   3.97   451   2.70   1405   9999  9999
  0918  75522 378295   4.85   1.40  14.32   8.52   4.00   454   2.72   1416   9999  9999
 -0929  76887 376935   0.95   0.40  14.94   8.57   5.57   623   3.81   2112  11.22   112
  0929  76906 376927   1.98   0.40  14.95   8.57   5.61   627   3.84   2128  11.17   112
  0930  76909 376926   3.08   2.55  15.00   8.54   5.70   637   3.89   2161  11.14   112
  0930  76914 376923   3.93   1.65  14.98   8.54   5.67   634   3.88   2150  11.11   112
  0930  76927 376924   4.84   0.65  15.02   8.54   5.74   641   3.92   2176  11.07   111
 -0941  78840 376581   0.95   4.60  15.42   8.53   6.96   770   4.77   2649   9999  9999
  0941  78851 376579   1.80   4.25  15.42   8.53   6.96   770   4.77   2648   9999  9999
  0941  78855 376578   2.90   3.40  15.41   8.53   6.96   770   4.77   2649   9999  9999
  0941  78858 376578   3.81   2.40  15.41   8.52   6.96   770   4.77   2649   9999  9999
  0941  78865 376577   4.86   1.00  15.41   8.51   6.96   770   4.77   2649   9999  9999
 -0952  79322 374395   0.94   5.95  14.96   8.19   8.21   918   5.76   3203   9999  9999
  0952  79321 374379   1.81   5.75  14.96   8.20   8.21   918   5.76   3202   9999  9999
  0952  79320 374374   2.87   4.45  14.96   8.19   8.24   921   5.78   3213   9999  9999
  0952  79320 374365   3.83   3.40  14.95   8.15   8.39   938   5.90   3277   9999  9999
  0952  79319 374357   4.86   2.40  14.96   8.13   8.48   948   5.97   3317   9999  9999
  0952  79318 374349   5.84   1.45  14.99   8.10   8.65   966   6.09   3385   9999  9999
 -1002  79400 372248   1.05  14.25  14.87   7.84   8.93  1000   6.32   3513   9999  9999
  1002  79402 372237   1.83  14.05  14.88   7.84   8.91   998   6.31   3505   9999  9999
  1002  79404 372232   2.92  13.20  14.87   7.82   8.92   999   6.32   3510   9999  9999
  1002  79405 372229   3.93  12.05  14.84   7.82   8.93  1001   6.33   3517   9999  9999
  1002  79405 372226   4.87  11.10  14.84   7.81   8.94  1001   6.33   3518   9999  9999
  1002  79405 372225   5.85  10.05  14.84   7.81   8.95  1003   6.34   3523   9999  9999
  1002  79401 372223   6.80   9.15  14.81   7.80   9.02  1012   6.40   3558   9999  9999
  1003  79394 372224   7.80   8.85  14.82   7.80   9.07  1017   6.43   3577   9999  9999
  1005  79376 372233   8.80   7.20  14.83   7.81   9.12  1023   6.48   3600   9999  9999
  1005  79381 372230   9.87   6.20  14.83   7.81   9.15  1026   6.50   3611   9999  9999
  1005  79383 372229  10.82   5.30  14.84   7.80   9.19  1030   6.52   3626   9999  9999
  1005  79384 372228  11.88   4.05  14.85   7.80   9.38  1051   6.67   3707   9999  9999
  1006  79390 372225  12.84   3.60  14.90   7.80   9.57  1071   6.81   3784   9999  9999
  1006  79395 372223  13.84   2.70  14.93   7.81   9.81  1097   6.98   3883   9999  9999
  1006  79403 372219  14.88   1.60  14.89   7.81  10.22  1144   7.31   4064   9999  9999
