# MEETVAARTUIG : M.S. ARGUS
# MEETDATUM    : 16-01-2003 09:22:15
# MEETGEBIED   : VOLKERAK/ZOOMMEER
# STARTPUNT    : Zandvliet
# EINDPUNT     : Krammersluis
# PROJECTCODE  : E7608X
# OPDRACHTGEVER: ZLXXAXWMDBG
# BEHEERDER    : ZLXXAXMVSGN
# BEMONST. INST:
# WAARNEMER(S) : Geert den Hartog
#
* 20030116
$ 9999 [00000000000000]
>TIJD      uumm                    
>X         coordinaat              
>Y         coordinaat              
>SENSHTE   Diepte set        m     
>ECHOS     Echoset           mtrs  
>Echo      Echoschip         M     
>Temp      Temperatuur       oC            :1.0  1.0  10  1.0
>pH        Zuurgraad         dimsls
>GELBH     Geleidendheid     mS/cm 
>SALNTT    Saliniteit        dimsl 
>CL-       Chloride          mg/l  
>FLME      Flur ME           ugr/l 
>O2        Zuurstof          mg/l  
>%O2       Zuurstof%         %     
 -0922  79383 372244   1.12  14.70  18.10   6.29   7.71   2.77   2.29   1165   9999   9999  9999
  0922  79386 372238   1.92  14.69  18.00   6.22   7.71   2.76   2.28   1162   9999   9999  9999
  0922  79387 372237   2.87  13.65  18.10   6.23   7.71   2.75   2.28   1161   9999   9999  9999
  0922  79387 372236   3.88  12.51  18.00   6.38   7.71   2.80   2.31   1177   9999   9999  9999
  0922  79387 372234   4.98  11.44  18.00   6.56   7.71   2.85   2.34   1196   9999   9999  9999
  0922  79387 372232   5.95  10.48  18.02   6.47   7.70   2.86   2.36   1205   9999   9999  9999
  0922  79388 372231   6.90   9.48  18.10   6.44   7.70   2.87   2.36   1208   9999   9999  9999
  0923  79388 372229   7.94   8.46  18.10   6.43   7.70   2.87   2.37   1209   9999   9999  9999
  0923  79388 372228   9.03   7.30  18.20   6.38   7.70   2.87   2.37   1211   9999   9999  9999
  0923  79388 372228   9.94   6.38  18.20   6.31   7.70   2.87   2.38   1217   9999   9999  9999
  0923  79389 372226  10.92   5.31  18.20   6.27   7.70   2.90   2.41   1231   9999   9999  9999
  0923  79389 372225  11.97   4.31  18.20   6.22   7.69   2.94   2.44   1251   9999   9999  9999
  0923  79389 372225  13.04   3.27  18.03   6.20   7.69   2.98   2.48   1271   9999   9999  9999
  0923  79389 372224  14.00   2.15  18.13   6.19   7.68   3.01   2.51   1289   9999   9999  9999
  0923  79390 372223  14.93   1.23  17.87   6.19   7.68   3.04   2.53   1300   9999   9999  9999
 -0934  79333 374374    .86   6.18   8.00   5.45   7.95   1.68   1.39    675   9999   9999  9999
  0934  79327 374381   1.82   5.26   8.10   5.46   7.95   1.69   1.39    678   9999   9999  9999
  0934  79324 374382   2.85   4.21   8.00   5.47   7.95   1.69   1.39    679   9999   9999  9999
  0934  79322 374384   3.90   3.15   8.00   5.49   7.95   1.72   1.42    693   9999   9999  9999
  0934  79320 374386   4.89   1.92   8.00   5.55   7.94   1.75   1.44    707   9999   9999  9999
  0934  79320 374387   5.84    .80   8.00   5.95   7.90   2.00   1.64    805   9999   9999  9999
 -0945  78892 376601   1.07   4.55   5.90   9.70   8.06   1.84   1.35    657   9999   9999  9999
  0945  78868 376606   1.83   3.90   6.10   9.76   8.06   1.84   1.35    658   9999   9999  9999
  0945  78859 376608   2.83   2.74   6.40   9.82   8.07   1.85   1.35    660   9999   9999  9999
  0946  78856 376608   3.81   1.52   6.20   9.83   8.07   1.85   1.35    659   9999   9999  9999
  0946  78855 376609   4.83    .48   6.20   9.81   8.07   1.85   1.35    659   9999   9999  9999
 -0956  76951 376915   1.09   4.17   6.20   3.14   8.10    .94    .81    340   9999  13.79   102
  0956  76922 376925   2.03   3.13   6.20   3.15   8.10    .94    .81    341   9999  13.77   102
  0956  76920 376926   3.12   1.88   6.10   3.19   8.10    .94    .81    341   9999  13.76   102
  0957  76915 376929   4.18    .71   6.10   3.16   8.10    .94    .80    338   9999  13.76   102
 -1007  75533 378283    .81    .47   7.00   2.19   8.08    .78    .69    274   9999   9999  9999
  1007  75530 378288   1.82    .45   6.80   2.19   8.08    .78    .69    274   9999   9999  9999
  1007  75529 378289   2.86    .43   6.40   2.19   8.08    .78    .69    274   9999   9999  9999
  1007  75530 378290   3.85   1.71   6.70   2.19   8.08    .78    .68    273   9999   9999  9999
  1007  75531 378289   4.81    .73   6.50   2.19   8.08    .78    .68    273   9999   9999  9999
 -1017  75133 380282   1.06   4.46   6.70   2.03   8.06    .75    .66    261   9999   9999  9999
  1018  75131 380299   1.84   3.88   6.20   2.03   8.06    .75    .66    261   9999   9999  9999
  1018  75132 380302   2.89   2.70   6.40   2.03   8.06    .75    .66    261   9999   9999  9999
  1018  75132 380305   3.88   1.11   6.10   2.03   8.05    .75    .66    261   9999   9999  9999
 -1028  74878 382239    .87    .43   6.40   2.01   8.05    .74    .65    253   9999   9999  9999
  1028  74876 382242   1.82    .40   6.40   2.01   8.04    .73    .65    251   9999   9999  9999
  1028  74875 382244   2.82   2.11   6.30   2.02   8.05    .74    .65    254   9999   9999  9999
  1028  74873 382246   3.87   1.16   6.40   2.02   8.04    .74    .65    253   9999   9999  9999
 -1037  74684 384119    .80   4.63   6.20   2.01   8.02    .74    .66    256   9999   9999  9999
  1037  74681 384139   1.90   3.14   6.20   2.01   8.03    .74    .65    256   9999   9999  9999
  1037  74681 384141   2.86   2.32   6.20   2.01   8.03    .75    .66    257   9999   9999  9999
  1037  74680 384144   3.86   1.25   6.20   2.01   8.02    .74    .66    256   9999   9999  9999
 -1053  74547 385467    .82   5.25   7.30   2.04   8.06    .72    .63    241   9999   9999  9999
  1053  74547 385476   1.87   4.14   7.30   2.04   8.06    .72    .63    242   9999   9999  9999
  1053  74546 385479   2.88   3.08   7.20   2.04   8.06    .71    .63    240   9999   9999  9999
  1053  74546 385480   3.83   1.95   7.30   2.04   8.06    .72    .63    241   9999   9999  9999
  1053  74546 385482   4.80    .94   7.20   2.04   8.06    .72    .63    242   9999   9999  9999
