# M.S. ARGUS
# 16-03-2000 10:54:03
# PROJECTCODE: E7608X
# STARTPUNT: KRAMMERSLUIS
# EINDPUNT: ZANDVLIETSLUIS
# OPDRACHTGEVER: ZLXAXBMDBG
# BEHEERDER: ZLXXAXBMDBG
# BEMONST. INST.: ZLXXAXMVSGN
# TLU        oC    7.9
# LUCHTDK    hp    1030
# WINDSHD    m/s    6.2
* 20000316
$ 9999 [0002222222000]
> TIJD
> X-COORD
> Y-COORD
>SENSHTE   Diepte set        m
>ECHOS     Echoset           mtrs
>Echo      Echoschip         M
>Temp      Temperatuur       oC
>pH        Zuurgraad         dimsls
>GELBH     Geleidendheid     ms/cm
>SALNTT    Saliniteit        dimsls
>CL-       Chloride          mg/l
>O2        Zuurstof          mg/l
>%O2       Zuurstof verz.p.  %
-1001  74539 385519   1.17   0.37   7.10   7.77   8.28   1.01   0.72    317   9999   9999
 1001  74541 385518   1.81   0.35   7.10   7.77   8.28   1.01   0.72    316   9999   9999
 1002  74542 385517   2.82   0.28   7.10   7.78   8.27   1.01   0.72    317   9999   9999
 1002  74543 385517   3.85   0.22   7.10   7.78   8.27   1.01   0.72    318   9999   9999
 1002  74544 385517   4.86   0.20   7.10   7.78   8.26   1.01   0.72    316   9999   9999
 1002  74544 385516   5.80   0.14   7.10   7.78   8.27   1.01   0.72    317   9999   9999
-1025  74654 384209   1.13   4.58   6.40   7.92   8.22   1.02   0.73    321   9999   9999
 1025  74657 384210   1.82   3.75   6.40   7.92   8.23   1.02   0.73    320   9999   9999
 1025  74658 384210   2.83   2.73   6.40   7.92   8.22   1.02   0.73    321   9999   9999
 1025  74659 384210   3.83   1.72   6.40   7.92   8.22   1.03   0.73    321   9999   9999
 1026  74659 384210   4.81   0.64   6.40   7.92   8.22   1.02   0.73    321   9999   9999
-1035  74869 382275   1.03   4.09   6.30   7.94   8.21   1.02   0.73    320   9999   9999
 1035  74872 382263   1.80   3.41   6.20   7.94   8.21   1.03   0.73    321   9999   9999
 1035  74872 382259   2.84   2.56   6.20   7.94   8.22   1.03   0.73    321   9999   9999
 1035  74874 382254   4.80   0.15   6.40   7.94   8.22   1.03   0.73    322   9999   9999
-1045  75110 380292   0.98   0.38   6.10   7.98   8.23   1.03   0.73    320   9999   9999
 1046  75114 380286   1.86   0.31   6.30   7.98   8.24   1.03   0.73    320   9999   9999
 1046  75115 380283   2.81   0.25   6.40   7.98   8.23   1.02   0.73    319   9999   9999
 1046  75117 380280   3.83   0.19   6.30   7.98   8.23   1.03   0.73    320   9999   9999
 1046  75118 380277   4.81   0.13   6.20   7.98   8.23   1.03   0.73    321   9999   9999
-1056  75497 378333   1.03   4.29   6.50   7.92   8.22   1.03   0.73    323   9999   9999
 1056  75503 378321   1.85   3.26   6.40   7.92   8.23   1.03   0.73    323   9999   9999
 1056  75505 378319   2.84   2.29   6.90   7.92   8.23   1.03   0.73    324   9999   9999
 1056  75507 378316   3.82   0.16   6.60   7.92   8.23   1.03   0.74    324   9999   9999
-1105  76876 376950   1.27   0.17   6.30   7.97   8.25   1.06   0.76    336  11.85    101
 1106  76888 376942   2.13   0.26   6.30   7.97   8.24   1.06   0.76    336  11.94    102
 1106  76907 376933   2.94   0.22   6.40   7.99   8.25   1.06   0.76    338  12.02    102
 1107  76920 376919   3.97   0.16   6.40   8.00   8.24   1.07   0.76    339  12.12    103
 1107  76919 376915   4.98   0.11   6.50   8.00   8.24   1.07   0.76    339  12.23    104
-1116  78808 376569   1.06   0.12   6.10  11.46   8.16   1.76   1.20    589   9999   9999
 1116  78819 376568   1.82   0.30   6.10  11.48   8.17   1.75   1.20    587   9999   9999
 1117  78824 376567   2.83   0.23   6.00  11.48   8.17   1.75   1.20    587   9999   9999
 1117  78829 376566   3.81   0.16   6.00  11.46   8.17   1.75   1.20    588   9999   9999
-1127  79304 374427   0.83   0.37   7.40   9.91   7.89   2.33   1.70    853   9999   9999
 1128  79305 374416   1.83   0.33   7.40   9.91   7.90   2.31   1.69    847   9999   9999
 1128  79306 374410   2.82   0.12   7.40   9.91   7.90   2.33   1.70    854   9999   9999
 1128  79306 374407   3.83   0.25   7.50   9.91   7.88   2.39   1.75    879   9999   9999
 1128  79306 374404   4.84   0.17   7.50   9.91   7.87   2.44   1.79    902   9999   9999
-1138  79382 372247   1.01  13.85  16.60   9.43   7.70   2.95   2.23   1145   9999   9999
 1138  79387 372230   1.83   0.60  16.50   9.43   7.71   2.95   2.22   1144   9999   9999
 1139  79389 372228   2.81  12.25  16.53   9.42   7.70   2.95   2.22   1144   9999   9999
 1139  79389 372226   3.84  11.25  16.50   9.42   7.71   2.95   2.22   1144   9999   9999
 1139  79390 372225   4.84  10.13  16.50   9.42   7.71   2.95   2.22   1144   9999   9999
 1139  79389 372226   5.85   9.16  16.60   9.42   7.71   2.95   2.23   1145   9999   9999
 1139  79390 372226   6.85   8.24  16.60   9.41   7.71   2.95   2.23   1145   9999   9999
 1139  79391 372226   7.85   0.52  16.60   9.39   7.71   2.95   2.23   1146   9999   9999
 1139  79391 372226   8.84   0.48   0.00   9.39   7.70   2.95   2.22   1144   9999   9999
 1139  79392 372227   9.81   0.37  16.50   9.37   7.70   2.95   2.23   1145   9999   9999
 1139  79392 372226  10.85   0.35  16.50   9.35   7.70   2.95   2.23   1147   9999   9999
 1139  79393 372226  11.82   0.27  16.50   9.34   7.69   2.96   2.23   1150   9999   9999
 1140  79393 372226  12.82   0.19  16.50   9.28   7.69   2.97   2.25   1156   9999   9999
 1140  79394 372226  13.83   0.17  16.50   9.25   7.69   2.97   2.25   1158   9999   9999
 1140  79394 372225  14.83   0.10  16.40   9.17   7.70   2.99   2.27   1169   9999   9999
