# MEETVAARTUIG : M.S. ARGUS
# MEETDATUM    : 18-04-2003 07:41:02
# MEETGEBIED   : VOLKERAK/ZOOMMEER
# STARTPUNT    : ZANDVLIETSLUIS
# EINDPUNT     : KRAMMERSLUIZEN
# PROJECTCODE  : E7608X
# OPDRACHTGEVER: ZLXXAXAMDBG
# BEHEERDER    : ZLXXAXAMDBG
# BEMONST. INST:
# WAARNEMER(S) : HENK KORSTANJE
#
* 20030418
$ 9999 [0000000000000]
>TIJD      uumm                    
>X         coordinaat              
>Y         coordinaat              
>SENSHTE   Diepte set        m     
>ECHOS     Echoset           mtrs  
>Echo      Echoschip         M     
>Temp      Temperatuur       oC            : 11.0  0.5  15  0.5
>pH        Zuurgraad         dimsls
>GELBH     Geleidendheid     mS/cm 
>SALNTT    Saliniteit        dimsl 
>CL-       Chloride          mg/l  
>O2        Zuurstof          mg/l  
>%O2       Zuurstof%         %     
 -0741  79357 372199   0.88  15.18  16.20  11.91   7.73   5.13   3.77   2090   9999  9999
  0741  79374 372208   1.82  14.80   0.00  11.93   7.72   5.19   3.82   2119   9999  9999
  0741  79376 372212   2.82  14.08   0.00  11.93   7.72   5.18   3.81   2113   9999  9999
  0741  79377 372216   3.84  12.65   0.00  11.93   7.72   5.16   3.79   2104   9999  9999
  0741  79379 372220   4.81  11.77   0.00  11.93   7.72   5.17   3.80   2110   9999  9999
  0741  79379 372224   5.84  10.78  17.00  11.94   7.72   5.18   3.81   2114   9999  9999
  0741  79380 372227   6.82  10.18   0.00  11.94   7.72   5.22   3.84   2132   9999  9999
  0742  79380 372230   7.81   9.24  17.30  11.94   7.72   5.23   3.84   2133   9999  9999
  0742  79381 372232   8.82   8.14   0.00  11.96   7.72   5.30   3.90   2165   9999  9999
  0742  79381 372234   9.86   7.15  17.20  11.96   7.72   5.32   3.91   2170   9999  9999
  0742  79382 372236  10.82   5.89  17.20  11.99   7.71   5.38   3.96   2196   9999  9999
  0742  79382 372237  11.86   4.78   0.00  12.00   7.71   5.48   4.03   2238   9999  9999
  0742  79382 372238  12.81   3.85  17.20  12.00   7.71   5.49   4.04   2243   9999  9999
  0742  79382 372238  13.83   2.59   0.00  12.06   7.70   5.72   4.22   2343   9999  9999
  0742  79383 372239  14.84   1.59  17.20  12.14   7.70   6.27   4.64   2578   9999  9999
  0742  79383 372239  15.81   0.44  17.20  12.19   7.66   6.92   5.15   2863   9999  9999
 -0753  79342 374418   1.02   6.43   7.60  13.82   8.05   4.31   2.98   1653   9999  9999
  0753  79342 374428   1.81   6.00   7.50  13.84   8.05   4.31   2.98   1652   9999  9999
  0753  79342 374431   2.86   4.73   7.50  13.75   8.04   4.37   3.03   1678   9999  9999
  0753  79342 374432   3.81   3.69   7.50  13.73   8.03   4.41   3.06   1696   9999  9999
  0753  79343 374432   4.87   2.64   7.50  13.49   7.98   4.66   3.27   1811   9999  9999
  0753  79344 374433   5.81   1.49   0.00  12.98   7.97   4.96   3.54   1963   9999  9999
 -0805  78854 376593   1.16   0.44   6.50  18.09   8.37   4.19   2.60   1354   9999  9999
  0805  78851 376593   1.84   0.55   6.50  18.15   8.37   4.20   2.60   1356   9999  9999
  0805  78850 376594   2.85   0.50   6.40  18.16   8.37   4.20   2.60   1356   9999  9999
  0805  78848 376594   3.84   2.04   0.00  18.05   8.36   4.17   2.59   1351   9999  9999
  0805  78847 376594   4.80   0.99   0.00  18.11   8.36   4.18   2.59   1350   9999  9999
 -0814  76988 376915   0.96   4.40   5.90  11.97   8.92   1.09   0.73    302  10.53    97
  0814  76949 376932   1.95   3.30   0.00  12.00   8.93   1.10   0.74    305  10.57    97
  0815  76940 376934   3.01   2.09   0.00  12.00   8.93   1.10   0.74    305  10.58    97
  0815  76935 376935   4.06   0.94   5.80  11.99   8.92   1.10   0.74    305  10.59    97
 -0825  75554 378277   1.06   4.18   5.60  11.71   8.95   0.98   0.66    264   9999  9999
  0825  75548 378288   1.85   3.63   5.70  11.72   8.95   0.98   0.66    264   9999  9999
  0825  75547 378291   2.83   2.47   5.70  11.71   8.94   0.98   0.66    264   9999  9999
  0825  75546 378293   3.86   1.38   0.00  11.71   8.94   0.98   0.66    265   9999  9999
 -0834  75125 380243   0.96   4.89   6.20  11.58   8.99   0.98   0.66    266   9999  9999
  0835  75121 380256   1.82   4.18   6.30  11.59   8.99   0.98   0.66    267   9999  9999
  0835  75119 380260   2.86   3.08   6.30  11.59   8.99   0.98   0.66    266   9999  9999
  0835  75118 380262   3.82   1.87   0.00  11.59   8.99   0.98   0.66    266   9999  9999
  0835  75113 380267   4.81   0.66   0.00  11.58   8.99   0.98   0.66    266   9999  9999
 -0845  74897 382242   0.99   4.73   6.20  11.49   9.01   0.99   0.67    270   9999  9999
  0845  74896 382254   1.82   4.12   0.00  11.50   9.01   0.99   0.67    271   9999  9999
  0845  74896 382260   2.82   3.13   0.00  11.48   9.00   0.99   0.67    270   9999  9999
  0845  74897 382266   3.86   1.98   0.00  11.48   9.00   0.99   0.67    269   9999  9999
  0845  74898 382269   4.85   0.99   0.00  11.47   9.00   0.99   0.67    270   9999  9999
 -0855  74690 384147   1.03   4.57   0.00  11.42   9.04   0.99   0.67    270   9999  9999
  0855  74689 384158   1.85   4.18   0.00  11.44   9.04   0.99   0.67    269   9999  9999
  0855  74689 384162   2.83   2.86   5.90  11.43   9.03   0.99   0.67    269   9999  9999
  0855  74689 384166   3.80   1.71   5.90  11.43   9.03   0.99   0.67    269   9999  9999
 -0929  74540 385473   0.97   5.72   6.80  11.30   9.07   1.00   0.68    277   9999  9999
  0929  74539 385470   1.80   5.12   6.80  11.31   9.07   1.00   0.68    276   9999  9999
  0929  74538 385468   2.83   3.85   6.80  11.33   9.06   1.00   0.68    275   9999  9999
  0930  74538 385467   3.81   2.64   0.00  11.30   9.06   1.00   0.68    276   9999  9999
  0930  74538 385465   4.82   1.49   0.00  11.33   9.06   1.00   0.68    276   9999  9999
