# code CHLFRFU   is (nog ? ) niet bekend
# code TROEBFN   is (nog ? ) niet bekend
# code PHUCOUG   is (nog ? ) niet bekend
# MEETVAARTUIG : M.C.ECOS 8 VERTIKAAL
# MEETDATUM    : 02-04-2024 10:40:12
# MEETGEBIED   :
# STARTPUNT    :
# EINDPUNT     :
# PROJECTCODE  :
# OPDRACHTGEVER:
# BEHEERDER    :
# BEMONST. INST:
# WAARNEMER(S) : bernaards
#
* 20240402
$ 9999 [0000000000000000]
>TIJD      uumm                    
>X         coordinaat              
>Y         coordinaat              
>SENSHTE   Diepte set        m     
>Echms     Echoset           mtrs  
>Temp      Temperatuur       oC
>pH        Zuurgraad         dimsls
>GELBH     Geleidendheid     mS/cm 
>GEL20     Gel20             ???   
>SALNTT    Saliniteit        dimsl 
>CL-       Chloride          mg/l  
>CHLFRFU   nog niet gedefinieerd   
>TROEBFN   nog niet gedefinieerd   
>PHUCOUG   nog niet gedefinieerd   
>O2        Zuurstof          mg/l  
>%O2       Zuurstof%         %     
 -1040  74608 385400   1.02   6.70  10.10   8.23   1.03   129   0.73    298      1      3      0   9999  9999
  1040  74606 385411   1.94   5.14  10.09   8.22   1.03   129   0.73    298      1      3      0   9999  9999
  1040  74605 385413   2.95   4.31  10.09   8.22   1.03   129   0.73    297      1      3      0   9999  9999
  1040  74604 385417   3.93   3.34  10.09   8.22   1.03   129   0.73    298      1      3      0   9999  9999
  1040  74602 385422   4.93   2.59  10.09   8.22   1.03   129   0.73    298      1      3      0   9999  9999
  1040  74602 385421   6.00   1.35  10.08   8.22   1.03   129   0.73    297      1      3      0   9999  9999
  1040  74598 385429   6.95   0.75  10.08   8.22   1.03   129   0.73    297      1      4      0   9999  9999
 -0754  74663 384286   1.07   4.76  10.31   8.16   1.04   130   0.73    299      1      4      0   9999  9999
  0755  74659 384240   2.02   3.40  10.31   8.16   1.04   130   0.73    299      1      5      0   9999  9999
  0755  74660 384237   3.10   2.29  10.31   8.16   1.04   130   0.73    299      1      5      0   9999  9999
  0755  74660 384236   4.10   1.39  10.31   8.16   1.04   130   0.73    299      1      5      0   9999  9999
  0755  74661 384234   5.15   0.84  10.32   8.16   1.04   130   0.73    299      1      5      0   9999  9999
 -0802  74850 382478   0.98   5.13  10.32   8.21   1.09   136   0.77    322      2     12      0   9999  9999
  0802  74851 382466   1.89   4.09  10.33   8.21   1.09   136   0.77    321      2     11      0   9999  9999
  0802  74852 382457   2.90   3.14  10.33   8.21   1.09   136   0.77    321      2     12      0   9999  9999
  0802  74852 382453   3.94   2.20  10.33   8.21   1.09   136   0.77    321      2     15      0   9999  9999
  0802  74853 382446   4.89   1.26  10.33   8.21   1.09   136   0.77    321      2     15      0   9999  9999
 -0810  75053 380582   0.95   5.04  10.33   8.23   1.30   162   0.92    412      2     22      0   9999  9999
  0810  75053 380570   1.97   3.70  10.33   8.23   1.30   162   0.92    412      2     24      0   9999  9999
  0810  75054 380567   2.94   2.86  10.33   8.23   1.30   162   0.92    412      2     25      0   9999  9999
  0810  75054 380559   3.98   2.08  10.33   8.23   1.30   162   0.92    412      3     26      0   9999  9999
  0810  75057 380545   4.90   0.88  10.34   8.23   1.31   163   0.93    414      3     27      0   9999  9999
 -0818  75416 378547   1.05   4.76  10.55   8.30   1.82   225   1.30    632      2     20      0   9999  9999
  0819  75421 378537   1.90   3.86  10.56   8.30   1.82   226   1.30    632      2     21      0   9999  9999
  0819  75422 378534   2.94   2.66  10.56   8.30   1.82   226   1.30    632      3     21      0   9999  9999
  0819  75423 378532   3.90   1.78  10.56   8.31   1.82   225   1.30    632      3     22      0   9999  9999
  0819  75426 378528   4.90   1.06  10.56   8.30   1.82   226   1.30    632      3     24      0   9999  9999
 -0835  76816 377010   1.06   4.88  13.52   8.21   2.86   330   1.94    980      1      8      0   9.95    98
  0835  76823 376986   1.98   3.93  13.55   8.22   2.85   330   1.94    979      1      9      0   9.95    98
  0836  76830 376978   3.01   2.95  13.52   8.22   2.85   329   1.93    976      1     10      0   9.95    98
  0836  76832 376970   3.95   1.99  13.47   8.22   2.84   328   1.93    973      1     10      0   9.96    98
  0837  76836 376965   4.97   0.95  13.44   8.22   2.83   328   1.92    972      1      9      0   9.97    98
 -0847  78675 376585   1.09   5.26  16.48   8.11   3.45   373   2.20   1131      1      7      0   9999  9999
  0847  78705 376578   1.92   4.28  16.46   8.11   3.44   372   2.19   1126      1      8      0   9999  9999
  0847  78709 376578   2.96   3.60  16.44   8.11   3.44   372   2.19   1127      1      8      0   9999  9999
  0847  78712 376579   3.89   2.48  16.41   8.11   3.44   372   2.20   1127      1      9      0   9999  9999
  0847  78714 376579   4.97   1.66  16.33   8.11   3.43   372   2.20   1127      1      9      0   9999  9999
  0847  78717 376579   5.90   0.75  16.27   8.11   3.43   372   2.20   1128      1      8      0   9999  9999
 -0858  79310 374543   1.05   6.21  13.78   8.04   3.29   378   2.24   1149      1     10      0   9999  9999
  0859  79309 374538   1.94   4.99  13.77   8.04   3.29   378   2.24   1149      1     10      0   9999  9999
  0859  79309 374533   2.92   4.11  13.77   8.04   3.29   378   2.24   1149      1     10      0   9999  9999
  0859  79309 374532   4.00   3.00  13.77   8.04   3.29   378   2.24   1149      1     11      0   9999  9999
  0859  79309 374529   4.94   2.15  13.77   8.04   3.29   378   2.24   1149      1     11      0   9999  9999
  0859  79309 374527   5.92   1.30  13.76   8.04   3.29   378   2.24   1149      1     15      0   9999  9999
 -0907  79287 372459   0.99  15.71  11.01   7.86   2.76   339   2.00   1012      0      6      0   9999  9999
  0908  79292 372447   1.94  14.49  11.01   7.86   2.77   340   2.01   1015      0      7      0   9999  9999
  0908  79293 372445   2.91  13.64  11.02   7.86   2.78   341   2.01   1019      0      7      0   9999  9999
  0908  79295 372442   3.98  12.68  11.02   7.86   2.79   342   2.02   1024      0      7      0   9999  9999
  0908  79295 372441   4.99  11.56  11.02   7.86   2.80   344   2.03   1028      0      7      0   9999  9999
  0908  79297 372437   5.94  10.56  11.03   7.86   2.83   347   2.05   1039      0      8      0   9999  9999
  0908  79297 372436   6.91  10.45  11.04   7.86   2.87   352   2.08   1058      0      9      0   9999  9999
  0908  79298 372435   7.90   8.70  11.04   7.86   2.89   355   2.10   1067      0      9      0   9999  9999
  0908  79299 372432   8.91   7.99  11.06   7.86   2.95   361   2.14   1090      0     10      0   9999  9999
  0908  79299 372432   9.91   6.63  11.07   7.86   3.01   369   2.19   1117      0     12      0   9999  9999
  0908  79300 372430  10.93   5.56  11.09   7.86   3.05   373   2.21   1131      0     13      0   9999  9999
  0908  79299 372430  11.91   3.35  11.10   7.86   3.09   379   2.25   1151      1     14      0   9999  9999
  0908  79300 372428  12.98   3.64  11.12   7.85   3.19   391   2.33   1193      0     18      0   9999  9999
  0908  79301 372426  13.88   3.21  11.14   7.85   3.26   399   2.38   1221      0     21      0   9999  9999
  0908  79302 372424  14.99   1.56  11.15   7.84   3.45   422   2.52   1302      0     24      0   9999  9999
