# MEETVAARTUIG : M.C.ECOS 8 Vertikaal
# MEETDATUM    : 28-04-2016 13:27:17
# MEETGEBIED   :
# STARTPUNT    :
# EINDPUNT     :
# PROJECTCODE  :
# OPDRACHTGEVER:
# BEHEERDER    :
# BEMONST. INST:
# WAARNEMER(S) : K. de Vlaam
#
* 20160428
$ 9999 [000000000000000]
>TIJD      uumm                    
>X         coordinaat              
>Y         coordinaat              
>SENSHTE   Diepte set        m     
>Echms     Echoset           mtrs  
>Temp      Temperatuur       oC     : 7.0   0.5   15   0.5
>pH        Zuurgraad         dimsls
>GELBH     Geleidendheid     mS/cm 
>GEL20     Gel20             ???   
>SALNTT    Saliniteit        dimsl 
>CL-       Chloride          mg/l  
>CHFLYSI   Chlorofyl         ugr/l 
>TURBID    Troebelheid       NTU   
>O2        Zuurstof          mg/l  
>%O2       Zuurstof%         %     
 -1327  74540 385510   1.03   5.73   9.92   8.47   1.27   160   0.91    405   1.20   3.00   9999  9999
  1327  74542 385506   1.96   4.76   9.91   8.47   1.27   160   0.91    405   2.40   2.60   9999  9999
  1327  74542 385505   2.96   3.73   9.89   8.47   1.27   160   0.91    404   1.20   4.50   9999  9999
  1327  74542 385504   3.90   2.80   9.89   8.47   1.27   160   0.91    404   0.40   3.80   9999  9999
  1327  74542 385502   4.89   1.81   9.90   8.47   1.27   160   0.91    404   1.60   4.30   9999  9999
  1327  74544 385500   5.93   0.78   9.87   8.47   1.27   160   0.91    403   0.70   3.40   9999  9999
 -1447  74659 384194   1.06   4.64  10.80   8.43   1.35   167   0.95    427   1.90   9.80   9999  9999
  1447  74658 384183   2.03   3.71  10.82   8.43   1.35   167   0.95    427   2.00   7.40   9999  9999
  1447  74658 384181   3.03   2.80  10.82   8.43   1.35   167   0.95    427   0.80   6.70   9999  9999
  1447  74658 384181   3.94   1.85  10.82   8.43   1.35   167   0.95    427   0.70   8.30   9999  9999
  1448  74657 384179   4.93   0.95  10.81   8.43   1.35   167   0.95    427   0.90  13.90   9999  9999
 -1459  74900 382276   0.97   5.04  11.24   8.41   1.39   170   0.97    439   2.80  15.00   9999  9999
  1459  74900 382267   1.95   4.09  11.24   8.41   1.40   171   0.97    440   1.20  19.50   9999  9999
  1459  74900 382267   2.95   2.96  11.16   8.41   1.40   171   0.97    442   2.80  26.60   9999  9999
  1459  74901 382263   3.97   1.86  11.12   8.41   1.40   171   0.97    442   2.50  24.90   9999  9999
  1459  74901 382262   4.89   0.94  11.11   8.41   1.40   171   0.97    443   2.90  24.80   9999  9999
 -1508  75100 380338   1.11   4.41  11.18   8.45   1.65   201   1.15    547   3.40  26.80   9999  9999
  1508  75101 380324   1.99   3.70  11.18   8.45   1.66   202   1.16    551   4.00  28.80   9999  9999
  1508  75101 380322   2.88   2.74  11.17   8.45   1.66   203   1.16    551   4.10  26.30   9999  9999
  1508  75101 380320   3.89   1.84  11.15   8.45   1.69   206   1.18    564   3.70  27.10   9999  9999
  1508  75101 380316   4.89   0.83  11.14   8.45   1.68   206   1.18    563   5.30  30.60   9999  9999
 -1517  75510 378315   1.49   3.99  10.75   8.53   2.37   293   1.71    851   2.20  17.30   9999  9999
  1517  75516 378304   2.03   3.45  10.73   8.53   2.38   294   1.72    855   2.10  18.70   9999  9999
  1517  75520 378298   3.06   2.38  10.69   8.53   2.40   297   1.74    866   3.80  20.00   9999  9999
  1517  75521 378296   4.18   1.35  10.69   8.53   2.41   298   1.75    868   3.10  21.50   9999  9999
  1517  75522 378293   5.03   0.00  10.68   8.53   2.43   300   1.76    877   4.30  24.80   9999  9999
 -1532  76879 376946   1.11   4.61  11.34   8.55   3.69   449   2.69   1398   1.20   8.40  10.80   102
  1533  76900 376927   2.12   3.69  11.37   8.54   3.73   454   2.73   1417   1.50   7.90  10.80   102
  1533  76899 376930   3.06   2.74  11.39   8.54   3.76   457   2.74   1426   1.40   8.30  10.80   102
  1533  76898 376933   3.92   1.84  11.41   8.54   3.80   462   2.78   1444   2.30   9.10  10.80   102
  1534  76898 376932   4.93   0.84  11.42   8.54   3.81   463   2.78   1448   1.50  29.20  10.80   102
 -1542  78822 376586   0.99   5.15  11.99   8.47   4.95   593   3.62   2009   1.60   5.20   9999  9999
  1542  78827 376586   1.99   4.09  11.99   8.47   4.94   592   3.61   2006   1.30   4.80   9999  9999
  1542  78831 376586   2.91   3.11  11.99   8.47   4.94   592   3.61   2006   1.10  14.00   9999  9999
  1542  78835 376585   3.95   2.13  11.99   8.47   4.97   596   3.64   2020   3.80   5.30   9999  9999
  1543  78836 376585   4.93   1.16  11.98   8.46   5.02   601   3.68   2040   2.00   5.10   9999  9999
 -1553  79315 374420   1.11   6.26  11.91   8.26   6.13   736   4.56   2531   2.10   7.80   9999  9999
  1553  79316 374411   1.94   5.53  11.90   8.25   6.13   737   4.56   2535   1.00   7.70   9999  9999
  1553  79317 374405   2.95   4.59  11.89   8.26   6.13   736   4.56   2532   1.00   8.70   9999  9999
  1553  79317 374405   3.92   3.51  11.89   8.25   6.14   738   4.57   2540   1.50   8.50   9999  9999
  1553  79318 374400   4.99   2.58  11.89   8.25   6.16   739   4.58   2545   2.30   8.40   9999  9999
  1553  79319 374393   5.89   1.51  11.90   8.24   6.18   742   4.60   2553   1.40   8.20   9999  9999
  1553  79319 374385   6.89   1.28  11.90   8.24   6.19   744   4.61   2561   0.00   8.30   9999  9999
 -1602  79389 372241   1.02  15.69  11.85   8.10   6.21   747   4.63   2573  -0.30   8.10   9999  9999
  1602  79390 372236   1.94  14.89  11.85   8.11   6.17   742   4.60   2553   2.50   7.90   9999  9999
  1602  79390 372232   3.04  13.74  11.86   8.11   6.21   746   4.63   2569   0.80   8.20   9999  9999
  1602  79390 372230   3.88  12.83  11.85   8.10   6.25   752   4.66   2590   1.60   7.40   9999  9999
  1602  79390 372229   5.00  11.66  11.83   8.10   6.34   763   4.74   2633   1.50   8.20   9999  9999
  1602  79390 372227   6.01  10.64  11.82   8.10   6.48   780   4.85   2696   0.20   8.80   9999  9999
  1602  79390 372227   6.94   9.78  11.81   8.09   6.60   794   4.95   2748   1.70   9.90   9999  9999
  1602  79389 372226   7.97   8.61  11.82   8.09   6.70   806   5.03   2792   1.10  11.80   9999  9999
  1602  79389 372226   8.93   7.66  11.82   8.09   6.71   807   5.04   2798   1.00   9.70   9999  9999
  1602  79390 372225   9.96   6.68  11.81   8.10   6.74   811   5.06   2811   1.40  10.10   9999  9999
  1602  79390 372226  11.00   5.55  11.81   8.09   6.85   824   5.15   2860   2.30  13.50   9999  9999
  1602  79390 372225  11.89   4.66  11.81   8.09   6.91   831   5.19   2886   1.50  14.70   9999  9999
  1602  79390 372225  12.98   3.61  11.78   8.09   7.14   860   5.39   2994   0.50  21.60   9999  9999
  1602  79390 372225  13.90   2.80  11.76   8.08   7.24   872   5.47   3039   1.00  23.00   9999  9999
  1602  79390 372225  14.97   1.09  11.66   8.07   7.67   927   5.84   3246   1.10  37.80   9999  9999
