# MEETVAARTUIG : M.C.ECOS2 YSI
# MEETDATUM    : 17-07-2017 14:09:54
# MEETGEBIED   :
# STARTPUNT    :
# EINDPUNT     :
# PROJECTCODE  :
# OPDRACHTGEVER:
# BEHEERDER    :
# BEMONST. INST:
# WAARNEMER(S) : Kevin de Vlaam
#
* 20170717
$ 9999 [000000000000000]
>TIJD      uumm                    
>X         coordinaat              
>Y         coordinaat              
>SENSHTE   Diepte set        m     
>Echms     Echoset           mtrs  
>Temp      Temperatuur       oC     : 17.0   0.5   15   0.5
>pH        Zuurgraad         dimsls
>GELBH     Geleidendheid     mS/cm 
>GEL20     Gel20             ???   
>SALNTT    Saliniteit        dimsl 
>CL-       Chloride          mg/l  
>CHFLYSI   Chlorofyl         ugr/l 
>TURBID    Troebelheid       NTU   
>O2        Zuurstof          mg/l  
>%O2       Zuurstof%         %     
 -1409  74538 385529   1.07   5.63  20.72   8.80   1.41   139   0.78    332   1.20   6.00   9999  9999
  1410  74539 385522   1.99   4.81  20.73   8.80   1.41   139   0.78    333   1.10   5.40   9999  9999
  1410  74540 385519   2.91   3.84  20.76   8.80   1.42   139   0.78    333   1.20   5.70   9999  9999
  1410  74540 385517   4.01   2.65  20.77   8.80   1.42   140   0.78    333   1.10   5.30   9999  9999
  1410  74541 385515   5.08   1.59  20.77   8.80   1.42   140   0.78    333   1.10   6.00   9999  9999
 -1522  74644 384178   0.91   0.80  21.45   8.79   1.57   152   0.85    376   1.60   9.40   9999  9999
  1522  74645 384178   1.90   1.28  21.44   8.79   1.57   152   0.85    376   1.40   9.60   9999  9999
  1522  74644 384178   2.89   1.09  21.43   8.78   1.57   152   0.85    376   1.40   9.80   9999  9999
  1522  74645 384178   4.05   1.95  21.42   8.78   1.57   152   0.85    376   1.50  10.00   9999  9999
  1522  74645 384178   5.05   0.99  21.41   8.78   1.57   152   0.85    376   1.40   9.90   9999  9999
 -1532  74873 382287   1.02   4.60  21.72   8.52   2.55   246   1.41    703   1.80  13.30   9999  9999
  1532  74875 382274   2.02   4.04  21.71   8.51   2.60   251   1.44    722   1.70  13.20   9999  9999
  1532  74876 382262   3.02   2.63  21.71   8.51   2.60   251   1.44    721   1.80  13.10   9999  9999
  1532  74877 382255   4.07   1.48  21.72   8.51   2.64   255   1.46    735   1.80  13.20   9999  9999
  1532  74878 382248   5.07   0.88  21.70   8.49   2.90   280   1.62    808   1.90  14.10   9999  9999
 -1540  75075 380324   0.95   4.53  22.29   8.39   4.75   453   2.69   1413   1.40   7.70   9999  9999
  1540  75079 380294   1.00   3.33  22.27   8.38   4.89   466   2.78   1460   1.60   7.60   9999  9999
  1540  75080 380283   2.03   2.70  22.26   8.37   5.05   482   2.88   1592   1.60   7.80   9999  9999
  1540  75080 380280   3.00   2.40  22.25   8.37   5.06   483   2.88   1596   1.50   7.90   9999  9999
  1541  75082 380265   4.00   1.24  22.24   8.36   5.15   492   2.94   1628   1.50   8.60   9999  9999
  1541  75083 380259   4.99   0.75  22.23   8.34   5.37   513   3.07   1702   1.50  10.00   9999  9999
 -1549  75499 378330   0.98   4.28  22.85   8.33   6.96   656   4.00   2216   1.30   5.60   9999  9999
  1550  75511 378308   2.06   3.21  22.88   8.33   7.17   675   4.13   2286   1.40   5.50   9999  9999
  1550  75513 378304   3.07   2.29  22.87   8.32   7.34   691   4.23   2343   1.40   5.40   9999  9999
  1550  75514 378302   3.93   2.05  22.87   8.31   7.76   731   4.49   2488   1.40   5.60   9999  9999
  1550  75519 378292   5.07   0.94  22.86   8.30   7.93   747   4.60   2548   1.30   6.10   9999  9999
 -1604  76885 376933   1.06   0.75  23.53   8.29  10.29   957   5.99   3325   1.20   4.10   8.75   106
  1605  76893 376925   1.99   0.75  23.47   8.28  10.49   976   6.13   3399   1.10   4.60   8.65   104
  1606  76901 376924   3.08   2.61  23.37   8.24  11.15  1040   6.56   3639   1.00   5.00   8.39   101
  1606  76898 376924   3.95   1.78  23.34   8.23  11.04  1030   6.49   3603   1.20   5.50   8.34   100
  1607  76897 376925   5.02   0.75  23.33   8.23  11.23  1048   6.62   3671   1.10   7.80   8.31   100
 -1615  78838 376567   0.96   4.60  23.38   8.22  12.44  1160   7.38   4097   1.30   2.70   9999  9999
  1616  78857 376566   1.93   4.30  23.54   8.23  12.30  1143   7.26   4033   1.30   2.60   9999  9999
  1616  78867 376566   3.02   2.68  23.45   8.22  12.47  1161   7.39   4102   1.40   2.70   9999  9999
  1616  78874 376565   3.93   1.59  23.24   8.20  12.87  1204   7.68   4265   1.50   2.70   9999  9999
  1616  78880 376565   5.06   0.95  23.13   8.19  13.13  1231   7.87   4370   1.40   3.00   9999  9999
 -1626  79298 374386   1.08   5.78  23.10   8.19  14.95  1402   9.06   5037   1.50   2.30   9999  9999
  1627  79305 374359   2.04   4.48  23.08   8.18  15.08  1415   9.15   5087   1.60   2.30   9999  9999
  1627  79305 374357   2.97   3.81  23.04   8.18  15.28  1435   9.29   5165   1.60   2.20   9999  9999
  1627  79306 374353   3.94   2.91  22.95   8.17  15.68  1475   9.57   5324   1.50   2.20   9999  9999
  1627  79305 374351   4.94   1.91  22.88   8.15  16.17  1523   9.91   5515   1.60   2.20   9999  9999
  1627  79305 374349   6.06   0.80  22.66   8.13  16.93  1602  10.47   5829   1.50   2.20   9999  9999
 -1636  79406 372253   1.02  15.46  23.20   8.19  17.15  1605  10.49   5839   1.80   1.70   9999  9999
  1636  79402 372237   2.07  14.15  23.11   8.18  17.15  1608  10.51   5851   1.90   1.70   9999  9999
  1636  79399 372233   3.01  13.10  22.98   8.18  17.15  1612  10.54   5868   2.00   1.70   9999  9999
  1636  79398 372227   4.06  12.13  22.84   8.17  17.14  1616  10.57   5883   2.00   1.80   9999  9999
  1636  79395 372221   5.02  11.08  22.63   8.16  17.14  1623  10.62   5912   2.00   1.70   9999  9999
  1636  79395 372221   5.99  10.19  22.48   8.15  17.20  1633  10.70   5955   1.90   1.70   9999  9999
  1636  79395 372219   7.04   9.16  22.30   8.14  17.28  1647  10.79   6010   1.80   1.80   9999  9999
  1636  79394 372218   7.93   8.36  22.22   8.13  17.33  1655  10.85   6041   1.70   1.80   9999  9999
  1636  79394 372215   9.08   7.20  22.13   8.13  17.53  1677  11.01   6130   1.60   2.00   9999  9999
  1636  79393 372213  10.05   6.08  22.08   8.11  17.83  1707  11.22   6252   1.50   2.30   9999  9999
  1637  79393 372211  11.08   5.06  22.04   8.10  18.13  1737  11.44   6374   1.40   3.00   9999  9999
  1637  79392 372211  11.99   4.36  22.01   8.09  18.39  1763  11.63   6478   1.30   3.80   9999  9999
  1637  79390 372209  13.00   2.99  21.97   8.07  18.85  1809  11.95   6663   1.30   5.60   9999  9999
  1637  79390 372208  14.02   2.05  21.95   8.06  19.27  1850  12.25   6829   1.30   7.20   9999  9999
  1637  79389 372209  15.03   1.18  21.89   8.04  20.78  1998  13.32   7431   1.40   9.50   9999  9999
