# MEETVAARTUIG : M.S. ARGUS
# MEETDATUM    : 15-05-2003 08:16
# MEETGEBIED   : VOLKERAK/ZOOMMEER
# STARTPUNT    : Krammersluis
# EINDPUNT     : Antwerpen
# PROJECTCODE  : E7608X
# OPDRACHTGEVER: ZLXXAXAMDBG
# BEHEERDER    : ZLXXAXAMDBG
# BEMONST. INST:
# WAARNEMER(S) : G.J.Bakker.
#
# eerste meetpunt gemeten op 20030514
#
* 20030515
$ 9999 [0000000000000]
>TIJD      uumm                    
>X         coordinaat              
>Y         coordinaat              
>SENSHTE   Diepte set        m     
>ECHOS     Echoset           mtrs  
>Echo      Echoschip         M     
>Temp      Temperatuur       oC            :13.0  0.5  11  0.5
>pH        Zuurgraad         dimsls
>GELBH     Geleidendheid     mS/cm 
>SALNTT    Saliniteit        dimsl 
>CL-       Chloride          mg/l  
>O2        Zuurstof          mg/l  
>%O2       Zuurstof%         %     
 -1331  74555 385525   1.06   5.55   6.60  15.23   8.03   1.23   0.77    324   9999  9999
  1331  74555 385508   1.81   5.28   6.60  15.21   8.03   1.23   0.77    324   9999  9999
  1331  74555 385496   2.87   3.85   6.60  15.20   8.03   1.23   0.77    324   9999  9999
  1331  74555 385492   3.82   2.80   6.60  15.20   8.03   1.23   0.77    324   9999  9999
  1331  74555 385488   4.81   1.49   6.60  15.20   8.04   1.23   0.77    324   9999  9999
 -0816  74718 384172   1.01   4.84   0.00  15.07   8.08   1.21   0.76    319   9999  9999
  0816  74719 384168   1.85   4.23   5.90  15.06   8.08   1.21   0.76    319   9999  9999
  0816  74719 384166   2.83   3.03   6.00  15.06   8.07   1.21   0.76    318   9999  9999
  0816  74719 384164   3.81   2.04   5.70  15.06   8.07   1.21   0.76    318   9999  9999
  0817  74720 384162   4.85   0.71   5.70  15.05   8.06   1.21   0.76    318   9999  9999
 -0827  74874 382285   1.10   4.78   6.10  15.29   8.00   1.21   0.75    315   9999  9999
  0827  74877 382274   1.91   4.84   6.00  15.28   7.99   1.21   0.75    315   9999  9999
  0827  74878 382269   2.85   3.24   5.80  15.29   7.98   1.21   0.75    315   9999  9999
  0827  74879 382264   3.89   2.37   5.80  15.29   7.98   1.21   0.75    315   9999  9999
  0827  74881 382259   4.82   1.26   0.00  15.29   7.98   1.21   0.75    315   9999  9999
 -0836  75090 380315   1.08   4.62   6.00  15.20   8.02   1.19   0.74    309   9999  9999
  0836  75092 380301   1.86   4.51   0.00  15.21   8.02   1.19   0.74    309   9999  9999
  0836  75093 380296   2.80   3.36   0.00  15.21   8.03   1.19   0.74    309   9999  9999
  0836  75092 380294   3.83   2.14   0.00  15.20   8.03   1.19   0.74    309   9999  9999
  0836  75092 380293   4.82   0.94   6.00  15.20   8.03   1.19   0.74    309   9999  9999
 -0846  75494 378310   1.07   5.12   0.00  14.82   8.05   1.40   0.89    395   9999  9999
  0846  75499 378303   1.81   5.17   6.30  14.83   8.04   1.41   0.89    395   9999  9999
  0846  75500 378300   2.82   3.57   6.20  14.82   8.04   1.41   0.89    396   9999  9999
  0846  75501 378299   3.81   2.31   5.90  14.82   8.04   1.41   0.89    396   9999  9999
  0846  75502 378298   4.80   1.26   6.40  14.82   8.04   1.41   0.89    396   9999  9999
 -0856  76871 376937   1.03   4.84   6.10  16.41   8.05   3.32   2.11   1080   8.67    89
  0857  76897 376931   2.02   0.50   6.00  16.43   8.05   3.34   2.13   1088   8.66    89
  0857  76901 376930   2.99   0.55   0.00  16.44   8.05   3.35   2.13   1091   8.66    89
  0857  76904 376929   4.02   1.49   6.00  16.48   8.05   3.39   2.16   1107   8.66    89
  0858  76906 376929   4.96   0.44   5.90  16.54   8.06   3.47   2.21   1136   8.64    89
 -0908  78835 376593   1.12   5.12   6.10  16.97   8.06   4.91   3.16   1752   9999  9999
  0908  78843 376592   1.83   4.23   6.20  16.94   8.06   4.90   3.16   1752   9999  9999
  0908  78847 376592   2.82   3.19   6.20  16.90   8.06   4.90   3.16   1750   9999  9999
  0909  78851 376593   3.83   2.09   6.20  16.90   8.06   4.89   3.16   1750   9999  9999
  0909  78854 376592   4.82   1.38   6.10  16.90   8.06   4.90   3.16   1750   9999  9999
 -0920  79328 374416   0.91   6.71   7.60  15.98   7.95   6.48   4.36   2418   9999  9999
  0920  79329 374408   1.83   6.16   0.00  16.01   7.96   6.43   4.32   2396   9999  9999
  0920  79329 374404   2.86   4.95   0.00  15.99   7.95   6.46   4.34   2410   9999  9999
  0920  79329 374402   3.86   3.90   0.00  15.97   7.95   6.50   4.38   2428   9999  9999
  0920  79329 374401   4.85   2.70   7.60  15.95   7.94   6.56   4.42   2452   9999  9999
  0920  79328 374400   5.80   1.54   7.60  15.94   7.93   6.66   4.49   2491   9999  9999
  0920  79328 374399   6.80   0.61   7.60  15.86   7.91   6.98   4.73   2626   9999  9999
 -0930  79367 372246   0.80   4.45   0.00  15.37   7.79   7.54   5.21   2891   9999  9999
  0930  79370 372235   1.82   0.44   0.00  15.39   7.79   7.55   5.21   2891   9999  9999
  0930  79371 372230   2.86   0.44   2.00  15.38   7.79   7.54   5.21   2891   9999  9999
  0930  79372 372227   3.81   0.44  16.20  15.38   7.79   7.54   5.21   2891   9999  9999
  0930  79372 372225   4.85   0.44  16.30  15.37   7.79   7.54   5.21   2892   9999  9999
  0931  79371 372225   5.85  10.61  16.30  15.37   7.79   7.56   5.22   2897   9999  9999
  0931  79371 372225   6.84   9.68  16.20  15.37   7.79   7.57   5.23   2903   9999  9999
  0931  79371 372225   7.83   8.47   0.00  15.37   7.79   7.58   5.24   2907   9999  9999
  0931  79371 372224   8.81   7.53   0.00  15.38   7.79   7.61   5.26   2920   9999  9999
  0931  79371 372224   9.81   6.32   0.00  15.43   7.79   7.68   5.30   2945   9999  9999
  0931  79371 372224  10.90   5.34   0.00  15.51   7.79   7.86   5.42   3010   9999  9999
  0931  79371 372224  11.83   4.40   0.00  15.49   7.79   7.84   5.41   3005   9999  9999
  0931  79371 372224  12.83   3.36   4.30  15.55   7.79   8.02   5.53   3074   9999  9999
  0931  79371 372224  13.86   2.14   0.00  15.57   7.79   8.03   5.54   3079   9999  9999
  0931  79372 372223  14.80   0.66   3.20  15.62   7.76   8.91   6.18   3437   9999  9999
