# MEETVAARTUIG         : M.C.ECOS 6 VERTIKAAL
# MEETDATUM            : 09-01-2025 09:54:25
# MEETGEBIED           : VOLKERAK/ZOOMMEER
# STARTPUNT            : KRAMMER
# EINDPUNT             : KREEKRAK
# PROJECTCODE          : ATS ZTS
# OPDRACHTGEVER        : ZLXXAXAMDBG
# BEHEERDER            : ZLXXAXAMDBG
# BEMONST. INST        : []
# WAARNEMER(S)         : Bernaards
#
* 20250109
$ 9999 [00000000000000000000]
>TIJD       uumm                         
>X          coordinaat                   
>Y          coordinaat                   
>SENSHTE    Diepte set           m       
>Echms      Echoset              mtrs    
>Temp       Temperatuur          oC      
>pH         Zuurgraad            pH      
>O2         Zuurstof             mg/l    
>%O2        Zuurstof%            %       
>GELBH      Geleidendheid        mS/cm   
>GEL20      Gel20                ???     
>SALNTT     Saliniteit           dimsl   
>CL-        Chloride             mg/l    
>CHFLYSI    Chlorofyl            ugr/l   
>TURBID     Troebelheid          NTU     
>PHYCOUG    Phycocyanine         ug/l    
 -1325    74550   385500    0.93    9999    5.03    8.31    9999   9999    0.95    137    0.78     323    1.11    3.75    0.40
  1325    74550   385500    2.04    9999    5.04    8.31    9999   9999    0.96    137    0.78     324    1.09    3.88    0.31
  1326    74550   385500    2.90    9999    5.05    8.31    9999   9999    0.96    137    0.78     324    1.19    4.22    0.43
  1326    74550   385500    3.90    9999    5.06    8.31    9999   9999    0.96    137    0.78     324    1.18    4.15    0.37
  1326    74550   385500    4.93    9999    5.06    8.31    9999   9999    0.96    137    0.78     324    1.13    4.20    0.34
  1326    74550   385500    5.91    9999    5.11    8.30    9999   9999    0.96    137    0.78     326    1.13    3.75    0.40
 -1412    74654   384174    0.90    9999    5.22    8.27    9999   9999    1.01    143    0.81     346    0.95    6.36    0.26
  1412    74654   384174    2.10    9999    5.23    8.27    9999   9999    1.01    143    0.81     346    0.91    6.96    0.30
  1412    74654   384174    3.12    9999    5.23    8.27    9999   9999    1.01    143    0.81     346    1.02    7.02    0.31
  1412    74654   384174    4.07    9999    5.23    8.27    9999   9999    1.01    143    0.81     346    0.95    7.39    0.30
  1412    74654   384174    4.92    9999    5.23    8.26    9999   9999    1.01    143    0.81     346    1.04    7.53    0.26
  1412    74654   384174    5.94    9999    5.23    8.26    9999   9999    1.01    143    0.82     347    0.98    7.48    0.35
 -1423    74893   382266    1.07    9999    5.21    8.26    9999   9999    1.02    145    0.83     353    1.11    6.27    0.44
  1423    74893   382266    1.91    9999    5.20    8.27    9999   9999    1.02    146    0.83     354    1.02    7.78    0.40
  1423    74893   382266    3.00    9999    5.20    8.27    9999   9999    1.02    146    0.83     354    1.10    8.10    0.31
  1423    74893   382266    3.98    9999    5.20    8.27    9999   9999    1.02    146    0.83     355    1.09    8.57    0.38
  1424    74893   382266    4.99    9999    5.20    8.26    9999   9999    1.02    146    0.83     355    1.13   10.79    0.41
 -1433    75095   380299    1.02    9999    5.15    8.27    9999   9999    1.11    158    0.90     397    1.77   22.26    0.52
  1433    75095   380299    1.99    9999    5.14    8.27    9999   9999    1.10    157    0.89     393    1.93   27.63    0.56
  1433    75095   380299    3.08    9999    5.14    8.27    9999   9999    1.10    156    0.89     391    1.96   30.11    0.47
  1433    75095   380299    3.89    9999    5.14    8.27    9999   9999    1.10    157    0.89     392    2.07   31.65    0.57
  1434    75095   380299    5.05    9999    5.14    8.27    9999   9999    1.10    157    0.90     393    1.98   31.75    0.55
 -1450    75510   378297    1.05    9999    5.61    8.29    9999   9999    1.82    256    1.50     740    1.92   27.33    9999
  1450    75510   378297    1.96    9999    5.65    8.29    9999   9999    1.84    259    1.52     752    1.87   27.66    9999
  1450    75510   378297    3.11    9999    5.66    8.29    9999   9999    1.86    262    1.53     745    1.90   28.29    9999
  1450    75510   378297    4.06    9999    5.64    8.29    9999   9999    1.85    261    1.53     757    1.83   27.76    9999
  1450    75510   378297    4.91    9999    5.66    8.29    9999   9999    1.86    262    1.53     744    1.85   29.11    9999
 -1503    76900   376922    1.12    9999    8.03    8.28   11.30     98    3.34    442    2.66    1374    1.09   16.47    9999
  1503    76900   376922    1.99    9999    8.03    8.28   11.30     98    3.34    442    2.66    1374    1.14   16.14    9999
  1504    76900   376922    3.01    9999    8.00    8.28   11.30     98    3.33    441    2.65    1370    1.12   15.88    9999
  1504    76900   376922    4.07    9999    7.98    8.28   11.30     98    3.33    440    2.65    1368    1.10   15.79    9999
  1505    76900   376922    5.07    9999    8.18    8.28   11.20     98    3.41    450    2.71    1401    1.12   16.14    9999
 -2359    78859   376581    0.00    9999    9999    9999    9999   9999    9999   9999    9999    9999    9999    9999    9999
  2359    78859   376581    5.00    9999    9999    9999    9999   9999    9999   9999    9999    9999    9999    9999    9999
 -2359    79318   374362    0.00    9999    9999    9999    9999   9999    9999   9999    9999    9999    9999    9999    9999
  2359    79318   374362    6.00    9999    9999    9999    9999   9999    9999   9999    9999    9999    9999    9999    9999
 -2359    79391   372226    0.00    9999    9999    9999    9999   9999    9999   9999    9999    9999    9999    9999    9999
  2359    79391   372226   15.00    9999    9999    9999    9999   9999    9999   9999    9999    9999    9999    9999    9999
