# MEETVAARTUIG : M.C.ECOS 6 VERTIKAAL
# MEETDATUM    : 20-02-2023 12:03:18
# MEETGEBIED   :
# STARTPUNT    :
# EINDPUNT     :
# PROJECTCODE  :
# OPDRACHTGEVER:
# BEHEERDER    :
# BEMONST. INST:
# WAARNEMER(S) : lamper`
#
* 20230220
$ 9999 [0000000000000]
>TIJD      uumm                    
>X         coordinaat              
>Y         coordinaat              
>SENSHTE   Diepte set        m     
>Echms     Echoset           mtrs  
>Temp      Temperatuur       oC
>pH        Zuurgraad         dimsls
>GELBH     Geleidendheid     mS/cm 
>GEL20     Gel20             ???   
>SALNTT    Saliniteit        dimsl 
>CL-       Chloride          mg/l  
>O2        Zuurstof          mg/l  
>%O2       Zuurstof%         %     
 -1203  74529 385668   0.93   5.56   6.82   8.26   1.07   146   0.83    355   9999  9999
  1203  74540 385579   1.89   5.00   6.81   8.26   1.07   146   0.83    356   9999  9999
  1203  74540 385579   2.89   3.60   6.80   8.26   1.07   146   0.83    357   9999  9999
  1203  74540 385572   3.90   2.60   6.78   8.26   1.07   147   0.83    357   9999  9999
  1203  74541 385569   4.90   1.59   6.78   8.26   1.07   146   0.83    357   9999  9999
  1203  74542 385563   5.90   0.83   6.78   8.26   1.07   146   0.83    357   9999  9999
 -1254  74622 384177   0.97   5.75   6.89   8.24   1.13   154   0.88    384   9999  9999
  1254  74624 384165   1.89   5.58   6.88   8.24   1.13   154   0.88    384   9999  9999
  1254  74624 384162   2.90   3.95   6.87   8.24   1.13   155   0.88    385   9999  9999
  1254  74625 384159   3.93   2.48   6.86   8.24   1.13   155   0.88    385   9999  9999
  1254  74624 384158   4.88   1.81   6.86   8.24   1.13   155   0.88    385   9999  9999
  1254  74624 384157   5.90   1.05   6.85   8.24   1.13   155   0.88    386   9999  9999
 -1302  74864 382309   0.90   5.19   6.82   8.22   1.17   160   0.91    404   9999  9999
  1302  74867 382284   1.96   3.91   6.82   8.22   1.17   160   0.91    405   9999  9999
  1302  74867 382280   2.96   3.24   6.82   8.22   1.18   161   0.92    407   9999  9999
  1302  74867 382277   3.88   1.75   6.82   8.22   1.18   161   0.92    407   9999  9999
  1302  74868 382270   4.97   0.75   6.81   8.22   1.18   161   0.92    407   9999  9999
 -1311  75085 380341   0.88   4.58   7.01   8.24   1.66   225   1.31    631   9999  9999
  1311  75088 380323   1.97   3.88   7.01   8.24   1.65   224   1.30    626   9999  9999
  1311  75090 380318   2.95   2.34   7.00   8.25   1.64   223   1.29    622   9999  9999
  1311  75091 380315   3.93   1.53   7.00   8.24   1.64   223   1.29    622   9999  9999
  1311  75091 380311   4.91   0.75   7.00   8.24   1.67   227   1.32    637   9999  9999
 -1320  75487 378316   1.07   5.00   8.57   8.28   3.14   409   2.45   1258   9999  9999
  1320  75512 378279   1.92   3.33   8.55   8.28   3.12   407   2.44   1252   9999  9999
  1320  75512 378279   2.89   2.41   8.59   8.28   3.15   410   2.45   1261   9999  9999
  1320  75512 378279   3.93   1.58   8.59   8.28   3.15   411   2.46   1264   9999  9999
  1321  75513 378280   4.90   0.75   8.63   8.28   3.18   414   2.48   1275   9999  9999
 -1340  76878 376930   1.02   5.04  11.09   8.29   4.77   584   3.57   1979  11.00   102
  1340  76908 376923   1.96   4.06  11.34   8.29   4.92   599   3.66   2033  10.90   101
  1341  76917 376922   2.99   2.84  11.38   8.29   4.94   601   3.67   2039  10.90   101
  1341  76923 376921   3.96   1.79  11.43   8.29   4.98   605   3.70   2053  10.90   101
  1341  76926 376920   5.01   0.75  11.49   8.29   5.01   608   3.72   2063  10.80   101
 -1350  78784 376561   0.89   5.36  12.84   8.29   4.80   563   3.42   1900   9999  9999
  1350  78805 376560   1.92   3.81  12.82   8.28   5.74   674   4.15   2303   9999  9999
  1350  78813 376559   2.95   3.14  12.65   8.28   6.05   713   4.40   2446   9999  9999
  1350  78817 376560   3.94   2.23  12.52   8.28   6.17   730   4.52   2510   9999  9999
  1350  78822 376560   4.91   1.18  12.45   8.27   6.16   730   4.52   2510   9999  9999
 -1401  79284 374434   0.93   5.16  10.06   8.09   6.15   773   4.81   2674   9999  9999
  1401  79285 374416   1.89   4.11  10.05   8.09   6.60   829   5.19   2884   9999  9999
  1401  79285 374412   2.88   2.89  10.03   8.08   6.59   828   5.18   2880   9999  9999
  1401  79286 374409   3.92   1.96  10.01   8.08   6.59   829   5.19   2885   9999  9999
  1401  79286 374405   4.92   0.98   9.97   8.08   6.62   833   5.22   2900   9999  9999
  1401  79286 374400   5.89   0.75   9.92   8.07   6.64   837   5.24   2914   9999  9999
 -1410  79304 372337   0.88  15.43   8.47   7.95   6.60   863   5.43   3017   9999  9999
  1410  79308 372323   1.92  13.94   8.47   7.94   6.60   863   5.43   3017   9999  9999
  1410  79308 372319   2.91  14.86   8.47   7.94   6.61   864   5.43   3020   9999  9999
  1410  79309 372316   4.03  12.04   8.49   7.94   6.65   869   5.47   3040   9999  9999
  1411  79312 372309   4.99  12.30   8.49   7.94   6.65   869   5.46   3037   9999  9999
  1411  79312 372307   5.92   9.78   8.48   7.94   6.64   868   5.46   3033   9999  9999
  1411  79313 372305   6.90   9.90   8.49   7.94   6.66   870   5.47   3041   9999  9999
  1411  79313 372303   7.96   7.46   8.52   7.94   6.71   876   5.51   3064   9999  9999
  1411  79314 372300   9.04   6.86   8.56   7.94   6.77   884   5.56   3093   9999  9999
  1411  79314 372300   9.91   7.06   8.62   7.94   6.86   893   5.63   3129   9999  9999
  1411  79315 372298  10.97   4.49   8.67   7.94   6.92   900   5.67   3154   9999  9999
  1411  79316 372297  11.92   4.23   8.79   7.94   7.12   923   5.83   3241   9999  9999
  1411  79315 372295  12.95   2.54   8.77   7.94   7.18   931   5.88   3271   9999  9999
  1411  79316 372294  13.89   1.75   8.77   7.94   7.27   943   5.97   3318   9999  9999
  1411  79317 372294  14.94   0.75   8.73   7.94   7.60   987   6.26   3484   9999  9999
