# MEETVAARTUIG : M.C.ECOS 8 VERTIKAAL
# MEETDATUM    : 09-08-2023 13:58:29
# MEETGEBIED   :
# STARTPUNT    :
# EINDPUNT     :
# PROJECTCODE  :
# OPDRACHTGEVER:
# BEHEERDER    :
# BEMONST. INST:
# WAARNEMER(S) : moeskops
#
* 20230809
$ 9999 [000000000000000]
>TIJD      uumm                    
>X         coordinaat              
>Y         coordinaat              
>SENSHTE   Diepte set        m     
>Echms     Echoset           mtrs  
>Temp      Temperatuur       oC
>pH        Zuurgraad         dimsls
>GELBH     Geleidendheid     mS/cm 
>GEL20     Gel20             ???   
>SALNTT    Saliniteit        dimsl 
>CL-       Chloride          mg/l  
>CHFLYSI   Chlorofyl         ugr/l 
>TURBID    Troebelheid       NTU   
>O2        Zuurstof          mg/l  
>%O2       Zuurstof%         %     
 -1358  74510 385620   1.09   6.28  18.42   9.07   1.63   169   0.95    435   1.01  14.40   9999  9999
  1358  74515 385606   1.89   5.24  18.45   9.07   1.66   171   0.97    442   0.91  17.00   9999  9999
  1358  74515 385603   2.89   4.35  18.40   9.06   1.66   171   0.97    443   0.84  12.80   9999  9999
  1358  74516 385597   3.90   3.36  18.42   9.06   1.68   173   0.98    450   0.85  18.13   9999  9999
  1358  74516 385595   4.91   2.31  18.47   9.05   1.75   180   1.02    474   0.93  18.20   9999  9999
  1359  74517 385588   5.92   1.34  18.50   9.03   1.79   185   1.05    489   0.99  19.58   9999  9999
 -0830  74643 384199   0.90   6.16  19.22   8.91   3.07   312   1.82    918   0.96  12.99   9999  9999
  0830  74640 384188   1.98   4.62  19.21   8.91   3.07   312   1.82    918   0.91  11.51   9999  9999
  0830  74641 384185   2.94   3.52  19.21   8.91   3.07   312   1.82    919   0.96  10.28   9999  9999
  0830  74642 384184   3.99   2.52  19.21   8.91   3.07   312   1.82    919   0.96  10.01   9999  9999
  0830  74646 384180   4.98   1.51  19.23   8.90   3.09   314   1.83    926   0.96  11.22   9999  9999
 -0840  74836 382309   0.95   4.91  19.26   8.89   3.41   346   2.03   1037   1.13  11.04   9999  9999
  0841  74840 382294   1.91   4.03  19.31   8.87   3.57   362   2.13   1093   1.26   9.86   9999  9999
  0841  74839 382287   2.92   3.13  19.32   8.87   3.59   364   2.14   1098   1.14  10.79   9999  9999
  0841  74837 382278   3.91   2.16  19.37   8.84   3.77   382   2.25   1163   1.20  10.81   9999  9999
  0841  74842 382268   4.89   1.23  19.44   8.81   4.12   417   2.47   1285   1.35  13.24   9999  9999
 -0851  75061 380353   0.88   5.94  19.47   8.76   5.30   536   3.23   1788   1.14   9.64   9999  9999
  0851  75065 380333   1.93   4.35  19.44   8.78   5.15   521   3.13   1737   1.03  10.54   9999  9999
  0851  75065 380326   2.90   3.56  19.44   8.77   5.16   523   3.14   1742   1.07  10.10   9999  9999
  0851  75066 380320   3.90   2.75  19.47   8.76   5.32   538   3.24   1796   1.09  10.39   9999  9999
  0851  75067 380314   4.89   1.46  19.47   8.76   5.37   543   3.28   1815   1.10   9.63   9999  9999
 -0901  75463 378343   0.88   1.85  19.84   8.65   7.82   785   4.85   2693   0.98   9.15   9999  9999
  0901  75476 378321   1.89   1.43  19.85   8.65   7.88   790   4.89   2713   1.05   9.27   9999  9999
  0901  75480 378317   2.93   3.41  19.88   8.64   7.99   801   4.96   2754   0.98  11.07   9999  9999
  0902  75487 378306   3.91   0.94  19.92   8.64   8.10   811   5.03   2792   1.08   8.73   9999  9999
  0902  75490 378300   4.90   1.56  19.90   8.64   8.07   809   5.01   2781   1.01   8.72   9999  9999
  0902  75497 378285   5.93   0.75  19.97   8.63   8.22   822   5.11   2832   1.05  11.40   9999  9999
 -0911  76845 376950   0.99   1.85  20.45   8.54  10.04   995   6.26   3477   0.89   6.90   9.98   114
  0912  76864 376941   2.14   4.10  20.44   8.54  10.03   994   6.26   3473   0.84   5.91   9.97   114
  0912  76870 376936   3.04   3.19  20.44   8.54  10.06   996   6.27   3482   0.78   5.34   9.94   114
  0913  76893 376932   4.07   2.16  20.69   8.52  10.40  1025   6.47   3591   0.83   7.33   9.88   113
  0914  76919 376910   5.00   1.41  20.76   8.49  10.68  1051   6.64   3689   0.78   7.87   9.62   111
 -0936  78727 376554   1.03   5.03  21.32   8.38  12.31  1197   7.64   4246   0.76   3.77   9999  9999
  0936  78735 376552   1.89   4.30  21.26   8.40  12.11  1179   7.52   4179   0.81   4.08   9999  9999
  0936  78739 376554   2.88   3.18  21.28   8.39  12.18  1186   7.57   4204   0.83   4.11   9999  9999
  0937  78740 376555   3.92   2.11  21.32   8.38  12.31  1198   7.65   4250   0.77   4.61   9999  9999
  0937  78739 376555   4.92   1.15  21.35   8.36  12.50  1215   7.76   4315   0.77   4.19   9999  9999
 -0947  79293 374624   1.00   5.85  20.50   8.12  13.27  1313   8.45   4699   0.66   2.51   9999  9999
  0947  79293 374609   1.88   4.94  20.50   8.13  13.23  1310   8.43   4685   0.72   2.64   9999  9999
  0947  79293 374601   2.89   4.01  20.50   8.12  13.24  1310   8.43   4686   0.78   2.83   9999  9999
  0948  79292 374593   3.89   3.03  20.48   8.11  13.32  1319   8.49   4721   0.56   2.49   9999  9999
  0948  79293 374588   4.92   2.08  20.47   8.10  13.35  1321   8.51   4731   0.68   3.34   9999  9999
  0948  79292 374579   5.88   0.86  20.47   8.08  13.56  1343   8.66   4816   0.70   4.70   9999  9999
 -0958  79264 372590   0.93  15.39  20.34   7.92  13.81  1371   8.86   4927   0.62   2.14   9999  9999
  0958  79265 372584   1.89  14.61  20.34   7.92  13.81  1371   8.85   4924   0.67   2.10   9999  9999
  0958  79266 372581   2.91  14.29  20.33   7.92  13.82  1372   8.86   4931   0.66   2.20   9999  9999
  0958  79266 372579   3.90  13.28  20.33   7.92  13.85  1375   8.89   4943   0.63   2.19   9999  9999
  0958  79266 372576   4.93  11.05  20.33   7.92  13.87  1377   8.90   4950   0.63   2.26   9999  9999
  0958  79267 372575   5.91  10.29  20.32   7.92  13.89  1380   8.92   4961   0.61   2.52   9999  9999
  0958  79267 372574   6.89   9.48  20.33   7.92  14.00  1391   8.99   5003   0.53   2.29   9999  9999
  0958  79266 372572   7.89   8.38  20.33   7.93  14.06  1396   9.03   5024   0.56   2.32   9999  9999
  0958  79265 372572   8.89   7.56  20.33   7.93  14.18  1408   9.11   5070   0.60   2.35   9999  9999
  0958  79264 372573   9.92   6.48  20.33   7.94  14.30  1420   9.20   5118   0.56   2.57   9999  9999
  0958  79264 372575  10.88   5.38  20.33   7.94  14.33  1423   9.22   5131   0.61   2.81   9999  9999
  0959  79263 372575  11.91   4.16  20.31   7.94  14.45  1436   9.31   5180   0.56   3.31   9999  9999
  0959  79263 372576  12.88   3.31  20.25   7.93  14.71  1463   9.50   5289   0.54   3.79   9999  9999
  0959  79262 372576  13.91   2.33  20.21   7.93  14.94  1488   9.68   5386   0.47   4.81   9999  9999
  0959  79262 372575  14.91   1.35  20.16   7.92  15.12  1506   9.81   5459   0.47   4.74   9999  9999
