# MEETVAARTUIG : M.C.ECOS 6 VERTIKAAL
# MEETDATUM    : 17-05-2023 14:28:46
# MEETGEBIED   :
# STARTPUNT    :
# EINDPUNT     :
# PROJECTCODE  :
# OPDRACHTGEVER:
# BEHEERDER    :
# BEMONST. INST:
# WAARNEMER(S) : lamper
#
* 20230517
$ 9999 [000000000000000]
>TIJD      uumm                    
>X         coordinaat              
>Y         coordinaat              
>SENSHTE   Diepte set        m     
>Echms     Echoset           mtrs  
>Temp      Temperatuur       oC
>pH        Zuurgraad         dimsls
>GELBH     Geleidendheid     mS/cm 
>GEL20     Gel20             ???   
>SALNTT    Saliniteit        dimsl 
>CL-       Chloride          mg/l  
>CHFLYSI   Chlorofyl         ugr/l 
>TURBID    Troebelheid       NTU   
>O2        Zuurstof          mg/l  
>%O2       Zuurstof%         %     
 -1428  74550 385500   1.01   6.38  16.04   8.13   1.34   146   0.82    356   1.40   4.24   9999  9999
  1429  74550 385500   1.93   5.90  16.05   8.13   1.34   146   0.82    356   1.36   4.23   9999  9999
  1429  74550 385500   2.90   4.85  16.06   8.13   1.34   146   0.82    356   1.33   4.25   9999  9999
  1429  74550 385500   3.91   3.83  16.05   8.13   1.34   146   0.82    356   1.34   4.25   9999  9999
  1429  74550 385500   4.90   2.40  16.01   8.14   1.34   146   0.82    355   1.36   4.30   9999  9999
  1429  74550 385500   5.89   1.68  15.99   8.14   1.34   146   0.82    355   1.38   4.25   9999  9999
 -2359  74654 384174   1.00   9999   9999   9999   9999  9999   9999   9999   9999   9999   9999  9999
  2359  74654 384174   5.00   9999   9999   9999   9999  9999   9999   9999   9999   9999   9999  9999
 -2359  74893 382266   1.00   9999   9999   9999   9999  9999   9999   9999   9999   9999   9999  9999
  2359  74893 382266   5.00   9999   9999   9999   9999  9999   9999   9999   9999   9999   9999  9999
 -2359  75095 380299   1.00   9999   9999   9999   9999  9999   9999   9999   9999   9999   9999  9999
  2359  75095 380299   5.00   9999   9999   9999   9999  9999   9999   9999   9999   9999   9999  9999
 -2359  75510 378297   1.00   9999   9999   9999   9999  9999   9999   9999   9999   9999   9999  9999
  2359  75510 378297   5.00   9999   9999   9999   9999  9999   9999   9999   9999   9999   9999  9999
 -1558  76900 376922   0.98   5.26  18.78   8.23   5.60   574   3.48   1929   1.58   2.50  10.10   110
  1558  76900 376922   1.92   4.48  18.81   8.23   5.67   581   3.53   1954   1.60   2.71  10.10   110
  1559  76900 376922   2.88   3.85  18.82   8.23   5.69   583   3.54   1960   1.69   2.86  10.00   110
  1559  76900 376922   4.03   2.86  18.80   8.23   5.64   579   3.51   1945   1.74   2.42  10.10   110
  1559  76900 376922   5.05   1.58  18.82   8.23   5.68   583   3.53   1958   1.55   2.56  10.10   110
 -2359  78859 376581   1.00   9999   9999   9999   9999  9999   9999   9999   9999   9999   9999  9999
  2359  78859 376581   5.00   9999   9999   9999   9999  9999   9999   9999   9999   9999   9999  9999
 -2359  79318 374362   1.00   9999   9999   9999   9999  9999   9999   9999   9999   9999   9999  9999
  2359  79318 374362   6.00   9999   9999   9999   9999  9999   9999   9999   9999   9999   9999  9999
 -2359  79391 372226   1.00   9999   9999   9999   9999  9999   9999   9999   9999   9999   9999  9999
  2359  79391 372226  15.00   9999   9999   9999   9999  9999   9999   9999   9999   9999   9999  9999
