# code TURBID    is (nog ? ) niet bekend
# MEETVAARTUIG :
# MEETDATUM    : 2015-12-22 00:00:00
# MEETGEBIED   : VOLKERAK/ZOOMMEER
# STARTPUNT    : Kreekrak
# EINDPUNT     : Antwerpem
# PROJECTCODE  : E7608X
# OPDRACHTGEVER: ZLXXAXAMDBG
# BEHEERDER    : ZLXXAXAMDBG
# BEMONST. INST:
# WAARNEMER(S) : O. van Saane
#
# het eerste meetpunt ( MP37) gemeten op 20151221
#
* 20151222
$ 9999 [000000000000000]
>TIJD      uumm                    
>X         coordinaat              
>Y         coordinaat              
>SENSHTE   Diepte set        m     
>Echms     Echoset           mtrs  
>Temp      Temperatuur       oC     : 7.0   0.5   15   0.5
>pH        Zuurgraad         dimsls
>GELBH     Geleidendheid     mS/cm 
>GEL20     Gel20             ???   
>SALNTT    Saliniteit        dimsl 
>CL-       Chloride          mg/l  
>CHFLYSI   Chlorofyl         ugr/l 
>TURBID    nog niet gedefinieerd   
>O2        Zuurstof          mg/l  
>%O2       Zuurstof%         %     
 -1419  74560 385527   1.10   5.85   8.62   8.33   1.73   225   1.30    629   0.60   3.10   9999  9999
  1419  74562 385523   1.99   5.10   8.62   8.33   1.73   225   1.30    629   0.60   3.10   9999  9999
  1419  74562 385522   2.92   4.24   8.62   8.32   1.73   225   1.30    629   0.60   3.10   9999  9999
  1419  74564 385518   4.07   3.15   8.62   8.33   1.73   225   1.30    629   0.60   3.10   9999  9999
  1419  74565 385517   4.92   2.21   8.62   8.33   1.73   225   1.30    630   0.60   3.20   9999  9999
  1419  74566 385517   5.91   1.21   8.63   8.33   1.73   225   1.30    631   0.50   3.10   9999  9999
  1419  74566 385516   6.96   0.00   8.63   8.33   1.73   226   1.30    632   0.50   3.20   9999  9999
 -0830  74644 384195   0.93   0.99   8.80   8.08   1.91   248   1.44    711   0.55   8.21   9999  9999
  0831  74647 384170   2.24   0.82   8.80   8.09   1.91   248   1.44    710   0.60   7.60   9999  9999
  0831  74647 384169   2.93   1.68   8.81   8.10   1.91   248   1.44    711   0.60   8.75   9999  9999
  0831  74646 384168   4.18   1.38   8.80   8.10   1.91   248   1.44    710   0.60  11.54   9999  9999
  0831  74645 384170   5.10   1.05   8.80   8.11   1.91   248   1.44    710   0.60  14.87   9999  9999
 -0840  74869 382259   1.11   1.01   8.80   8.15   1.90   246   1.43    705   2.50  34.60   9999  9999
  0840  74871 382245   1.93   3.95   8.81   8.14   1.90   247   1.43    706   1.80  37.10   9999  9999
  0840  74872 382243   2.94   2.76   8.80   8.14   1.90   247   1.43    706   1.50  32.30   9999  9999
  0840  74872 382242   3.97   1.70   8.80   8.14   1.90   247   1.43    707   1.40  28.00   9999  9999
  0840  74873 382242   4.85   0.80   8.80   8.15   1.90   247   1.43    706   1.10  31.80   9999  9999
 -0849  75083 380324   1.12   4.60   8.83   8.12   2.04   264   1.54    753   1.00  19.00   9999  9999
  0849  75082 380302   2.02   3.83   8.83   8.14   2.04   264   1.54    752   1.00  15.80   9999  9999
  0849  75081 380296   2.89   2.99   8.83   8.14   2.09   270   1.58    773   1.00  16.20   9999  9999
  0849  75079 380286   4.01   1.96   8.84   8.14   2.10   272   1.59    780   1.10  17.60   9999  9999
  0849  75079 380283   4.93   1.01   8.84   8.14   2.11   273   1.59    782   1.20  18.10   9999  9999
 -0859  75492 378303   1.07   4.76   9.29   8.13   3.74   479   2.89   1605   1.20  26.40   9999  9999
  0859  75504 378287   2.11   3.89   9.30   8.13   3.77   483   2.92   1619   1.20  27.30   9999  9999
  0859  75506 378286   3.05   2.81   9.31   8.13   3.80   487   2.94   1632   1.20  27.00   9999  9999
  0859  75507 378285   3.96   1.91   9.31   8.13   3.80   487   2.94   1632   1.20  28.10   9999  9999
  0859  75510 378284   4.97   1.14   9.31   8.13   3.79   486   2.93   1628   1.30  33.50   9999  9999
 -0908  76876 376933   0.94   5.20  11.14   8.16   6.32   773   4.81   2672   0.70  10.10  10.90   102
  0908  76904 376915   1.91   4.14  11.10   8.16   6.29   770   4.79   2660   0.60   9.90  10.90   102
  0909  76905 376914   3.11   2.96  11.13   8.17   6.34   775   4.82   2680   0.50   9.80  10.80   101
  0909  76906 376915   3.99   2.09  11.50   8.16   6.66   807   5.04   2799   0.70  11.40  10.80   102
  0910  76908 376916   5.02   0.99  11.44   8.17   6.63   806   5.03   2792   0.60  13.80  10.80   102
 -0919  78837 376566   1.07   4.48  11.70   8.17   7.73   933   5.88   3268   0.40   7.30   9999  9999
  0919  78846 376565   1.89   3.66  11.72   8.17   7.73   932   5.88   3266   0.40   7.30   9999  9999
  0919  78848 376564   3.07   2.93  11.72   8.17   7.73   932   5.88   3267   0.40   7.30   9999  9999
  0919  78850 376564   3.96   1.99  11.70   8.17   7.73   933   5.88   3270   0.40   7.30   9999  9999
  0919  78851 376564   4.99   0.94  11.67   8.17   7.74   934   5.89   3275   0.40   7.30   9999  9999
  0919  78853 376564   5.12   0.81  11.66   8.14   7.74   935   5.90   3277   0.40   7.30   9999  9999
 -0930  79303 374384   1.10   5.50  11.01   8.09   9.70  1190   7.64   4255   0.30   8.40   9999  9999
  0930  79303 374373   1.99   4.70  11.01   8.09   9.66  1186   7.62   4240   0.30   8.30   9999  9999
  0930  79304 374370   2.97   3.80  11.01   8.09   9.72  1193   7.67   4268   0.40   8.30   9999  9999
  0930  79304 374367   4.08   2.79  11.01   8.08   9.79  1201   7.72   4299   0.40   8.40   9999  9999
  0930  79304 374364   4.89   1.98  11.01   8.08   9.82  1205   7.75   4314   0.40   8.70   9999  9999
  0930  79306 374350   5.97   1.13  11.01   8.08   9.92  1217   7.83   4362   0.40   9.60   9999  9999
 -0940  79382 372241   1.06  15.55  10.74   7.99  10.89  1345   8.73   4862   0.30   6.80   9999  9999
  0940  79382 372229   2.01  14.56  10.75   7.99  10.89  1345   8.72   4860   0.40   6.80   9999  9999
  0940  79382 372226   2.92   0.00  10.75   7.99  10.89  1345   8.72   4860   0.40   6.80   9999  9999
  0940  79382 372223   3.90  12.64  10.74   7.99  10.89  1345   8.73   4862   0.40   6.80   9999  9999
  0940  79382 372221   5.01  11.53  10.75   7.99  10.90  1346   8.73   4865   0.40   6.80   9999  9999
  0940  79382 372218   5.93  10.69  10.75   7.99  10.91  1347   8.74   4870   0.40   6.90   9999  9999
  0940  79382 372215   6.92   9.61  10.75   7.99  10.95  1352   8.78   4890   0.40   7.00   9999  9999
  0940  79382 372214   8.08   8.50  10.77   7.99  10.98  1355   8.80   4901   0.30   7.20   9999  9999
  0940  79382 372213   9.02   7.60  10.79   7.99  11.04  1362   8.84   4928   0.30   7.30   9999  9999
  0940  79382 372212   9.95   6.68  10.84   7.98  11.12  1370   8.90   4960   0.30   7.40   9999  9999
  0940  79382 372211  11.07   4.59  10.88   7.98  11.18  1376   8.94   4983   0.30   7.70   9999  9999
  0940  79383 372211  12.02   3.65  10.90   7.98  11.22  1380   8.97   5000   0.40   8.20   9999  9999
  0941  79383 372210  12.90   3.63  10.89   7.99  11.21  1380   8.97   4997   0.40   9.30   9999  9999
  0941  79384 372210  14.02   2.48  10.84   7.99  11.27  1389   9.03   5033   0.30  10.10   9999  9999
  0941  79386 372210  15.07   1.53  10.78   7.98  11.45  1413   9.20   5128   0.50  14.00   9999  9999
  0941  79386 372210  15.89   0.75  10.77   7.98  11.56  1427   9.30   5183   0.60  14.80   9999  9999
