# MEETVAARTUIG         : MILIEUCONTAINER
# MEETDATUM            : 08-01-2026 10:40:45
# MEETGEBIED           : ZEELAND
# STARTPUNT            : ZTS1
# EINDPUNT             : ZTS46
# PROJECTCODE          : ZTS/ATS VERTIKALEN
# OPDRACHTGEVER        : WVL
# BEHEERDER            : MOBIEL METEN
# BEMONST. INST        : []
# WAARNEMER(S)         : Bernaards
#
* 20260108
$ 9999 [00000000000000000000]
>TIJD       uumm                         
>X          coordinaat                   
>Y          coordinaat                   
>SENSHTE    Diepte set           m       
>Echms      Echoset              mtrs    
>Temp       Temperatuur          oC      
>pH         Zuurgraad            pH      
>O2         Zuurstof             mg/l    
>%O2        Zuurstof%            %       
>GELBH      Geleidendheid        mS/cm   
>GELDHD     Geleidendheid        ???     
>SALNTT     Saliniteit           dimsl   
>CL-        Chloride             mg/l    
>CHLFRFU    Chlorofyl            RFU     
>TROEBHFNU  Troebelheid          FNU     
>PHYCOUGL   Phycocyanine         ug/l    
 -0755    74534   385692    1.04    5.39    2.12    8.50    9999   9999    1.04     161    0.93     408    0.55    1.93    0.66
  0755    74534   385692    2.07    4.53    2.11    8.50    9999   9999    1.04     161    0.93     408    0.68    1.89    0.62
  0756    74534   385692    2.91    3.70    2.11    8.50    9999   9999    1.04     161    0.92     407    0.67    1.92    0.60
  0756    74534   385692    4.02    2.44    2.11    8.50    9999   9999    1.04     161    0.92     407    0.75    1.92    0.35
  0756    74534   385692    4.96    1.52    2.11    8.50    9999   9999    1.04     161    0.93     408    0.72    1.92    0.62
  0756    74534   385692    6.02    0.31    2.11    8.50    9999   9999    1.04     161    0.92     407    0.53    2.02    0.41
 -1410    74623   384161    0.96    5.99    2.46    8.38    9999   9999    1.54     237    1.38     671    0.75    6.84    0.44
  1410    74623   384161    2.06    4.62    2.47    8.38    9999   9999    1.54     237    1.39     672    0.53    6.75    0.37
  1410    74623   384161    2.92    3.80    2.46    8.38    9999   9999    1.54     237    1.39     673    0.54    7.28    0.63
  1410    74623   384161    4.01    2.65    2.47    8.38    9999   9999    1.54     237    1.39     673    0.63    7.54    0.61
  1410    74623   384161    5.22    1.24    2.46    8.38    9999   9999    1.54     237    1.39     673    0.64    7.33    0.55
  1410    74623   384161    6.01    0.54    2.46    8.38    9999   9999    1.54     237    1.39     673    0.54    7.36    0.65
 -1418    74837   382387    1.08    4.82    2.53    8.37    9999   9999    1.68     257    1.51     744    0.90   20.36    0.79
  1418    74837   382387    1.95    4.76    2.54    8.37    9999   9999    1.68     258    1.52     748    0.86   22.11    0.73
  1418    74837   382387    2.98    3.10    2.54    8.37    9999   9999    1.70     261    1.53     756    0.86   23.20    0.63
  1418    74837   382387    4.02    2.26    2.55    8.36    9999   9999    1.71     262    1.54     746    1.15   32.64    0.93
  1418    74837   382387    4.96    1.35    2.56    8.35    9999   9999    1.74     266    1.57     759    1.47   50.18    1.05
 -1426    75070   380328    1.09    5.05    3.12    8.34    9999   9999    2.89     436    2.64    1353    0.81   18.19    0.75
  1426    75070   380328    1.94    3.84    3.10    8.35    9999   9999    2.85     430    2.60    1330    0.78   17.13    0.40
  1426    75070   380328    2.97    2.70    3.10    8.35    9999   9999    2.85     430    2.60    1332    0.77   17.39    0.70
  1426    75070   380328    4.00    1.77    3.14    8.35    9999   9999    2.88     435    2.63    1348    0.83   18.29    0.90
  1426    75070   380328    5.06    0.69    3.16    8.34    9999   9999    2.96     445    2.70    1387    0.79   18.87    0.72
 -1449    75606   378077    1.06    4.93    4.55    8.36    9999   9999    4.71     683    4.24    2355    0.60   10.51    0.44
  1449    75606   378077    2.20    3.44    4.55    8.36    9999   9999    4.70     682    4.23    2352    0.53   11.10    0.56
  1449    75606   378077    2.95    2.68    4.58    8.36    9999   9999    4.73     685    4.26    2365    0.62   11.93    0.54
  1449    75606   378077    4.02    1.53    4.64    8.35    9999   9999    4.79     693    4.30    2391    0.56   11.52    0.60
  1449    75606   378077    5.11    0.40    4.72    8.35    9999   9999    4.85     700    4.35    2420    0.54   12.33    0.50
 -1457    76760   377004    0.97    5.08    6.85    8.33   11.40     99    6.71     915    5.79    3217    0.38    8.25    0.43
  1457    76760   377004    2.08    3.88    6.95    8.32   11.40     99    6.81     927    5.86    3261    0.46    9.78    0.32
  1458    76760   377004    3.01    2.95    7.06    8.32   11.40     99    6.90     935    5.92    3292    0.45   11.95    0.29
  1458    76760   377004    3.95    1.93    7.08    8.32   11.30     98    6.92     938    5.94    3303    0.42   11.93    0.34
  1458    76760   377004    5.10    0.82    7.18    8.32   11.30     98    7.01     948    6.00    3340    0.42   10.92    0.44
 -2359    78859   376581    0.00    9999    9999    9999    9999   9999    9999    9999    9999    9999    9999    9999    9999
  2359    78859   376581    5.00    9999    9999    9999    9999   9999    9999    9999    9999    9999    9999    9999    9999
 -2359    79318   374362    0.00    9999    9999    9999    9999   9999    9999    9999    9999    9999    9999    9999    9999
  2359    79318   374362    6.00    9999    9999    9999    9999   9999    9999    9999    9999    9999    9999    9999    9999
 -2359    79391   372226    0.00    9999    9999    9999    9999   9999    9999    9999    9999    9999    9999    9999    9999
  2359    79391   372226   15.00    9999    9999    9999    9999   9999    9999    9999    9999    9999    9999    9999    9999
