# M.S. ARGUS
# 07-08-2001 07:07:44
# PROJECTCODE: E7608X
# STARTPUNT: ZANDVLIETSLUIS
# EINDPUNT: KRAMMERSLUIS
# OPDRACHTGEVER: ZLXXAXWMDBG
# BEHEERDER: ZLXXAXMVSGN
# BEMONST. INST.: ZLXXAXMVSGN
# TLU        oC    17.6
# LUCHTDK    hPa    1015
# WINDSHD    m/s    .7
# WINDRTG    gradn    32
# BEWKGD     /8    7
* 20010807
$ -9999 [00000000000000]
> TIJD
> X-COORD
> Y-COORD
>SENSHTE   Diepte set        m
>ECHOS     Echoset           mtrs
>Echo      Echoschip         M
>Temp      Temperatuur       oC                 :17.5  0.5  11  0.5
>pH        Zuurgraad         dimsls
>GELBH     Geleidendheid     mS/cm
>SALNTT    Saliniteit        dimsls
>CL-       Chloride          mg/l
>FLME      Flur ME           ugr/l
>O2        Zuurstof          mg/l
>%O2       Zuurstof%         %
 -706  79367 372186   1.17  14.90  15.10  22.20   7.90   8.78   5.21   2888   2.66  -9999  -9999
  706  79369 372182   1.83  14.49  15.60  22.20   7.91   8.78   5.21   2889   2.68  -9999  -9999
  706  79370 372182   2.82  13.91  15.70  22.20   7.91   8.78   5.21   2888   2.67  -9999  -9999
  706  79372 372182   3.81  13.06  15.60  22.19   7.90   8.78   5.21   2888   2.73  -9999  -9999
  706  79373 372182   4.80  11.63  15.70  22.15   7.91   8.76   5.20   2884   2.70  -9999  -9999
  706  79374 372182   5.80  10.80  15.80  22.10   7.91   8.73   5.19   2878   2.70  -9999  -9999
  706  79375 372182   6.83  10.18  15.70  22.10   7.91   8.74   5.19   2878   2.50  -9999  -9999
  707  79377 372182   7.81   9.12   2.40  22.08   7.91   8.73   5.19   2876   2.39  -9999  -9999
  707  79378 372182   8.82   7.99   0.00  22.08   7.91   8.73   5.19   2876   2.49  -9999  -9999
  707  79379 372182   9.85   7.04   2.00  22.08   7.91   8.73   5.19   2878   2.39  -9999  -9999
  707  79380 372183  10.80   6.25   2.00  22.08   7.92   8.74   5.19   2879   2.40  -9999  -9999
  707  79381 372183  11.81   5.07   2.20  22.09   7.91   8.74   5.19   2879   2.42  -9999  -9999
  707  79382 372183  12.80   4.06  16.40  22.22   7.90   8.98   5.33   2958   2.39  -9999  -9999
  707  79383 372184  13.83   3.18   0.00  22.25   7.88   9.29   5.53   3066   2.40  -9999  -9999
  707  79385 372184  14.83   2.03   2.30  22.28   7.87   9.92   5.93   3289   2.38  -9999  -9999
  707  79386 372185  15.84   1.01   2.30  22.26   7.83  10.72   6.44   3577   2.17  -9999  -9999
 -717  79360 374407   1.14   5.73   6.60  22.53   8.31   6.41   3.69   2042   2.78  -9999  -9999
  717  79359 374423   1.81   0.46   6.80  22.56   8.31   6.45   3.71   2056   2.79  -9999  -9999
  718  79354 374442   2.80   4.62   7.20  22.55   8.32   6.39   3.67   2033   2.72  -9999  -9999
  718  79354 374445   3.83   3.55   7.20  22.60   8.31   6.47   3.72   2060   2.63  -9999  -9999
  718  79354 374446   4.88   2.53   7.30  22.61   8.29   6.55   3.77   2088   2.67  -9999  -9999
  719  79354 374448   5.83   1.52   7.30  22.61   8.27   6.78   3.91   2167   2.63  -9999  -9999
  719  79353 374449   6.81   0.57   7.30  22.59   8.16   7.31   4.24   2350   2.68  -9999  -9999
 -729  78860 376584   1.14   4.89   6.40  23.44   8.46   5.31   2.96   1638   2.59  -9999  -9999
  729  78855 376585   1.83   4.16   6.20  23.42   8.46   5.29   2.95   1631   2.58  -9999  -9999
  729  78851 376586   2.87   3.24   5.80  23.44   8.46   5.30   2.95   1634   2.51  -9999  -9999
  729  78848 376587   3.82   2.60   5.80  23.46   8.45   5.32   2.96   1640   2.62  -9999  -9999
  729  78845 376588   4.80   1.33   5.90  23.48   8.44   5.38   2.99   1657   2.44  -9999  -9999
 -739  76905 376950   0.89   4.80   5.80  22.03   8.69   2.89   1.60    798   2.68   7.79     90
  740  76897 376952   1.97   3.69   5.80  21.99   8.71   2.85   1.58    784   2.58   7.78     90
  740  76893 376955   3.13   2.42   5.80  22.07   8.69   2.93   1.62    809   2.67   7.77     90
  740  76893 376958   4.04   1.58   5.80  22.06   8.68   0.74   0.38    122   2.60   7.80     89
  741  76900 376972   5.01   0.51   5.80  22.13   8.68   3.02   1.67    837   2.62   7.67     89
 -749  75513 378271   0.95   5.03   5.90  21.18   8.92   1.47   0.80    347   2.71  -9999  -9999
  749  75501 378291   1.83   3.77   6.10  21.20   8.92   1.47   0.80    347   2.62  -9999  -9999
  749  75498 378297   2.86   2.88   6.30  21.20   8.92   1.47   0.80    346   2.60  -9999  -9999
  750  75494 378303   3.80   2.66   6.00  21.20   8.93   1.47   0.80    347   2.63  -9999  -9999
  750  75492 378306   4.82   0.82   6.30  21.20   8.93   1.47   0.80    346   2.64  -9999  -9999
 -759  75109 380312   0.90   0.44   5.90  21.28   8.99   1.50   0.82    356   2.80  -9999  -9999
  759  75109 380312   1.83   3.79   5.90  21.29   8.99   1.50   0.82    355   2.92  -9999  -9999
  759  75109 380312   2.83   2.75   5.90  21.28   8.99   1.50   0.82    355   2.84  -9999  -9999
  759  75109 380316   3.87   1.69   5.90  21.29   8.99   1.50   0.81    354   2.84  -9999  -9999
  759  75111 380351   4.84   0.62   5.90  21.29   8.97   1.50   0.82    357   2.65  -9999  -9999
 -808  74891 382269   0.92   0.62   6.00  21.00   8.97   1.51   0.83    361   2.75  -9999  -9999
  808  74891 382271   1.85   0.40   6.10  20.99   8.96   1.51   0.83    362   2.60  -9999  -9999
  808  74891 382272   2.83   0.47   6.00  20.99   8.96   1.51   0.83    362   2.62  -9999  -9999
  808  74891 382273   3.81   1.99   6.00  20.99   8.96   1.51   0.83    362   2.49  -9999  -9999
  808  74891 382273   4.88   0.66   6.50  20.99   8.95   1.51   0.83    362   2.68  -9999  -9999
 -816  74655 384118   0.95   4.96   6.10  21.03   8.98   1.50   0.82    359   2.80  -9999  -9999
  817  74652 384134   1.83   4.12   6.10  21.02   8.99   1.50   0.82    358   2.65  -9999  -9999
  817  74651 384140   2.82   3.17   6.10  21.03   8.99   1.50   0.82    359   2.68  -9999  -9999
  817  74651 384143   3.83   2.19   6.10  21.03   8.99   1.50   0.82    359   2.64  -9999  -9999
  817  74650 384145   4.83   1.07   0.00  21.04   8.99   1.50   0.82    359   2.64  -9999  -9999
 -857  74548 385498   0.83   5.30   6.60  20.54   8.98   1.52   0.84    372   2.59  -9999  -9999
  857  74549 385501   1.83   4.39   6.50  20.53   8.98   1.52   0.84    371   2.49  -9999  -9999
  857  74549 385502   2.83   3.28   6.50  20.52   8.98   1.52   0.84    372   2.52  -9999  -9999
  857  74549 385503   3.84   2.25   6.60  20.51   8.98   1.52   0.84    372   2.42  -9999  -9999
  857  74549 385505   4.84   1.38   6.60  20.50   8.97   1.52   0.84    372   2.43  -9999  -9999
  857  74550 385506   5.85   0.40   6.60  20.46   8.97   1.52   0.85    372   2.50  -9999  -9999
