# MEETVAARTUIG : M.C.ECOS 6 VERTIKAAL
# MEETDATUM    : 17-04-2023 13:31:24
# MEETGEBIED   :
# STARTPUNT    :
# EINDPUNT     :
# PROJECTCODE  :
# OPDRACHTGEVER:
# BEHEERDER    :
# BEMONST. INST:
# WAARNEMER(S) : bernaards
#
* 20230417
$ 9999 [0000000000000]
>TIJD      uumm                    
>X         coordinaat              
>Y         coordinaat              
>SENSHTE   Diepte set        m     
>Echms     Echoset           mtrs  
>Temp      Temperatuur       oC
>pH        Zuurgraad         dimsls
>GELBH     Geleidendheid     mS/cm 
>GEL20     Gel20             ???   
>SALNTT    Saliniteit        dimsl 
>CL-       Chloride          mg/l  
>CHFLYSI   Chlorofyl         ugr/l 
>TURBID    Troebelheid       NTU   
 -1332  74522 385519   0.99   6.23  11.04   8.30   1.21   148   0.84    364   1.32   3.30
  1332  74525 385504   1.98   4.69  11.03   8.29   1.21   149   0.84    364   1.29   3.17
  1332  74526 385501   2.93   4.31  11.01   8.29   1.21   148   0.84    364   1.35   3.25
  1332  74527 385499   3.92   2.71  10.99   8.29   1.21   148   0.84    364   1.31   3.25
  1332  74527 385496   4.96   2.00  10.97   8.29   1.21   148   0.84    364   1.37   3.51
  1332  74527 385494   5.88   1.06  10.96   8.29   1.21   148   0.84    364   1.34   3.75
 -1813  74722 384153   0.97   4.91  11.23   8.27   1.24   151   0.85    373   1.63   8.45
  1813  74721 384170   1.94   3.66  11.30   8.27   1.24   151   0.85    373   1.68   7.98
  1813  74719 384187   2.95   2.80  11.30   8.27   1.24   151   0.85    373   1.66   8.51
  1813  74717 384193   3.94   1.75  11.28   8.27   1.24   151   0.85    373   1.63   6.87
  1813  74716 384205   4.96   0.76  11.29   8.27   1.24   151   0.85    373   1.89   7.02
 -1805  74915 382271   0.98   5.13  11.24   8.30   1.25   152   0.86    376   2.22   9.76
  1805  74913 382297   1.92   3.81  11.21   8.30   1.24   152   0.86    376   2.33  13.41
  1805  74912 382307   2.93   2.96  11.23   8.30   1.24   152   0.86    375   2.13  10.93
  1805  74911 382317   3.90   1.95  11.23   8.30   1.24   152   0.86    375   2.25  10.31
  1805  74910 382329   4.91   1.15  11.21   8.30   1.24   152   0.86    375   2.21  12.94
 -1756  75128 380278   0.99   4.90  11.16   8.42   1.42   173   0.99    450   5.72  27.32
  1756  75125 380300   1.88   3.68  11.17   8.42   1.42   174   0.99    452   5.61  23.16
  1756  75124 380311   2.91   2.55  11.18   8.42   1.43   174   0.99    453   5.31  21.08
  1756  75122 380316   3.89   1.70  11.17   8.42   1.42   174   0.99    452   5.28  21.72
  1756  75122 380324   5.03   0.75  11.18   8.42   1.42   174   0.99    452   5.43  23.32
 -1747  75554 378266   0.97   4.50  11.27   8.54   2.13   259   1.51    751   9.49  26.21
  1747  75541 378288   1.88   3.50  11.26   8.54   2.13   260   1.51    753   9.45  26.40
  1747  75536 378293   2.91   2.46  11.26   8.54   2.13   260   1.51    754   9.85  26.79
  1747  75528 378306   3.88   1.61  11.27   8.54   2.13   260   1.51    753   8.99  24.45
  1747  75524 378313   4.92   0.75  11.27   8.54   2.13   260   1.51    755   9.78  25.24
 -1737  76892 376930   0.99   5.18  12.47   8.50   3.40   403   2.40   1235   6.18  14.85
  1737  76893 376930   1.93   3.95  12.46   8.50   3.39   401   2.39   1230   5.90  14.52
  1737  76894 376930   2.90   2.93  12.46   8.50   3.38   401   2.39   1229   6.06  14.59
  1737  76894 376930   3.93   1.90  12.53   8.49   3.42   405   2.41   1244   5.88  14.39
  1737  76894 376929   4.89   0.94  12.59   8.48   3.49   412   2.46   1269   5.86  14.63
 -1726  78906 376605   0.90   5.05  15.22   8.36   5.47   607   3.70   2054   2.02   6.24
  1726  78881 376607   1.90   3.81  15.22   8.36   5.46   607   3.70   2052   2.11   6.41
  1726  78869 376606   2.91   3.14  15.23   8.36   5.47   607   3.70   2053   1.98   6.30
  1726  78864 376607   3.88   2.20  15.24   8.36   5.47   607   3.70   2052   2.02   6.30
  1726  78853 376607   4.94   1.26  15.25   8.36   5.46   606   3.69   2049   2.05   6.35
 -1715  79345 374353   0.88   6.38  13.80   8.19   5.88   675   4.15   2304   0.83   4.84
  1715  79346 374374   1.88   5.30  13.76   8.18   5.88   676   4.15   2306   0.92   5.05
  1715  79346 374386   2.91   4.25  13.77   8.18   5.88   675   4.15   2304   0.96   4.63
  1715  79346 374395   3.91   3.25  13.79   8.18   5.88   675   4.15   2302   0.92   4.66
  1715  79346 374405   4.90   2.21  13.62   8.18   5.88   678   4.17   2314   0.96   5.33
  1715  79346 374416   5.94   1.21  13.68   8.18   5.88   677   4.16   2310   0.95   5.43
  1715  79346 374431   6.89   0.00  13.48   8.17   5.88   680   4.18   2322   0.94   7.77
 -1704  79352 372279   0.97  15.53  11.43   7.97   5.65   686   4.23   2351   1.28   2.38
  1704  79357 372263   1.91  14.61  11.37   7.97   5.63   684   4.22   2344   1.35   2.46
  1704  79363 372246   2.93  13.45  11.33   7.96   5.64   686   4.23   2351   1.16   2.57
  1704  79365 372242   3.88  12.45  11.32   7.96   5.65   688   4.24   2356   1.17   2.48
  1704  79367 372234   4.90  11.55  11.31   7.95   5.65   688   4.25   2358   1.12   2.51
  1704  79369 372226   5.90  10.40  11.30   7.95   5.66   689   4.25   2362   1.21   2.48
  1704  79370 372223   6.97   9.39  11.30   7.95   5.66   690   4.26   2365   1.08   2.58
  1704  79371 372220   7.95   8.29  11.30   7.95   5.67   691   4.27   2369   1.03   2.71
  1704  79372 372218   8.90   7.35  11.30   7.95   5.68   693   4.28   2375   1.07   3.11
  1705  79374 372215   9.89   6.30  11.29   7.95   5.70   695   4.29   2381   1.12   3.09
  1705  79374 372213  10.90   5.38  11.26   7.95   5.71   697   4.30   2389   1.02   2.98
  1705  79374 372211  11.98   4.23  11.24   7.95   5.75   702   4.34   2407   0.98   2.93
  1705  79376 372210  12.90   3.28  11.24   7.95   5.79   706   4.37   2424   0.99   2.87
  1705  79376 372206  13.95   2.00  11.23   7.95   5.84   712   4.41   2447   0.96   3.06
  1705  79378 372204  14.89   1.05  11.24   7.95   5.92   722   4.47   2484   0.91   3.47
