# M.S. ARGUS
# 11-08-2000 05:26:31
# PROJECTCODE: E7608X
# STARTPUNT: KRAMMER.
# EINDPUNT: ZANDVLIETSLUIS.
# OPDRACHTGEVER: ZLXXAXWMDBG
# BEHEERDER: ZLXXAXMVSGN
# BEMONST. INST.: ZLXXAXMVSGN
# TLU        oC    17.1
# LUCHTDK    hp    1016
# WINDSHD    m/s    3
# WINDRTG    graad    219
# BEWKGD         7
* 20000811
$ 9999 [000222222222020]
> TIJD
> X-COORD
> Y-COORD
>SENSHTE   Diepte set        m
>ECHOS     Echoset           mtrs
>Echo      Echoschip         M
>Temp      Temperatuur       oC                 :18.  0.5  11  0.5
>pH        Zuurgraad         dimsls
>O2        Zuurstof          mg/l
>%O2       Zuurstof verz.perc%
>GELBH     Geleidendheid     ms/cm
>SALNTT    Saliniteit        dimsls
>CL-       Chloride          mg/l
>FLME      Flur ME           ugr/l
>GELDHD    Geleidendh (20)   ms/m
-1053  74498 385552   1.07   5.62   7.50  20.88   9.01   9999   9999   1.68   0.89    420   2.97   9999
 1053  74500 385533   2.05   4.75   7.40  20.88   9.01   9999   9999   1.67   0.89    419   3.07   9999
 1053  74500 385526   3.16   3.70   7.40  20.87   9.01   9999   9999   1.67   0.89    419   2.91   9999
 1054  74501 385518   4.14   2.55   7.40  20.86   9.01   9999   9999   1.68   0.89    420   2.82   9999
 1054  74501 385514   5.11   1.61   7.50  20.85   9.01   9999   9999   1.67   0.89    419   3.00   9999
 1054  74502 385506   5.91   0.71   7.50  20.85   9.01   9999   9999   1.68   0.89    420   2.82   9999
-1119  74642 384177   1.08   4.56   6.20  20.97   9.03   9999   9999   1.66   0.88    412   3.34   9999
 1119  74643 384170   2.05   0.51   6.20  21.08   9.05   9999   9999   1.64   0.87    406   3.42   9999
 1119  74644 384168   2.95   0.48   6.10  21.05   9.05   9999   9999   1.66   0.88    411   3.42   9999
 1119  74644 384166   4.04   1.58   6.10  21.05   9.04   9999   9999   1.66   0.88    411   3.45   9999
 1120  74645 384160   4.88   0.75   6.10  20.99   9.04   9999   9999   1.66   0.88    411   3.45   9999
-1128  74863 382293   1.10   0.45   6.10  21.08   8.99   9999   9999   1.66   0.88    411   3.47   9999
 1128  74863 382285   1.95   3.83   6.20  21.05   8.98   9999   9999   1.66   0.88    410   3.46   9999
 1128  74863 382282   3.06   2.88   6.10  21.04   8.98   9999   9999   1.66   0.88    410   3.40   9999
 1128  74863 382278   3.90   1.86   5.70  21.06   8.98   9999   9999   1.66   0.88    410   3.50   9999
 1128  74864 382274   4.86   0.63   6.10  21.09   8.99   9999   9999   1.66   0.88    410   3.25   9999
-1137  75082 380321   0.99   4.33   6.00  21.24   8.99   9999   9999   1.65   0.87    406   3.99   9999
 1137  75084 380305   2.08   3.51   6.10  21.24   8.99   9999   9999   1.65   0.87    406   4.00   9999
 1137  75085 380300   2.86   2.50   6.10  21.22   8.99   9999   9999   1.65   0.87    406   3.98   9999
 1137  75085 380296   3.97   1.48   6.00  21.22   8.98   9999   9999   1.65   0.87    405   3.74   9999
 1137  75086 380292   5.02   0.35   5.90  21.21   8.98   9999   9999   1.65   0.87    406   3.68   9999
-1146  75494 378331   0.99   4.53   5.90  21.24   8.94   9999   9999   1.89   1.01    489   3.67   9999
 1146  75500 378320   2.00   3.67   6.20  21.24   8.94   9999   9999   1.92   1.03    496   3.55   9999
 1146  75501 378318   2.97   3.00   6.20  21.23   8.94   9999   9999   1.91   1.03    496   3.44   9999
 1146  75505 378313   4.00   1.32   6.20  21.23   8.94   9999   9999   1.92   1.03    497   3.42   9999
 1147  75507 378310   4.98   0.47   6.10  21.22   8.94   9999   9999   1.92   1.03    499   3.38   9999
-1156  76876 376936   1.02   4.66   6.10  22.87   8.56   8.07     96   4.80   2.67   1409   2.53   9999
 1156  76894 376926   2.03   3.58   6.10  22.88   8.56   8.06     96   4.83   2.69   1421   2.50   9999
 1156  76900 376923   3.01   2.55   6.10  22.90   8.56   8.06     96   4.85   2.70   1427   2.38   9999
 1156  76906 376920   3.96   1.53   6.00  22.93   8.53   8.05     96   4.95   2.76   1458   2.37   9999
 1157  76913 376916   4.99   0.62   6.00  22.97   8.51   8.03     95   5.05   2.81   1490   2.47   9999
-1207  78833 376585   1.09   4.71   5.90  24.46   8.26   9999   9999   7.50   4.16   2306   2.54   9999
 1207  78842 376585   2.12   3.74   5.90  24.46   8.26   9999   9999   7.52   4.17   2311   2.51   9999
 1207  78844 376585   3.09   2.76   6.10  24.45   8.26   9999   9999   7.52   4.18   2313   2.44   9999
 1207  78847 376585   4.05   1.93   6.10  24.45   8.25   9999   9999   7.53   4.18   2314   1.61   9999
 1207  78849 376585   5.12   0.77   6.20  24.45   8.25   9999   9999   7.54   4.18   2317   2.35   9999
-1239  79332 374370   1.11   5.95   7.50  22.49   8.16   9999   9999   7.38   4.27   2368   3.29   9999
 1239  79332 374386   1.96   0.51   7.50  22.47   8.16   9999   9999   7.40   4.29   2375   3.21   9999
 1239  79332 374389   2.94   4.11   7.50  22.47   8.15   9999   9999   7.40   4.29   2376   3.15   9999
 1239  79332 374392   4.03   2.97   7.50  22.46   8.15   9999   9999   7.41   4.29   2379   3.11   9999
 1239  79332 374393   5.11   1.92   7.50  22.43   8.15   9999   9999   7.44   4.32   2393   3.06   9999
 1240  79332 374394   6.06   0.95   7.50  22.39   8.12   9999   9999   7.47   4.34   2404   3.04   9999
-1226  79367 372247   0.90  14.87  15.90  21.15   7.92   9999   9999   7.82   4.69   2600   4.65   9999
 1226  79373 372235   1.95  13.64  15.90  21.16   7.92   9999   9999   7.85   4.70   2608   4.41   9999
 1227  79374 372232   3.00  12.42  15.90  21.16   7.92   9999   9999   7.85   4.71   2609   4.49   9999
 1227  79376 372229   3.92  11.36  15.70  21.16   7.92   9999   9999   7.86   4.71   2612   4.41   9999
 1227  79376 372227   5.03  10.39  15.70  21.15   7.92   9999   9999   7.88   4.72   2620   4.29   9999
 1227  79377 372226   6.08   9.38  15.70  21.16   7.92   9999   9999   7.90   4.74   2627   4.06   9999
 1227  79378 372224   7.00   8.42  15.70  21.16   7.91   9999   9999   7.91   4.74   2629   3.96   9999
 1227  79378 372223   8.05   7.35  15.60  21.16   7.91   9999   9999   7.92   4.75   2635   4.00   9999
 1227  79379 372221   9.00   6.56  15.60  21.16   7.91   9999   9999   7.93   4.76   2637   3.98   9999
 1227  79380 372220  10.03   5.48  15.60  21.17   7.91   9999   9999   7.94   4.76   2639   3.93   9999
 1227  79380 372220  11.16   4.40  15.60  21.17   7.91   9999   9999   7.95   4.77   2644   3.88   9999
 1227  79380 372220  12.02   3.46  15.60  21.19   7.90   9999   9999   7.98   4.79   2655   3.85   9999
 1227  79381 372219  12.89   2.41  15.70  21.21   7.90   9999   9999   8.07   4.84   2685   3.92   9999
 1227  79381 372219  13.98   1.39  15.60  21.26   7.88   9999   9999   8.18   4.90   2720   3.66   9999
 1228  79382 372218  14.89   0.63  15.70  21.33   7.85   9999   9999   8.52   5.12   2840   3.13   9999
