# MEETVAARTUIG         : M.C.ECOS 6 VERTIKAAL
# MEETDATUM            : 14-11-2024 10:47:47
# MEETGEBIED           : VOLKERAK/ZOOMMEER
# STARTPUNT            : KRAMMER
# EINDPUNT             : KREEKRAK
# PROJECTCODE          : ATS ZTS
# OPDRACHTGEVER        : ZLXXAXAMDBG
# BEHEERDER            : ZLXXAXAMDBG
# BEMONST. INST        : []
# WAARNEMER(S)         : Bernaards
#
* 20241114
$ 9999 [00000000000000000000]
>TIJD       uumm                         
>X          coordinaat                   
>Y          coordinaat                   
>SENSHTE    Diepte set           m       
>Echms      Echoset              mtrs    
>Temp       Temperatuur          oC      
>pH         Zuurgraad            pH      
>O2         Zuurstof             mg/l    
>%O2        Zuurstof%            %       
>GELBH      Geleidendheid        mS/cm   
>GEL20      Gel20                ???     
>SALNTT     Saliniteit           dimsl   
>CL-        Chloride             mg/l    
>CHFLYSI    Chlorofyl            ugr/l   
>TURBID     Troebelheid          NTU     
>PHYCOUG    Phycocyanine         ug/l    
 -1416    74550   385500    1.00    6.00   10.64    8.04    9999   9999    1.30    161    0.91     406    0.72    3.98    9999
  1417    74550   385500    1.95    4.64   10.66    8.04    9999   9999    1.30    161    0.91     407    0.71    4.19    9999
  1417    74550   385500    2.91    3.59   10.66    8.04    9999   9999    1.30    161    0.91     407    0.69    4.06    9999
  1417    74550   385500    3.92    2.59   10.66    8.04    9999   9999    1.30    161    0.91     407    0.67    4.56    9999
  1417    74550   385500    5.00    1.54   10.66    8.04    9999   9999    1.30    161    0.91     407    0.61    4.64    9999
 -1452    74654   384174    0.97    5.40   10.87    8.60    9999   9999    1.36    167    0.95     428    0.74    6.09    9999
  1452    74654   384174    1.90    4.13   10.88    8.53    9999   9999    1.36    167    0.95     428    0.86    5.65    9999
  1453    74654   384174    2.94    3.03   10.88    8.42    9999   9999    1.36    167    0.95     428    0.80    5.29    9999
  1453    74654   384174    3.95    2.13   10.88    8.36    9999   9999    1.36    167    0.95     428    0.80    5.46    9999
  1453    74654   384174    4.90    1.18   10.88    8.31    9999   9999    1.36    167    0.95     428    0.82    5.52    9999
  1453    74654   384174    5.90    0.00   10.88    8.25    9999   9999    1.36    167    0.95     429    0.74    5.67    9999
 -1502    74893   382266    1.12    1.64   10.96    7.96    9999   9999    1.54    189    1.08     505    1.06   11.00    9999
  1502    74893   382266    1.89    0.75   10.96    7.96    9999   9999    1.55    191    1.09     511    1.04   12.39    9999
  1502    74893   382266    2.88    0.80   10.96    7.96    9999   9999    1.56    192    1.10     514    1.29   13.21    9999
  1502    74893   382266    3.90    1.75   10.97    7.96    9999   9999    1.57    193    1.10     518    1.14   13.77    9999
  1502    74893   382266    4.89    0.83   10.97    7.96    9999   9999    1.58    194    1.11     521    1.28   13.37    9999
 -1512    75095   380299    1.08    5.29   11.59    7.95    9999   9999    2.83    342    2.02    1024    1.63   26.99    9999
  1512    75095   380299    2.03    3.53   11.60    7.95    9999   9999    2.86    345    2.04    1034    1.59   25.22    9999
  1512    75095   380299    2.89    2.68   11.60    7.95    9999   9999    2.86    346    2.04    1036    1.59   23.57    9999
  1512    75095   380299    3.92    1.59   11.61    7.95    9999   9999    2.87    347    2.05    1041    1.69   25.31    9999
  1512    75095   380299    4.92    0.98   11.64    7.95    9999   9999    2.93    354    2.09    1065    1.96   39.56    9999
 -0822    75510   378297    1.10   16.95   10.83    8.04    9999   9999    1.24    152    0.86     377    0.74    1.21    9999
  0822    75510   378297    2.13   15.74   10.83    8.04    9999   9999    1.24    152    0.86     377    0.67    1.20    9999
  0822    75510   378297    3.14   14.03   10.83    8.04    9999   9999    1.24    152    0.86     377    0.64    1.30    9999
  0822    75510   378297    4.14    8.08   10.83    8.04    9999   9999    1.24    152    0.86     377    0.73    1.20    9999
  0822    75510   378297    5.08    0.55   10.83    8.04    9999   9999    1.24    152    0.86     377    0.77    1.17    9999
  0822    75510   378297    6.12    3.64   10.84    8.04    9999   9999    1.24    152    0.86     377    0.74    1.12    9999
  0822    75510   378297    7.10   10.76   10.84    8.04    9999   9999    1.24    152    0.86     378    0.68    1.22    9999
  0822    75510   378297    8.12    9.62   10.84    8.04    9999   9999    1.24    152    0.86     378    0.66    1.16    9999
  0822    75510   378297    9.15    1.84   10.84    8.04    9999   9999    1.24    152    0.86     378    0.67    1.19    9999
  0822    75510   378297   10.10    7.39   10.84    8.04    9999   9999    1.24    152    0.86     378    0.59    1.18    9999
  0822    75510   378297   11.14    5.42   10.84    8.04    9999   9999    1.24    153    0.86     378    0.65    1.20    9999
  0822    75510   378297   12.15    5.31   10.84    8.04    9999   9999    1.24    153    0.86     378    0.46    1.23    9999
  0822    75510   378297   13.10    4.21   10.86    8.03    9999   9999    1.26    155    0.88     387    0.56    1.27    9999
  0822    75510   378297   14.15    3.04   11.11    7.99    9999   9999    1.64    201    1.15     546    0.54    1.57    9999
  0822    75510   378297   15.07    2.18   11.51    7.89    9999   9999    1.71    207    1.19     568    0.51    2.13    9999
  0822    75510   378297   16.03    1.61   11.51    7.84    9999   9999    1.73    210    1.21     578    0.66    2.20    9999
  0822    75510   378297   16.90    0.75   11.44    7.78    9999   9999    1.77    215    1.24     596    0.44    1.86    9999
 -1538    76900   376922    1.06    5.51   14.88    8.06    9.72     98    7.21    807    5.02    2788    0.84    5.43    9999
  1538    76900   376922    2.03    4.55   15.00    8.05    9.69     98    7.34    820    5.10    2834    0.74    6.17    9999
  1538    76900   376922    3.08    3.23   15.09    8.05    9.67     98    7.46    831    5.18    2876    0.81    6.86    9999
  1538    76900   376922    4.01    2.45   15.10    8.05    9.66     98    7.46    831    5.18    2878    0.80    6.03    9999
  1539    76900   376922    4.96    1.43   15.18    8.05    9.65     98    7.56    841    5.25    2914    0.98    8.22    9999
  1539    76900   376922    5.98    0.79   15.18    8.05    9.64     98    7.55    839    5.23    2907    0.96    7.55    9999
 -1549    78859   376581    1.09    5.35   15.82    8.03    9999   9999    9.32   1022    6.46    3592    0.67    5.45    9999
  1549    78859   376581    1.88    3.83   15.81    8.03    9999   9999    9.34   1023    6.48    3600    0.71    5.58    9999
  1549    78859   376581    3.01    2.80   15.81    8.03    9999   9999    9.34   1024    6.48    3602    0.66    5.95    9999
  1549    78859   376581    3.91    1.98   15.79    8.03    9999   9999    9.36   1027    6.50    3612    0.81    6.50    9999
  1549    78859   376581    4.88    1.09   15.78    8.03    9999   9999    9.37   1028    6.51    3617    0.72    6.44    9999
 -1601    79318   374362    0.70    5.45   14.32    7.92    9999   9999   10.32   1171    7.49    4169    0.44    4.83    0.17
  1601    79318   374362    1.94    3.78   14.31    7.93    9999   9999   10.33   1172    7.50    4174    0.50    4.81    0.04
  1601    79318   374362    2.96    2.93   14.31    7.93    9999   9999   10.33   1172    7.50    4175    0.51    4.67    0.03
  1601    79318   374362    4.03    1.85   14.30    7.92    9999   9999   10.40   1180    7.56    4205    0.44    4.85    0.06
  1601    79318   374362    4.90    1.05   14.30    7.92    9999   9999   10.49   1191    7.63    4246    0.53    4.78    0.22
 -1611    79391   372226    0.94   14.86   14.12    7.87    9999   9999   10.66   1215    7.80    4341    0.39    3.78    0.04
  1611    79391   372226    1.89   13.61   14.12    7.87    9999   9999   10.66   1214    7.80    4338    0.46    3.58    0.21
  1611    79391   372226    2.97   12.76   14.12    7.87    9999   9999   10.66   1214    7.80    4338    0.46    3.58    0.08
  1611    79391   372226    3.91   11.75   14.12    7.87    9999   9999   10.66   1215    7.80    4341    0.41    3.70    0.11
  1611    79391   372226    4.89   11.01   14.12    7.87    9999   9999   10.67   1215    7.80    4342    0.40    3.63    0.09
  1611    79391   372226    5.89   10.16   14.13    7.86    9999   9999   10.68   1217    7.81    4349    0.45    3.68    0.10
  1611    79391   372226    6.89    9.19   14.13    7.86    9999   9999   10.70   1219    7.83    4358    0.40    3.78    0.09
  1611    79391   372226    7.96    8.04   14.14    7.86    9999   9999   10.74   1223    7.86    4372    0.41    3.94    0.03
  1612    79391   372226    8.90    7.04   14.14    7.86    9999   9999   10.79   1229    7.90    4395    0.51    4.07    0.22
  1612    79391   372226    9.95    6.11   14.13    7.86    9999   9999   10.87   1239    7.96    4432    0.41    4.41    0.07
  1612    79391   372226   10.95    5.21   14.12    7.86    9999   9999   10.93   1246    8.01    4460    0.53    4.49    0.08
  1612    79391   372226   11.90    4.48   14.10    7.86    9999   9999   11.10   1265    8.15    4536    0.42    5.15    0.22
  1612    79391   372226   12.90    3.14   14.09    7.86    9999   9999   11.19   1276    8.23    4579    0.40    5.39    0.06
  1612    79391   372226   13.91    2.28   14.06    7.86    9999   9999   11.34   1294    8.35    4649    0.45    6.36    0.16
  1612    79391   372226   14.88    1.55   14.00    7.86    9999   9999   11.72   1339    8.66    4824    0.45    7.43    0.29
