# M.S. ARGUS
# 04-10-2000 11:52:49
# PROJECTCODE: E7608X
# STARTPUNT: VOLKERAKSLUIZEN.
# EINDPUNT: ZANDVLIETSLUIZEN.
# OPDRACHTGEVER: ZLXXAXWMDBG
# BEHEERDER: ZLXXAXMVSGN
# BEMONST. INST.: ZLXXAXMVSGN
# TLU        oC    14.9
# LUCHTDK    hp    1019
# WINDSHD    m/s    7.6
# WINDRTG    graad    224
# BEWKGD         8
* 20001004
$ 9999 [00022222202202]
> TIJD
> X-COORD
> Y-COORD
>SENSHTE   Diepte set        m
>ECHOS     Echoset           mtrs
>Echo      Echoschip         M
>Temp      Temperatuur       oC                 :14.  0.5  11  0.5
>pH        Zuurgraad         dimsls
>O2        Zuurstof          mg/l
>%O2       Zuurstof verz.perc%
>GELBH     Geleidendheid     ms/cm
>SALNTT    Saliniteit        dimsls
>CL-       Chloride          mg/l
>FLME      Flur ME           ugr/l
 -854  74540 385568   0.87   5.55   6.90  15.93   9.01   9999   9999   1.52   0.90    424   2.73
  855  74542 385555   1.98   4.52   6.90  15.94   9.01   9999   9999   1.52   0.91    425   2.66
  855  74543 385548   2.81   3.62   7.00  15.94   9.01   9999   9999   1.52   0.91    424   2.77
  855  74544 385541   3.91   2.53   6.90  15.94   9.01   9999   9999   1.52   0.91    425   2.57
  855  74545 385537   4.87   1.48   6.90  15.94   9.01   9999   9999   1.52   0.90    424   2.56
  855  74546 385534   5.81   0.37   6.90  15.93   9.01   9999   9999   1.50   0.90    419   2.52
 -919  74656 384255   1.06   4.10   5.80  16.23   9.03   9999   9999   1.50   0.89    413   3.28
  919  74656 384238   1.85   3.31   5.80  16.23   9.03   9999   9999   1.50   0.89    414   3.09
  920  74657 384231   2.89   2.33   5.80  16.23   9.04   9999   9999   1.50   0.89    414   2.91
  920  74657 384223   3.81   1.30   5.80  16.23   9.03   9999   9999   1.50   0.89    414   3.00
  920  74659 384206   4.85   0.46   5.90  16.23   9.02   9999   9999   1.50   0.89    414   2.85
 -930  74861 382253   1.00   4.66   6.10  16.17   8.98   9999   9999   1.50   0.89    416   2.98
  930  74861 382250   1.91   0.38   6.10  16.17   8.98   9999   9999   1.50   0.89    416   2.88
  930  74861 382249   2.89   2.60   6.10  16.17   8.99   9999   9999   1.50   0.89    416   2.88
  930  74862 382248   3.82   1.60   6.00  16.17   8.99   9999   9999   1.50   0.89    416   2.95
  930  74862 382248   4.91   0.60   6.00  16.17   8.98   9999   9999   1.50   0.89    416   2.95
 -939  75073 380344   0.93   4.77   6.60  16.26   8.99   9999   9999   1.50   0.88    413   3.11
  939  75074 380332   2.06   3.63   6.20  16.26   9.00   9999   9999   1.50   0.88    413   3.19
  939  75074 380329   2.98   2.80   5.90  16.26   8.99   9999   9999   1.50   0.88    412   3.13
  940  75075 380324   3.81   2.00   6.10  16.26   8.99   9999   9999   1.50   0.88    412   3.07
  940  75075 380320   4.91   0.89   6.20  16.25   8.99   9999   9999   1.50   0.88    413   3.03
 -950  75486 378305   0.92   4.59   6.30  16.12   8.96   9999   9999   1.48   0.88    409   3.16
  950  75492 378294   1.90   3.68   6.80  16.12   8.97   9999   9999   1.48   0.88    409   2.98
  950  75495 378290   2.90   2.97   6.30  16.12   8.96   9999   9999   1.48   0.88    408   3.07
  950  75496 378287   3.87   2.22   6.10  16.12   8.96   9999   9999   1.48   0.88    409   2.98
  950  75499 378284   4.88   0.69   6.10  16.12   8.96   9999   9999   1.48   0.88    409   2.92
-1000  76875 376925   1.01   4.69   6.30  17.56   8.66   7.49     79   2.79   1.69    856   2.43
 1001  76889 376916   2.06   3.51   6.30  17.59   8.67   7.53     80   2.80   1.69    858   2.38
 1001  76897 376911   3.15   2.49   6.30  17.55   8.67   7.45     79   2.77   1.68    848   2.37
 1001  76902 376907   4.07   1.57   6.30  17.53   8.67   7.50     80   2.76   1.67    844   2.35
 1002  76909 376901   5.09   0.45   6.30  17.65   8.65   7.47     79   2.86   1.73    880   1.51
-1012  78800 376571   1.01   4.65   6.00  19.64   8.36   9999   9999   5.31   3.21   1776   2.01
 1012  78812 376570   1.90   3.90   6.10  19.63   8.37   9999   9999   5.32   3.21   1779   1.98
 1012  78819 376569   2.93   2.62   6.00  19.59   8.36   9999   9999   5.33   3.22   1785   1.96
 1012  78823 376568   3.91   1.89   5.80  19.57   8.36   9999   9999   5.33   3.23   1788   1.89
 1012  78827 376568   4.89   0.76   6.00  19.56   8.36   9999   9999   5.33   3.23   1788   1.88
-1023  79296 374391   0.85   6.16   6.90  18.55   8.08   9999   9999   6.86   4.33   2400   1.71
 1023  79296 374386   1.84   0.49   6.90  18.55   8.09   9999   9999   6.88   4.34   2409   1.68
 1023  79296 374385   2.88   4.26   6.90  18.55   8.09   9999   9999   6.89   4.35   2412   1.67
 1023  79297 374383   3.81   2.31   7.00  18.57   8.07   9999   9999   7.00   4.42   2453   1.56
 1023  79297 374380   4.80   2.13   7.00  18.60   8.06   9999   9999   7.12   4.50   2496   1.54
 1023  79297 374378   5.86   1.14   7.00  18.60   8.04   9999   9999   7.17   4.53   2514   1.51
-1033  79380 372231   0.91  15.60  16.30  18.60   7.75   9999   9999   8.88   5.70   3167   1.54
 1033  79383 372231   2.01  14.74  17.20  18.60   7.75   9999   9999   8.88   5.70   3167   1.45
 1033  79384 372231   2.80  13.68  17.20  18.60   7.75   9999   9999   8.88   5.70   3166   1.47
 1033  79384 372231   3.90  12.72  17.00  18.60   7.75   9999   9999   8.87   5.70   3165   1.44
 1033  79385 372231   4.94  11.76  17.00  18.60   7.75   9999   9999   8.88   5.70   3166   1.41
 1034  79386 372230   5.91  10.91  17.20  18.60   7.75   9999   9999   8.88   5.70   3166   1.36
 1034  79387 372230   6.89   9.87  17.30  18.60   7.75   9999   9999   8.88   5.71   3168   1.35
 1034  79388 372230   7.88   8.94  17.10  18.60   7.75   9999   9999   8.88   5.71   3168   1.34
 1034  79389 372230   8.93   7.90  17.10  18.59   7.74   9999   9999   8.89   5.71   3170   1.25
 1034  79390 372230   9.89   6.57  17.20  18.59   7.75   9999   9999   8.90   5.72   3177   1.28
 1034  79391 372230  10.86   6.17  17.20  18.60   7.75   9999   9999   8.92   5.74   3184   1.24
 1034  79392 372230  11.89   5.51  17.40  18.61   7.75   9999   9999   8.95   5.75   3194   1.27
 1034  79394 372230  12.80   4.09  16.30  18.68   7.76   9999   9999   9.08   5.84   3240   1.29
 1034  79396 372231  13.84   2.94  16.90  18.69   7.75   9999   9999   9.31   5.99   3325   1.25
 1035  79398 372231  14.83   2.03  16.90  18.72   7.75   9999   9999   9.44   6.08   3374   1.15
 1035  79400 372232  15.86   0.54  17.00  18.70   7.71   9999   9999  10.92   7.11   3952   1.15
