# MEETVAARTUIG : M.S. ARGUS
# MEETDATUM    : 14-02-2002 09:29:12
# MEETGEBIED   : VOLKERAK/ZOOMMEER
# STARTPUNT    : Zandvlietsluis
# EINDPUNT     : Krammersluis
# PROJECTCODE  : E7608X
# OPDRACHTGEVER: ZLXXAXWMDBG
# BEHEERDER    : ZLXXAXMVSGN
# BEMONST. INST:
# WAARNEMER(S) : Den Hartog
#
# derde meetpunt is mislukt (en in deze file op dummy gezet)
#
#
* 20020214
$ 9999 [00000000000000]
>TIJD      uumm                    
>X         coordinaat              
>Y         coordinaat              
>SENSHTE   Diepte set        m     
>ECHOS     Echoset           mtrs  
>Echo      Echoschip         M     
>Temp      Temperatuur       oC                 :6.0  0.5  11  0.5
>pH        Zuurgraad         dimsls
>GELBH     Geleidendheid     mS/cm 
>SALNTT    Saliniteit        dimsl 
>CL-       Chloride          mg/l  
>FLME      Flur ME           ugr/l 
>O2        Zuurstof          mg/l  
>%O2       Zuurstof%         %     
 -0929  79382 372238    .98    .00  17.10   9.24   7.83   2.59   1.96    989    .45   9999  9999
  0929  79376 372229   1.95    .00   2.30   9.20   7.84   2.59   1.96    988    .44   9999  9999
  0929  79375 372225   3.00    .00  16.80   9.16   7.87   2.59   1.97    990    .46   9999  9999
  0929  79374 372224   3.94    .00   2.10   9.15   7.87   2.59   1.97    990    .50   9999  9999
  0930  79374 372222   4.81    .00    .00   9.13   7.86   2.59   1.96    989    .45   9999  9999
  0930  79372 372218   5.81    .00  16.90   9.16   7.87   2.59   1.97    991    .42   9999  9999
  0930  79370 372214   6.95    .00  16.10   9.13   7.86   2.59   1.97    991    .43   9999  9999
  0930  79369 372213   8.19    .00  16.10   9.14   7.87   2.59   1.97    991    .45   9999  9999
  0930  79368 372211   8.86    .00  16.10   9.14   7.87   2.59   1.97    992    .45   9999  9999
  0930  79367 372210   9.94    .00  16.30   9.14   7.86   2.59   1.97    992    .44   9999  9999
  0930  79366 372208  10.98    .00  16.90   9.14   7.86   2.59   1.97    991    .42   9999  9999
  0930  79366 372206  11.85    .00  17.00   9.11   7.86   2.59   1.97    992    .42   9999  9999
  0931  79366 372205  12.80    .00  17.00   9.12   7.87   2.59   1.97    991    .44   9999  9999
 -0940  79301 374361    .92    .00   7.40   9.96   7.93   2.14   1.57    770    .73   9999  9999
  0940  79301 374369   1.88    .00   7.50   9.94   7.92   2.14   1.57    770    .75   9999  9999
  0940  79301 374371   2.80    .00   7.50   9.95   7.92   2.16   1.59    781    .70   9999  9999
  0940  79301 374374   3.98    .00   7.50   9.94   7.93   2.18   1.60    787    .71   9999  9999
  0940  79300 374377   4.93    .00   7.40   9.94   7.91   2.18   1.60    788    .71   9999  9999
 -0950  78900 376500   1.00   9999   9999   9999   9999   9999   9999   9999   9999   9999  9999
  0950  78900 376500   5.00   9999   9999   9999   9999   9999   9999   9999   9999   9999  9999
 -1002  76917 376959   1.04    .00   6.10   8.95   8.13   1.19    .87    382   1.17  11.78   101
  1002  76884 376968   1.99    .00   6.10   8.97   8.13   1.19    .87    382   1.17  11.79   101
  1003  76878 376962   3.19    .00   6.10   8.94   8.13   1.19    .87    382   1.20  11.78   101
  1003  76873 376958   4.04    .00   6.10   8.93   8.13   1.19    .87    380   1.20  11.78   101
  1004  76865 376946   5.06    .00   6.20   8.94   8.12   1.19    .87    382   1.17  11.80   101
 -1012  75547 378300   1.14    .00   5.90   8.01   8.10    .99    .74    304   1.40   9999  9999
  1013  75537 378313   1.93    .00   5.90   8.01   8.11    .99    .74    304   1.39   9999  9999
  1013  75537 378314   2.94    .00   5.90   8.01   8.11    .99    .74    304   1.40   9999  9999
  1013  75535 378315   4.14    .00   5.90   8.01   8.11    .99    .74    304   1.39   9999  9999
 -1022  75124 380306   1.03    .00   6.30   7.93   8.09    .98    .73    298   1.54   9999  9999
  1022  75125 380318   1.93    .00   6.10   7.93   8.09    .98    .73    299   1.50   9999  9999
  1022  75124 380320   2.81    .00   6.10   7.92   8.10    .97    .73    298   1.56   9999  9999
  1022  75124 380322   3.86    .00   6.20   7.92   8.10    .98    .73    298   1.49   9999  9999
  1022  75124 380326   4.81    .00   6.40   7.92   8.09    .97    .73    297   1.47   9999  9999
 -1031  74905 382234    .99    .00   6.30   8.00   8.08    .96    .72    290   1.60   9999  9999
  1031  74904 382237   1.89    .00   6.40   8.01   8.08    .96    .72    290   1.58   9999  9999
  1031  74903 382237   2.83    .00   6.30   8.01   8.09    .96    .72    291   1.58   9999  9999
  1031  74900 382239   4.12    .00   6.40   8.00   8.09    .96    .72    290   1.57   9999  9999
  1031  74897 382242   5.00    .00   6.80   8.00   8.09    .96    .72    292   1.57   9999  9999
 -1040  74680 384180   1.03    .00   6.10   8.01   8.09    .96    .72    291   1.55   9999  9999
  1040  74669 384164   1.90    .00   6.10   8.01   8.10    .96    .72    291   1.57   9999  9999
  1040  74668 384169   3.10    .00   6.10   8.01   8.09    .96    .72    292   1.59   9999  9999
  1040  74665 384172   3.98    .00   6.10   8.01   8.09    .96    .72    291   1.59   9999  9999
  1040  74664 384173   4.81    .00   6.10   8.00   8.11    .96    .72    292   1.60   9999  9999
 -1100  74535 385451   1.08    .00   6.90   7.91   8.07    .90    .67    268   1.69   9999  9999
  1101  74534 385489   1.87    .00   7.10   7.92   8.10    .90    .67    268   1.69   9999  9999
  1101  74532 385500   3.12    .00   7.10   7.93   8.09    .90    .67    268   1.67   9999  9999
  1101  74530 385503   4.09    .00   7.20   7.92   8.10    .90    .67    268   1.67   9999  9999
  1101  74529 385504   5.12    .00   7.20   7.92   8.11    .90    .67    269   1.65   9999  9999
  1101  74527 385506   6.16    .00   7.20   7.90   8.10    .90    .67    268   1.66   9999  9999
