#
# oorspronkelijk data in file gn830202
#
* 19830202
$ 9999 [0000000]
>TIJD      uumm
>X         coordinaat
>Y         coordinaat
>SENSHTE   Diepte set        m
>Temp      Temperatuur       oC
>CL-       Chloride          mg/l
>O2        Zuurstof          mg/l
-1012  65290 409930   1.00   5.24  16072  10.16
 1012  65290 409930   2.00   5.26  16073  10.15
 1012  65290 409930   3.00   5.26  16063  10.15
 1012  65290 409930   4.00   5.27  16083  10.15
 1012  65290 409930   5.00   5.25  16074  10.14
 1012  65290 409930   6.00   5.24  16070  10.15
 1012  65290 409930   7.00   5.23  16087  10.15
 1012  65290 409930   8.00   5.23  16077  10.15
-1028  67470 411340   1.00   4.99  16017  10.25
 1028  67470 411340   2.00   5.00  16044  10.24
 1028  67470 411340   3.00   5.01  16041  10.23
 1028  67470 411340   4.00   5.01  16056  10.21
 1028  67470 411340   5.00   4.98  16033  10.23
 1028  67470 411340   6.00   5.01  16035  10.25
 1028  67470 411340   7.00   4.93  16061  10.24
 1028  67470 411340   8.00   4.95  16085  10.24
 1028  67470 411340   9.00   4.96  16081  10.23
 1028  67470 411340  10.00   4.96  16082  10.23
 1028  67470 411340  11.00   4.95  16106  10.23
 1028  67470 411340  12.00   4.94  16095  10.22
-1043  65470 412080   1.00   5.04  16093  10.23
 1043  65470 412080   2.00   5.07  16086  10.24
 1043  65470 412080   3.00   5.07  16090  10.23
 1043  65470 412080   4.00   5.08  16075  10.23
 1043  65470 412080   5.00   5.09  16095  10.22
 1043  65470 412080   6.00   5.09  16097  10.21
 1043  65470 412080   7.00   5.05  16075  10.22
 1043  65470 412080   8.00   5.06  16078  10.22
 1043  65470 412080   9.00   5.06  16083  10.21
 1043  65470 412080  10.00   5.06  16093  10.21
 1043  65470 412080  11.00   5.07  16091  10.21
 1043  65470 412080  12.00   5.09  16102  10.21
 1043  65470 412080  13.00   5.09  16096  10.20
 1043  65470 412080  14.00   5.10  16087  10.19
 1043  65470 412080  15.00   5.10  16094  10.18
-1109  61800 413570   1.00   4.44  16090  10.44
 1109  61800 413570   2.00   4.45  16090  10.43
 1109  61800 413570   3.00   4.39  16105  10.43
 1109  61800 413570   4.00   4.39  16129  10.43
 1109  61800 413570   5.00   4.39  16134  10.43
 1109  61800 413570   6.00   4.38  16150  10.41
 1109  61800 413570   7.00   4.38  16143  10.41
-1141  60240 419620   1.00   4.75  16162  10.33
 1141  60240 419620   2.00   4.72  16164  10.34
 1141  60240 419620   3.00   4.65  16143  10.34
 1141  60240 419620   4.00   4.68  16131  10.36
 1141  60240 419620   5.00   4.61  16180  10.37
 1141  60240 419620   6.00   4.55  16166  10.37
 1141  60240 419620   7.00   4.66  16167  10.36
 1141  60240 419620   8.00   4.58  16188  10.36
 1141  60240 419620   9.00   4.52  16184  10.37
 1141  60240 419620  10.00   4.49  16183  10.37
 1141  60240 419620  11.00   4.47  16185  10.37
 1141  60240 419620  12.00   4.45  16181  10.38
-1204  56940 421780   1.00   5.11  16175  10.23
 1204  56940 421780   2.00   5.11  16163  10.23
 1204  56940 421780   3.00   5.11  16166  10.23
 1204  56940 421780   4.00   5.11  16162  10.21
 1204  56940 421780   5.00   5.11  16168  10.20
 1204  56940 421780   6.00   5.11  16154  10.21
 1204  56940 421780   7.00   5.08  16154  10.21
 1204  56940 421780   8.00   5.00  16183  10.23
 1204  56940 421780   9.00   4.92  16179  10.26
 1204  56940 421780  10.00   4.87  16189  10.32
 1204  56940 421780  11.00   4.88  16171  10.34
 1204  56940 421780  12.00   4.91  16176  10.33
 1204  56940 421780  13.00   4.93  16173  10.30
 1204  56940 421780  14.00   4.90  16180  10.31
 1204  56940 421780  15.00   4.91  16164  10.32
 1204  56940 421780  16.00   4.89  16180  10.34
-1224  55120 423910   1.00   5.17  16160  10.16
 1224  55120 423910   2.00   5.17  16161  10.19
 1224  55120 423910   3.00   5.17  16161  10.18
 1224  55120 423910   4.00   5.16  16155  10.18
 1224  55120 423910   5.00   5.16  16149  10.18
 1224  55120 423910   6.00   5.16  16166  10.18
 1224  55120 423910   7.00   5.16  16153  10.17
 1224  55120 423910   8.00   5.17  16173  10.16
 1224  55120 423910   9.00   5.17  16155  10.15
 1224  55120 423910  10.00   5.17  16161  10.14
 1224  55120 423910  11.00   5.18  16153  10.14
 1224  55120 423910  12.00   5.19  16155  10.15
 1224  55120 423910  13.00   5.19  16171  10.13
 1224  55120 423910  14.00   5.20  16161  10.12
 1224  55120 423910  15.00   5.19  16158  10.13
 1224  55120 423910  16.00   5.19  16153  10.13
 1224  55120 423910  17.00   5.18  16161  10.13
 1224  55120 423910  18.00   5.17  16163  10.13
 1224  55120 423910  19.00   5.16  16155  10.13
 1224  55120 423910  20.00   5.15  16174  10.13
 1224  55120 423910  21.00   5.16  16161  10.12
 1224  55120 423910  22.00   5.16  16166  10.12
 1224  55120 423910  23.00   5.16  16165  10.11
 1224  55120 423910  24.00   5.16  16174  10.11
 1224  55120 423910  25.00   5.16  16166  10.11
 1224  55120 423910  26.00   5.16  16168  10.12
 1224  55120 423910  27.00   5.16  16178  10.11
 1224  55120 423910  28.00   5.16  16169  10.11
-1246  53560 423800   1.00   5.16  16177  10.18
 1246  53560 423800   2.00   5.16  16168  10.18
 1246  53560 423800   3.00   5.16  16162  10.18
 1246  53560 423800   4.00   5.16  16163  10.18
 1246  53560 423800   5.00   5.16  16153  10.17
 1246  53560 423800   6.00   5.16  16170  10.17
 1246  53560 423800   7.00   5.16  16153  10.17
 1246  53560 423800   8.00   5.15  16170  10.16
 1246  53560 423800   9.00   5.15  16167  10.16
 1246  53560 423800  10.00   5.16  16174  10.16
 1246  53560 423800  11.00   5.15  16182  10.16
 1246  53560 423800  12.00   5.15  16178  10.15
 1246  53560 423800  13.00   5.16  16175  10.15
 1246  53560 423800  14.00   5.15  16163  10.15
 1246  53560 423800  15.00   5.15  16170  10.15
 1246  53560 423800  16.00   5.15  16180  10.14
 1246  53560 423800  17.00   5.16  16174  10.14
 1246  53560 423800  18.00   5.16  16174  10.13
 1246  53560 423800  19.00   5.15  16165  10.14
-1309  51410 421670   1.00   5.33  16165  10.18
 1309  51410 421670   2.00   5.33  16164  10.18
 1309  51410 421670   3.00   5.32  16167  10.18
 1309  51410 421670   4.00   5.32  16152  10.17
 1309  51410 421670   5.00   5.32  16158  10.17
 1309  51410 421670   6.00   5.32  16166  10.17
 1309  51410 421670   7.00   5.32  16151  10.17
 1309  51410 421670   8.00   5.32  16146  10.16
 1309  51410 421670   9.00   5.32  16159  10.16
 1309  51410 421670  10.00   5.32  16158  10.16
 1309  51410 421670  11.00   5.31  16158  10.16
 1309  51410 421670  12.00   5.31  16161  10.16
 1309  51410 421670  13.00   5.30  16156  10.16
 1309  51410 421670  14.00   5.30  16152  10.15
 1309  51410 421670  15.00   5.30  16164  10.15
 1309  51410 421670  16.00   5.31  16166  10.14
 1309  51410 421670  17.00   5.32  16154  10.14
 1309  51410 421670  18.00   5.32  16147  10.14
 1309  51410 421670  19.00   5.31  16166  10.13
 1309  51410 421670  20.00   5.31  16163  10.14
 1309  51410 421670  21.00   5.31  16155  10.14
 1309  51410 421670  22.00   5.30  16166  10.14
-1328  50140 420320   1.00   5.33  16097  10.22
 1328  50140 420320   2.00   5.33  16094  10.22
 1328  50140 420320   3.00   5.33  16107  10.20
 1328  50140 420320   4.00   5.33  16110  10.20
 1328  50140 420320   5.00   5.34  16122  10.19
 1328  50140 420320   6.00   5.34  16125  10.20
 1328  50140 420320   7.00   5.32  16125  10.19
 1328  50140 420320   8.00   5.32  16147  10.18
 1328  50140 420320   9.00   5.32  16143  10.18
 1328  50140 420320  10.00   5.32  16147  10.18
 1328  50140 420320  11.00   5.32  16137  10.18
 1328  50140 420320  12.00   5.31  16153  10.18
 1328  50140 420320  13.00   5.31  16154  10.18
 1328  50140 420320  14.00   5.32  16154  10.17
 1328  50140 420320  15.00   5.31  16154  10.17
 1328  50140 420320  16.00   5.30  16177  10.17
 1328  50140 420320  17.00   5.31  16169  10.17
 1328  50140 420320  18.00   5.32  16163  10.17
 1328  50140 420320  19.00   5.32  16166  10.16
-1342  51010 419550   1.00   5.21  16169  10.23
 1342  51010 419550   2.00   5.21  16193  10.24
 1342  51010 419550   3.00   5.20  16194  10.23
 1342  51010 419550   4.00   5.21  16181  10.23
 1342  51010 419550   5.00   5.18  16180  10.23
 1342  51010 419550   6.00   5.20  16202  10.22
 1342  51010 419550   7.00   5.18  16192  10.22
 1342  51010 419550   8.00   5.16  16201  10.21
