#
# oorspronkelijk data in file gn840912
#
* 19840912
$ 9999 [0000000]
>TIJD      uumm
>X         coordinaat
>Y         coordinaat
>SENSHTE   Diepte set        m
>Temp      Temperatuur       oC
>CL-       Chloride          mg/l
>O2        Zuurstof          mg/l
-1238  65250 409980   1.00  14.89  16051   7.77
 1238  65250 409980   2.00  14.89  16042   7.78
 1238  65250 409980   3.00  14.88  16055   7.77
 1238  65250 409980   4.00  14.92  16088   7.76
 1238  65250 409980   5.00  14.98  16175   7.36
 1238  65250 409980   6.00  14.97  16163   7.34
 1238  65250 409980   7.00  14.95  16177   7.35
 1238  65250 409980   8.00  14.95  16187   7.30
-1228  66050 410870   1.00  14.83  16009   7.65
 1228  66050 410870   2.00  14.83  16007   7.65
 1228  66050 410870   3.00  14.80  16017   7.66
 1228  66050 410870   4.00  14.82  16075   7.61
 1228  66050 410870   5.00  14.81  16114   7.57
 1228  66050 410870   6.00  14.79  16120   7.56
 1228  66050 410870   7.00  14.81  16131   7.57
 1228  66050 410870   8.00  14.83  16142   7.62
 1228  66050 410870   9.00  14.83  16159   7.60
 1228  66050 410870  10.00  14.85  16177   7.54
-1211  69250 410920   1.00  14.24  14454   8.39
 1211  69250 410920   2.00  14.36  15626   7.69
 1211  69250 410920   3.00  14.42  15692   6.99
 1211  69250 410920   4.00  14.55  15745   7.03
 1211  69250 410920   5.00  14.68  15882   7.11
 1211  69250 410920   6.00  14.92  16007   6.87
-1159  68760 411250   1.00  14.34  15347   8.11
 1159  68760 411250   2.00  14.35  15360   8.13
 1159  68760 411250   3.00  14.36  15437   8.12
 1159  68760 411250   4.00  14.37  15511   8.08
 1159  68760 411250   5.00  14.45  15873   7.74
 1159  68760 411250   6.00  14.65  15963   7.58
 1159  68760 411250   7.00  14.65  15980   7.58
 1159  68760 411250   8.00  14.65  15996   7.63
 1159  68760 411250   9.00  14.76  16039   7.63
 1159  68760 411250  10.00  14.79  16051   7.61
 1159  68760 411250  11.00  14.77  16033   7.59
 1159  68760 411250  12.00  14.73  16060   7.58
 1159  68760 411250  13.00  14.72  16069   7.57
 1159  68760 411250  14.00  14.70  16100   7.35
-1147  67380 411330   1.00  14.70  15875   7.77
 1147  67380 411330   2.00  14.70  15876   7.79
 1147  67380 411330   3.00  14.71  15868   7.79
 1147  67380 411330   4.00  14.72  15942   7.79
 1147  67380 411330   5.00  14.76  16072   7.77
 1147  67380 411330   6.00  14.85  16083   7.81
 1147  67380 411330   7.00  14.87  16114   7.81
 1147  67380 411330   8.00  14.91  16128   7.80
 1147  67380 411330   9.00  14.96  16197   7.79
 1147  67380 411330  10.00  14.99  16216   7.77
 1147  67380 411330  11.00  14.99  16219   7.76
 1147  67380 411330  12.00  14.99  16226   7.76
-1137  66250 411740   1.00  14.91  16076   7.77
 1137  66250 411740   2.00  14.89  16074   7.79
 1137  66250 411740   3.00  14.92  16153   7.74
 1137  66250 411740   4.00  14.99  16215   7.64
 1137  66250 411740   5.00  15.01  16190   7.63
 1137  66250 411740   6.00  15.06  16213   7.63
 1137  66250 411740   7.00  15.08  16225   7.63
 1137  66250 411740   8.00  15.12  16327   7.64
 1137  66250 411740   9.00  15.20  16314   7.59
-1126  65220 412070   1.00  15.11  16246   7.56
 1126  65220 412070   2.00  15.11  16237   7.56
 1126  65220 412070   3.00  15.10  16242   7.55
 1126  65220 412070   4.00  15.10  16253   7.55
 1126  65220 412070   5.00  15.09  16261   7.55
 1126  65220 412070   6.00  15.08  16249   7.54
 1126  65220 412070   7.00  15.08  16262   7.54
 1126  65220 412070   8.00  15.08  16282   7.52
 1126  65220 412070   9.00  15.10  16290   7.52
 1126  65220 412070  10.00  15.11  16290   7.52
 1126  65220 412070  11.00  15.12  16299   7.52
 1126  65220 412070  12.00  15.12  16290   7.51
 1126  65220 412070  13.00  15.13  16307   7.51
 1126  65220 412070  14.00  15.17  16342   7.50
-1105  61570 413670   1.00  15.19  16449   7.19
 1105  61570 413670   2.00  15.17  16445   7.19
 1105  61570 413670   3.00  15.15  16440   7.22
 1105  61570 413670   4.00  15.14  16445   7.22
 1105  61570 413670   5.00  15.13  16443   7.25
 1105  61570 413670   6.00  15.12  16441   7.25
 1105  61570 413670   7.00  15.12  16448   7.26
-1037  60090 419740   1.00  15.39  16499   7.62
 1037  60090 419740   2.00  15.36  16494   7.62
 1037  60090 419740   3.00  15.35  16503   7.61
 1037  60090 419740   4.00  15.34  16484   7.61
 1037  60090 419740   5.00  15.36  16507   7.60
 1037  60090 419740   6.00  15.34  16510   7.59
 1037  60090 419740   7.00  15.34  16513   7.57
 1037  60090 419740   8.00  15.35  16503   7.59
 1037  60090 419740   9.00  15.33  16510   7.57
 1037  60090 419740  10.00  15.31  16506   7.55
 1037  60090 419740  11.00  15.31  16515   7.53
 1037  60090 419740  12.00  15.31  16510   7.51
 1037  60090 419740  13.00  15.31  16483   7.48
-1016  56800 421860   1.00  15.60  16511   7.58
 1016  56800 421860   2.00  15.60  16521   7.57
 1016  56800 421860   3.00  15.59  16537   7.58
 1016  56800 421860   4.00  15.58  16513   7.58
 1016  56800 421860   5.00  15.59  16531   7.57
 1016  56800 421860   6.00  15.58  16515   7.58
 1016  56800 421860   7.00  15.58  16517   7.57
 1016  56800 421860   8.00  15.58  16506   7.57
 1016  56800 421860   9.00  15.58  16514   7.57
 1016  56800 421860  10.00  15.58  16513   7.57
 1016  56800 421860  11.00  15.58  16511   7.56
 1016  56800 421860  12.00  15.55  16525   7.54
 1016  56800 421860  13.00  15.53  16539   7.52
 1016  56800 421860  14.00  15.54  16515   7.51
 1016  56800 421860  15.00  15.54  16521   7.51
 1016  56800 421860  16.00  15.53  16518   7.50
 -953  54890 424050   1.00  15.57  16490   7.59
  953  54890 424050   2.00  15.56  16509   7.62
  953  54890 424050   3.00  15.56  16510   7.59
  953  54890 424050   4.00  15.56  16517   7.58
  953  54890 424050   5.00  15.56  16507   7.57
  953  54890 424050   6.00  15.55  16491   7.57
  953  54890 424050   7.00  15.50  16526   7.57
  953  54890 424050   8.00  15.49  16508   7.56
  953  54890 424050   9.00  15.50  16512   7.57
  953  54890 424050  10.00  15.49  16512   7.57
  953  54890 424050  11.00  15.49  16510   7.56
  953  54890 424050  12.00  15.49  16504   7.57
  953  54890 424050  13.00  15.48  16500   7.56
  953  54890 424050  14.00  15.46  16516   7.54
  953  54890 424050  15.00  15.48  16491   7.55
  953  54890 424050  16.00  15.47  16514   7.55
  953  54890 424050  17.00  15.46  16502   7.52
  953  54890 424050  18.00  15.48  16503   7.53
  953  54890 424050  19.00  15.47  16510   7.52
  953  54890 424050  20.00  15.47  16501   7.52
  953  54890 424050  21.00  15.47  16501   7.53
  953  54890 424050  22.00  15.46  16508   7.52
  953  54890 424050  23.00  15.46  16508   7.49
  953  54890 424050  24.00  15.46  16512   7.52
  953  54890 424050  25.00  15.44  16499   7.52
  953  54890 424050  26.00  15.43  16517   7.50
  953  54890 424050  27.00  15.43  16513   7.48
  953  54890 424050  28.00  15.43  16500   7.49
 -936  53300 423710   1.00  15.57  16502   7.62
  936  53300 423710   2.00  15.55  16497   7.59
  936  53300 423710   3.00  15.55  16496   7.57
  936  53300 423710   4.00  15.55  16488   7.57
  936  53300 423710   5.00  15.55  16509   7.58
  936  53300 423710   6.00  15.55  16495   7.59
  936  53300 423710   7.00  15.55  16493   7.59
  936  53300 423710   8.00  15.55  16504   7.59
  936  53300 423710   9.00  15.55  16506   7.59
  936  53300 423710  10.00  15.55  16496   7.59
  936  53300 423710  11.00  15.55  16502   7.58
  936  53300 423710  12.00  15.54  16499   7.59
  936  53300 423710  13.00  15.54  16495   7.58
  936  53300 423710  14.00  15.54  16515   7.57
  936  53300 423710  15.00  15.54  16513   7.57
  936  53300 423710  16.00  15.55  16510   7.58
  936  53300 423710  17.00  15.55  16505   7.56
  936  53300 423710  18.00  15.54  16508   7.56
  936  53300 423710  19.00  15.54  16506   7.54
  936  53300 423710  20.00  15.54  16503   7.54
 -917  51330 421760   1.00  15.71  16546   7.56
  917  51330 421760   2.00  15.71  16544   7.58
  917  51330 421760   3.00  15.71  16539   7.57
  917  51330 421760   4.00  15.70  16551   7.57
  917  51330 421760   5.00  15.71  16536   7.55
  917  51330 421760   6.00  15.71  16525   7.55
  917  51330 421760   7.00  15.71  16543   7.54
  917  51330 421760   8.00  15.71  16530   7.54
  917  51330 421760   9.00  15.70  16542   7.53
  917  51330 421760  10.00  15.70  16548   7.52
  917  51330 421760  11.00  15.70  16541   7.52
  917  51330 421760  12.00  15.70  16549   7.52
  917  51330 421760  13.00  15.69  16532   7.51
  917  51330 421760  14.00  15.69  16540   7.53
  917  51330 421760  15.00  15.69  16535   7.52
  917  51330 421760  16.00  15.68  16546   7.51
  917  51330 421760  17.00  15.97  16420   7.54
  917  51330 421760  18.00  15.68  16553   7.51
  917  51330 421760  19.00  15.68  16555   7.51
  917  51330 421760  20.00  15.67  16549   7.51
 -901  50060 420380   1.00  15.99  16422   7.64
  901  50060 420380   2.00  15.70  16534   7.64
  901  50060 420380   3.00  15.70  16524   7.64
  901  50060 420380   4.00  15.71  16532   7.65
  901  50060 420380   5.00  15.70  16539   7.64
  901  50060 420380   6.00  15.70  16524   7.63
  901  50060 420380   7.00  15.66  16535   7.58
  901  50060 420380   8.00  15.66  16537   7.55
  901  50060 420380   9.00  15.66  16535   7.54
  901  50060 420380  10.00  15.65  16550   7.53
  901  50060 420380  11.00  15.65  16542   7.53
  901  50060 420380  12.00  15.66  16535   7.53
  901  50060 420380  13.00  15.65  16535   7.54
  901  50060 420380  14.00  15.66  16548   7.52
  901  50060 420380  15.00  15.66  16549   7.49
  901  50060 420380  16.00  15.66  16551   7.47
 -850  50890 419660   1.00  15.70  16575   7.50
  850  50890 419660   2.00  15.69  16560   7.52
  850  50890 419660   3.00  15.70  16557   7.52
  850  50890 419660   4.00  15.69  16560   7.52
  850  50890 419660   5.00  15.70  16567   7.52
  850  50890 419660   6.00  15.70  16566   7.52
  850  50890 419660   7.00  15.69  16547   7.50
  850  50890 419660   8.00  15.69  16567   7.49
  850  50890 419660   9.00  15.69  16545   7.48
  850  50890 419660  10.00  15.70  16560   7.50
 -835  52570 420370   1.00  15.92  16583   7.40
  835  52570 420370   2.00  15.91  16587   7.41
  835  52570 420370   3.00  15.89  16541   7.40
  835  52570 420370   4.00  15.74  16555   7.40
  835  52570 420370   5.00  15.77  16543   7.40
  835  52570 420370   6.00  15.68  16577   7.42
  835  52570 420370   7.00  15.76  16555   7.41
  835  52570 420370   8.00  15.62  16549   7.42
  835  52570 420370   9.00  15.58  16544   7.44
  835  52570 420370  10.00  15.55  16540   7.45
