#
# oorspronkelijk data in file gn800709
#
* 19800709
$ 9999 [0000000]
>TIJD      uumm
>X         coordinaat
>Y         coordinaat
>SENSHTE   Diepte set        m
>Temp      Temperatuur       oC
>CL-       Chloride          mg/l
>O2        Zuurstof          mg/l
-1542  65290 409990   1.00  16.70  16991   7.76
 1542  65290 409990   2.00  16.69  16987   7.73
 1542  65290 409990   3.00  16.69  16985   7.78
 1542  65290 409990   4.00  16.70  16989   7.76
 1542  65290 409990   5.00  16.69  16993   7.73
 1542  65290 409990   6.00  16.69  16986   7.78
 1542  65290 409990   7.00  16.69  16992   7.78
 1542  65290 409990   8.00  16.67  16990   7.72
-1520  67520 411370   1.00  16.83  16989   7.68
 1520  67520 411370   2.00  16.84  16983   7.66
 1520  67520 411370   3.00  16.84  16987   7.70
 1520  67520 411370   4.00  16.84  16984   7.68
 1520  67520 411370   5.00  16.83  16987   7.67
 1520  67520 411370   6.00  16.83  16990   7.69
 1520  67520 411370   7.00  16.82  16987   7.71
 1520  67520 411370   8.00  16.82  16992   7.70
 1520  67520 411370   9.00  16.79  16997   7.73
 1520  67520 411370  10.00  16.79  16995   7.75
 1520  67520 411370  11.00  16.75  17000   7.74
 1520  67520 411370  12.00  16.76  16994   7.74
-1453  65320 412000   1.00  16.76  17012   7.81
 1453  65320 412000   2.00  16.76  17017   7.77
 1453  65320 412000   3.00  16.75  17019   7.68
 1453  65320 412000   4.00  16.75  17016   7.60
 1453  65320 412000   5.00  16.75  17020   7.61
 1453  65320 412000   6.00  16.74  17022   7.59
 1453  65320 412000   7.00  16.74  17019   7.63
 1453  65320 412000   8.00  16.74  17020   7.61
 1453  65320 412000   9.00  16.73  17026   7.52
 1453  65320 412000  10.00  16.71  17028   7.55
 1453  65320 412000  11.00  16.72  17027   7.54
 1453  65320 412000  12.00  16.72  17024   7.51
 1453  65320 412000  13.00  16.73  17026   7.53
 1453  65320 412000  14.00  16.73  17023   7.53
 1453  65320 412000  15.00  16.73  17026   7.56
-1428  61650 413640   1.00  16.73  16873   7.64
 1428  61650 413640   2.00  16.72  16882   7.55
 1428  61650 413640   3.00  16.71  16879   7.52
 1428  61650 413640   4.00  16.73  16880   7.56
 1428  61650 413640   5.00  16.73  16882   7.56
 1428  61650 413640   6.00  16.70  16877   7.52
-1350  60140 419730   1.00  16.72  16969   7.74
 1350  60140 419730   2.00  16.72  16953   7.72
 1350  60140 419730   3.00  16.74  17018   7.69
 1350  60140 419730   4.00  16.79  17037   7.64
 1350  60140 419730   5.00  16.79  17047   7.63
 1350  60140 419730   6.00  16.79  17049   7.66
 1350  60140 419730   7.00  16.79  17053   7.61
 1350  60140 419730   8.00  16.79  17052   7.63
 1350  60140 419730   9.00  16.78  17053   7.65
 1350  60140 419730  10.00  16.78  17054   7.63
 1350  60140 419730  11.00  16.78  17055   7.64
 1350  60140 419730  12.00  16.78  17054   7.61
 1350  60140 419730  13.00  16.59  17124   5.74
-1317  56820 421840   1.00  16.82  17092   8.05
 1317  56820 421840   2.00  16.82  17088   7.98
 1317  56820 421840   3.00  16.82  17086   7.98
 1317  56820 421840   4.00  16.81  17088   7.99
 1317  56820 421840   5.00  16.82  17089   7.98
 1317  56820 421840   6.00  16.82  17088   7.93
 1317  56820 421840   7.00  16.82  17089   7.94
 1317  56820 421840   8.00  16.82  17085   7.91
 1317  56820 421840   9.00  16.81  17093   7.88
 1317  56820 421840  10.00  16.81  17094   7.89
 1317  56820 421840  11.00  16.82  17092   7.93
 1317  56820 421840  12.00  16.82  17093   7.89
 1317  56820 421840  13.00  16.78  17085   7.83
 1317  56820 421840  14.00  16.79  17099   7.93
 1317  56820 421840  15.00  16.78  17106   7.94
 1317  56820 421840  16.00  16.79  17096   7.95
-1238  54940 424020   1.00  16.88  17101   8.00
 1238  54940 424020   2.00  16.89  17102   7.98
 1238  54940 424020   3.00  16.89  17101   7.96
 1238  54940 424020   4.00  16.89  17102   7.95
 1238  54940 424020   5.00  16.89  17101   7.93
 1238  54940 424020   6.00  16.88  17106   7.90
 1238  54940 424020   7.00  16.89  17103   7.89
 1238  54940 424020   8.00  16.88  17110   7.91
 1238  54940 424020   9.00  16.89  17110   7.78
 1238  54940 424020  10.00  16.81  17123   7.61
 1238  54940 424020  11.00  16.79  17129   7.58
 1238  54940 424020  12.00  16.78  17131   7.57
 1238  54940 424020  13.00  16.77  17139   7.55
 1238  54940 424020  14.00  16.73  17149   7.45
 1238  54940 424020  15.00  16.63  17164   7.30
 1238  54940 424020  16.00  16.54  17175   7.21
 1238  54940 424020  17.00  16.54  17175   7.22
 1238  54940 424020  18.00  16.51  17180   7.23
 1238  54940 424020  19.00  16.48  17178   7.16
 1238  54940 424020  20.00  16.47  17180   7.20
 1238  54940 424020  21.00  16.45  17181   7.10
 1238  54940 424020  22.00  16.44  17178   7.11
 1238  54940 424020  23.00  16.44  17181   7.10
 1238  54940 424020  24.00  16.44  17180   7.07
 1238  54940 424020  25.00  16.43  17179   7.03
 1238  54940 424020  26.00  16.40  17184   6.98
 1238  54940 424020  27.00  16.36  17179   6.80
 1238  54940 424020  28.00  16.35  17184   6.63
 1238  54940 424020  29.00  16.32  17182   6.45
-1212  53360 423730   1.00  16.83  17137   7.95
 1212  53360 423730   2.00  16.82  17138   7.89
 1212  53360 423730   3.00  16.83  17136   7.88
 1212  53360 423730   4.00  16.82  17141   7.83
 1212  53360 423730   5.00  16.79  17146   7.68
 1212  53360 423730   6.00  16.75  17155   7.64
 1212  53360 423730   7.00  16.72  17157   7.57
 1212  53360 423730   8.00  16.67  17165   7.51
 1212  53360 423730   9.00  16.61  17144   7.42
 1212  53360 423730  10.00  16.53  17156   7.37
 1212  53360 423730  11.00  16.50  17152   7.26
 1212  53360 423730  12.00  16.45  17163   7.17
 1212  53360 423730  13.00  16.43  17168   7.18
 1212  53360 423730  14.00  16.42  17164   7.17
 1212  53360 423730  15.00  16.41  17163   7.17
 1212  53360 423730  16.00  16.37  17169   7.07
 1212  53360 423730  17.00  16.35  17174   7.00
 1212  53360 423730  18.00  16.34  17171   6.86
 1212  53360 423730  19.00  16.31  17176   6.74
-1141  51430 421680   1.00  16.46  17118   8.50
 1141  51430 421680   2.00  16.47  17118   8.33
 1141  51430 421680   3.00  16.47  17121   8.30
 1141  51430 421680   4.00  16.44  17132   8.23
 1141  51430 421680   5.00  16.45  17124   8.26
 1141  51430 421680   6.00  16.41  17134   8.14
 1141  51430 421680   7.00  16.41  17129   8.06
 1141  51430 421680   8.00  16.39  17133   8.00
 1141  51430 421680   9.00  16.39  17138   7.99
 1141  51430 421680  10.00  16.38  17138   7.97
 1141  51430 421680  11.00  16.36  17144   7.81
 1141  51430 421680  12.00  16.34  17145   7.81
 1141  51430 421680  13.00  16.32  17147   7.74
 1141  51430 421680  14.00  16.28  17150   7.60
 1141  51430 421680  15.00  16.28  17155   7.55
 1141  51430 421680  16.00  16.26  17156   7.47
 1141  51430 421680  17.00  16.25  17162   7.43
 1141  51430 421680  18.00  16.17  17164   7.03
-1115  50080 420340   1.00  16.39  17121   8.36
 1115  50080 420340   2.00  16.39  17114   8.31
 1115  50080 420340   3.00  16.39  17118   8.31
 1115  50080 420340   4.00  16.39  17118   8.30
 1115  50080 420340   5.00  16.38  17122   8.28
 1115  50080 420340   6.00  16.38  17123   8.25
 1115  50080 420340   7.00  16.37  17125   8.22
 1115  50080 420340   8.00  16.37  17126   8.20
 1115  50080 420340   9.00  16.37  17127   8.20
 1115  50080 420340  10.00  16.37  17125   8.22
 1115  50080 420340  11.00  16.21  17121   7.75
 1115  50080 420340  12.00  15.97  17182   7.20
 1115  50080 420340  13.00  15.88  17184   6.97
 1115  50080 420340  14.00  15.84  17190   6.78
 1115  50080 420340  15.00  15.80  17191   6.52
-1101  50990 419620   1.00  16.34  17057   8.10
 1101  50990 419620   2.00  16.34  17065   8.11
 1101  50990 419620   3.00  16.34  17074   8.09
 1101  50990 419620   4.00  16.34  17082   8.08
 1101  50990 419620   5.00  16.34  17087   8.07
 1101  50990 419620   6.00  16.34  17091   8.04
 1101  50990 419620   7.00  16.34  17102   8.09
 1101  50990 419620   8.00  16.35  17101   8.06
