# MEETVAARTUIG         : DELTA
# MEETDATUM            : 09-07-2025 12:03:28
# MEETGEBIED           : NVT
# STARTPUNT            : GTS20
# EINDPUNT             : GTS01
# PROJECTCODE          : ZH19
# OPDRACHTGEVER        : CIV
# BEHEERDER            : MOBIELMETEN
# BEMONST. INST        : []
# WAARNEMER(S)         : Bernaards
#
* 20250709
$ 9999 [00000000000000000000]
>TIJD       uumm                         
>X          coordinaat                   
>Y          coordinaat                   
>SENSHTE    Diepte set           m       
>Echms      Echoset              mtrs    
>Temp       Temperatuur          oC      
>pH         Zuurgraad            pH      
>O2         Zuurstof             mg/l    
>%O2        Zuurstof%            %       
>GELBH      Geleidendheid        mS/cm   
>GELDHD     Geleidendheid        ???     
>SALNTT     Saliniteit           dimsl   
>CL-        Chloride             mg/l    
>CHLFRFU    Chlorofyl            RFU     
>TURBID     Troebelheid          NTU     
>PHYCOUGL   Phycocyanine         ug/l    
 -1006    50597   419919    0.96    9999   21.17    8.05    8.84    118   43.37 4232.00   30.46   17215    1.18    1.13   -1.10
  1007    50597   419919    2.02    9999   20.80    7.99    7.97    106   43.05 4233.00   30.47   17221    1.75    1.23   -1.09
  1007    50597   419919    2.97    9999   20.32    7.94    7.30     96   42.64 4235.00   30.48   17233    2.91    1.33   -0.84
  1008    50597   419919    4.12    9999   20.23    7.91    7.27     95   42.52 4232.00   30.46   17219    2.51    1.11   -0.92
  1009    50597   419919    5.00    9999   20.57    7.97    7.31     96   42.87 4236.00   30.48   17235    2.41    1.28   -0.96
  1009    50597   419919    5.96    9999   19.97    7.78    5.30     69   42.29 4232.00   30.46   17222    0.34    0.88   -1.08
 -0954    50374   420679    1.14    9999   20.93    8.10    9.53    126   43.18 4235.00   30.48   17228    3.48    1.53   -0.86
  0954    50374   420679    2.03    9999   20.80    8.06    9.17    121   43.09 4237.00   30.50   17239    4.61    1.87   -0.65
  0955    50374   420679    3.00    9999   20.36    7.91    7.12     93   42.67 4235.00   30.48   17233    3.35    1.54   -0.69
  0956    50374   420679    3.97    9999   20.39    7.93    7.13     94   42.68 4233.00   30.47   17225    2.94    1.52   -0.86
  0956    50374   420679    5.02    9999   20.54    7.96    7.67    101   42.83 4234.00   30.48   17228    3.67    1.68   -0.75
  0957    50374   420679    5.96    9999   20.20    7.89    6.75     88   42.52 4234.00   30.47   17228    1.97    1.18   -0.81
  0957    50374   420679    7.02    9999   20.11    7.89    6.57     86   42.43 4234.00   30.47   17229    1.41    1.12   -0.87
  0958    50374   420679    8.01    9999   20.08    7.87    6.35     83   42.40 4232.00   30.46   17223    0.77    1.03   -1.06
  0958    50374   420679    9.05    9999   20.08    7.87    6.26     82   42.39 4232.00   30.46   17223    0.80    1.06   -1.04
  0958    50374   420679    9.99    9999   20.07    7.86    6.21     81   42.39 4233.00   30.47   17225    0.71    1.00   -1.08
  0959    50374   420679   10.96    9999   20.07    7.86    6.15     80   42.39 4233.00   30.47   17225    0.57    1.01   -1.05
  0959    50374   420679   12.04    9999   20.05    7.86    6.14     80   42.37 4232.00   30.46   17223    0.51    0.97   -1.06
  0959    50374   420679   13.00    9999   20.03    7.86    6.14     80   42.35 4232.00   30.46   17223    0.50    1.06   -1.06
  0959    50374   420679   14.02    9999   20.03    7.86    6.14     80   42.35 4232.00   30.46   17223    0.44    1.05   -1.11
  0960    50374   420679   15.00    9999   20.00    7.86    6.10     80   42.32 4232.00   30.46   17221    0.51    1.15   -1.15
 -0937    51403   421876    1.10    9999   20.34    7.99    7.98    105   42.63 4233.00   30.47   17225    2.41    1.18   -0.84
  0937    51403   421876    2.00    9999   20.25    7.97    7.91    104   42.56 4233.00   30.47   17226    2.77    1.33   -0.77
  0938    51403   421876    3.02    9999   20.22    7.95    7.44     97   42.52 4233.00   30.47   17224    2.48    1.15   -0.97
  0938    51403   421876    3.98    9999   20.20    7.97    7.66    100   42.51 4233.00   30.47   17225    2.75    1.22   -0.77
  0939    51403   421876    5.06    9999   20.13    7.90    6.69     87   42.44 4232.00   30.46   17222    1.67    1.00   -0.79
  0940    51403   421876    6.04    9999   20.12    7.87    6.26     82   42.43 4232.00   30.46   17220    1.29    0.97   -0.92
  0940    51403   421876    6.92    9999   20.12    7.86    6.20     81   42.43 4233.00   30.47   17225    0.71    0.97   -1.08
  0940    51403   421876    8.08    9999   20.09    7.85    6.00     78   42.40 4232.00   30.46   17222    0.63    1.08   -1.03
  0940    51403   421876    9.11    9999   20.08    7.86    6.00     78   42.40 4233.00   30.47   17225    0.61    0.96   -1.03
  0941    51403   421876    9.97    9999   20.08    7.86    6.02     79   42.40 4233.00   30.47   17225    0.47    0.96   -1.05
  0941    51403   421876   11.06    9999   20.08    7.83    5.62     73   42.39 4233.00   30.47   17225    0.44    0.97   -0.96
  0941    51403   421876   12.04    9999   20.06    7.83    5.53     72   42.39 4233.00   30.47   17228    0.41    0.98   -1.01
  0942    51403   421876   13.07    9999   20.05    7.83    5.53     72   42.38 4233.00   30.47   17228    0.26    1.05   -1.13
  0942    51403   421876   14.13    9999   20.03    7.83    5.53     72   42.36 4234.00   30.47   17229    0.27    1.02   -1.06
  0942    51403   421876   15.04    9999   20.01    7.84    5.60     73   42.35 4234.00   30.48   17231    0.28    1.05   -1.14
  0942    51403   421876   16.04    9999   19.98    7.84    5.71     74   42.31 4233.00   30.47   17225    0.31    0.97   -1.09
  0943    51403   421876   17.11    9999   19.97    7.85    5.77     75   42.30 4233.00   30.47   17225    0.33    1.05   -1.08
  0943    51403   421876   17.96    9999   19.96    7.84    5.75     75   42.28 4232.00   30.46   17224    0.33    1.12   -1.13
  0943    51403   421876   18.97    9999   19.93    7.82    5.52     72   42.26 4232.00   30.46   17223    0.44    1.17   -1.14
 -0916    53467   423759    0.99    9999   20.42    8.06    8.81    116   42.64 4226.00   30.42   17194    1.44    1.10   -1.02
  0916    53467   423759    2.00    9999   20.10    8.04    8.55    112   42.30 4220.00   30.37   17167    3.03    1.18   -0.85
  0917    53467   423759    2.96    9999   20.06    7.96    7.61     99   42.28 4222.00   30.39   17177    2.96    1.24   -0.94
  0918    53467   423759    4.00    9999   20.00    7.91    6.95     91   42.22 4222.00   30.39   17177    2.34    1.22   -0.78
  0919    53467   423759    4.99    9999   19.97    7.89    6.64     86   42.21 4223.00   30.39   17182    2.57    1.30   -0.90
  0919    53467   423759    6.06    9999   19.99    7.88    6.38     83   42.25 4226.00   30.41   17192    2.40    1.23   -0.97
  0919    53467   423759    7.02    9999   19.98    7.87    6.23     81   42.24 4226.00   30.41   17192    1.75    1.10   -0.85
  0920    53467   423759    8.00    9999   19.95    7.85    6.06     79   42.23 4227.00   30.42   17199    1.17    1.11   -0.92
  0920    53467   423759    8.96    9999   19.98    7.85    5.97     78   42.27 4229.00   30.44   17208    1.16    1.01   -1.04
  0920    53467   423759   10.06    9999   20.00    7.85    5.87     76   42.32 4232.00   30.47   17224    0.57    1.12   -1.05
  0921    53467   423759   11.05    9999   20.00    7.83    5.66     74   42.35 4234.00   30.48   17232    0.34    1.03   -1.15
  0921    53467   423759   12.06    9999   20.04    7.82    5.31     69   42.41 4237.00   30.50   17244    0.29    0.99   -1.08
  0922    53467   423759   12.98    9999   20.06    7.81    5.13     67   42.43 4238.00   30.51   17249    0.18    1.06   -1.06
  0922    53467   423759   14.06    9999   20.08    7.81    4.97     65   42.45 4239.00   30.52   17252    0.12    1.21   -1.14
  0922    53467   423759   15.08    9999   20.08    7.80    4.87     64   42.45 4239.00   30.52   17253    0.12    1.19   -1.31
  0923    53467   423759   15.96    9999   20.06    7.79    4.72     62   42.45 4239.00   30.52   17254    0.16    1.09   -1.15
 -0857    55007   423931    0.99    9999   21.33    8.00    8.03    108   43.57 4237.00   30.50   17239    1.18    1.12   -1.01
  0858    55007   423931    2.05    9999   20.77    8.00    7.91    105   42.95 4226.00   30.41   17189    1.93    1.21   -0.87
  0859    55007   423931    3.11    9999   20.11    7.93    6.82     89   42.26 4216.00   30.33   17145    2.17    1.14   -0.95
  0859    55007   423931    3.98    9999   20.03    7.94    6.82     89   42.19 4216.00   30.34   17149    2.04    1.16   -0.92
  0859    55007   423931    4.98    9999   20.02    7.95    7.11     93   42.19 4216.00   30.34   17149    1.89    1.12   -1.05
  0900    55007   423931    5.97    9999   19.92    7.89    6.40     83   42.11 4218.00   30.35   17158    1.48    1.02   -0.91
  0900    55007   423931    7.04    9999   19.91    7.89    6.48     84   42.16 4224.00   30.39   17183    1.25    1.15   -1.00
  0901    55007   423931    8.48    9999   19.93    7.85    6.06     79   42.20 4226.00   30.42   17195    0.49    1.03   -1.07
  0901    55007   423931    9.01    9999   19.95    7.85    6.01     78   42.25 4230.00   30.45   17213    0.57    1.08   -1.08
  0901    55007   423931    9.93    9999   20.00    7.85    6.02     78   42.32 4232.00   30.46   17223    0.59    1.06   -0.98
  0902    55007   423931   11.03    9999   19.90    7.86    6.08     79   42.21 4230.00   30.45   17214    0.35    1.02   -1.09
  0902    55007   423931   12.08    9999   19.87    7.86    6.08     79   42.19 4230.00   30.45   17214    0.21    1.08   -1.15
  0902    55007   423931   13.00    9999   19.88    7.86    6.08     79   42.20 4231.00   30.45   17216    0.24    1.11   -0.98
  0902    55007   423931   14.02    9999   19.88    7.86    6.08     79   42.20 4231.00   30.45   17218    0.18    0.93   -1.18
  0903    55007   423931   15.01    9999   19.85    7.84    5.79     75   42.17 4230.00   30.45   17214    0.31    1.03   -1.02
  0903    55007   423931   16.07    9999   19.81    7.81    5.44     71   42.13 4230.00   30.45   17213    0.24    1.10   -1.19
  0904    55007   423931   17.00    9999   19.79    7.81    5.36     70   42.11 4230.00   30.44   17213    0.18    1.05   -1.06
  0904    55007   423931   17.99    9999   19.78    7.80    5.29     69   42.10 4229.00   30.44   17212    0.11    1.14   -1.07
  0904    55007   423931   19.05    9999   19.79    7.80    5.26     68   42.10 4229.00   30.44   17210    0.14    1.07   -1.11
  0904    55007   423931   20.00    9999   19.78    7.80    5.23     68   42.11 4231.00   30.45   17217    0.12    1.09   -1.20
  0905    55007   423931   21.04    9999   19.77    7.80    5.20     68   42.10 4231.00   30.45   17218    0.13    1.12   -1.14
  0905    55007   423931   21.90    9999   19.76    7.80    5.14     67   42.10 4232.00   30.46   17221    0.18    1.10   -1.00
  0905    55007   423931   23.02    9999   19.76    7.78    5.01     65   42.09 4231.00   30.46   17219    0.22    1.08   -1.12
  0906    55007   423931   24.05    9999   19.75    7.78    4.93     64   42.08 4231.00   30.45   17217    0.15    1.23   -1.12
  0906    55007   423931   24.86    9999   19.75    7.79    4.94     64   42.09 4231.00   30.46   17219    0.09    1.20   -1.14
  0906    55007   423931   26.00    9999   19.75    7.79    4.96     64   42.10 4232.00   30.46   17222    0.17    1.46   -1.13
  0907    55007   423931   27.03    9999   19.73    7.76    4.61     60   42.07 4232.00   30.46   17221    0.11    1.35   -1.18
  0907    55007   423931   27.95    9999   19.70    7.73    4.21     55   42.05 4232.00   30.46   17223    0.20    2.60   -1.09
 -0839    56864   421851    1.11    9999   21.20    7.95    7.03     95   43.23 4215.00   30.33   17138    1.10    1.08   -1.08
  0839    56864   421851    2.05    9999   21.17    7.96    7.18     97   43.18 4214.00   30.31   17130    1.28    1.01   -1.10
  0840    56864   421851    2.97    9999   21.00    7.98    7.38     99   43.07 4218.00   30.34   17149    1.25    1.11   -1.06
  0840    56864   421851    4.02    9999   20.84    7.96    7.09     95   42.85 4210.00   30.28   17115    1.44    1.01   -1.04
  0840    56864   421851    4.99    9999   20.50    7.94    6.89     92   42.62 4217.00   30.34   17149    1.23    1.15   -0.92
  0841    56864   421851    6.06    9999   19.94    7.93    6.80     89   42.22 4227.00   30.42   17201    1.15    1.13   -1.03
  0841    56864   421851    6.96    9999   19.86    7.91    6.67     88   42.10 4223.00   30.39   17182    0.98    1.22   -1.03
  0842    56864   421851    7.96    9999   19.73    7.90    6.47     85   42.02 4226.00   30.42   17196    0.64    1.08   -1.00
  0842    56864   421851    8.98    9999   19.66    7.91    6.46     85   41.95 4226.00   30.42   17196    0.51    1.03   -1.08
  0842    56864   421851   10.09    9999   19.62    7.91    6.42     84   41.94 4228.00   30.43   17205    0.42    0.95   -1.06
  0842    56864   421851   11.04    9999   19.62    7.91    6.41     84   41.94 4228.00   30.43   17205    0.29    0.96   -1.07
  0843    56864   421851   12.03    9999   19.63    7.91    6.40     84   41.96 4229.00   30.44   17211    0.28    1.02   -1.15
  0843    56864   421851   13.02    9999   19.62    7.91    6.33     83   41.96 4230.00   30.45   17216    0.26    0.95   -1.22
  0843    56864   421851   13.94    9999   19.60    7.91    6.27     82   41.95 4231.00   30.46   17220    0.28    0.83   -1.06
  0844    56864   421851   14.97    9999   19.59    7.90    6.25     82   41.95 4232.00   30.46   17224    0.33    1.14   -1.01
  0844    56864   421851   16.04    9999   19.58    7.89    6.07     79   41.93 4231.00   30.46   17220    0.31    1.04   -1.01
 -0817    60138   419636    1.02    9999   21.49    7.96    7.35     99   43.49 4215.00   30.32   17134    0.76    0.89   -1.04
  0817    60138   419636    2.09    9999   21.50    7.97    7.39    100   43.51 4216.00   30.33   17141    0.84    0.96   -1.04
  0817    60138   419636    3.05    9999   21.50    7.98    7.43    101   43.53 4218.00   30.34   17146    0.79    0.98   -1.08
  0818    60138   419636    4.08    9999   21.48    7.97    7.41    100   43.50 4217.00   30.34   17146    1.20    0.88   -1.09
  0818    60138   419636    4.96    9999   20.80    7.97    7.33     98   42.88 4216.00   30.33   17142    1.08    0.99   -1.03
  0818    60138   419636    5.96    9999   20.10    7.96    7.24     95   42.18 4210.00   30.28   17118    1.08    0.98   -1.08
  0819    60138   419636    6.97    9999   19.57    7.89    6.22     81   41.65 4203.00   30.23   17092    0.53    0.96   -1.06
  0820    60138   419636    8.07    9999   19.34    7.89    6.14     80   41.50 4208.00   30.27   17115    0.50    1.00   -1.16
  0820    60138   419636    9.05    9999   19.23    7.89    6.04     78   41.45 4214.00   30.32   17141    0.55    0.97   -1.15
  0820    60138   419636   10.01    9999   19.23    7.87    5.96     77   41.55 4224.00   30.40   17191    0.26    0.95   -1.11
  0821    60138   419636   10.99    9999   19.19    7.74    4.43     57   41.58 4230.00   30.45   17218    0.30    3.34   -1.07
 -0758    61458   416408    1.05    9999   21.13    8.01    7.85    105   43.12 4211.00   30.29   17117    0.90    0.75   -0.97
  0758    61458   416408    2.02    9999   21.14    8.02    7.91    106   43.12 4211.00   30.29   17117    0.70    0.81   -1.08
  0759    61458   416408    3.11    9999   21.00    7.98    7.38     99   42.97 4208.00   30.27   17104    0.91    0.73   -0.96
  0759    61458   416408    4.04    9999   20.83    7.95    6.95     93   42.82 4208.00   30.27   17108    0.82    0.94   -1.01
  0800    61458   416408    4.98    9999   20.76    7.94    6.78     90   42.77 4209.00   30.28   17110    0.60    0.93   -1.09
  0801    61458   416408    6.06    9999   19.62    7.80    4.67     61   41.77 4211.00   30.29   17126    0.23    0.97   -1.10
 -0742    61689   413620    0.88    9999   20.49    7.96    7.20     96   42.37 4193.00   30.15   17037    0.63    0.80   -1.02
  0743    61689   413620    2.12    9999   20.56    7.96    7.17     95   42.45 4195.00   30.17   17049    0.55    0.79   -1.04
  0743    61689   413620    3.02    9999   20.42    7.97    7.21     96   42.35 4198.00   30.18   17060    0.74    0.80   -1.06
  0743    61689   413620    4.03    9999   19.88    7.97    7.31     96   41.85 4196.00   30.17   17054    1.22    0.91   -0.98
  0744    61689   413620    4.97    9999   19.66    7.93    6.72     88   41.63 4194.00   30.16   17048    1.14    0.93   -0.96
  0745    61689   413620    6.03    9999   19.58    7.90    6.18     81   41.62 4199.00   30.20   17071    0.75    0.99   -1.08
  0745    61689   413620    7.00    9999   19.57    7.88    6.09     79   41.62 4200.00   30.21   17076    0.69    1.09   -1.11
