# MEETVAARTUIG : M.C.ECOS 8 VERTIKAAL
# MEETDATUM    : 17-05-2022 10:28:11
# MEETGEBIED   :
# STARTPUNT    :
# EINDPUNT     :
# PROJECTCODE  :
# OPDRACHTGEVER:
# BEHEERDER    :
# BEMONST. INST:
# WAARNEMER(S) : lamper
#
* 20220517
$ 9999 [000000000000000]
>TIJD      uumm                    
>X         coordinaat              
>Y         coordinaat              
>SENSHTE   Diepte set        m     
>Echms     Echoset           mtrs  
>Temp      Temperatuur       oC    
>pH        Zuurgraad         dimsls
>O2        Zuurstof          mg/l  
>%O2       Zuurstof%         %     
>GELBH     Geleidendheid     mS/cm 
>GEL20     Gel20             ???   
>SALNTT    Saliniteit        dimsl 
>CL-       Chloride          mg/l  
>CHFLYSI   Chlorofyl         ugr/l 
>TURBID    Troebelheid       NTU   
 -1028  50752 419777   0.97   7.54  16.41   8.31   7.99    97  38.78  4195  30.17  17068   0.66   0.38
  1029  50786 419760   1.96   5.79  16.29   8.32   7.99    97  38.68  4194  30.17  17068   1.10   0.31
  1029  50795 419753   2.98   5.50  16.26   8.32   8.02    97  38.65  4194  30.17  17067   1.52   0.45
  1030  50801 419741   4.01   5.16  16.24   8.32   8.11    98  38.64  4194  30.17  17066   1.27   0.36
  1030  50800 419734   4.94   4.35  16.22   8.33   8.09    98  38.62  4194  30.17  17066   1.25   0.40
  1030  50799 419728   5.94   3.46  16.20   8.33   8.08    98  38.61  4195  30.17  17071   1.29   0.46
  1031  50810 419727   7.04   1.95  16.18   8.31   7.91    96  38.58  4194  30.17  17066   1.09   0.35
  1032  50812 419726   8.05   0.80  16.16   8.30   7.49    91  38.56  4193  30.16  17064   1.08   0.35
 -1014  50241 420520   0.90  14.45  16.70   8.34   8.39   103  39.08  4198  30.20  17084   0.66   0.45
  1014  50218 420498   2.01  15.75  16.64   8.34   8.39   103  39.02  4198  30.20  17082   1.06   0.37
  1014  50202 420484   3.05  14.33  16.48   8.34   8.42   103  38.87  4197  30.19  17079   1.53   0.37
  1015  50186 420471   3.96  12.73  16.39   8.33   8.37   102  38.79  4197  30.19  17078   1.53   0.34
  1016  50174 420462   4.96   9.66  16.19   8.32   8.05    98  38.59  4194  30.17  17066   1.66   0.30
  1017  50170 420449   5.91   6.70  16.17   8.31   7.93    96  38.59  4196  30.18  17076   1.10   0.41
  1018  50171 420454   6.97   7.30  15.97   8.30   7.89    95  38.39  4193  30.16  17062   0.68   0.34
  1018  50176 420462   8.04   7.64  15.87   8.31   7.78    94  38.29  4191  30.15  17055   1.13   0.45
  1019  50177 420465   9.00   7.16  15.70   8.32   8.06    97  38.15  4192  30.15  17060   1.55   0.37
  1019  50178 420466  10.02   6.45  15.30   8.32   7.96    95  37.77  4188  30.12  17045   1.57   0.46
  1019  50178 420475  11.02   5.58  15.25   8.32   8.11    97  37.72  4187  30.12  17041   1.71   0.52
  1020  50178 420478  12.01   4.66  15.02   8.32   8.00    95  37.52  4187  30.12  17041   2.17   0.69
  1020  50179 420483  12.90   0.00  14.93   8.32   7.97    94  37.42  4185  30.10  17032   1.92   0.55
  1021  50188 420484  13.99   3.58  14.74   8.31   8.02    95  37.26  4184  30.09  17029   2.21   0.66
  1022  50187 420488  14.99   2.41  14.24   8.24   6.69    78  36.80  4181  30.07  17016   1.98   0.54
  1023  50189 420504  16.05   0.99  13.73   8.18   5.90    68  36.34  4178  30.05  17007   1.42   0.90
 -0957  51452 421818   1.15  16.51  16.80   8.32   8.19   101  39.20  4202  30.23  17100   1.38   0.32
  0957  51420 421777   1.94  16.40  16.73   8.32   8.23   101  39.14  4202  30.23  17102   1.32   0.41
  0958  51407 421767   3.04  15.53  16.69   8.32   8.21   101  39.10  4201  30.22  17097   1.39   0.36
  0958  51399 421760   3.90  12.49  16.68   8.32   8.12   100  39.08  4201  30.22  17095   1.44   0.35
  0959  51389 421752   4.94  14.21  16.65   8.32   8.13   100  39.05  4201  30.22  17095   1.12   0.29
  0959  51385 421751   5.89  13.36  16.64   8.32   8.15   100  39.04  4201  30.22  17095   0.89   0.43
  0959  51381 421748   6.97  12.06  16.61   8.32   8.01    98  39.01  4200  30.22  17093   0.89   0.27
  1000  51377 421745   7.93  11.08  16.58   8.31   8.08    99  38.99  4200  30.21  17092   0.76   0.28
  1001  51365 421738   8.93  10.59  16.49   8.30   7.77    95  38.90  4200  30.21  17092   0.66   0.49
  1002  51360 421731  10.03  10.40  16.11   8.30   7.82    95  38.56  4198  30.20  17087   0.67   0.50
  1002  51359 421726  11.02  10.08  16.07   8.30   7.73    94  38.53  4199  30.20  17088   0.63   0.57
  1003  51360 421726  11.99   8.83  16.00   8.30   7.82    95  38.47  4198  30.20  17087   1.20   0.44
  1003  51358 421726  13.04   8.50  15.88   8.30   7.64    92  38.35  4197  30.19  17082   0.83   0.23
  1003  51356 421727  13.96   7.46  15.80   8.29   7.75    93  38.30  4198  30.20  17090   0.93   0.41
  1004  51354 421729  14.98   6.41  15.64   8.29   7.62    92  38.13  4196  30.19  17081   0.88   0.45
  1004  51353 421730  16.06   5.01  15.62   8.29   7.55    91  38.12  4196  30.19  17079   0.70   0.34
  1005  51352 421730  16.92   3.39  15.54   8.28   7.66    92  38.06  4198  30.20  17087   0.77   0.32
  1005  51354 421741  17.96   1.26  15.39   8.28   7.50    90  37.92  4196  30.18  17079   0.63   0.42
 -0936  53477 423747   1.03  12.39  17.07   8.32   8.19   101  39.44  4203  30.24  17104   1.10   0.43
  0937  53436 423740   1.93  12.93  17.04   8.32   8.23   102  39.42  4203  30.24  17104   1.32   0.49
  0937  53418 423736   2.98  13.10  17.01   8.32   8.18   101  39.39  4203  30.24  17104   1.31   0.33
  0938  53392 423737   3.93  10.86  17.01   8.32   8.07   100  39.39  4203  30.24  17106   0.99   0.38
  0938  53371 423741   5.01  13.90  17.00   8.31   8.00    99  39.39  4204  30.24  17108   0.78   0.37
  0938  53365 423752   5.97  13.16  16.93   8.31   7.99    98  39.33  4203  30.24  17106   0.67   0.46
  0939  53374 423757   6.96  12.05  16.92   8.31   7.83    96  39.32  4204  30.24  17109   0.74   0.33
  0940  53381 423762   8.00  10.90  16.82   8.30   7.83    96  39.24  4204  30.25  17111   0.65   0.36
  0940  53383 423765   9.03   9.80  16.72   8.30   7.69    94  39.16  4205  30.26  17116   0.83   0.44
  0940  53385 423766   9.99   8.88  16.69   8.30   7.87    96  39.12  4204  30.25  17112   1.13   0.32
  0941  53386 423768  10.97   7.85  16.64   8.30   7.72    95  39.07  4204  30.24  17110   0.84   0.47
  0941  53385 423769  11.98   7.04  16.48   8.30   7.81    95  38.94  4204  30.25  17114   0.72   0.36
  0942  53390 423771  13.02   5.74  16.26   8.29   7.50    91  38.76  4205  30.26  17118   1.93   0.31
  0942  53395 423770  13.92   4.41  16.19   8.29   7.56    92  38.66  4201  30.22  17098   0.94   0.35
  0943  53399 423769  14.93   3.05  16.17   8.29   7.53    91  38.64  4201  30.22  17098   0.47   0.37
  0943  53399 423769  16.03   2.24  16.15   8.29   7.40    90  38.62  4201  30.22  17097   0.80   0.38
  0944  53397 423769  16.93   1.23  16.15   8.29   7.50    91  38.62  4201  30.22  17098   0.57   0.52
 -1049  48833 418248   0.91   0.75  16.24   8.40   9.15   111  38.64  4195  30.17  17071   1.08   0.43
  1049  48804 418245   1.98   1.18  16.20   8.40   9.14   111  38.62  4196  30.18  17074   1.53   0.46
  1050  48795 418231   2.92  41.82  16.17   8.40   9.18   111  38.58  4195  30.17  17071   3.15   0.53
  1051  48794 418222   4.05  37.79  15.91   8.37   8.81   106  38.41  4201  30.22  17101   3.13   0.55
  1051  48795 418218   4.98  39.82  15.84   8.36   8.70   105  38.39  4205  30.25  17119   2.63   0.50
  1052  48791 418214   5.97   0.00  15.73   8.35   8.53   103  38.33  4208  30.28  17136   1.96   0.48
  1052  48793 418209   7.10  37.67  15.66   8.34   8.63   104  38.38  4221  30.39  17195   2.21   0.49
  1053  48796 418207   7.83   0.00  15.62   8.34   8.46   102  38.37  4223  30.40  17206   2.50   0.54
  1054  48802 418210   9.00  35.68  15.53   8.32   8.44   101  38.32  4227  30.43  17222   2.20   0.54
  1054  48803 418211   9.94  34.47  15.35   8.28   8.09    97  38.53  4267  30.76  17410   1.72   0.77
  1055  48801 418216  11.03  33.32  15.27   8.27   8.25    99  38.65  4288  30.92  17508   1.32   1.01
  1055  48797 418224  11.99  32.38  14.97   8.24   7.65    91  38.39  4289  30.93  17512   1.54   0.90
  1056  48792 418229  12.97  31.58  14.94   8.22   7.65    91  38.45  4299  31.01  17560   1.76   0.80
  1057  48784 418233  14.00  30.18  14.53   8.16   6.91    82  38.19  4311  31.11  17616   1.40   1.02
  1058  48783 418238  15.02  29.64  14.23   8.15   6.58    77  37.89  4306  31.07  17596   0.82   0.86
  1100  48794 418230  15.99  28.38  11.78   7.95   4.09    46  35.59  4286  30.91  17513   0.74   1.06
  1102  48791 418222  17.04  27.58  10.31   7.84   3.35    36  34.28  4280  30.87  17494   0.42   0.80
  1102  48789 418218  17.98  26.63   9.75   7.84   3.28    35  33.83  4282  30.89  17507   0.25   0.83
  1102  48787 418215  18.92  25.74   9.55   7.82   3.25    34  33.65  4282  30.89  17505   0.20   0.86
  1103  48788 418201  20.03  25.29   9.41   7.79   2.86    30  33.54  4282  30.89  17506   0.25   0.85
  1104  48786 418196  20.94   0.00   9.38   7.78   2.74    29  33.52  4283  30.90  17512   0.31   0.76
  1105  48788 418201  22.05  22.89   9.24   7.77   2.56    27  33.41  4283  30.90  17515   0.21   0.91
  1106  48789 418205  22.96  21.68   9.22   7.79   2.85    30  33.38  4282  30.89  17510   0.28   0.97
  1106  48787 418213  24.03  20.60   9.21   7.78   2.79    29  33.38  4283  30.90  17514   0.23   0.84
  1107  48790 418212  25.10   8.18   9.18   7.78   2.77    29  33.36  4283  30.90  17513   0.17   0.98
  1107  48790 418212  25.97  18.58   9.14   7.78   2.73    29  33.33  4284  30.91  17518   0.14   1.03
  1107  48792 418213  27.06  17.85   9.12   7.77   2.68    28  33.32  4284  30.91  17519   0.23   1.29
  1108  48790 418215  28.07  16.50   9.09   7.77   2.62    27  33.30  4285  30.92  17524   0.17   1.39
  1108  48788 418213  28.95   0.00   9.08   7.77   2.63    28  33.28  4285  30.91  17522   0.14   1.64
  1109  48784 418219  30.05  14.86   9.07   7.76   2.46    26  33.28  4285  30.92  17523   0.20   1.81
  1110  48782 418213  30.92  13.73   9.08   7.74   2.20    23  33.28  4285  30.91  17521   0.22   1.71
  1111  48782 418213  32.11  12.98   9.10   7.68   1.60    17  33.32  4287  30.93  17532   0.21   1.88
  1113  48779 418216  33.02  11.74   9.06   7.57   0.19     2  33.31  4290  30.96  17548   0.19   2.84
  1113  48781 418215  34.03  10.98   9.03   7.57   0.20     2  33.30  4292  30.97  17554   0.23   3.28
  1114  48787 418213  35.01   9.91   9.01   7.55   0.12     1  33.29  4293  30.98  17559   0.25   2.65
  1114  48789 418213  36.05   8.53   9.00   7.54   0.08     1  33.28  4293  30.98  17558   0.23   2.46
  1115  48788 418214  37.01   7.83   8.99   7.53   0.06     1  33.27  4293  30.98  17560   0.29   2.31
  1115  48786 418215  38.12   6.64   8.98   7.51   0.04     0  33.26  4293  30.98  17562   0.18   2.02
  1115  48788 418210  38.94   5.79   8.97   7.51   0.03     0  33.26  4293  30.98  17563   0.25   1.85
  1116  48788 418210  39.96   4.79   8.98   7.51   0.03     0  33.26  4293  30.98  17562   0.17   1.95
  1116  48788 418209  41.03   3.86   8.97   7.50   0.04     0  33.26  4294  30.99  17564   0.18   1.76
  1117  48788 418206  41.94   3.14   8.96   7.50   0.04     0  33.26  4294  30.98  17563   0.24   1.59
  1117  48791 418201  42.98   1.86   8.96   7.49   0.05     1  33.25  4294  30.99  17565   0.26   1.45
  1118  48791 418198  43.98   0.86   8.95   7.48   0.03     0  33.25  4294  30.99  17564   0.24   1.52
 -0852  56845 421864   0.95  15.75  17.28   8.32   7.95    99  39.68  4208  30.28  17127   0.96   0.45
  0853  56831 421873   2.00  14.79  17.28   8.32   7.95    99  39.68  4208  30.28  17128   0.77   0.40
  0853  56827 421873   2.98  13.79  17.26   8.32   7.93    98  39.67  4210  30.29  17133   0.74   0.62
  0853  56823 421877   3.92  12.85  17.20   8.31   7.88    98  39.61  4209  30.28  17129   0.69   0.57
  0854  56814 421883   4.99   9.04  17.19   8.30   7.69    95  39.61  4209  30.29  17133   0.93   0.47
  0854  56806 421886   6.03  10.79  17.13   8.30   7.67    95  39.56  4210  30.29  17135   0.74   0.43
  0855  56802 421886   7.13   9.65  17.12   8.30   7.58    94  39.56  4210  30.29  17137   0.57   0.61
  0856  56796 421886   8.01   8.88  16.96   8.31   7.81    96  39.39  4208  30.27  17126   1.08   0.44
  0856  56792 421885   8.99   7.85  16.91   8.30   7.71    95  39.37  4211  30.30  17140   0.99   0.47
  0857  56791 421883  10.01   7.03  16.90   8.30   7.64    94  39.38  4213  30.31  17149   1.15   0.51
  0857  56788 421881  11.02   5.94  16.83   8.29   7.58    93  39.35  4215  30.33  17159   0.69   0.58
  0858  56787 421877  11.98   5.00  16.65   8.28   7.41    91  39.18  4214  30.32  17156   0.79   0.54
  0859  56785 421873  12.94   3.91  16.13   8.24   6.80    82  38.69  4210  30.30  17141   0.51   0.56
  0900  56788 421868  14.03   2.89  15.86   8.24   6.67    81  38.46  4211  30.30  17146   0.73   0.48
  0900  56789 421866  15.01   1.80  15.77   8.23   6.48    78  38.35  4207  30.27  17129   0.54   0.49
  0901  56788 421865  15.91   0.93  15.76   8.23   6.56    79  38.33  4206  30.27  17126   0.52   0.65
 -0828  60122 419661   0.82  10.11  17.87   8.30   7.87    99  40.37  4227  30.43  17211   0.78   0.79
  0829  60112 419704   1.96   8.93  17.88   8.29   7.85    99  40.38  4226  30.42  17208   0.70   0.82
  0829  60105 419744   2.94   8.75  17.84   8.29   7.84    98  40.34  4226  30.42  17206   0.75   0.79
  0830  60104 419736   4.06   7.65  17.78   8.30   7.83    98  40.29  4226  30.42  17208   1.00   0.65
  0830  60102 419737   4.98   6.68  17.55   8.30   7.76    97  40.08  4226  30.42  17208   0.99   0.76
  0831  60100 419742   6.07   5.56  17.38   8.30   7.59    94  39.91  4224  30.40  17198   1.12   0.60
  0832  60099 419741   6.94   4.65  17.68   8.30   7.16    90  40.20  4226  30.42  17209   0.66   1.03
  0833  60097 419740   7.96   3.60  17.62   8.29   7.30    91  40.32  4245  30.57  17293   0.88   0.53
  0833  60096 419739   8.97   2.59  17.36   8.28   7.20    90  40.03  4239  30.52  17268   0.59   0.50
  0836  60088 419746   9.98   1.38  16.01   8.11   4.69    57  38.81  4234  30.49  17253   1.08   1.20
 -0811  61477 416471   1.03   5.70  18.67   8.33   7.49    96  41.34  4253  30.63  17327   0.63   0.71
  0811  61477 416495   1.99   4.79  18.66   8.33   7.49    96  41.33  4253  30.64  17329   0.63   0.72
  0811  61476 416503   2.95   3.84  18.66   8.33   7.50    96  41.33  4254  30.64  17331   0.79   0.75
  0812  61477 416502   3.97   2.83  18.62   8.32   7.47    95  41.40  4264  30.72  17378   0.63   0.70
  0812  61477 416501   4.97   1.85  18.09   8.31   7.41    94  40.98  4270  30.77  17408   0.71   0.47
  0813  61475 416501   5.92   0.86  17.20   8.25   6.60    82  40.01  4251  30.62  17325   0.94   0.63
 -0754  61698 413646   0.94   7.04  17.99   8.34   7.76    98  40.45  4223  30.40  17193   0.59   0.51
  0755  61688 413645   2.04   5.88  17.95   8.34   7.76    98  40.42  4224  30.40  17195   0.84   0.54
  0755  61686 413644   3.00   4.87  17.92   8.34   7.75    97  40.37  4222  30.39  17187   0.86   0.61
  0755  61684 413643   3.94   3.90  17.62   8.35   7.74    97  40.05  4216  30.34  17161   0.95   0.60
  0756  61678 413638   4.95   2.85  17.55   8.34   7.67    96  39.98  4215  30.33  17158   0.83   0.54
  0757  61665 413638   6.02   1.65  17.51   8.33   7.53    94  39.94  4215  30.33  17158   1.44   0.65
  0758  61651 413640   6.90   0.00  17.50   8.31   7.18    89  39.95  4217  30.34  17164   0.84   0.69
