# MEETVAARTUIG : M.C.ECOS2 YSI
# MEETDATUM    : 03-01-2017 12:18:56
# MEETGEBIED   :
# STARTPUNT    :
# EINDPUNT     :
# PROJECTCODE  :
# OPDRACHTGEVER:
# BEHEERDER    :
# BEMONST. INST:
# WAARNEMER(S) : K. de Vlaam
#
* 20170103
$ 9999 [000000000000000]
>TIJD      uumm                    
>X         coordinaat              
>Y         coordinaat              
>SENSHTE   Diepte set        m     
>Echms     Echoset           mtrs  
>Temp      Temperatuur       oC       : 5  1.0  11  1.0
>pH        Zuurgraad         dimsls
>O2        Zuurstof          mg/l  
>%O2       Zuurstof%         %     
>GELBH     Geleidendheid     mS/cm 
>GEL20     Gel20             ???   
>SALNTT    Saliniteit        dimsl 
>CL-       Chloride          mg/l     : 16500  125  13  125
>CHFLYSI   Chlorofyl         ugr/l 
>TURBID    Troebelheid       NTU   
 -1220  50837 419735   1.05   5.71   4.43   7.94  10.30    97  29.20  4247  30.63  17368   0.20  -1.30
  1220  50819 419750   1.95   4.16   4.43   7.94  10.30    97  29.20  4247  30.63  17368   0.10  -1.30
  1220  50813 419755   2.98   2.65   4.44   7.94  10.30    97  29.20  4246  30.62  17362   0.10  -1.30
  1220  50808 419758   3.95   1.59   4.43   7.94  10.30    97  29.20  4247  30.63  17368   0.10  -1.30
  1221  50806 419760   4.88   0.75   4.44   7.94  10.30    97  29.20  4246  30.62  17362   0.00  -1.30
 -1226  50209 420485   1.08  16.73   4.45   7.95  10.50    99  29.22  4248  30.64  17370   0.10  -0.90
  1227  50199 420496   1.97  15.73   4.44   7.95  10.50    99  29.22  4249  30.64  17376   0.10  -1.20
  1227  50196 420499   2.98  14.25   4.44   7.95  10.40    98  29.22  4249  30.64  17376   0.20  -1.30
  1227  50198 420499   4.02  13.48   4.44   7.94  10.40    98  29.22  4249  30.64  17376   0.20  -1.20
  1228  50202 420499   5.05  12.50   4.45   7.94  10.40    98  29.22  4248  30.64  17370   0.20  -1.20
  1228  50205 420497   5.97  11.69   4.44   7.94  10.40    98  29.22  4249  30.64  17376   0.10  -1.30
  1228  50208 420496   7.03  10.43   4.44   7.94  10.30    97  29.22  4249  30.64  17376   0.10  -1.30
  1228  50211 420495   8.03   9.30   4.44   7.94  10.30    97  29.22  4249  30.64  17376   0.20  -1.30
  1228  50213 420496   9.00   8.04   4.44   7.94  10.30    97  29.22  4249  30.64  17376   0.10  -1.30
  1229  50216 420498   9.99   6.06   4.44   7.94  10.30    97  29.22  4249  30.64  17376   0.20  -1.30
  1229  50219 420499  10.97   4.65   4.44   7.94  10.30    97  29.22  4249  30.64  17376   0.20  -1.30
  1229  50218 420500  11.97   3.83   4.44   7.94  10.30    97  29.22  4249  30.64  17376   0.20  -1.30
  1230  50213 420500  13.04   3.56   4.44   7.94  10.30    97  29.22  4249  30.64  17376   0.00  -1.30
  1230  50208 420500  14.06   3.13   4.44   7.94  10.30    97  29.22  4249  30.64  17376   0.10  -1.30
  1230  50203 420500  15.02   2.15   4.43   7.94  10.30    97  29.22  4250  30.65  17381   0.00  -1.30
  1230  50199 420500  15.94   1.24   4.43   7.94  10.30    96  29.22  4250  30.65  17381   0.20  -1.30
 -1240  51409 421753   1.04   0.00   4.28   7.94  10.40    97  29.10  4250  30.65  17382   0.20  -1.20
  1241  51412 421753   2.05   1.10   4.28   7.94  10.40    97  29.09  4249  30.64  17375   0.10  -1.30
  1241  51413 421753   3.02  15.24   4.27   7.94  10.30    97  29.09  4250  30.65  17380   0.20  -1.30
  1241  51414 421752   4.04  14.35   4.28   7.94  10.30    97  29.10  4250  30.65  17382   0.20  -1.30
  1241  51413 421752   4.96  13.46   4.28   7.94  10.30    97  29.09  4249  30.64  17375   0.20  -1.30
  1241  51412 421751   6.08  12.26   4.28   7.94  10.30    97  29.09  4249  30.64  17375   0.20  -1.30
  1242  51411 421751   6.99  11.39   4.26   7.93  10.30    97  29.08  4250  30.65  17379   0.10  -1.30
  1242  51410 421751   7.96  10.49   4.26   7.94  10.30    97  29.07  4248  30.64  17372   0.20  -1.30
  1242  51409 421750   8.96   9.55   4.26   7.94  10.30    97  29.08  4250  30.65  17379   0.30  -1.30
  1243  51408 421750   9.96   8.51   4.26   7.94  10.30    97  29.08  4250  30.65  17379   0.10  -1.30
  1243  51409 421751  10.97   7.40   4.24   7.94  10.30    97  29.06  4249  30.65  17376   0.00  -1.30
  1243  51410 421751  12.04   6.26   4.24   7.94  10.30    96  29.06  4249  30.65  17376   0.10  -1.30
  1243  51410 421752  12.96   5.34   4.24   7.94  10.30    96  29.07  4251  30.66  17383   0.10  -1.30
  1244  51409 421753  14.02   4.33   4.22   7.94  10.30    96  29.05  4250  30.65  17380   0.10  -1.30
  1244  51408 421754  14.96   3.39   4.21   7.94  10.30    96  29.05  4251  30.66  17386   0.10  -1.30
  1244  51407 421755  16.00   2.39   4.21   7.94  10.30    96  29.04  4250  30.65  17379   0.20  -1.30
  1245  51407 421755  17.00   1.39   4.22   7.94  10.30    96  29.05  4250  30.65  17380   0.20  -1.30
 -1258  53393 423745   1.01  16.73   4.02   7.96  10.50    98  28.85  4244  30.61  17354   0.20  -1.20
  1258  53398 423749   2.04  15.73   4.02   7.96  10.50    98  28.88  4248  30.64  17374   0.30  -1.20
  1258  53402 423751   3.06  14.33   4.01   7.95  10.50    98  28.88  4250  30.65  17379   0.20  -1.30
  1258  53404 423752   3.99  13.45   4.02   7.95  10.50    98  28.88  4248  30.64  17374   0.10  -1.30
  1259  53405 423753   5.06  12.45   4.01   7.95  10.50    97  28.88  4250  30.65  17379   0.20  -1.20
  1259  53405 423754   6.06  11.49   4.01   7.95  10.40    97  28.87  4248  30.64  17373   0.10  -1.20
  1259  53405 423754   7.01  10.60   4.00   7.95  10.40    97  28.87  4249  30.65  17378   0.10  -1.30
  1259  53405 423753   7.98   9.55   4.00   7.95  10.40    97  28.87  4249  30.65  17378   0.10  -1.20
  1300  53406 423752   8.98   8.29   4.00   7.94  10.40    97  28.88  4251  30.66  17385   0.00  -1.20
  1300  53407 423750  10.04   6.93   4.00   7.95  10.40    97  28.87  4249  30.65  17378   0.10  -1.20
  1300  53408 423748  10.98   5.74   3.99   7.94  10.40    97  28.86  4249  30.65  17377   0.10  -1.20
  1301  53411 423745  12.06   4.21   4.00   7.94  10.40    96  28.87  4249  30.65  17378   0.20  -1.20
  1301  53412 423742  12.99   2.83   3.98   7.94  10.30    96  28.85  4249  30.64  17375   0.10  -1.20
  1301  53414 423741  13.97   1.54   3.97   7.94  10.30    96  28.85  4250  30.65  17381   0.00  -1.20
  1302  53415 423739  14.87   0.00   3.93   7.94  10.30    96  28.82  4250  30.65  17382   0.10  -1.20
 -1309  54873 423999   1.05  23.89   3.96   7.94  10.40    97  28.84  4250  30.65  17379   0.10  -1.20
  1309  54906 424008   2.05  23.17   3.96   7.94  10.40    97  28.84  4250  30.65  17379   0.10  -1.20
  1310  54911 424005   3.00   0.00   3.96   7.94  10.40    97  28.83  4248  30.64  17373   0.20  -1.10
  1310  54908 423999   3.99  20.04   3.95   7.94  10.40    97  28.83  4249  30.65  17378   0.20  -1.20
  1310  54905 423997   5.07   0.75   3.94   7.94  10.40    97  28.83  4250  30.66  17384   0.10  -1.20
  1311  54899 423996   6.00  17.70   3.94   7.94  10.40    97  28.82  4249  30.65  17377   0.30  -1.30
  1311  54895 423996   7.03  16.80   3.93   7.94  10.40    96  28.82  4250  30.65  17382   0.30  -1.20
  1311  54896 423997   7.97  16.05   3.93   7.94  10.40    96  28.82  4250  30.65  17382   0.10  -1.30
  1312  54899 423997   9.03  14.75   3.92   7.94  10.40    96  28.81  4250  30.65  17381   0.10  -1.20
  1312  54901 423997   9.99  13.75   3.93   7.94  10.40    96  28.81  4249  30.64  17375   0.30  -1.20
  1312  54902 423998  11.02  12.73   3.92   7.94  10.30    96  28.82  4251  30.66  17388   0.20  -1.20
  1312  54902 424000  12.06  11.75   3.92   7.94  10.30    96  28.82  4251  30.66  17388   0.20  -1.20
  1313  54901 424001  13.04  10.96   3.93   7.94  10.30    96  28.82  4250  30.65  17382   0.20  -1.20
  1313  54898 424001  13.97  10.36   3.93   7.94  10.30    96  28.82  4250  30.65  17382   0.20  -1.20
  1313  54899 424001  14.97   9.20   3.93   7.94  10.30    96  28.82  4250  30.65  17382   0.10  -1.30
  1314  54902 423998  16.09   7.73   3.92   7.94  10.30    96  28.81  4250  30.65  17381   0.20  -1.30
  1314  54904 423997  17.06   6.63   3.92   7.94  10.30    96  28.81  4250  30.65  17381   0.00  -1.30
  1314  54905 423997  18.05   5.64   3.92   7.94  10.30    96  28.82  4251  30.66  17388   0.10  -1.30
  1314  54906 423998  18.97   4.73   3.92   7.94  10.30    96  28.82  4251  30.66  17388   0.10  -1.20
  1315  54906 423998  19.98   3.80   3.92   7.94  10.30    96  28.82  4251  30.66  17388   0.10  -1.30
  1315  54905 423999  20.98   2.90   3.92   7.94  10.30    96  28.82  4251  30.66  17388   0.10  -1.20
  1315  54906 423999  22.01   1.93   3.92   7.94  10.30    96  28.82  4251  30.66  17388   0.20  -1.20
  1316  54908 423999  23.00   0.89   3.92   7.94  10.30    96  28.82  4251  30.66  17388   0.20  -1.20
 -1328  56784 421927   1.06  15.81   4.01   7.95  10.60    98  28.89  4251  30.66  17386   0.20  -1.30
  1328  56810 421894   2.01  14.93   4.01   7.95  10.50    98  28.88  4250  30.65  17379   0.00  -1.30
  1328  56812 421900   3.03  13.75   3.98   7.96  10.50    98  28.88  4253  30.68  17396   0.10  -1.30
  1329  56811 421906   4.01  12.75   4.03   7.95  10.50    98  28.90  4250  30.65  17382   0.20  -1.30
  1329  56812 421909   5.01  11.61   3.97   7.95  10.50    98  28.86  4251  30.66  17388   0.30  -1.20
  1329  56813 421910   5.98  10.65   3.94   7.95  10.50    98  28.84  4252  30.67  17390   0.30  -1.30
  1330  56812 421908   7.03   9.59   3.96   7.95  10.50    98  28.84  4250  30.65  17379   0.20  -1.30
  1330  56807 421905   8.01   8.80   3.90   7.95  10.50    97  28.80  4251  30.66  17385   0.20  -1.20
  1330  56805 421905   8.98   7.84   3.89   7.96  10.50    97  28.79  4250  30.66  17384   0.20  -1.20
  1331  56803 421906   9.92   6.94   3.84   7.96  10.50    97  28.74  4249  30.64  17377   0.20  -1.20
  1331  56802 421906  10.99   5.74   3.82   7.96  10.50    97  28.73  4250  30.65  17381   0.10  -1.30
  1331  56803 421906  12.01   4.64   3.82   7.96  10.50    97  28.73  4250  30.65  17381   0.10  -1.20
  1331  56805 421906  13.03   3.56   3.82   7.96  10.50    97  28.73  4250  30.65  17381   0.10  -1.30
  1332  56805 421906  14.04   2.51   3.82   7.96  10.50    97  28.73  4250  30.65  17381   0.20  -1.30
  1332  56804 421906  15.02   1.53   3.82   7.96  10.50    97  28.73  4250  30.65  17381   0.10  -1.30
  1332  56802 421904  15.87   0.78   3.82   7.96  10.40    97  28.73  4250  30.65  17381   0.10  -1.30
 -1349  60082 419775   1.10  10.84   3.90   7.96  10.50    98  28.79  4249  30.65  17378   0.20  -1.20
  1349  60106 419754   2.01  10.05   3.81   7.96  10.50    98  28.73  4251  30.66  17386   0.20  -1.20
  1349  60113 419751   3.02   9.18   3.79   7.96  10.50    97  28.72  4252  30.67  17390   0.20  -1.20
  1349  60116 419754   4.11   8.09   3.78   7.96  10.50    97  28.69  4248  30.64  17375   0.10  -1.20
  1350  60117 419758   5.01   7.25   3.75   7.95  10.50    97  28.68  4251  30.66  17385   0.20  -1.20
  1350  60117 419760   5.92   6.34   3.73   7.95  10.50    97  28.66  4250  30.65  17382   0.20  -1.20
  1350  60116 419760   6.94   5.30   3.73   7.95  10.50    97  28.66  4250  30.65  17382   0.20  -1.20
  1351  60115 419759   8.05   4.16   3.75   7.94  10.50    97  28.68  4251  30.66  17385   0.20  -1.20
  1351  60112 419758   8.90   3.25   3.77   7.95  10.50    97  28.71  4253  30.68  17395   0.20  -1.20
  1351  60109 419758  10.06   2.09   3.82   7.95  10.40    97  28.76  4254  30.69  17401   0.10  -1.30
  1351  60109 419759  11.01   1.10   3.82   7.95  10.40    97  28.74  4251  30.66  17388   0.10  -1.30
 -1407  61471 416541   1.07   5.73   3.63   7.97  10.60    98  28.56  4247  30.63  17368   0.20  -1.00
  1407  61480 416512   2.00   4.74   3.64   7.97  10.60    98  28.57  4247  30.63  17370   0.20  -1.10
  1407  61482 416501   2.99   3.68   3.62   7.97  10.60    98  28.54  4245  30.62  17360   0.30  -1.10
  1407  61481 416491   4.02   2.55   3.62   7.97  10.60    98  28.54  4245  30.62  17360   0.20  -1.10
  1408  61474 416487   5.01   1.48   3.63   7.96  10.60    98  28.55  4245  30.62  17362   0.00  -1.10
  1408  61473 416495   5.93   0.75   3.63   7.96  10.60    97  28.55  4245  30.62  17362   0.20  -1.10
 -1421  61672 413670   1.02   6.84   4.28   7.99  10.60    99  29.09  4249  30.64  17375   0.40   0.50
  1421  61693 413644   1.93   5.95   4.27   7.98  10.60    99  29.10  4251  30.66  17387   0.20  -0.90
  1421  61687 413644   2.78   5.08   4.23   7.97  10.50    99  29.08  4253  30.68  17395   0.20  -1.10
  1422  61687 413644   4.02   3.85   4.24   7.97  10.50    99  29.04  4246  30.62  17363   0.20  -1.30
  1422  61691 413644   5.05   2.81   4.25   7.97  10.50    99  29.08  4251  30.66  17384   0.10  -1.30
  1422  61692 413646   5.96   1.90   4.09   7.97  10.50    98  28.95  4250  30.66  17383   0.10  -1.30
  1423  61694 413652   7.03   0.75   3.96   7.97  10.50    98  28.92  4261  30.74  17434   0.00  -1.30
