# MEETVAARTUIG         : MILIEUCONTAINER
# MEETDATUM            : 26-05-2026 12:32:57
# MEETGEBIED           : ZEELAND
# STARTPUNT            : GRE 20
# EINDPUNT             : GRE 01
# PROJECTCODE          : GTS-VERTIKALEN
# OPDRACHTGEVER        : WVL
# BEHEERDER            : MOBIEL METEN
# BEMONST. INST        : []
# WAARNEMER(S)         : Bernaards
#
* 20260526
$ 9999 [00000000000000000000]
>TIJD       uumm                         
>X          coordinaat                   
>Y          coordinaat                   
>SENSHTE    Diepte set           m       
>Echms      Echoset              mtrs    
>Temp       Temperatuur          oC      
>pH         Zuurgraad            pH      
>O2         Zuurstof             mg/l    
>%O2        Zuurstof%            %       
>GELBH      Geleidendheid        mS/cm   
>GELDHD     Geleidendheid        ???     
>SALNTT     Saliniteit           dimsl   
>CL-        Chloride             mg/l    
>CHLFRFU    Chlorofyl            RFU     
>TROEBHFNU  Troebelheid          FNU     
>PHYCOUGL   Phycocyanine         ug/l    
 -0905    50634   419892    1.06    6.07   21.33    8.14    8.06    108   44.63    4340   31.33   17719    0.50    0.51    0.02
  0905    50634   419892    1.93    4.66   21.29    8.13    7.89    105   44.59    4340   31.33   17720    0.65    0.60    0.01
  0906    50634   419892    3.05    2.91   20.99    8.15    8.09    107   44.31    4340   31.33   17717    0.77    0.61   -0.18
  0906    50634   419892    4.02    1.18   19.82    8.14    8.05    105   43.19    4336   31.30   17705    1.01    0.71    0.01
 -0854    50237   420567    1.11   14.23   21.01    8.17    8.17    109   44.38    4345   31.37   17740    0.83    0.70   -0.09
  0855    50237   420567    1.96   12.23   21.14    8.18    8.24    110   44.50    4344   31.36   17736    0.87    0.69    0.04
  0855    50237   420567    3.07   11.79   21.05    8.18    8.28    110   44.39    4344   31.36   17738    0.78    0.73    0.03
  0856    50237   420567    3.97    8.21   21.20    8.18    8.26    110   44.53    4342   31.35   17729    0.85    0.70    0.02
  0856    50237   420567    5.00    6.67   21.01    8.18    8.27    110   44.44    4350   31.41   17766    0.88    0.56    0.05
  0856    50237   420567    5.97    6.24   19.04    8.17    8.47    109   42.43    4331   31.26   17687    1.34    0.68    0.25
  0857    50237   420567    7.02    5.92   15.22    8.14    8.15     97   38.99    4331   31.27   17709    1.94    0.54    0.09
  0857    50237   420567    8.03    5.75   14.64    8.13    7.93     93   38.46    4329   31.26   17704    1.83    0.86    0.30
  0858    50237   420567    9.06    5.33   14.36    8.14    7.81     91   38.21    4329   31.26   17704    1.36    0.77    0.14
  0858    50237   420567    9.98    4.43   14.23    8.14    7.69     90   38.09    4329   31.26   17705    1.12    0.71    0.11
  0859    50237   420567   10.67    4.35   14.15    8.11    7.28     85   38.02    4329   31.26   17705    1.14    0.74    0.03
 -0840    51570   421919    0.99   14.22   20.13    8.20    8.71    114   43.53    4341   31.34   17727    0.75    0.77    0.09
  0841    51570   421919    2.08   14.11   20.11    8.20    8.71    114   43.51    4341   31.34   17729    0.81    0.60    0.05
  0841    51570   421919    3.07   14.67   20.08    8.20    8.67    113   43.49    4341   31.34   17730    0.96    0.68    0.04
  0841    51570   421919    4.10   13.79   20.09    8.20    8.65    113   43.50    4341   31.34   17730    0.86    0.64    0.07
  0842    51570   421919    5.02   13.51   16.70    8.24    9.45    116   40.38    4338   31.32   17735    1.12    0.63   -0.13
  0843    51570   421919    5.97   12.80   15.14    8.17    8.63    103   38.91    4330   31.26   17703    1.28    0.63    0.05
  0843    51570   421919    6.98   11.58   14.87    8.13    8.01     95   38.67    4330   31.26   17705    1.30    0.64   -0.07
  0843    51570   421919    7.95   10.36   14.62    8.14    7.90     93   38.46    4331   31.27   17712    1.71    0.74    0.28
  0844    51570   421919    9.01    9.20   14.45    8.12    7.72     91   38.30    4330   31.26   17707    1.68    0.75    0.20
  0844    51570   421919    9.99    8.24   14.40    8.11    7.52     88   38.25    4330   31.26   17706    1.47    0.70    0.23
  0844    51570   421919   10.97    7.44   14.34    8.11    7.40     87   38.19    4330   31.26   17706    1.21    0.71    0.26
  0844    51570   421919   12.04    6.63   14.26    8.09    7.22     84   38.13    4330   31.26   17708    1.27    0.85    0.17
  0845    51570   421919   13.06    5.48   14.21    8.09    7.06     82   38.08    4330   31.26   17708    0.95    0.67    0.19
  0845    51570   421919   14.04    4.55   14.16    8.07    6.78     79   38.04    4330   31.26   17709    0.69    0.66    0.08
  0846    51570   421919   14.89    5.02   14.12    8.06    6.57     76   38.01    4330   31.26   17709    1.01    0.95    0.24
  0846    51570   421919   16.07    2.75   14.07    8.04    6.38     74   37.96    4330   31.26   17709    0.99    1.06    0.14
  0846    51570   421919   17.08    1.51   14.05    8.03    6.26     73   37.94    4330   31.26   17709    0.75    1.06    0.09
  0846    51570   421919   18.03    0.63   14.04    8.03    6.14     71   37.93    4330   31.26   17708    0.91    1.13    0.22
 -0821    53468   423729    1.02   10.56   18.48    8.21    8.95    114   41.97    4338   31.31   17722    1.04    0.92    0.04
  0822    53468   423729    1.98   13.37   18.65    8.21    8.91    113   42.14    4338   31.32   17722    0.97    0.94    0.12
  0822    53468   423729    2.99   14.83   18.59    8.20    8.89    113   42.09    4338   31.32   17722    0.98    0.87    0.09
  0823    53468   423729    3.99   14.73   17.60    8.22    9.05    113   41.19    4338   31.32   17730    1.31    0.78   -0.06
  0823    53468   423729    4.98   13.85   16.17    8.21    9.30    113   39.88    4335   31.30   17723    1.41    0.69    0.08
  0824    53468   423729    5.99   12.90   15.67    8.22    9.25    111   39.44    4332   31.27   17708    1.17    0.59    0.08
  0824    53468   423729    6.98   11.79   15.42    8.20    9.11    109   39.17    4332   31.27   17709    1.33    0.65    0.15
  0825    53468   423729    7.96   10.71   14.51    8.06    7.11     83   38.35    4330   31.26   17706    1.66    0.67    0.25
  0825    53468   423729    8.95    9.83   14.40    8.03    6.51     76   38.25    4330   31.26   17706    1.33    0.84    0.16
  0826    53468   423729    9.99    8.86   14.39    8.03    6.43     75   38.24    4330   31.26   17707    1.27    0.80    0.05
  0826    53468   423729   11.03    7.91   14.34    8.03    6.34     74   38.20    4330   31.26   17709    0.98    0.94    0.28
  0826    53468   423729   12.12    6.82   14.32    8.03    6.28     73   38.17    4329   31.26   17705    1.12    0.84    0.25
  0826    53468   423729   12.97    5.89   14.31    8.03    6.27     73   38.16    4330   31.26   17706    0.98    1.04    0.39
  0827    53468   423729   14.01    4.69   14.30    8.03    6.27     73   38.16    4330   31.26   17706    0.91    0.99    0.11
  0827    53468   423729   15.09    3.63   14.28    8.04    6.28     73   38.15    4330   31.26   17706    0.88    0.86    0.21
  0827    53468   423729   16.11    2.40   14.27    8.04    6.30     74   38.13    4330   31.26   17707    0.78    0.86    0.20
  0828    53468   423729   17.03    1.37   14.26    8.03    6.25     73   38.12    4330   31.26   17707    0.75    1.18    0.12
 -0802    54997   423866    0.90   15.07   19.16    8.20    8.86    114   42.61    4338   31.32   17721    0.61    0.67    0.03
  0802    54997   423866    1.97   17.93   18.44    8.20    8.90    113   41.94    4337   31.31   17717    0.89    0.85    0.05
  0803    54997   423866    3.12   18.46   17.14    8.19    8.74    108   40.71    4332   31.27   17702    1.11    1.31    0.10
  0803    54997   423866    3.91   18.86   15.92    8.20    8.95    108   39.60    4330   31.26   17701    1.40    0.75    0.13
  0803    54997   423866    4.92   18.34   15.42    8.13    8.44    101   39.18    4332   31.27   17710    1.28    1.53    0.12
  0804    54997   423866    5.93   17.59   15.26    8.12    7.76     92   39.01    4330   31.26   17702    1.59    1.34    0.12
  0805    54997   423866    6.99   16.81   14.98    8.12    7.80     92   38.78    4332   31.28   17714    1.89    1.03    0.17
  0805    54997   423866    7.94   16.28   14.78    8.10    7.45     88   38.58    4330   31.26   17704    2.01    0.72    0.27
  0806    54997   423866    9.11   15.19   14.61    8.07    7.09     83   38.44    4330   31.26   17706    1.51    0.76    0.13
  0806    54997   423866   10.02   13.63   14.51    8.05    6.70     79   38.34    4330   31.26   17705    1.29    0.77    0.23
  0807    54997   423866   11.01   12.93   14.37    8.03    6.46     76   38.23    4330   31.27   17710    0.75    1.02    0.29
  0807    54997   423866   12.08   12.22   14.32    8.03    6.38     75   38.17    4330   31.26   17706    0.69    1.13    0.07
  0808    54997   423866   13.02   11.53   14.30    8.04    6.35     74   38.15    4329   31.26   17705    0.70    0.98    0.32
  0809    54997   423866   14.04   10.91   14.28    8.04    6.35     74   38.14    4329   31.26   17705    0.50    1.19    0.20
  0810    54997   423866   14.96   11.13   14.24    8.03    6.26     73   38.11    4330   31.26   17706    0.43    1.77    0.11
  0810    54997   423866   15.94    9.92   14.23    8.02    6.16     72   38.09    4330   31.26   17707    0.45    1.19    0.27
  0811    54997   423866   16.99    8.75   14.22    8.02    6.12     71   38.09    4330   31.26   17707    0.36    1.17    0.15
  0811    54997   423866   17.99    7.89   14.19    8.01    6.03     70   38.07    4330   31.26   17708    0.33    1.32    0.36
  0811    54997   423866   19.04    7.20   14.19    8.00    5.93     69   38.06    4330   31.26   17707    0.27    1.07    0.10
  0812    54997   423866   19.90    6.72   14.18    8.00    5.84     68   38.06    4330   31.26   17708    0.54    1.13    0.17
  0812    54997   423866   20.94    4.38   14.17    8.00    5.78     67   38.05    4330   31.26   17709    0.37    1.25    0.10
  0813    54997   423866   21.92    2.96   14.17    8.00    5.77     67   38.04    4330   31.26   17708    0.42    1.19    0.21
  0813    54997   423866   22.89    1.59   14.17    8.00    5.77     67   38.04    4330   31.26   17708    0.54    1.25    0.06
  0814    54997   423866   24.07    0.31   14.14    7.99    5.65     66   38.03    4330   31.27   17710    0.24    1.28    0.20
 -0744    56810   421840    0.94   15.75   20.59    8.20    8.70    115   43.98    4343   31.35   17735    0.52    0.54    0.02
  0745    56810   421840    1.98   14.73   20.00    8.20    8.77    114   43.41    4341   31.34   17728    0.65    0.46    0.10
  0745    56810   421840    2.96   13.80   16.49    8.24    9.27    113   40.13    4332   31.28   17708    0.87    0.51   -0.11
  0745    56810   421840    4.09   12.66   15.63    8.19    9.04    109   39.34    4329   31.25   17698    1.04    1.01   -0.08
  0746    56810   421840    5.01   11.69   15.33    8.13    8.29     99   39.06    4328   31.25   17695    1.28    0.65    0.04
  0746    56810   421840    6.00   10.68   15.15    8.13    8.07     96   38.90    4328   31.25   17695    1.28    0.67    0.20
  0747    56810   421840    6.94    9.67   14.94    8.11    7.80     92   38.72    4329   31.25   17698    1.33    0.69    0.20
  0747    56810   421840    7.95    8.59   14.82    8.10    7.62     90   38.60    4328   31.25   17697    1.71    0.71    0.29
  0747    56810   421840    9.03    7.45   14.72    8.08    7.29     86   38.52    4329   31.25   17699    1.55    0.74    0.28
  0748    56810   421840   10.05    6.42   14.64    8.05    6.91     81   38.44    4328   31.25   17697    1.59    0.59    0.15
  0748    56810   421840   11.08    5.36   14.36    8.02    6.34     74   38.20    4329   31.25   17702    0.78    1.16    0.11
  0748    56810   421840   12.09    4.29   14.35    8.01    6.16     72   38.20    4329   31.26   17703    1.04    1.10    0.10
  0749    56810   421840   13.05    3.33   14.34    8.01    6.05     71   38.19    4329   31.25   17703    0.81    1.25    0.21
  0749    56810   421840   14.10    2.37   14.34    8.01    6.00     70   38.19    4329   31.25   17703    1.01    1.30    0.23
  0749    56810   421840   15.00    1.55   14.34    8.01    5.97     70   38.19    4329   31.26   17704    1.17    1.35    0.08
  0750    56810   421840   15.96    0.47   14.33    8.01    5.95     70   38.19    4329   31.26   17704    1.14    1.46    0.24
 -0723    60099   419715    1.04    9.41   19.70    8.14    8.30    108   42.90    4321   31.18   17638    0.88    0.74    0.07
  0724    60099   419715    1.97    8.80   18.07    8.16    8.73    110   41.53    4329   31.24   17683    1.11    0.69    0.02
  0724    60099   419715    3.06    7.95   16.39    8.19    8.96    109   40.01    4329   31.25   17692    1.05    0.73    0.12
  0724    60099   419715    4.06    7.03   15.70    8.15    8.61    103   39.39    4328   31.25   17694    0.91    0.45    0.16
  0725    60099   419715    5.06    6.21   15.46    8.11    8.06     96   39.17    4328   31.24   17693    1.34    0.63    0.11
  0725    60099   419715    5.98    5.34   15.13    8.11    7.88     94   38.88    4328   31.24   17694    1.38    0.78    0.10
  0726    60099   419715    7.04    4.20   14.80    8.04    6.84     81   38.58    4327   31.24   17694    1.62    0.70    0.25
  0726    60099   419715    8.09    3.17   14.72    7.99    6.49     76   38.52    4328   31.25   17697    1.62    1.00    0.28
  0726    60099   419715    9.02    2.26   14.59    7.92    5.24     62   38.39    4328   31.24   17696    1.97    1.42    0.45
  0727    60099   419715   10.01    1.34   14.50    7.82    3.84     45   38.32    4328   31.24   17696    1.51    2.39    0.36
 -0706    61485   416437    1.10    5.02   22.00    8.16    8.42    114   45.23    4338   31.31   17706    0.82    0.61    0.01
  0707    61485   416437    2.00    4.27   21.73    8.14    8.36    113   44.99    4340   31.32   17713    0.78    0.62    0.05
  0707    61485   416437    3.02    3.31   20.90    8.15    8.51    113   44.17    4334   31.28   17690    1.07    0.73    0.05
  0707    61485   416437    3.96    2.52   17.73    8.09    7.80     97   41.11    4317   31.15   17631    1.18    0.88    0.04
  0708    61485   416437    4.99    1.55   15.86    8.00    6.52     79   39.47    4321   31.18   17657    1.62    1.01    0.07
  0708    61485   416437    6.00    0.55   15.30    7.90    5.23     62   38.99    4324   31.21   17674    1.76    1.29    0.25
 -0652    61702   413622    0.94    6.74   21.82    8.14    8.32    112   44.43    4277   30.82   17422    0.57    0.59    0.11
  0652    61702   413622    2.00    5.65   21.82    8.14    8.32    112   44.47    4281   30.85   17437    0.63    0.65   -0.04
  0652    61702   413622    3.11    4.50   21.52    8.14    8.42    113   44.32    4293   30.95   17497    0.73    0.77    0.17
  0653    61702   413622    4.06    3.40   18.99    8.12    8.29    106   42.26    4313   31.11   17606    1.11    0.71    0.10
  0654    61702   413622    5.07    2.34   15.58    7.97    6.18     74   39.19    4318   31.16   17646    2.39    1.10    0.17
  0654    61702   413622    5.98    1.32   14.98    7.80    4.04     48   38.67    4320   31.18   17657    2.92    1.45    0.46
