# MEETVAARTUIG : M.C.ECOS2 YSI
# MEETDATUM    : 15-08-2016 14:04:52
# MEETGEBIED   :
# STARTPUNT    :
# EINDPUNT     :
# PROJECTCODE  :
# OPDRACHTGEVER:
# BEHEERDER    :
# BEMONST. INST:
# WAARNEMER(S) : K. De Vlaam
#
* 20160815
$ 9999 [000000000000000]
>TIJD      uumm                    
>X         coordinaat              
>Y         coordinaat              
>SENSHTE   Diepte set        m     
>Echms     Echoset           mtrs  
>Temp      Temperatuur       oC        : 10  1.0  11  1.0
>pH        Zuurgraad         dimsls
>O2        Zuurstof          mg/l  
>%O2       Zuurstof%         %     
>GELBH     Geleidendheid     mS/cm 
>GEL20     Gel20             ???   
>SALNTT    Saliniteit        dimsl 
>CL-       Chloride          mg/l      : 16500  125  13  125
>CHFLYSI   Chlorofyl         ugr/l 
>TURBID    Troebelheid       NTU   
 -1405  50841 419697   1.01   8.11  19.96   8.16  10.50   136  41.37  4141  29.73  16798   1.90  -0.20
  1405  50806 419743   1.94   6.23  19.84   8.16  10.40   135  41.27  4141  29.73  16802   2.40  -0.10
  1406  50801 419762   3.02   0.00  19.71   8.18  10.10   130  41.18  4143  29.75  16813   3.00  -0.20
  1407  50799 419759   3.99   2.24  19.66   8.15   9.97   128  41.13  4143  29.75  16811   2.40   0.00
  1408  50793 419753   5.07   2.38  19.36   8.01   8.15   104  40.92  4148  29.79  16837   1.50  -0.10
  1409  50801 419748   6.04   1.29  19.33   7.97   6.97    89  40.89  4148  29.79  16836   0.70  -0.40
 -1415  50204 420449   0.96  14.83  19.83   8.07   8.51   110  41.21  4136  29.69  16778   1.20   0.10
  1415  50192 420469   2.00  14.19  19.83   8.07   8.51   110  41.21  4136  29.69  16778   1.10  -0.40
  1415  50187 420475   2.98  12.73  19.81   8.07   8.52   110  41.20  4137  29.70  16781   1.30  -0.40
  1415  50185 420477   4.01  11.39  19.78   8.06   8.52   110  41.18  4137  29.70  16785   1.30  -0.50
  1416  50183 420480   4.97   9.93  19.76   8.06   8.47   109  41.17  4138  29.71  16788   1.20  -0.50
  1416  50184 420485   6.01   9.96  19.79   8.06   8.29   107  41.19  4137  29.70  16785   1.30  -0.50
  1417  50185 420486   7.07   9.11  19.71   8.05   8.30   107  41.18  4143  29.75  16813   1.20  -0.40
  1418  50193 420491   7.98   9.28  19.40   7.98   7.48    96  40.93  4146  29.77  16825   0.80  -0.50
  1419  50197 420491   8.98   8.48  19.36   7.97   7.15    91  40.90  4146  29.78  16828   0.80  -0.50
  1419  50209 420489   9.90   0.00  19.37   7.97   7.07    90  40.90  4145  29.77  16824   0.50  -0.40
  1420  50213 420481  10.95   6.91  19.32   7.96   6.96    89  40.87  4147  29.78  16830   0.60  -0.50
  1420  50210 420469  12.09   5.66  19.17   7.92   6.66    85  40.78  4151  29.81  16851   0.60  -0.20
  1421  50204 420469  12.94   4.70  19.12   7.92   6.50    83  40.76  4153  29.83  16862   0.60  -0.20
  1421  50200 420468  13.98   3.29  19.11   7.92   6.45    82  40.79  4157  29.87  16881   0.60  -0.20
  1422  50195 420468  15.12   1.68  19.07   7.91   6.31    80  40.75  4157  29.86  16878   0.60  -0.10
  1423  50195 420480  16.04   1.16  18.91   7.86   5.69    72  40.62  4158  29.87  16884   0.60   0.40
 -1433  51353 421681   1.03   1.63  20.07   8.18  10.20   133  41.42  4136  29.69  16776   2.40  -0.10
  1433  51405 421755   1.97   0.00  20.02   8.19  10.30   134  41.38  4136  29.69  16778   2.60   0.00
  1433  51408 421758   3.04  15.40  19.98   8.19  10.30   134  41.33  4135  29.68  16772   2.90  -0.10
  1434  51407 421756   4.01   0.75  19.88   8.18  10.30   133  41.25  4136  29.69  16776   3.10  -0.10
  1435  51406 421750   5.01   1.13  19.48   8.09   9.11   117  41.00  4146  29.77  16825   1.80  -0.30
  1435  51407 421745   5.96  12.53  19.56   8.11   8.74   112  41.06  4145  29.76  16820   2.30   0.00
  1436  51407 421740   7.06  11.44  19.45   8.07   8.26   106  41.01  4149  29.80  16842   1.80  -0.20
  1437  51400 421741   7.95  11.06  19.45   8.06   7.91   101  41.00  4148  29.79  16837   1.80  -0.20
  1438  51394 421742   8.96  10.15  19.40   8.04   7.77   100  40.98  4151  29.81  16849   1.60  -0.20
  1438  51392 421742  10.00   9.06  19.38   8.04   7.75    99  40.98  4152  29.83  16857   1.60   0.10
  1439  51389 421745  10.94   8.13  19.36   8.03   7.49    96  41.01  4157  29.87  16879   2.10  -0.10
  1440  51392 421760  11.99   6.45  19.14   7.92   6.40    82  41.02  4178  30.03  16976   0.70  -0.30
  1440  51392 421764  12.92   5.23  19.13   7.89   6.14    78  41.21  4198  30.19  17070   0.50  -0.30
  1440  51391 421766  13.95   4.13  19.17   7.83   5.47    70  41.54  4228  30.43  17209   0.20  -0.30
  1441  51390 421765  15.11   2.96  19.19   7.81   4.46    57  41.68  4241  30.53  17267   0.10  -0.40
  1441  51392 421764  16.03   2.26  19.22   7.78   4.01    51  41.80  4250  30.61  17310   0.10  -0.40
  1442  51398 421758  16.96   1.81  19.21   7.75   3.59    46  41.80  4251  30.62  17315   0.20  -0.40
 -1458  53373 423706   0.97   0.80  19.94   8.13   9.68   125  41.27  4132  29.66  16760   2.20  -0.30
  1458  53397 423729   2.00   0.00  19.54   8.11   9.57   123  40.96  4136  29.70  16781   3.30  -0.30
  1459  53393 423734   2.97  13.64  19.90   8.13   8.57   111  41.21  4130  29.64  16749   2.50  -0.30
  1500  53393 423753   4.05  14.39  19.55   8.10   8.38   108  40.89  4128  29.63  16745   2.80  -0.40
  1501  53393 423756   4.89  13.59  19.50   8.06   8.48   109  40.89  4133  29.67  16765   2.50  -0.40
  1501  53395 423755   5.91  12.58  19.57   8.11   8.20   105  40.92  4130  29.64  16750   2.20  -0.30
  1503  53405 423732   6.98   8.50  19.06   7.97   6.97    89  40.47  4129  29.64  16751   0.90  -0.50
  1503  53410 423727   7.98   6.64  19.12   7.94   6.68    85  40.57  4134  29.68  16773   0.80  -0.50
  1504  53420 423731   8.90   5.56  19.08   7.94   6.53    83  40.49  4129  29.64  16752   0.60  -0.50
  1505  53433 423733  10.06   3.79  19.13   7.92   6.46    82  40.63  4139  29.72  16797   0.80  -0.40
  1505  53437 423743  11.03   3.09  19.11   7.92   6.40    82  40.62  4140  29.73  16800   0.60  -0.50
  1505  53436 423750  12.10   2.78  19.10   7.92   6.39    81  40.64  4143  29.75  16814   0.60  -0.50
  1505  53433 423758  13.04   2.64  19.12   7.92   6.37    81  40.66  4143  29.75  16815   0.60  -0.50
  1506  53430 423768  13.90   3.09  19.13   7.92   6.37    81  40.69  4145  29.77  16825   0.70  -0.40
  1506  53424 423774  15.08   3.08  19.17   7.92   6.33    81  40.77  4150  29.81  16846   0.60  -0.40
  1506  53422 423772  15.98   2.25  19.16   7.91   6.25    80  40.76  4150  29.80  16846   0.70  -0.30
  1507  53422 423769  17.04   1.03  19.15   7.90   6.14    78  40.75  4150  29.80  16845   0.50  -0.20
 -1516  54868 423997   1.01  22.98  19.57   8.06   8.48   109  40.90  4128  29.63  16741   1.80  -0.30
  1516  54903 424003   2.01   0.00  19.54   8.06   8.48   109  40.87  4127  29.62  16739   1.70  -0.20
  1517  54915 423998   2.98  20.14  19.24   7.99   7.59    97  40.64  4130  29.65  16756   1.10  -0.50
  1518  54921 423998   3.94  19.05  19.23   7.98   7.37    94  40.63  4130  29.65  16755   1.10  -0.50
  1519  54910 423999   5.11  18.22  19.26   8.01   7.54    96  40.65  4130  29.64  16752   1.20  -0.50
  1519  54901 424001   5.95  17.73  19.23   8.00   7.43    95  40.63  4130  29.65  16755   1.10  -0.50
  1520  54888 423993   6.90  16.23  19.23   8.00   7.48    95  40.61  4128  29.63  16746   1.30  -0.50
  1521  54883 423980   8.01  14.50  19.23   7.99   7.25    92  40.63  4130  29.65  16755   0.80  -0.40
  1521  54876 423976   9.00  13.26  19.21   7.98   7.12    91  40.63  4132  29.66  16764   1.00  -0.60
  1521  54875 423976   9.88  12.39  19.20   7.97   7.11    91  40.63  4133  29.67  16768   1.00  -0.50
  1522  54869 423980  11.09  11.46  19.16   7.96   6.75    86  40.61  4134  29.68  16775   0.50  -0.50
  1523  54875 423987  11.98  11.09  19.15   7.95   6.64    85  40.61  4135  29.69  16779   0.60  -0.60
  1523  54880 423988  13.05  10.09  19.15   7.94   6.62    84  40.62  4136  29.70  16784   0.60  -0.50
  1524  54887 423987  14.00   9.13  19.16   7.94   6.55    84  40.66  4140  29.72  16798   0.50  -0.60
  1524  54895 423987  14.90   8.24  19.16   7.94   6.51    83  40.67  4141  29.73  16803   0.50  -0.50
  1524  54900 423987  15.93   7.13  19.15   7.93   6.48    82  40.67  4141  29.74  16807   0.60  -0.50
  1525  54905 423989  16.95   6.09  19.15   7.93   6.43    82  40.68  4142  29.75  16812   0.60  -0.30
  1525  54907 423991  17.97   5.23  19.15   7.93   6.41    82  40.67  4141  29.74  16807   0.60  -0.40
  1525  54908 423992  19.10   4.33  19.15   7.93   6.40    82  40.67  4141  29.74  16807   0.60  -0.40
  1525  54908 423994  20.06   3.50  19.16   7.93   6.38    81  40.68  4142  29.74  16808   0.60  -0.40
  1526  54907 423995  20.99   2.73  19.16   7.92   6.37    81  40.68  4142  29.74  16808   0.60  -0.50
  1526  54906 423995  21.97   1.95  19.16   7.92   6.35    81  40.69  4143  29.75  16813   0.50  -0.40
  1526  54901 423996  23.08   0.75  19.15   7.91   6.26    80  40.69  4143  29.75  16817   0.40  -0.50
 -1541  56804 421923   1.00  15.31  20.05   8.09   8.54   111  41.31  4127  29.62  16734   1.30  -0.50
  1541  56812 421895   2.01  14.50  20.05   8.10   8.56   111  41.31  4127  29.62  16734   1.30  -0.50
  1542  56815 421886   3.08  13.58  20.04   8.10   8.56   111  41.31  4127  29.62  16738   1.60  -0.50
  1542  56818 421879   3.91  12.84  20.04   8.10   8.55   111  41.31  4127  29.62  16738   1.40  -0.60
  1542  56821 421878   4.99  11.71  19.94   8.09   8.55   110  41.23  4128  29.63  16742   1.30  -0.50
  1543  56815 421897   5.97  10.56  19.49   8.06   7.74    99  40.80  4125  29.60  16727   1.10  -0.50
  1544  56808 421894   6.96   9.73  19.31   8.05   7.60    97  40.65  4125  29.61  16732   1.00  -0.60
  1544  56805 421894   8.10   8.65  19.24   8.05   7.56    96  40.59  4125  29.61  16732   0.90  -0.60
  1545  56803 421893   8.98   7.83  19.24   8.04   7.50    96  40.58  4124  29.60  16728   0.70  -0.50
  1546  56802 421893  10.16   6.70  19.14   8.01   7.11    90  40.47  4122  29.58  16717   0.80  -0.60
  1546  56803 421894  10.94   5.91  19.12   8.01   7.08    90  40.46  4123  29.59  16721   0.60  -0.60
  1547  56807 421897  12.14   4.61  19.15   7.99   6.84    87  40.50  4124  29.60  16727   0.50  -0.60
  1547  56809 421897  12.98   3.79  19.16   7.98   6.78    86  40.50  4123  29.59  16723   0.50  -0.60
  1548  56811 421897  13.91   2.91  19.16   7.97   6.56    84  40.52  4125  29.61  16733   0.40  -0.70
  1548  56811 421897  14.96   1.90  19.16   7.96   6.54    83  40.53  4126  29.62  16737   0.30  -0.70
  1549  56802 421898  15.93   0.96  19.09   7.94   6.25    80  40.45  4124  29.60  16729   0.20  -0.60
 -1608  60070 419822   1.10  10.40  20.68   8.12   7.95   104  41.91  4131  29.65  16752   0.70  -0.20
  1608  60101 419778   2.02   9.64  20.24   8.10   8.01   104  41.53  4132  29.66  16757   0.70  -0.50
  1609  60110 419762   3.15   8.81  19.93   8.09   7.98   103  41.20  4126  29.61  16732   0.80  -0.50
  1610  60110 419736   4.02   7.70  19.83   8.08   7.70    99  41.11  4126  29.61  16732   0.60  -0.60
  1611  60108 419737   4.98   6.75  20.06   8.10   7.47    97  41.32  4127  29.62  16734   0.50  -0.60
  1612  60108 419742   5.91   5.95  19.56   8.02   7.32    94  40.90  4128  29.63  16745   0.60  -0.50
  1613  60113 419749   6.93   5.13  19.46   7.98   6.39    82  40.77  4124  29.60  16726   0.40  -0.30
  1614  60111 419749   7.99   4.03  19.32   7.95   5.97    76  40.63  4122  29.59  16718   0.50  -0.20
  1614  60105 419751   8.98   2.96  18.93   7.88   5.51    70  40.20  4113  29.51  16677   0.50   0.10
  1616  60095 419746   9.96   1.71  18.94   7.87   4.28    54  40.25  4117  29.55  16697   0.40   0.50
  1616  60094 419738  10.96   0.00  19.01   7.87   4.31    55  40.29  4115  29.53  16687   0.40   0.50
 -1633  61480 416551   1.18   5.53  20.62   8.11   7.79   102  41.72  4118  29.55  16690   9.00   4.10
  1634  61479 416504   2.03   4.65  20.57   8.12   7.60    99  41.67  4117  29.54  16687   1.10  -0.20
  1634  61476 416498   3.07   3.60  20.48   8.11   7.58    99  41.57  4115  29.52  16678   0.60  -0.40
  1635  61472 416494   3.92   2.65  20.54   8.12   7.41    97  41.64  4117  29.54  16686   0.30  -0.60
  1635  61471 416497   5.04   1.63  20.08   8.10   7.41    96  41.17  4110  29.49  16657   0.30  -0.60
  1636  61466 416505   6.03   0.75  19.91   8.09   6.56    85  41.04  4112  29.50  16666   0.50  -0.30
 -1650  61680 413810   1.00   6.26  21.37   8.24   9.05   120  42.18  4098  29.39  16596   0.60  -0.40
  1651  61689 413640   1.98   0.00  21.02   8.23   8.46   112  41.91  4102  29.42  16615   0.60  -0.60
  1651  61688 413644   3.02   4.83  20.91   8.21   8.52   112  41.74  4095  29.36  16582   0.60  -0.50
  1652  61686 413647   3.96   3.94  20.00   8.17   8.08   104  40.94  4094  29.36  16584   0.50  -0.70
  1652  61684 413649   5.13   2.71  19.76   8.14   7.75   100  40.65  4086  29.29  16547   0.30  -0.60
  1653  61681 413652   5.95   1.89  19.50   8.11   7.14    91  40.44  4087  29.30  16555   0.30  -0.70
  1654  61682 413645   7.03   0.83  19.37   8.11   6.74    86  40.33  4087  29.31  16557   0.20  -0.70
