# MEETVAARTUIG         : []
# MEETDATUM            : 11-06-2025 00:00:00
# MEETGEBIED           : []
# STARTPUNT            : []
# EINDPUNT             : []
# PROJECTCODE          : []
# OPDRACHTGEVER        : []
# BEHEERDER            : []
# BEMONST. INST        : []
# WAARNEMER(S)         : []
#
* 20250611
$ 9999 [00000000000000000000]
>TIJD       uumm                         
>X          coordinaat                   
>Y          coordinaat                   
>SENSHTE    Diepte set           m       
>T          Temperatuur          oC      
>pH         Zuurgraad            pH      
>%O2        Zuurstof%            %       
>O2         Zuurstof             mg/l    
>CL-        Chloride             mg/l    
>PHYCOUGL   Phycocyanine         ug/l    
>SALNTT     Saliniteit           dimsl   
>GELDHD     Geleidendheid        ???     
>TURBID     Troebelheid          NTU     
>CHLFRFU    Chlorofyl            RFU     
>GELBH      Geleidendheid        mS/cm   
>Echms      Echoset              mtrs    
 -0951    50783   419733    1.00   17.69    8.11     95    7.65   16851   -0.57   29.81 4149.28    1.71    0.83   39.48    0.61
  0952    50785   419730    2.37   17.69    8.11     96    7.74   16849   -0.58   29.80 4148.84    1.53    1.07   39.47    0.33
  0952    50791   419729    3.06   17.71    8.11     96    7.69   16852   -0.56   29.81 4149.60    1.42    0.79   39.49    6.15
  0953    50795   419728    4.33   17.65    8.12     97    7.77   16853   -0.59   29.81 4149.79    1.28    1.05   39.45    4.57
  0953    50797   419729    4.98   17.66    8.12     97    7.79   16852   -0.52   29.81 4149.50    1.29    1.14   39.45    4.12
  0953    50797   419729    6.06   17.64    8.13     97    7.79   16852   -0.55   29.81 4149.48    1.47    1.00   39.43    3.19
  0954    50798   419728    6.98   17.64    8.13     97    7.83   16843   -0.56   29.79 4147.65    1.41    1.04   39.42    2.44
  0955    50801   419724    8.10   17.59    8.13     97    7.82   16854   -0.62   29.81 4149.93    1.59    0.99   39.39    1.32
 -0939    50246   420447    1.05   17.34    8.14    101    8.17   16818   -0.47   29.75 4141.83    0.97    1.51   39.10    0.41
  0940    50222   420449    2.06   17.32    8.14    101    8.17   16809   -0.42   29.73 4139.78    0.83    1.76   39.07   15.33
  0940    50214   420449    3.00   17.33    8.14    101    8.17   16813   -0.42   29.74 4140.81    0.89    1.96   39.08   13.73
  0940    50212   420452    3.97   17.30    8.14    100    8.15   16825   -0.57   29.76 4143.37    0.82    1.68   39.08    0.00
  0941    50210   420455    5.05   17.31    8.14    100    8.14   16828   -0.53   29.76 4143.92    0.73    1.48   39.09    0.00
  0941    50206   420459    6.00   17.26    8.14     99    8.06   16830   -0.41   29.77 4144.36    0.85    1.67   39.06    5.07
  0941    50200   420462    6.98   17.27    8.14     99    8.04   16832   -0.54   29.77 4144.80    0.80    1.33   39.07    9.95
  0942    50198   420464    8.02   17.25    8.13     99    8.00   16836   -0.59   29.78 4145.57    0.94    1.29   39.06    8.94
  0942    50198   420464    9.05   17.26    8.13     98    7.97   16834   -0.57   29.77 4145.08    0.81    1.49   39.06    7.97
  0942    50199   420463    9.94   17.24    8.13     98    7.93   16837   -0.65   29.78 4145.77    0.89    1.28   39.06    0.00
  0943    50203   420461   10.89   17.23    8.13     97    7.88   16839   -0.50   29.78 4146.25    0.91    1.04   39.05    6.07
  0943    50208   420458   12.01   17.22    8.12     96    7.79   16841   -0.58   29.78 4146.56    0.98    1.27   39.04    4.87
  0943    50211   420455   12.92   16.96    8.09     93    7.61   16837   -0.53   29.78 4145.44    0.78    0.71   38.81    4.03
  0944    50213   420452   13.96   16.79    8.07     89    7.29   16831   -0.64   29.77 4143.97    0.92    1.08   38.65    2.86
  0944    50212   420448   15.03   16.78    8.07     87    7.17   16828   -0.58   29.76 4143.32    0.75    0.91   38.63    1.54
  0944    50209   420450   15.89   16.77    8.07     87    7.09   16825   -0.52   29.76 4142.76    1.30    0.58   38.62    0.79
 -0922    51439   421718    0.93   17.54    8.17    106    8.56   16672   -0.39   29.49 4110.31    0.72    2.08   38.98   14.07
  0923    51422   421712    2.09   17.54    8.17    106    8.56   16699   -0.31   29.54 4116.20    0.85    2.85   39.04   14.48
  0923    51412   421710    3.02   17.54    8.17    106    8.56   16718   -0.36   29.57 4120.32    0.74    2.53   39.07   14.83
  0924    51406   421709    4.04   17.54    8.17    106    8.54   16732   -0.45   29.60 4123.50    0.74    2.38   39.10   14.40
  0924    51412   421713    4.94   17.54    8.17    106    8.53   16746   -0.45   29.62 4126.52    0.74    2.52   39.13   13.42
  0924    51417   421716    6.06   17.52    8.16    105    8.47   16770   -0.41   29.66 4131.66    0.82    3.15   39.16   11.80
  0925    51421   421718    6.99   17.54    8.17    105    8.49   16774   -0.52   29.67 4132.58    0.76    2.85   39.19   10.68
  0925    51421   421722    8.05   17.37    8.15    103    8.37   16800   -0.49   29.72 4138.00    0.75    1.88   39.09    9.69
  0926    51416   421725    9.00   17.16    8.12     99    8.07   16800   -0.58   29.71 4137.65    0.70    1.62   38.91    8.78
  0926    51405   421729   10.07   17.07    8.10     95    7.78   16795   -0.55   29.71 4136.61    0.68    1.39   38.82    8.07
  0927    51399   421730   11.12   16.97    8.10     94    7.67   16799   -0.53   29.71 4137.20    0.73    1.33   38.74    7.85
  0927    51397   421730   11.93   16.92    8.09     93    7.58   16804   -0.46   29.72 4138.29    0.71    1.63   38.71    7.23
  0927    51397   421732   13.01   16.89    8.09     92    7.53   16808   -0.48   29.73 4139.09    0.78    1.04   38.69    5.89
  0928    51409   421739   14.01   16.87    8.09     91    7.44   16811   -0.52   29.73 4139.77    0.83    0.91   38.67    4.31
  0928    51411   421742   14.91   16.86    8.09     91    7.45   16815   -0.63   29.74 4140.49    0.70    1.37   38.68    3.24
  0929    51410   421743   16.09   16.84    8.09     90    7.37   16819   -0.62   29.74 4141.42    0.77    0.83   38.67    1.94
  0929    51407   421743   17.04   16.82    8.08     89    7.32   16819   -0.56   29.74 4141.31    0.87    1.18   38.65    0.99
 -0903    53497   423745    1.07   17.30    8.15    100    8.11   16834   -0.46   29.77 4145.26    0.91    0.95   39.10    9.27
  0903    53467   423747    2.01   17.18    8.14     99    8.01   16835   -0.44   29.78 4145.39    0.89    1.25   39.00    9.47
  0904    53441   423749    3.02   17.18    8.14     98    7.95   16835   -0.40   29.78 4145.31    0.87    1.09   39.00    9.90
  0904    53429   423749    4.03   17.18    8.14     98    7.93   16836   -0.48   29.78 4145.45    0.99    1.07   39.00    9.82
  0904    53427   423750    4.94   17.18    8.13     98    7.93   16836   -0.46   29.78 4145.57    0.91    1.27   39.00    9.24
  0905    53426   423750    6.02   17.18    8.14     97    7.91   16837   -0.44   29.78 4145.73    0.86    1.21   39.00    8.41
  0905    53426   423750    7.02   17.17    8.13     97    7.87   16836   -0.53   29.78 4145.56    0.90    1.16   38.99    7.29
  0906    53426   423748    7.98   17.16    8.13     97    7.85   16837   -0.61   29.78 4145.67    0.85    1.01   38.99    5.97
  0906    53424   423746    8.95   17.16    8.13     96    7.81   16838   -0.50   29.78 4145.98    0.82    1.26   38.98    5.39
  0906    53422   423747    9.98   17.17    8.13     96    7.81   16837   -0.57   29.78 4145.65    0.93    1.11   38.99    5.07
  0906    53421   423749   11.09   17.17    8.13     96    7.81   16837   -0.45   29.78 4145.65    0.85    1.03   38.99    4.54
  0907    53419   423751   12.01   17.17    8.13     96    7.79   16836   -0.50   29.78 4145.47    0.95    1.11   38.99    3.85
  0907    53415   423752   13.09   17.10    8.12     94    7.66   16837   -0.54   29.78 4145.58    1.08    0.74   38.93    2.79
  0907    53413   423752   14.12   17.13    8.12     94    7.65   16836   -0.60   29.78 4145.47    1.06    0.86   38.95    1.72
  0908    53409   423751   14.90   17.12    8.12     94    7.67   16838   -0.52   29.78 4145.81    0.99    0.76   38.95    1.19
 -0846    54974   423964    0.96   17.49    8.16    103    8.28   16840   -0.40   29.79 4146.71    0.70    1.19   39.28   18.71
  0846    54956   423970    1.97   17.49    8.17    103    8.29   16840   -0.53   29.79 4146.81    0.77    1.36   39.28   14.46
  0847    54939   423974    3.01   17.50    8.17    103    8.29   16842   -0.52   29.79 4147.25    0.68    1.55   39.29   17.80
  0847    54927   423977    4.10   17.49    8.16    102    8.26   16841   -0.50   29.79 4146.98    0.77    1.44   39.28   17.12
  0847    54917   423980    4.97   17.50    8.16    102    8.26   16842   -0.51   29.79 4147.16    0.73    1.35   39.29   16.64
  0848    54907   423981    6.02   17.48    8.16    102    8.24   16842   -0.55   29.79 4147.23    0.82    1.42   39.27   15.78
  0848    54896   423983    7.11   17.47    8.16    102    8.21   16841   -0.51   29.79 4146.84    0.70    1.28   39.27   14.84
  0848    54888   423983    7.92   17.48    8.16    101    8.19   16840   -0.39   29.79 4146.69    0.91    1.45   39.27   13.99
  0849    54882   423984    8.96   17.45    8.16    101    8.16   16840   -0.48   29.79 4146.78    0.73    1.14   39.24   13.12
  0849    54880   423984   10.01   17.45    8.16    101    8.13   16839   -0.49   29.78 4146.54    0.74    1.53   39.24   12.18
  0850    54878   423986   11.07   17.25    8.13     98    7.94   16837   -0.60   29.78 4145.90    0.96    0.95   39.07   11.32
  0850    54874   423989   12.01   17.13    8.11     95    7.75   16842   -0.63   29.79 4146.73    1.05    0.87   38.97   10.51
  0850    54872   423990   13.00   17.11    8.11     94    7.66   16835   -0.54   29.77 4145.19    0.92    0.88   38.93    9.66
  0851    54865   423993   14.22   17.10    8.11     93    7.56   16832   -0.59   29.77 4144.63    0.98    1.03   38.92    8.62
  0851    54863   423995   15.08   17.05    8.10     93    7.55   16833   -0.49   29.77 4144.73    0.83    0.83   38.88    7.80
  0852    54864   423998   16.05   16.98    8.09     90    7.38   16835   -0.63   29.77 4145.08    0.80    0.73   38.83    7.12
  0852    54868   424002   16.98   16.95    8.09     89    7.30   16833   -0.60   29.77 4144.52    0.87    0.85   38.79    6.42
  0852    54869   424004   18.06   16.95    8.09     89    7.28   16832   -0.64   29.77 4144.43    0.82    0.85   38.79    5.72
  0853    54866   424009   19.11   16.89    8.09     89    7.25   16833   -0.60   29.77 4144.59    0.94    0.60   38.74    5.73
  0853    54863   424012   20.05   16.86    8.08     88    7.19   16832   -0.62   29.77 4144.29    0.75    0.72   38.71    5.54
  0854    54863   424015   21.11   16.85    8.08     88    7.17   16833   -0.47   29.77 4144.55    0.66    0.77   38.70    4.84
  0854    54865   424017   22.01   16.82    8.08     87    7.13   16833   -0.52   29.77 4144.38    0.75    0.71   38.67    3.66
  0855    54867   424017   23.02   16.80    8.08     87    7.10   16832   -0.54   29.77 4144.14    0.71    0.53   38.66    1.75
  0855    54868   424015   23.93   16.78    8.08     86    7.08   16831   -0.62   29.76 4143.88    0.82    0.42   38.64    0.00
 -0824    56849   421884    1.03   17.29    8.17    101    8.16   16837   -0.44   29.78 4145.86    0.75    1.18   39.09   15.31
  0825    56835   421887    2.02   17.29    8.17    101    8.16   16838   -0.45   29.78 4146.07    0.71    1.20   39.10   14.46
  0825    56831   421887    2.96   17.28    8.17    101    8.15   16838   -0.51   29.78 4146.06    0.68    1.33   39.09   13.57
  0826    56828   421888    4.07   17.28    8.17    100    8.13   16838   -0.48   29.78 4146.02    0.85    1.25   39.09   12.53
  0826    56825   421889    5.07   17.28    8.17    100    8.13   16837   -0.49   29.78 4145.90    0.71    1.36   39.08   11.46
  0826    56824   421890    5.95   17.28    8.17    100    8.13   16839   -0.43   29.78 4146.18    0.75    1.17   39.09   10.62
  0827    56825   421890    6.93   17.28    8.17    100    8.12   16838   -0.43   29.78 4146.09    0.63    1.98   39.09    9.64
  0827    56825   421890    8.06   17.26    8.16    100    8.09   16838   -0.54   29.78 4146.15    0.78    1.30   39.08    8.57
  0827    56824   421892    8.99   17.25    8.16     99    8.05   16838   -0.45   29.78 4146.04    0.78    1.26   39.06    7.53
  0828    56821   421897   10.04   17.27    8.16     99    8.04   16838   -0.47   29.78 4146.13    0.77    1.23   39.08    6.48
  0828    56817   421903   11.02   17.28    8.17    100    8.09   16839   -0.46   29.78 4146.26    0.78    1.11   39.09    5.41
  0829    56816   421906   11.95   17.26    8.16    100    8.09   16839   -0.43   29.78 4146.35    0.80    1.26   39.08    4.45
  0829    56813   421908   13.01   17.22    8.16     99    8.06   16843   -0.66   29.79 4147.18    0.74    1.01   39.05    3.40
  0829    56811   421911   13.95   17.14    8.14     97    7.92   16837   -0.55   29.78 4145.78    0.82    0.96   38.96    2.42
  0830    56800   421917   14.95   16.91    8.10     92    7.50   16836   -0.58   29.77 4145.18    1.25    0.61   38.76    1.39
  0830    56793   421922   16.04   16.89    8.09     90    7.33   16835   -0.64   29.77 4145.01    1.27    0.54   38.75    0.45
 -0801    60153   419733    1.11   17.46    8.22    105    8.49   16853   -0.52   29.81 4149.62    0.71    0.84   39.28   10.78
  0802    60142   419739    2.04   17.49    8.22    105    8.47   16853   -0.47   29.81 4149.65    0.74    0.89   39.31    9.80
  0802    60136   419745    3.03   17.43    8.21    103    8.36   16861   -0.51   29.82 4151.17    0.78    1.04   39.27    8.80
  0802    60132   419748    3.94   17.32    8.19    101    8.20   16862   -0.52   29.82 4151.36    0.81    1.18   39.18    7.76
  0803    60129   419748    4.95   16.79    8.11     94    7.68   16872   -0.53   29.84 4152.91    0.88    1.46   38.73    6.70
  0803    60125   419749    6.05   16.72    8.09     87    7.15   16869   -0.55   29.83 4152.02    0.90    1.08   38.66    5.63
  0803    60121   419749    7.07   16.67    8.08     85    7.00   16871   -0.41   29.83 4152.44    0.93    1.10   38.62    4.53
  0803    60118   419751    8.09   16.65    8.07     83    6.83   16872   -0.47   29.84 4152.67    0.87    0.84   38.61    3.60
  0804    60114   419755    9.01   16.64    8.07     83    6.80   16873   -0.55   29.84 4152.84    0.91    0.96   38.60    2.68
  0804    60110   419759   10.18   16.62    8.11     85    7.01   16890   -0.45   29.87 4156.57    0.77    0.84   38.62    1.42
  0805    60103   419764   11.02   16.50    8.02     76    6.27   16891   -0.50   29.87 4156.73    1.52    0.81   38.52    0.60
 -0742    61505   416461    1.07   17.79    8.22    107    8.54   16910   -0.54   29.91 4162.25    0.57    0.63   39.68    5.11
  0743    61502   416470    2.04   17.78    8.22    106    8.54   16912   -0.60   29.91 4162.73    0.50    0.55   39.68    4.19
  0743    61498   416476    3.07   17.75    8.21    103    8.30   16960   -0.55   29.99 4172.94    0.69    0.73   39.75    3.27
  0743    61491   416480    3.98   17.01    8.15     93    7.60   16947   -0.61   29.97 4169.31    1.04    0.45   39.07    2.40
  0744    61489   416482    4.97   16.93    8.17     91    7.46   16952   -0.57   29.98 4170.34    0.94    0.53   39.01    1.45
  0744    61484   416486    6.06   16.84    8.13     86    7.02   16959   -0.53   29.99 4171.73    1.06    0.61   38.95    0.36
 -2359    61690   413650    0.00    9999    9999   9999    9999    9999    9999    9999    9999    9999    9999    9999    9999
  2359    61690   413650    7.00    9999    9999   9999    9999    9999    9999    9999    9999    9999    9999    9999    9999
