# MEETVAARTUIG : M.C.ECOS 8 VERTIKAAL
# MEETDATUM    : 09-09-2020 11:36:42
# MEETGEBIED   :
# STARTPUNT    :
# EINDPUNT     :
# PROJECTCODE  :
# OPDRACHTGEVER:
# BEHEERDER    :
# BEMONST. INST:
# WAARNEMER(S) : Michel
#
* 20200909
$ 9999 [000000000000000]
>TIJD      uumm                    
>X         coordinaat              
>Y         coordinaat              
>SENSHTE   Diepte set        m     
>Echms     Echoset           mtrs  
>Temp      Temperatuur       oC    
>pH        Zuurgraad         dimsls
>O2        Zuurstof          mg/l  
>%O2       Zuurstof%         %     
>GELBH     Geleidendheid     mS/cm 
>GEL20     Gel20             ???   
>SALNTT    Saliniteit        dimsl 
>CL-       Chloride          mg/l  
>CHFLYSI   Chlorofyl         ugr/l 
>TURBID    Troebelheid       NTU   
 -1137  50880 419699   1.03   6.78  18.16   7.90   7.63    97  42.31  4402  31.84  18025   0.34  -0.09
  1137  50859 419715   2.05   5.79  18.16   7.89   7.62    97  42.31  4402  31.83  18024   1.06   0.01
  1137  50857 419723   3.00   4.46  18.16   7.89   7.62    97  42.32  4402  31.83  18024   0.94  -0.11
  1138  50858 419730   4.01   2.91  18.16   7.89   7.62    97  42.32  4403  31.84  18028   0.92  -0.19
  1138  50853 419744   5.03   1.23  18.16   7.90   7.42    94  42.37  4409  31.89  18055   0.44  -0.04
 -1147  50220 420487   0.97  16.01  18.17   7.89   8.14   104  42.31  4401  31.83  18021   1.09  -0.05
  1147  50206 420476   1.99  14.99  18.15   7.89   8.11   103  42.29  4402  31.83  18022   1.64  -0.18
  1147  50209 420479   3.02  14.41  18.12   7.89   8.09   103  42.28  4402  31.84  18026   2.17   0.04
  1148  50212 420481   4.00  13.59  18.11   7.90   8.04   102  42.26  4401  31.83  18022   1.66   0.00
  1148  50224 420495   5.00  12.49  18.10   7.90   8.01   102  42.26  4402  31.83  18024   1.21  -0.06
  1149  50239 420496   6.00   8.70  18.10   7.90   7.95   101  42.26  4402  31.83  18024   1.11  -0.10
  1149  50238 420497   7.01   8.08  18.09   7.90   7.91   101  42.25  4402  31.83  18025   1.39  -0.05
  1149  50231 420497   8.00   7.54  18.10   7.91   7.93   101  42.26  4402  31.83  18024   1.13  -0.07
  1149  50224 420501   8.98   7.05  18.09   7.90   7.92   101  42.25  4402  31.84  18025   1.50  -0.08
  1150  50219 420502  10.03   6.58  18.09   7.90   7.91   100  42.25  4402  31.84  18026   1.44  -0.05
  1150  50220 420493  11.04   6.43  18.06   7.89   7.75    98  42.22  4402  31.84  18027   1.13  -0.03
  1151  50222 420491  12.03   5.43  18.04   7.89   7.70    98  42.21  4403  31.84  18029   1.11   0.00
  1151  50221 420492  13.02   0.00  18.04   7.88   7.62    97  42.20  4402  31.84  18027   1.54   0.08
  1151  50220 420497  13.99   2.61  18.03   7.88   7.57    96  42.20  4403  31.84  18029   1.40   0.13
  1152  50210 420501  15.01   2.50  17.99   7.85   7.33    93  42.17  4403  31.84  18031   1.90   0.24
  1153  50214 420495  16.03   1.88  17.93   7.83   7.15    91  42.12  4404  31.85  18034   1.60   0.01
  1153  50224 420503  16.88   0.00  17.90   7.78   6.70    85  42.08  4403  31.84  18031   3.97  59.20
 -1203  51384 421707   0.99  20.92  18.28   7.92   8.28   106  42.43  4402  31.84  18025   0.84  -0.04
  1204  51380 421722   1.96   0.83  18.29   7.92   8.26   105  42.44  4402  31.84  18026   1.32  -0.07
  1204  51384 421725   3.01  15.79  18.28   7.93   8.26   105  42.43  4403  31.84  18027   1.21  -0.05
  1204  51391 421727   4.01  14.48  18.28   7.93   8.24   105  42.43  4403  31.84  18028   1.15   0.05
  1205  51399 421725   4.98  13.59  18.24   7.93   8.15   104  42.39  4402  31.84  18024   1.00   0.01
  1205  51405 421732   6.02  12.50  18.25   7.94   8.15   104  42.40  4403  31.84  18027   1.07  -0.07
  1205  51412 421736   6.97  11.31  18.24   7.94   8.13   104  42.39  4402  31.84  18025   1.00  -0.07
  1206  51425 421727   8.01   9.28  18.19   7.94   8.11   103  42.35  4403  31.84  18029   1.13  -0.12
  1206  51427 421727   8.92   8.20  18.18   7.94   8.05   102  42.34  4403  31.84  18028   1.18  -0.09
  1206  51435 421730  10.03   6.64  18.18   7.94   8.01   102  42.33  4403  31.84  18027   0.95  -0.22
  1207  51448 421724  10.99   5.35  18.17   7.93   7.95   101  42.33  4403  31.84  18028   0.69   0.01
  1208  51426 421726  12.06   5.80  18.17   7.94   7.96   101  42.33  4402  31.84  18026   0.75  -0.02
  1208  51420 421733  13.04   5.43  18.16   7.92   7.84   100  42.31  4403  31.84  18027   1.09  -0.04
  1208  51418 421734  14.02   4.43  18.15   7.92   7.82   100  42.31  4403  31.84  18027   0.92   0.00
  1209  51433 421733  15.05   2.43  18.14   7.91   7.63    97  42.29  4401  31.83  18022   0.63  -0.02
  1209  51424 421736  16.04   2.15  18.08   7.86   7.46    95  42.24  4402  31.83  18025   0.66   0.02
  1210  51422 421739  17.00   1.26  18.08   7.86   7.45    95  42.24  4402  31.83  18024   0.44   0.21
 -1230  53442 423737   1.00  11.68  18.41   8.04   8.68   111  42.56  4404  31.85  18031   1.68  -0.02
  1230  53434 423728   2.07  10.45  18.40   8.04   8.68   111  42.56  4404  31.85  18032   2.06  -0.08
  1231  53434 423727   3.02   9.21  18.40   8.04   8.68   111  42.55  4404  31.85  18032   1.70  -0.06
  1231  53438 423720   4.04   7.66  18.40   8.03   8.65   111  42.56  4404  31.85  18033   1.91   0.00
  1231  53444 423704   5.01   5.74  18.39   8.03   8.60   110  42.54  4404  31.85  18033   1.91  -0.08
  1232  53450 423699   5.99   4.31  18.38   8.02   8.54   109  42.53  4404  31.85  18032   1.27  -0.06
  1232  53461 423704   7.00   3.14  18.28   7.99   8.20   105  42.44  4404  31.85  18032   0.89  -0.01
  1234  53467 423710   7.96   2.46  18.15   7.97   7.69    98  42.33  4405  31.86  18038   0.46   0.20
  1235  53428 423709   9.02   3.15  18.26   7.96   8.10   103  42.43  4404  31.85  18035   0.67  -0.09
  1235  53421 423702  10.01   2.18  18.19   7.94   7.70    98  42.36  4404  31.85  18034   0.67  -0.06
  1236  53424 423700  11.05   1.29  18.15   7.96   7.69    98  42.33  4405  31.86  18039   0.92   0.33
 -1243  54818 423991   1.00  21.50  18.42   8.00   8.76   112  42.57  4404  31.85  18032   1.86  -0.06
  1244  54832 424002   1.99  21.47  18.42   8.01   8.80   113  42.58  4404  31.85  18034   1.82  -0.09
  1245  54854 424005   3.02  20.78  18.44   8.03   8.81   113  42.59  4404  31.85  18031   1.45  -0.07
  1245  54863 424009   4.05  20.04  18.44   8.03   8.79   112  42.59  4404  31.85  18031   1.27  -0.04
  1246  54870 424011   5.04  19.38  18.43   8.02   8.75   112  42.58  4404  31.85  18033   1.64  -0.02
  1246  54875 424018   6.01  19.97  18.39   7.98   8.43   108  42.55  4404  31.85  18032   0.88  -0.06
  1247  54880 424023   7.02   0.00  18.40   7.99   8.44   108  42.55  4404  31.85  18030   1.58  -0.06
  1247  54876 424028   8.05  17.69  18.41   8.00   8.52   109  42.56  4405  31.86  18035   1.57  -0.01
  1248  54882 424038   9.02   0.00  18.34   7.97   8.21   105  42.50  4404  31.85  18034   1.32  -0.01
  1250  54893 424045  10.00   0.00  18.22   7.91   7.63    97  42.38  4403  31.85  18030   0.84   0.11
  1250  54897 424048  11.01  17.74  18.22   7.90   7.56    96  42.38  4404  31.85  18031   0.51   0.12
  1250  54906 424052  12.02  16.85  18.22   7.89   7.56    96  42.38  4404  31.85  18032   0.94   0.13
  1251  54914 424055  12.99  16.01  18.22   7.90   7.52    96  42.38  4403  31.84  18030   0.62   0.21
  1253  54917 424038  14.03  13.46  18.24   7.95   7.91   101  42.40  4404  31.85  18034   0.74   0.00
  1254  54918 424020  14.98  11.29  18.23   7.89   7.56    96  42.39  4404  31.85  18031   0.45   0.03
  1254  54911 424014  15.99   8.88  18.22   7.90   7.54    96  42.38  4403  31.85  18031   0.50  -0.03
  1254  54911 424012  17.04   7.40  18.21   7.90   7.52    96  42.38  4403  31.85  18030   0.55   0.09
  1255  54912 424004  18.00   5.88  18.22   7.90   7.55    96  42.38  4404  31.85  18031   0.58   0.13
  1255  54916 423999  18.99   4.54  18.21   7.90   7.51    96  42.38  4404  31.85  18033   1.20   0.10
  1256  54924 423998  20.03   3.40  18.24   7.93   7.65    98  42.41  4404  31.85  18035   0.86  -0.01
  1256  54930 424001  20.98   2.45  18.24   7.95   7.76    99  42.41  4405  31.85  18036   1.40   0.17
  1256  54937 424004  22.06   1.43  18.23   7.98   7.89   100  42.41  4405  31.86  18038   1.22   0.40
 -1314  56780 421996   0.94  13.84  18.43   8.03   8.30   106  42.53  4399  31.81  18008   0.84   0.00
  1316  56807 421949   1.96  13.50  18.41   8.04   8.27   106  42.49  4396  31.79  17996   0.79  -0.01
  1316  56814 421952   3.02  12.31  18.39   8.04   8.27   106  42.47  4397  31.79  17999   1.42  -0.09
  1317  56814 421946   4.04  11.23  18.37   8.04   8.27   106  42.47  4398  31.80  18004   0.91   0.05
  1317  56819 421944   4.96  10.05  18.37   8.04   8.22   105  42.45  4397  31.79  17998   0.98   0.00
  1317  56826 421946   5.97   8.79  18.36   8.04   8.21   105  42.45  4396  31.79  17997   0.93  -0.03
  1318  56811 421956   6.95   8.31  18.28   8.04   8.06   103  42.39  4399  31.81  18008   0.59  -0.09
  1318  56800 421948   8.03   7.69  18.26   8.04   7.90   101  42.38  4399  31.81  18011   0.27  -0.11
  1319  56795 421947   9.01   6.81  18.25   8.06   7.78    99  42.41  4404  31.85  18031   0.33  -0.17
  1319  56798 421951  10.02   5.94  18.24   8.06   7.72    98  42.42  4405  31.86  18038   0.74  -0.14
  1320  56796 421949  10.96   5.13  18.22   8.06   7.69    98  42.41  4406  31.87  18044   0.23  -0.08
  1320  56802 421946  12.01   4.03  18.22   8.06   7.62    97  42.40  4406  31.87  18044   0.23  -0.03
  1321  56806 421941  13.01   3.00  18.16   8.04   7.57    96  42.36  4407  31.87  18046   0.17  -0.01
  1321  56816 421941  13.99   1.75  18.05   8.02   7.48    95  42.24  4406  31.87  18043   0.58  -0.03
  1322  56821 421948  15.06   0.00  17.93   7.97   7.18    91  42.15  4407  31.87  18047   0.81   0.07
 -1341  60108 419757   1.02   7.95  18.32   8.04   7.81   100  42.30  4385  31.70  17945   0.41  -0.03
  1341  60100 419753   2.03   9.40  18.28   8.04   7.81    99  42.24  4383  31.68  17937   0.24  -0.08
  1342  60101 419752   3.02   8.46  18.27   8.04   7.78    99  42.22  4383  31.68  17933   0.35   0.14
  1342  60103 419753   4.02   7.56  18.22   8.03   7.74    99  42.16  4381  31.66  17925   0.25  -0.03
  1342  60104 419753   4.98   6.73  18.21   8.02   7.72    98  42.16  4381  31.67  17928   0.32  -0.05
  1343  60117 419759   5.98   5.86  18.14   7.99   7.59    96  42.07  4379  31.65  17915   0.11  -0.09
  1343  60127 419757   7.03   5.04  18.12   7.98   7.49    95  42.07  4380  31.66  17923   0.16  -0.06
  1344  60127 419755   8.01   4.05  18.12   7.99   7.19    91  42.14  4389  31.73  17962   0.21   0.07
  1345  60135 419753   9.00   3.14  18.20   8.01   7.05    90  42.30  4397  31.80  18002   0.19   0.02
  1345  60126 419749  10.03   1.98  18.14   8.01   6.93    88  42.29  4402  31.84  18026   0.44   0.25
  1346  60136 419745  11.05   1.18  17.76   7.82   4.49    57  41.97  4405  31.86  18039   0.13   2.66
 -1403  61485 416502   1.00   5.59  18.38   7.81   7.32    93  42.17  4366  31.54  17855   0.16  -0.18
  1403  61485 416496   2.03   4.53  18.38   7.81   7.30    93  42.17  4366  31.54  17854   0.14  -0.15
  1404  61485 416498   2.99   3.63  18.37   7.81   7.27    93  42.16  4366  31.54  17854   0.19  -0.18
  1404  61489 416498   4.00   2.63  18.35   7.81   7.23    92  42.14  4366  31.55  17856   0.18  -0.22
  1405  61494 416494   5.01   1.70  18.33   7.81   7.19    92  42.12  4366  31.55  17856   0.15  -0.07
  1405  61499 416495   5.98   0.75  18.34   7.81   7.18    92  42.13  4366  31.54  17855   0.14  -0.14
 -1418  61702 413650   1.04   6.76  18.46   7.93   8.32   106  42.22  4364  31.52  17844   0.62  -0.15
  1418  61703 413646   2.00   5.86  18.46   7.93   8.27   106  42.21  4363  31.52  17842   0.51  -0.19
  1419  61704 413643   3.05   4.85  18.46   7.94   8.29   106  42.22  4363  31.52  17842   0.86  -0.15
  1419  61717 413639   4.01   3.84  18.44   7.93   8.22   105  42.20  4363  31.52  17843   0.28  -0.15
  1419  61721 413635   5.03   2.95  18.44   7.93   8.18   104  42.20  4363  31.52  17842   0.35  -0.14
  1420  61715 413630   5.97   2.05  18.42   7.92   8.11   104  42.18  4364  31.52  17843   0.32  -0.08
  1420  61696 413629   7.03   0.94  18.39   7.92   7.97   102  42.15  4363  31.52  17843   0.83  -0.16
