# MEETVAARTUIG : M.C.ECOS2 YSI
# MEETDATUM    : 19-07-2017 13:02:47
# MEETGEBIED   :
# STARTPUNT    :
# EINDPUNT     :
# PROJECTCODE  :
# OPDRACHTGEVER:
# BEHEERDER    :
# BEMONST. INST:
# WAARNEMER(S) : Kevin de Vlaam
#
* 20170719
$ 9999 [000000000000000]
>TIJD      uumm                    
>X         coordinaat              
>Y         coordinaat              
>SENSHTE   Diepte set        m     
>Echms     Echoset           mtrs  
>Temp      Temperatuur       oC          : 10  1.0  11  1.0
>pH        Zuurgraad         dimsls
>O2        Zuurstof          mg/l  
>%O2       Zuurstof%         %     
>GELBH     Geleidendheid     mS/cm 
>GEL20     Gel20             ???   
>SALNTT    Saliniteit        dimsl 
>CL-       Chloride          mg/l     : 16500  125  13  125
>CHFLYSI   Chlorofyl         ugr/l 
>TURBID    Troebelheid       NTU   
 -1302  50835 419729   1.03   5.94  21.20   8.23   8.38   114  44.01  4291  30.94  17491   3.00   0.30
  1303  50812 419753   1.95   3.43  21.16   8.23   8.37   114  43.98  4292  30.94  17495   3.40   0.50
  1303  50809 419755   2.99   2.55  21.06   8.21   8.11   110  43.89  4292  30.94  17496   3.30   0.30
  1304  50812 419754   3.98   1.43  20.99   8.20   8.01   108  43.83  4293  30.95  17498   3.50   0.30
  1305  50812 419752   4.95   0.79  20.90   8.18   7.62   103  43.74  4292  30.94  17495   3.60   0.20
 -1313  50229 420465   0.95   0.88  21.37   8.21   8.24   112  44.18  4293  30.95  17497   2.50   0.10
  1313  50219 420474   2.02  15.11  21.38   8.21   8.26   112  44.21  4295  30.96  17506   2.80   0.00
  1313  50214 420477   3.02  14.45  21.32   8.21   8.27   112  44.12  4291  30.94  17491   2.90   0.00
  1314  50200 420481   3.99  12.94  21.21   8.20   8.14   110  44.04  4293  30.95  17501   2.70   0.20
  1315  50191 420484   5.03  11.79  21.01   8.18   7.97   108  43.85  4293  30.95  17499   2.80   0.10
  1316  50200 420479   6.01  10.91  20.90   8.15   7.57   102  43.75  4293  30.95  17500   2.60   0.00
  1317  50205 420479   6.95  10.43  20.84   8.14   7.37    99  43.69  4292  30.95  17498   2.00   0.10
  1317  50204 420479   8.02   9.24  20.84   8.14   7.33    99  43.69  4292  30.95  17498   2.20   0.20
  1317  50202 420480   8.98   8.09  20.86   8.14   7.34    99  43.72  4294  30.95  17503   2.20   0.10
  1319  50195 420489  10.03   7.13  20.06   7.99   5.42    72  42.96  4291  30.93  17494   0.60   0.00
  1320  50204 420485  10.98   6.40  19.83   7.95   4.91    65  42.73  4288  30.92  17485   0.20  -0.10
  1321  50205 420484  11.95   5.35  19.77   7.95   4.89    65  42.69  4290  30.93  17492   0.20  -0.10
  1321  50209 420485  12.97   4.49  19.67   7.93   4.56    60  42.61  4291  30.94  17498   0.20   0.00
  1322  50210 420486  14.01   3.46  19.66   7.92   4.54    60  42.61  4292  30.94  17502   0.20   0.00
  1322  50201 420485  15.02   2.21  19.10   7.80   3.34    44  42.23  4305  31.05  17566   0.10   0.00
  1324  50190 420479  15.94   0.00  18.63   7.65   1.33    17  41.89  4314  31.12  17610   0.40   5.70
 -1334  51420 421732   1.01  15.99  21.64   8.25   8.91   122  44.42  4292  30.94  17492   2.60   0.00
  1335  51413 421760   1.94  15.70  21.37   8.25   8.96   122  44.18  4293  30.95  17497   4.40   0.20
  1335  51408 421761   2.92   0.00  21.37   8.25   8.98   122  44.22  4297  30.98  17515   4.40   0.30
  1336  51396 421758   4.02  14.16  21.25   8.23   8.78   119  44.07  4293  30.95  17498   4.30   0.30
  1338  51399 421749   4.92  13.29  21.01   8.18   8.07   109  43.86  4294  30.96  17503   3.60   0.10
  1338  51401 421750   6.09  12.11  21.00   8.18   8.02   108  43.85  4294  30.96  17503   3.20   0.10
  1339  51402 421755   7.01  11.20  20.88   8.16   7.77   105  43.73  4293  30.95  17499   2.10  -0.10
  1339  51398 421753   8.00  10.31  20.83   8.15   7.66   103  43.69  4293  30.95  17502   2.40  -0.10
  1340  51396 421749   9.01   9.43  20.84   8.15   7.63   103  43.69  4292  30.95  17498   2.00  -0.10
  1341  51389 421746  10.00   8.46  20.80   8.14   7.40   100  43.66  4293  30.95  17501   2.00  -0.10
  1341  51388 421746  11.02   7.46  20.80   8.14   7.37    99  43.66  4293  30.95  17501   1.80   0.00
  1342  51392 421749  12.02   6.55  20.65   8.10   6.82    92  43.52  4293  30.95  17501   1.40  -0.10
  1343  51400 421753  13.05   5.43  20.11   8.00   5.40    72  43.01  4291  30.94  17495   0.40  -0.40
  1344  51401 421755  13.96   4.49  19.84   7.95   4.92    65  42.77  4292  30.94  17500   0.40  -0.30
  1345  51402 421756  15.01   3.28  19.77   7.94   4.78    63  42.70  4291  30.94  17497   0.20  -0.30
  1345  51402 421755  15.95   2.46  19.70   7.94   4.69    62  42.65  4292  30.95  17504   0.10  -0.40
  1346  51407 421751  16.95   1.04  19.67   7.92   4.41    58  42.63  4293  30.95  17507   0.10  -0.30
 -1359  53392 423734   1.12  15.28  21.40   8.22   7.88   107  44.22  4294  30.96  17502   0.90  -0.40
  1400  53399 423742   1.99  14.69  21.42   8.22   7.85   107  44.25  4295  30.97  17507   0.80  -0.40
  1400  53407 423754   2.98   0.00  21.17   8.20   7.64   104  44.01  4294  30.96  17504   1.00  -0.30
  1401  53403 423767   4.07  13.98  21.11   8.21   7.69   104  43.95  4294  30.96  17502   1.40  -0.30
  1401  53394 423768   4.97  13.45  21.06   8.20   7.61   103  43.91  4294  30.96  17505   1.00  -0.30
  1402  53388 423755   6.05  12.14  20.87   8.18   7.37    99  43.73  4294  30.96  17503   0.50  -0.30
  1404  53399 423747   6.97   9.49  20.76   8.15   7.02    94  43.62  4293  30.95  17500   0.70  -0.40
  1404  53402 423747   7.89   8.40  20.81   8.16   7.15    96  43.72  4298  30.99  17524   0.70  -0.30
  1405  53404 423749   9.03   7.30  20.61   8.14   6.85    92  43.49  4293  30.95  17504   0.40  -0.50
  1406  53402 423756  10.07   7.20  20.46   8.10   6.52    87  43.36  4294  30.96  17508   0.40  -0.50
  1407  53397 423749  11.03   5.88  20.38   8.08   6.28    84  43.28  4293  30.95  17505   0.30  -0.50
  1407  53396 423749  11.91   5.06  20.35   8.07   6.14    82  43.26  4294  30.96  17509   0.20  -0.60
  1408  53394 423754  12.97   4.70  20.31   8.05   5.88    78  43.22  4294  30.96  17507   0.30  -0.60
  1409  53394 423758  14.11   4.05  20.29   8.04   5.84    78  43.21  4295  30.96  17511   0.30  -0.50
  1409  53394 423758  15.05   3.00  20.28   8.04   5.79    77  43.20  4294  30.96  17511   0.20  -0.60
  1409  53394 423756  15.93   1.88  20.27   8.04   5.78    77  43.19  4294  30.96  17510   0.30  -0.50
  1410  53396 423749  16.98   0.00  20.27   8.04   5.77    77  43.19  4294  30.96  17510   0.30  -0.60
 -1420  54913 424017   1.00  24.67  21.37   8.24   7.77   106  44.23  4298  30.99  17519   1.50  -0.20
  1421  54894 424020   2.03  24.73  21.37   8.24   7.79   106  44.23  4298  30.99  17519   1.60  -0.20
  1421  54887 424020   2.96  23.62  21.38   8.24   7.79   106  44.24  4298  30.99  17520   1.70  -0.20
  1421  54883 424019   4.01  22.54  21.38   8.24   7.79   106  44.24  4298  30.99  17520   1.70  -0.10
  1422  54882 424014   4.96  20.65  21.36   8.24   7.66   104  44.24  4300  31.00  17528   1.60  -0.20
  1423  54886 424003   6.02  17.60  21.36   8.24   6.72    92  44.40  4315  31.13  17601   0.60  -0.40
  1423  54886 424003   6.92  16.76  21.36   8.24   6.74    92  44.40  4315  31.13  17601   0.50  -0.40
  1424  54888 424000   8.00  15.16  21.27   8.22   6.45    88  44.29  4312  31.11  17589   0.30  -0.40
  1424  54888 424002   9.01  14.31  21.27   8.22   6.43    87  44.29  4312  31.11  17589   0.40  -0.40
  1425  54888 424006  10.08  13.95  21.18   8.23   6.39    87  44.21  4313  31.11  17591   0.50  -0.40
  1425  54888 424008  10.98  13.09  21.14   8.23   6.37    86  44.19  4314  31.12  17599   0.50  -0.40
  1425  54889 424006  12.01  11.55  21.04   8.23   6.37    86  44.08  4313  31.11  17591   0.60  -0.40
  1426  54887 424002  13.04  10.15  20.55   8.15   6.41    86  43.45  4295  30.97  17511   0.50  -0.40
  1427  54884 424004  14.02   9.58  20.81   8.19   6.12    82  43.88  4314  31.12  17598   0.40  -0.40
  1427  54883 424012  15.00   9.94  20.32   8.10   5.64    75  43.31  4302  31.02  17545   0.20  -0.40
  1428  54887 424002  16.04   7.31  20.22   8.09   5.27    70  43.25  4305  31.05  17560   0.20  -0.40
  1429  54887 424002  17.02   6.30  19.87   8.03   4.98    66  42.83  4295  30.97  17515   0.20  -0.30
  1430  54886 424003  18.00   5.04  19.81   8.03   4.82    64  42.80  4297  30.99  17527   0.30  -0.30
  1431  54885 424002  19.00   4.46  19.55   7.99   4.40    58  42.50  4291  30.94  17498   0.30  -0.20
  1432  54884 423996  20.01   2.83  19.51   7.97   4.13    54  42.47  4292  30.94  17501   0.20  -0.20
  1432  54883 423998  21.06   1.99  19.62   7.97   3.95    52  42.64  4299  31.00  17534   0.10   0.30
  1432  54883 423998  22.03   1.03  19.37   7.92   3.61    47  42.43  4300  31.01  17543   0.20   0.20
 -1450  56780 421921   1.04  15.01  20.92   8.23   7.90   107  43.74  4290  30.93  17487   2.30  -0.10
  1450  56789 421904   2.05  14.23  20.90   8.22   7.86   106  43.72  4290  30.93  17486   2.10  -0.10
  1451  56793 421899   3.01  13.24  20.86   8.22   7.80   105  43.69  4291  30.93  17489   2.10   0.00
  1451  56798 421900   4.00  12.28  20.84   8.21   7.70   104  43.67  4290  30.93  17489   1.90  -0.10
  1453  56803 421907   5.02  11.19  20.79   8.20   7.44   100  43.63  4291  30.93  17492   1.40  -0.20
  1453  56804 421906   6.06  10.16  20.74   8.19   7.34    99  43.59  4292  30.94  17494   1.20  -0.30
  1454  56803 421895   6.99   9.46  20.71   8.18   7.04    95  43.56  4291  30.94  17493   0.80  -0.30
  1455  56801 421896   7.96   8.51  20.63   8.15   6.71    90  43.50  4293  30.95  17500   0.50  -0.30
  1456  56799 421899   8.95   7.54  20.50   8.11   6.29    84  43.38  4292  30.95  17500   0.40  -0.40
  1457  56797 421900  10.00   6.38  20.42   8.10   6.13    82  43.31  4293  30.95  17502   0.30  -0.40
  1458  56797 421903  10.97   5.50  20.36   8.08   5.94    79  43.25  4292  30.95  17500   0.30  -0.40
  1458  56802 421899  12.03   4.51  20.18   8.04   5.56    74  43.08  4292  30.94  17498   0.20  -0.40
  1459  56804 421901  13.06   3.50  20.13   8.03   5.41    72  43.04  4292  30.95  17501   0.30  -0.40
  1500  56805 421902  13.98   2.40  20.11   8.02   5.29    70  43.01  4291  30.94  17495   0.20  -0.40
  1500  56804 421902  15.06   1.51  20.04   8.01   5.16    68  42.95  4291  30.94  17498   0.20  -0.40
 -1519  60080 419774   1.00  10.29  22.60   8.32   7.72   108  45.51  4312  31.10  17577   0.50  -0.40
  1520  60098 419773   1.98   9.46  21.69   8.25   7.54   103  44.37  4283  30.87  17448   1.40  -0.40
  1520  60104 419768   3.02   8.54  21.59   8.25   7.52   103  44.19  4274  30.80  17409   1.60  -0.40
  1521  60108 419757   3.97   7.68  21.64   8.22   7.22    99  44.29  4279  30.84  17433   1.40  -0.40
  1522  60102 419753   5.00   6.44  20.27   8.07   5.73    76  43.10  4285  30.89  17469   0.80  -0.10
  1522  60100 419751   5.92   5.40  19.95   8.03   5.43    72  42.84  4289  30.92  17485   0.70  -0.30
  1522  60099 419751   7.03   4.49  19.94   8.02   5.31    70  42.83  4288  30.92  17485   0.60  -0.30
  1524  60092 419756   8.02   3.45  19.83   7.99   4.72    62  42.73  4288  30.92  17485   0.40  -0.30
  1524  60091 419752   8.99   2.38  19.75   7.97   4.50    59  42.65  4288  30.91  17482   0.40  -0.20
  1525  60096 419745  10.04   1.36  19.67   7.96   4.18    55  42.55  4285  30.89  17470   0.40  -0.10
 -1543  61464 416535   1.00   5.40  22.44   8.34   7.49   104  44.37  4217  30.34  17140   0.60  -0.40
  1543  61471 416524   2.01   0.75  22.35   8.34   7.61   105  44.15  4204  30.23  17079   0.70  -0.30
  1544  61475 416513   3.01   1.08  21.61   8.29   7.02    96  43.63  4218  30.35  17149   0.80   0.60
  1544  61475 416513   3.99   0.75  21.63   8.29   6.99    95  43.65  4219  30.35  17150   0.80   0.40
  1546  61467 416517   4.97   1.58  20.42   8.09   5.08    68  43.05  4267  30.74  17382   0.90   0.10
  1547  61460 416521   6.00   0.00  19.78   7.99   3.99    53  42.61  4281  30.86  17451   0.60   0.30
 -1602  61684 413676   1.01   6.34  21.31   8.25   7.96   108  43.29  4212  30.30  17120   1.20  -0.40
  1602  61687 413656   2.07   5.45  21.30   8.25   7.95   108  43.28  4211  30.29  17119   1.40  -0.40
  1602  61687 413654   2.97   4.64  21.27   8.25   7.93   107  43.26  4212  30.30  17123   1.40  -0.40
  1603  61687 413652   4.00   3.64  21.25   8.25   7.91   107  43.25  4213  30.31  17126   1.50  -0.40
  1603  61687 413649   4.97   2.64  21.21   8.24   7.81   106  43.23  4214  30.32  17134   1.50  -0.40
  1605  61689 413647   6.05   1.00  20.80   8.16   5.79    78  43.04  4232  30.46  17218   1.20  -0.20
