# MEETVAARTUIG         : MILIEUCONTAINER
# MEETDATUM            : 10-06-2026 12:20:54
# MEETGEBIED           : ZEELAND
# STARTPUNT            : GTS-20
# EINDPUNT             : GTS 01
# PROJECTCODE          : GTS-VERTIKALEN
# OPDRACHTGEVER        : WVL
# BEHEERDER            : MOBIEL METEN
# BEMONST. INST        : []
# WAARNEMER(S)         : Bernaards
#
* 20260610
$ 9999 [00000000000000000000]
>TIJD       uumm                         
>X          coordinaat                   
>Y          coordinaat                   
>SENSHTE    Diepte set           m       
>Echms      Echoset              mtrs    
>Temp       Temperatuur          oC      
>pH         Zuurgraad            pH      
>O2         Zuurstof             mg/l    
>%O2        Zuurstof%            %       
>GELBH      Geleidendheid        mS/cm   
>GELDHD     Geleidendheid        ???     
>SALNTT     Saliniteit           dimsl   
>CL-        Chloride             mg/l    
>CHLFRFU    Chlorofyl            RFU     
>TROEBHFNU  Troebelheid          FNU     
>PHYCOUGL   Phycocyanine         ug/l    
 -0957    50781   419790    1.08    4.38   17.15    7.97    7.24     90   41.00    4361   31.50   17836    0.30    0.51    0.11
  0958    50781   419790    1.94    3.30   17.15    7.97    7.24     90   40.99    4361   31.51   17838    0.41    0.36    0.09
  0958    50781   419790    3.01    1.73   17.14    7.97    7.25     90   40.99    4361   31.51   17838    0.42    0.44    0.08
  0958    50781   419790    3.94    0.61   17.14    7.97    7.24     90   40.99    4361   31.50   17837    0.49    0.44    0.11
 -0950    50265   420524    1.04   14.27   17.24    7.98    7.31     91   41.04    4357   31.48   17820    0.36    0.66    0.07
  0950    50265   420524    1.98   12.95   17.23    7.98    7.30     91   41.04    4357   31.48   17821    0.44    0.64    0.07
  0951    50265   420524    3.07   11.59   17.22    7.98    7.29     91   41.03    4357   31.48   17820    0.65    0.67    0.14
  0951    50265   420524    4.04   10.27   17.22    7.98    7.29     91   41.03    4357   31.48   17821    0.75    0.67    0.12
  0951    50265   420524    5.00    9.39   17.20    7.98    7.27     91   41.01    4358   31.48   17823    0.76    0.61    0.11
  0951    50265   420524    6.05    8.45   17.20    7.97    7.26     91   41.01    4358   31.48   17822    0.58    0.67    0.09
  0951    50265   420524    6.99    7.09   17.19    7.97    7.24     90   41.00    4357   31.48   17821    0.56    0.70    0.10
  0952    50265   420524    8.00    5.74   17.18    7.97    7.22     90   40.99    4358   31.48   17822    0.64    0.67    0.04
  0952    50265   420524    8.98    4.60   17.18    7.97    7.21     90   41.00    4357   31.48   17821    0.62    0.70    0.22
  0952    50265   420524   10.03    3.16   17.18    7.97    7.20     90   41.00    4358   31.48   17822    0.55    0.66    0.06
  0952    50265   420524   10.97    1.61   17.17    7.97    7.19     90   40.99    4358   31.48   17823    0.56    0.62    0.19
  0953    50265   420524   11.96    0.37   17.10    7.95    6.97     87   40.91    4357   31.47   17818    0.41    0.54    0.17
 -0940    51456   421801    1.00   13.61   17.28    7.98    7.32     92   41.07    4357   31.47   17817    0.25    0.58    0.08
  0940    51456   421801    1.97   12.55   17.27    7.98    7.32     92   41.06    4357   31.47   17817    0.48    0.68    0.01
  0940    51456   421801    2.99   11.15   17.27    7.98    7.32     92   41.06    4357   31.47   17817    0.61    0.71    0.21
  0941    51456   421801    4.03    9.86   17.24    7.98    7.31     91   41.04    4357   31.47   17817    0.57    0.64    0.11
  0941    51456   421801    4.99    8.37   17.23    7.98    7.31     91   41.02    4356   31.46   17814    0.53    0.58    0.19
  0941    51456   421801    5.97    7.24   17.22    7.97    7.31     91   41.01    4356   31.47   17815    0.54    0.58    0.15
  0942    51456   421801    6.95    6.03   17.20    7.97    7.28     91   40.99    4356   31.46   17814    0.52    0.64    0.05
  0942    51456   421801    7.98    4.15   17.16    7.97    7.20     90   40.96    4357   31.47   17818    0.46    0.62    0.26
  0942    51456   421801    8.95    2.97   17.16    7.97    7.16     89   40.96    4357   31.47   17818    0.44    0.56    0.11
  0942    51456   421801   10.03    1.81   17.13    7.96    7.12     89   40.94    4357   31.47   17819    0.50    0.53    0.05
  0943    51456   421801   11.01    0.70   17.10    7.96    7.09     88   40.92    4357   31.47   17820    0.37    0.63    0.20
 -0925    53509   423745    1.00    9.84   17.45    7.99    7.57     95   41.22    4356   31.46   17812    0.46    0.54    0.17
  0926    53509   423745    1.98   10.53   17.44    7.99    7.56     95   41.21    4356   31.46   17812    0.56    0.53    0.05
  0926    53509   423745    3.04   10.33   17.40    7.99    7.55     95   41.18    4356   31.46   17811    0.61    0.51    0.03
  0926    53509   423745    4.01    9.60   17.39    7.99    7.51     94   41.16    4355   31.46   17810    0.47    0.51    0.02
  0927    53509   423745    5.00    8.75   17.38    7.99    7.50     94   41.16    4356   31.47   17814    0.44    0.69    0.01
  0927    53509   423745    6.00    7.89   17.35    7.98    7.46     93   41.13    4355   31.46   17809    0.46    0.58    0.02
  0927    53509   423745    6.95    7.00   17.34    7.98    7.43     93   41.12    4355   31.46   17810    0.39    0.55   -0.15
  0927    53509   423745    7.95    5.99   17.34    7.98    7.40     93   41.11    4355   31.46   17808    0.42    0.57    0.08
  0928    53509   423745    8.98    5.02   17.33    7.98    7.39     92   41.11    4355   31.45   17808    0.40    0.61    0.12
  0928    53509   423745   10.05    4.01   17.33    7.98    7.37     92   41.10    4355   31.46   17808    0.35    0.55    0.10
  0928    53509   423745   11.06    3.25   17.31    7.97    7.32     92   41.09    4355   31.46   17810    0.37    0.64    0.17
  0928    53509   423745   12.03    2.38   17.31    7.97    7.30     91   41.08    4355   31.46   17809    0.34    0.54    0.05
  0929    53509   423745   13.11    1.33   17.30    7.97    7.29     91   41.08    4355   31.46   17810    0.26    0.50    0.07
  0929    53509   423745   13.90    0.65   17.25    7.96    7.17     90   41.04    4355   31.46   17812    0.28    0.78    0.06
 -0913    54923   423960    1.08   19.46   17.47    8.00    7.70     97   41.25    4357   31.47   17818    0.35    0.54    0.13
  0913    54923   423960    1.97   19.05   17.46    8.00    7.70     97   41.24    4357   31.47   17817    0.38    0.49    0.03
  0913    54923   423960    3.08   18.25   17.46    8.00    7.69     97   41.24    4357   31.47   17816    0.50    0.57    0.02
  0913    54923   423960    4.05   17.36   17.46    8.00    7.69     97   41.25    4357   31.47   17819    0.46    0.49    0.16
  0914    54923   423960    5.07   16.56   17.46    8.00    7.69     96   41.24    4357   31.47   17818    0.53    0.47    0.06
  0914    54923   423960    5.99   15.66   17.45    8.00    7.65     96   41.24    4358   31.48   17822    0.46    0.49    0.20
  0914    54923   423960    7.03   14.66   17.44    8.00    7.59     95   41.24    4358   31.48   17823    0.44    0.44   -0.00
  0914    54923   423960    7.89   13.98   17.42    7.99    7.55     95   41.22    4358   31.48   17824    0.42    0.46    0.08
  0914    54923   423960    9.01   12.86   17.40    7.99    7.52     94   41.20    4358   31.48   17823    0.42    0.60    0.08
  0915    54923   423960   10.02   11.82   17.39    7.99    7.50     94   41.19    4358   31.48   17824    0.47    0.42    0.13
  0915    54923   423960   11.04   10.83   17.38    7.99    7.49     94   41.18    4358   31.48   17823    0.44    0.40    0.04
  0915    54923   423960   12.06    9.86   17.37    7.99    7.49     94   41.17    4358   31.48   17822    0.39    0.57    0.20
  0916    54923   423960   13.05    8.80   17.35    7.99    7.48     94   41.15    4358   31.48   17822    0.45    0.48    0.02
  0916    54923   423960   14.03    7.82   17.34    7.99    7.46     93   41.14    4358   31.48   17822    0.46    0.71    0.07
  0916    54923   423960   15.06    6.76   17.33    7.99    7.45     93   41.13    4358   31.48   17821    0.40    0.64    0.03
  0916    54923   423960   16.05    5.72   17.35    7.99    7.46     93   41.16    4358   31.48   17825    0.45    0.55    0.07
  0916    54923   423960   17.04    4.59   17.35    7.99    7.48     94   41.15    4358   31.48   17824    0.44    0.51    0.03
  0917    54923   423960   17.97    3.64   17.33    7.99    7.48     94   41.14    4359   31.49   17826    0.46    0.40   -0.06
  0917    54923   423960   18.92    2.51   17.31    7.99    7.45     93   41.12    4358   31.48   17824    0.41    0.60    0.01
  0917    54923   423960   20.02    1.21   17.32    7.99    7.44     93   41.13    4358   31.48   17825    0.34    0.34    0.03
  0918    54923   423960   20.86    0.44   17.30    7.99    7.48     94   41.11    4359   31.49   17826    0.46    0.53    0.02
 -0857    56855   421859    1.05   15.74   17.30    7.97    7.46     93   41.11    4358   31.48   17825    0.27    0.49    0.09
  0857    56855   421859    1.98   14.80   17.30    7.97    7.46     93   41.11    4358   31.48   17825    0.44    0.65    0.17
  0857    56855   421859    3.06   13.74   17.30    7.97    7.45     93   41.11    4359   31.49   17826    0.35    0.46    0.07
  0857    56855   421859    4.00   12.86   17.30    7.97    7.46     93   41.12    4359   31.49   17827    0.39    0.59   -0.05
  0857    56855   421859    4.97   11.83   17.30    7.97    7.45     93   41.12    4359   31.49   17828    0.32    0.43    0.12
  0858    56855   421859    5.99   10.68   17.30    7.97    7.45     93   41.11    4359   31.49   17827    0.30    0.51    0.03
  0858    56855   421859    7.10    9.58   17.28    7.97    7.44     93   41.09    4359   31.49   17827    0.32    0.46    0.08
  0858    56855   421859    8.06    8.57   17.27    7.97    7.42     93   41.09    4359   31.49   17827    0.31    0.37    0.03
  0858    56855   421859    8.96    7.52   17.27    7.97    7.41     93   41.08    4358   31.49   17826    0.41    0.39   -0.08
  0859    56855   421859    9.98    6.55   17.22    7.97    7.38     92   41.03    4358   31.48   17825    0.25    0.40    0.11
  0859    56855   421859   11.01    5.56   17.21    7.96    7.33     92   41.03    4358   31.48   17825    0.25    0.38    0.12
  0859    56855   421859   12.01    4.52   17.21    7.96    7.33     92   41.03    4358   31.48   17824    0.36    0.40    0.13
  0859    56855   421859   13.00    3.45   17.21    7.96    7.30     91   41.02    4358   31.48   17823    0.16    0.36    0.10
  0900    56855   421859   14.11    2.36   17.20    7.96    7.29     91   41.01    4358   31.48   17822    0.26    0.52    0.01
  0900    56855   421859   15.08    1.32   17.18    7.96    7.25     91   41.00    4359   31.49   17826    0.31    0.60    0.01
  0900    56855   421859   15.94    0.44   17.18    7.96    7.22     90   41.00    4358   31.48   17826    0.19    0.53    0.09
 -0838    60122   419661    1.13    9.83   17.40    7.98    7.48     94   41.27    4366   31.55   17861    0.40    0.61    0.08
  0838    60122   419661    1.99    9.00   17.40    7.98    7.48     94   41.27    4366   31.55   17862    0.28    0.52    0.01
  0838    60122   419661    3.03    0.42   17.34    7.98    7.44     93   41.23    4367   31.55   17865    0.26    0.55    0.03
  0838    60122   419661    4.06    6.76   17.22    7.97    7.37     92   41.15    4370   31.58   17878    0.24    0.64    0.03
  0839    60122   419661    5.05    5.78   17.26    7.98    7.36     92   41.19    4371   31.58   17883    0.30    0.58   -0.17
  0839    60122   419661    5.96    4.81   17.28    7.98    7.38     92   41.23    4372   31.60   17889    0.31    0.74    0.08
  0839    60122   419661    6.97    3.73   17.24    7.98    7.35     92   41.20    4374   31.61   17896    0.23    0.66    0.22
  0839    60122   419661    7.95    2.73   17.23    7.98    7.32     91   41.18    4373   31.60   17892    0.28    0.57    0.08
  0840    60122   419661    9.01    1.65   16.96    7.97    7.30     91   40.98    4377   31.64   17914    0.24    0.62   -0.11
  0840    60122   419661    9.98    0.67   16.97    7.98    7.28     91   41.04    4383   31.68   17942    0.24    0.97    0.03
 -0822    61441   416381    1.02    4.15   16.84    8.00    7.39     91   40.59    4347   31.39   17772    0.41    0.53    0.15
  0822    61441   416381    2.05    3.09   16.84    8.00    7.38     91   40.54    4341   31.35   17747    0.25    0.79    0.12
  0822    61441   416381    3.04    2.31   16.84    8.00    7.38     91   40.52    4339   31.33   17737    0.43    0.59    0.09
  0823    61441   416381    4.00    1.42   16.84    8.01    7.40     92   40.53    4341   31.34   17745    0.32    0.69   -0.07
  0823    61441   416381    4.92    0.51   16.81    8.00    7.37     91   40.51    4342   31.36   17752    0.29    0.69   -0.00
 -0808    61715   413598    0.99    6.79   17.14    7.90    6.92     86   40.53    4313   31.12   17612    0.66    0.45    0.13
  0808    61715   413598    2.05    5.81   17.13    7.90    6.91     86   40.53    4313   31.12   17613    0.56    0.46    0.08
  0809    61715   413598    3.02    4.87   17.16    7.90    6.90     86   40.56    4314   31.12   17617    0.64    0.52    0.11
  0809    61715   413598    4.01    3.86   17.52    7.93    6.93     87   41.10    4336   31.30   17719    0.41    0.80    0.04
  0809    61715   413598    4.95    2.94   17.40    7.91    6.93     87   41.01    4339   31.33   17733    0.62    0.84    0.05
  0809    61715   413598    5.94    2.15   17.41    7.91    6.78     85   41.00    4336   31.31   17722    0.39    0.81    0.02
  0810    61715   413598    6.99    0.99   17.08    7.87    6.28     78   40.64    4329   31.25   17691    0.84    0.90    0.25
