# MEETVAARTUIG         : MILIEUCONTAINER
# MEETDATUM            : 15-04-2026 12:50:17
# MEETGEBIED           : ZEELAND
# STARTPUNT            : WISSKKE
# EINDPUNT             : ZIJPE
# PROJECTCODE          : VERTIKAAL BASIS
# OPDRACHTGEVER        : WVL
# BEHEERDER            : MOBIEL METEN
# BEMONST. INST        : []
# WAARNEMER(S)         : Bernaards
#
* 20260415
$ 9999 [00000000000000000000]
>TIJD       uumm                         
>X          coordinaat                   
>Y          coordinaat                   
>SENSHTE    Diepte set           m       
>Echms      Echoset              mtrs    
>Temp       Temperatuur          oC      
>pH         Zuurgraad            pH      
>O2         Zuurstof             mg/l    
>%O2        Zuurstof%            %       
>GELBH      Geleidendheid        mS/cm   
>GELDHD     Geleidendheid        ???     
>SALNTT     Saliniteit           dimsl   
>CL-        Chloride             mg/l    
>CHLFRFU    Chlorofyl            RFU     
>TROEBHFNU  Troebelheid          FNU     
>PHYCOUGL   Phycocyanine         ug/l    
 -1026    50716   419810    1.04    9999   11.63    8.27    9.07    101   35.29    4265   30.75   17420    0.33    0.61    0.07
  1027    50716   419810    1.98    9999   11.62    8.27    9.04    100   35.28    4266   30.75   17421    0.26    0.52    0.08
  1028    50716   419810    2.96    9999   11.62    8.27    9.03    100   35.28    4265   30.75   17420    0.43    0.56    0.08
  1028    50716   419810    3.97    9999   11.62    8.27    9.04    100   35.28    4266   30.75   17421    0.69    0.42    0.05
  1028    50716   419810    4.94    9999   11.62    8.27    9.04    100   35.28    4265   30.75   17421    0.55    0.55    0.07
  1029    50716   419810    5.99    9999   11.62    8.26    9.04    100   35.28    4265   30.75   17420    0.42    0.57    0.04
 -1014    50280   420582    1.05    9999   11.68    8.28    9.23    102   35.33    4265   30.75   17419    0.25    0.61    0.05
  1014    50280   420582    2.03    9999   11.65    8.28    9.23    102   35.30    4265   30.75   17420    0.27    0.54    0.00
  1015    50280   420582    3.00    9999   11.65    8.28    9.23    102   35.30    4265   30.75   17421    0.42    0.57    0.16
  1016    50280   420582    4.10    9999   11.64    8.28    9.22    102   35.29    4265   30.75   17420    0.84    0.50    0.01
  1016    50280   420582    4.92    9999   11.62    8.28    9.22    102   35.28    4265   30.75   17420    1.05    0.55   -0.06
  1017    50280   420582    5.97    9999   11.60    8.28    9.21    102   35.27    4266   30.75   17422    1.48    0.60    0.22
  1017    50280   420582    6.92    9999   11.56    8.27    9.18    102   35.24    4266   30.75   17422    0.82    0.62    0.18
  1017    50280   420582    8.08    9999   11.46    8.26    9.10    101   35.15    4265   30.75   17421    1.29    0.72    0.08
  1018    50280   420582    9.07    9999   11.36    8.25    8.98     99   35.08    4269   30.78   17436    0.54    0.47    0.06
  1018    50280   420582    9.89    9999   11.22    8.24    8.83     97   34.95    4266   30.76   17426    0.43    0.50    0.03
  1019    50280   420582   10.98    9999   11.16    8.24    8.69     95   34.88    4264   30.74   17417    0.49    0.64    0.07
  1019    50280   420582   12.05    9999   11.13    8.23    8.57     94   34.85    4264   30.74   17418    0.25    0.66    0.09
  1020    50218   420509   12.91    9999   11.13    8.23    8.49     93   34.85    4264   30.74   17418    0.26    0.71    0.01
  1021    50218   420509   14.04    9999   11.12    8.23    8.48     93   34.84    4264   30.75   17419    0.25    0.69    0.02
 -0959    51484   421848    1.04    9999   11.98    8.28    9.09    102   35.59    4266   30.75   17420    0.21    0.85   -0.03
  1000    51484   421848    2.10    9999   11.96    8.28    9.07    101   35.57    4265   30.75   17417    0.28    0.72    0.01
  1000    51484   421848    2.96    9999   11.95    8.28    9.07    101   35.56    4265   30.75   17419    0.60    0.90    0.02
  1001    51484   421848    3.97    9999   11.95    8.28    9.07    101   35.56    4265   30.75   17416    0.45    0.95    0.02
  1001    51484   421848    5.05    9999   11.84    8.27    9.07    101   35.47    4265   30.75   17419    0.46    0.74    0.06
  1001    51484   421848    5.94    9999   11.90    8.27    9.05    101   35.51    4264   30.74   17414    0.42    0.68    0.04
  1002    51484   421848    6.97    9999   11.82    8.27    9.03    101   35.45    4265   30.75   17417    0.47    0.56   -0.03
  1002    51484   421848    8.11    9999   11.77    8.26    9.00    100   35.41    4265   30.75   17419    0.28    0.49    0.08
  1003    51484   421848    8.98    9999   11.76    8.26    8.95    100   35.39    4265   30.75   17417    0.39    0.56    0.03
  1003    51484   421848    9.92    9999   11.72    8.26    8.90     99   35.37    4265   30.75   17420    0.41    0.63    0.03
  1003    51484   421848   10.93    9999   11.72    8.26    8.87     99   35.36    4265   30.75   17418    0.22    0.66   -0.05
  1004    51484   421848   12.08    9999   11.72    8.26    8.85     98   35.36    4265   30.75   17418    0.21    0.68   -0.11
  1004    51484   421848   13.00    9999   11.70    8.25    8.84     98   35.35    4266   30.75   17421    0.40    0.61    0.01
  1004    51484   421848   14.00    9999   11.66    8.25    8.78     97   35.31    4265   30.75   17420    1.79    0.77    0.01
  1005    51484   421848   15.00    9999   11.63    8.25    8.75     97   35.29    4266   30.76   17423    0.94    0.54    0.01
  1005    51484   421848   15.94    9999   11.43    8.25    8.74     97   35.17    4271   30.80   17449    0.23    0.47   -0.09
  1005    51484   421848   17.08    9999   11.35    8.24    8.70     96   35.05    4265   30.75   17420    0.91    0.49    0.11
 -0940    53525   423808    1.02    9999   12.36    8.31    9.33    105   35.93    4267   30.76   17424    0.28    0.54   -0.12
  0941    53525   423808    2.00    9999   12.36    8.31    9.31    105   35.92    4267   30.76   17423    0.31    0.58    0.10
  0941    53525   423808    3.10    9999   12.36    8.31    9.31    105   35.92    4267   30.76   17423    0.37    0.66    0.01
  0941    53525   423808    4.04    9999   12.35    8.31    9.31    105   35.91    4265   30.75   17416    0.40    0.67    0.02
  0942    53525   423808    4.99    9999   12.35    8.31    9.30    105   35.91    4266   30.75   17418    0.46    0.61    0.09
  0942    53525   423808    6.09    9999   12.35    8.31    9.30    105   35.91    4266   30.75   17420    0.43    0.74    0.04
  0942    53525   423808    6.94    9999   12.35    8.31    9.30    105   35.91    4266   30.75   17419    0.48    0.51    0.02
  0943    53525   423808    7.97    9999   12.35    8.31    9.31    105   35.92    4267   30.76   17425    0.49    0.84   -0.02
  0943    53525   423808    8.92    9999   12.29    8.30    9.27    104   35.87    4267   30.76   17424    0.43    0.77   -0.03
  0944    53525   423808    9.95    9999   12.31    8.30    9.26    104   35.89    4267   30.76   17426    0.57    0.67    0.01
  0944    53525   423808   10.96    9999   12.23    8.30    9.23    104   35.83    4268   30.77   17429    0.27    0.66    0.02
  0944    53525   423808   12.00    9999   11.85    8.27    9.07    101   35.55    4273   30.81   17457    0.29    0.64    0.00
  0945    53525   423808   13.09    9999   11.89    8.27    9.01    100   35.51    4266   30.75   17421    0.20    0.60    0.01
  0945    53525   423808   13.97    9999   11.60    8.26    8.88     98   35.27    4266   30.75   17422    0.45    0.87    0.04
  0946    53525   423808   14.91    9999   11.34    8.23    8.65     95   35.02    4263   30.73   17412    0.12    1.07    0.03
  0946    53525   423808   15.95    9999   11.29    8.23    8.48     93   34.99    4264   30.74   17415    0.21    1.21   -0.02
  0946    53525   423808   17.01    9999   11.16    8.21    8.28     91   34.88    4265   30.75   17419    0.26    1.28   -0.02
 -0922    55009   423931    0.96    9999   12.44    8.32    9.39    106   36.01    4269   30.78   17434    0.40    0.58   -0.06
  0922    55009   423931    2.04    9999   12.44    8.32    9.42    106   36.02    4269   30.78   17435    0.42    0.45   -0.08
  0922    55009   423931    2.95    9999   12.45    8.32    9.43    106   36.02    4269   30.78   17435    0.54    0.54    0.09
  0923    55009   423931    3.93    9999   12.50    8.33    9.46    107   36.06    4269   30.78   17434    0.39    0.61    0.00
  0923    55009   423931    4.93    9999   12.49    8.34    9.54    108   36.08    4271   30.79   17441    0.61    0.68    0.03
  0924    55009   423931    6.09    9999   12.50    8.34    9.54    108   36.08    4271   30.79   17441    0.58    0.75    0.03
  0924    55009   423931    7.07    9999   12.45    8.33    9.53    108   36.03    4270   30.78   17437    0.33    0.61    0.04
  0925    55009   423931    8.02    9999   12.37    8.32    9.52    107   35.94    4268   30.77   17429    0.36    0.53   -0.01
  0925    55009   423931    9.03    9999   12.29    8.31    9.45    106   35.87    4267   30.76   17426    0.28    0.55    0.04
  0925    55009   423931    9.94    9999   12.29    8.30    9.37    105   35.86    4266   30.76   17421    0.35    0.62   -0.09
  0926    55009   423931   10.98    9999   12.13    8.28    9.26    104   35.80    4275   30.83   17463    0.48    0.60   -0.12
  0926    55009   423931   12.14    9999   12.03    8.27    9.04    101   35.65    4268   30.77   17431    0.34    0.49    0.00
  0927    55009   423931   12.96    9999   11.69    8.24    8.79     98   35.34    4266   30.76   17424    0.36    0.69    0.01
  0927    55009   423931   14.00    9999   11.34    8.23    8.61     95   35.08    4269   30.78   17439    0.22    1.00    0.06
  0928    55009   423931   14.94    9999   11.12    8.22    8.50     93   34.95    4277   30.85   17479    0.16    1.16    0.04
  0928    55009   423931   15.86    9999   11.03    8.22    8.38     92   34.82    4270   30.79   17446    0.17    1.17   -0.01
  0928    55009   423931   17.04    9999   10.99    8.22    8.31     91   34.76    4267   30.77   17433    0.15    1.28   -0.01
  0929    55009   423931   17.98    9999   10.87    8.20    8.20     89   34.68    4270   30.79   17445    0.09    1.66   -0.09
  0929    55009   423931   18.95    9999   10.79    8.18    7.98     87   34.60    4269   30.78   17441    0.22    1.22    0.03
  0929    55009   423931   19.95    9999   10.71    8.19    7.87     86   34.54    4269   30.78   17442    0.65    1.16   -0.04
  0930    55009   423931   21.10    9999   10.68    8.18    7.82     85   34.51    4268   30.78   17439    0.10    1.04   -0.08
  0930    55009   423931   22.05    9999   10.65    8.18    7.78     84   34.49    4269   30.79   17443    0.10    0.82   -0.03
  0931    55009   423931   22.95    9999   10.57    8.17    7.72     84   34.43    4270   30.79   17447    0.08    0.78   -0.09
  0931    55009   423931   23.97    9999   10.52    8.16    7.61     82   34.37    4268   30.78   17439    0.06    0.70    0.02
  0931    55009   423931   25.03    9999   10.45    8.15    7.48     81   34.31    4269   30.78   17443    0.12    0.84    0.00
  0932    55009   423931   25.94    9999   10.41    8.14    7.36     79   34.27    4269   30.78   17441    0.09    1.03   -0.10
  0932    55009   423931   26.95    9999   10.41    8.13    7.19     78   34.28    4268   30.78   17440    0.17    1.31    0.00
 -0903    56899   421855    1.02    9999   12.31    8.29    9.01    101   35.87    4265   30.75   17416    0.23    0.58    0.06
  0904    56899   421855    2.03    9999   12.31    8.29    9.02    101   35.87    4265   30.75   17416    0.36    0.90    0.14
  0904    56899   421855    3.01    9999   12.30    8.29    9.03    101   35.85    4264   30.74   17413    0.35    0.81    0.01
  0905    56899   421855    3.96    9999   12.22    8.28    9.02    101   35.78    4263   30.73   17408    0.54    0.71    0.08
  0905    56899   421855    4.97    9999   12.28    8.28    9.00    101   35.84    4264   30.74   17413    0.44    0.65   -0.01
  0905    56899   421855    5.91    9999   12.26    8.28    9.01    101   35.83    4265   30.75   17415    0.43    0.61   -0.04
  0906    56899   421855    7.00    9999   11.79    8.27    8.98    100   35.41    4263   30.73   17407    0.43    0.46    0.12
  0906    56899   421855    7.96    9999   11.61    8.25    8.73     97   35.26    4264   30.74   17412    0.35    0.51   -0.02
  0907    56899   421855    8.99    9999   11.54    8.26    8.71     96   35.20    4264   30.74   17414    0.79    0.45    0.04
  0907    56899   421855   10.00    9999   11.40    8.24    8.70     96   35.08    4263   30.74   17412    0.37    0.47    0.11
  0907    56899   421855   10.99    9999   11.30    8.24    8.55     94   35.00    4264   30.74   17415    0.28    0.61    0.01
  0908    56899   421855   12.01    9999   11.24    8.23    8.50     93   34.96    4265   30.75   17421    0.25    0.72    0.04
  0908    56899   421855   12.98    9999   11.14    8.22    8.42     92   34.90    4268   30.77   17435    0.46    0.72   -0.11
  0909    56899   421855   13.94    9999   11.07    8.21    8.25     90   34.82    4267   30.77   17431    0.47    0.84    0.00
  0909    56899   421855   14.96    9999   11.03    8.19    7.98     87   34.78    4267   30.76   17428    0.24    0.73    0.05
 -0842    60168   419599    0.93    9999   12.60    8.36    9.32    105   36.00    4250   30.63   17346    0.16    0.67   -0.01
  0843    60168   419599    1.99    9999   12.58    8.35    9.27    105   35.98    4250   30.63   17346    0.22    0.60    0.05
  0843    60168   419599    3.10    9999   12.58    8.35    9.23    104   35.98    4251   30.63   17348    0.36    0.66    0.00
  0843    60168   419599    3.98    9999   12.59    8.35    9.20    104   35.99    4251   30.63   17349    0.20    0.82   -0.07
  0844    60168   419599    5.01    9999   12.60    8.35    9.22    104   36.00    4251   30.63   17348    0.27    0.62    0.04
  0844    60168   419599    6.11    9999   12.37    8.25    8.60     97   35.95    4268   30.77   17428    0.20    0.71   -0.02
  0844    60168   419599    7.11    9999   12.30    8.24    8.43     95   35.89    4268   30.77   17431    0.16    0.81   -0.05
  0845    60168   419599    8.04    9999   12.18    8.24    8.38     94   35.78    4268   30.77   17431    0.13    0.76    0.02
  0845    60168   419599    9.03    9999   11.30    8.13    7.11     78   35.01    4265   30.75   17422    0.11    1.26    0.03
  0846    60168   419599    9.92    9999   11.30    8.08    6.85     75   35.03    4267   30.77   17432    0.23    1.47    0.00
  0846    60168   419599   10.96    9999   11.25    7.94    4.68     51   35.03    4273   30.82   17459    0.17    2.32   -0.00
 -0826    61450   416361    0.99    9999   12.51    8.37    9.67    109   35.80    4237   30.52   17284    0.26    0.63    0.07
  0826    61450   416361    2.03    9999   12.51    8.37    9.67    109   35.80    4237   30.52   17284    0.35    0.71   -0.03
  0826    61450   416361    2.96    9999   12.52    8.37    9.66    109   35.81    4237   30.52   17284    2.28   33.02    0.48
  0827    61450   416361    4.00    9999   12.52    8.37    9.63    109   35.73    4227   30.44   17238    3.49   33.01    0.63
  0827    61450   416361    4.94    9999   12.51    8.36    9.61    108   35.71    4226   30.44   17236    2.18   26.17    0.41
 -0811    61767   413550    1.02    9999   11.91    8.34    9.71    108   35.20    4226   30.44   17238    0.53    0.65    0.14
  0811    61767   413550    2.09    9999   11.93    8.34    9.70    108   35.23    4227   30.44   17240    0.53    0.56    0.01
  0812    61767   413550    2.86    9999   11.96    8.34    9.70    108   35.25    4227   30.45   17242    0.36    0.88    0.06
  0812    61767   413550    4.07    9999   11.96    8.34    9.73    109   35.24    4226   30.43   17236    0.39    0.68   -0.07
  0812    61767   413550    4.94    9999   11.99    8.35    9.75    109   35.29    4228   30.45   17244    0.52    0.59   -0.05
  0812    61767   413550    5.96    9999   11.99    8.35    9.78    109   35.29    4229   30.46   17249    0.39    0.55   -0.09
  0813    61767   413550    7.04    9999   11.97    8.33    9.67    108   35.28    4229   30.46   17251    0.27    0.64   -0.05
