# MEETVAARTUIG : M.C.ECOS 8 VERTIKAAL
# MEETDATUM    : 18-05-2021 11:22:36
# MEETGEBIED   :
# STARTPUNT    :
# EINDPUNT     :
# PROJECTCODE  :
# OPDRACHTGEVER:
# BEHEERDER    :
# BEMONST. INST:
# WAARNEMER(S) : Michel
#
* 20210518
$ 9999 [000000000000000]
>TIJD      uumm                    
>X         coordinaat              
>Y         coordinaat              
>SENSHTE   Diepte set        m     
>Echms     Echoset           mtrs  
>Temp      Temperatuur       oC    
>pH        Zuurgraad         dimsls
>O2        Zuurstof          mg/l  
>%O2       Zuurstof%         %     
>GELBH     Geleidendheid     mS/cm 
>GEL20     Gel20             ???   
>SALNTT    Saliniteit        dimsl 
>CL-       Chloride          mg/l  
>CHFLYSI   Chlorofyl         ugr/l 
>TURBID    Troebelheid       NTU   
 -1122  50822 419751   1.03   0.90  13.69   8.32   8.76   102  35.90  4132  29.68  16791   0.34   0.27
  1122  50827 419755   1.97   3.40  13.68   8.32   8.78   102  35.89  4132  29.68  16792   0.41   0.25
  1123  50826 419755   2.98   2.79  13.66   8.32   8.78   102  35.87  4131  29.68  16791   0.52   0.27
  1123  50825 419757   4.03   2.05  13.65   8.32   8.78   102  35.87  4132  29.68  16794   0.56   0.33
  1124  50821 419753   5.01   2.10  13.46   8.31   8.50    98  35.73  4134  29.69  16803   0.56   0.28
  1125  50818 419747   6.10   1.36  13.39   8.30   8.39    97  35.69  4136  29.72  16815   0.51   0.26
 -1130  50216 420457   1.02  16.69  13.64   8.32   8.76   101  35.85  4130  29.67  16786   0.40   0.22
  1130  50215 420469   2.00   0.78  13.63   8.32   8.76   101  35.84  4131  29.67  16787   0.32   0.41
  1130  50213 420479   2.98  14.83  13.62   8.32   8.75   101  35.82  4130  29.66  16784   0.46   0.33
  1131  50210 420487   3.99  13.95  13.56   8.32   8.75   101  35.78  4130  29.67  16786   0.75   0.27
  1131  50211 420489   5.00  12.85  13.53   8.32   8.71   101  35.76  4131  29.67  16790   0.78   0.34
  1132  50213 420487   5.99  49.26  13.43   8.31   8.56    99  35.68  4132  29.68  16792   0.84   0.42
  1132  50215 420490   6.98  10.95  12.13   8.29   8.54    96  34.71  4145  29.79  16861   1.36   0.45
  1133  50218 420503   7.99   8.90  11.89   8.26   8.22    92  34.46  4139  29.74  16836   1.16   0.47
  1133  50220 420503   9.02   7.56  11.83   8.26   8.19    91  34.42  4140  29.75  16840   1.34   0.51
  1134  50218 420504  10.05   7.24  11.53   8.25   8.07    89  34.17  4140  29.75  16843   1.45   0.56
  1134  50214 420501  11.02   6.60  11.43   8.25   8.07    89  34.11  4143  29.77  16853   1.99   0.52
  1135  50213 420491  11.99   5.75  11.31   8.23   7.90    87  34.01  4143  29.77  16854   1.37   0.59
  1136  50208 420492  12.99   4.51  11.08   8.21   7.67    84  33.82  4142  29.77  16853   1.60   0.78
  1137  50210 420487  14.03   3.30  10.97   8.16   7.14    78  33.72  4142  29.77  16854   2.12   1.39
  1138  50212 420482  15.04   2.41  10.91   8.14   7.02    77  33.68  4143  29.77  16856   2.80   1.77
  1139  50211 420483  16.05   1.34  10.88   8.12   6.69    73  33.65  4142  29.77  16855   2.58   1.89
 -1147  51410 421747   1.04  17.06  13.66   8.31   8.59    99  35.86  4130  29.66  16782   0.45   0.29
  1147  51429 421745   1.99  15.89  13.61   8.31   8.57    99  35.83  4131  29.67  16788   0.51   0.33
  1147  51433 421754   2.98  14.95  13.59   8.31   8.56    99  35.80  4130  29.67  16785   0.61   0.30
  1148  51426 421765   4.05  14.48  13.62   8.31   8.55    99  35.81  4128  29.65  16777   0.72   0.31
  1148  51417 421772   4.99  13.45  13.59   8.31   8.53    99  35.79  4130  29.66  16783   0.70   0.28
  1148  51415 421774   6.00  12.53  13.57   8.31   8.52    98  35.78  4130  29.66  16784   0.54   0.34
  1149  51417 421774   7.03  11.48  13.46   8.30   8.48    98  35.73  4134  29.69  16802   0.59   0.24
  1150  51417 421769   8.04  10.70  12.85   8.27   8.17    93  35.16  4127  29.64  16773   1.05   0.37
  1150  51414 421761   9.00   9.93  11.94   8.25   8.02    90  34.50  4138  29.74  16831   1.40   0.33
  1151  51409 421757  10.02   9.04  11.64   8.25   7.96    88  34.28  4143  29.77  16854   1.58   0.43
  1151  51407 421756  11.01   8.04  11.49   8.25   7.92    88  34.17  4144  29.78  16861   1.17   0.43
  1152  51408 421743  11.98   7.23  11.38   8.20   7.38    82  34.14  4151  29.84  16894   2.29   0.62
  1153  51407 421741  12.97   6.41  11.34   8.19   7.24    80  34.13  4154  29.86  16906   2.61   0.57
  1153  51406 421740  13.97   5.23  11.32   8.18   7.21    80  34.12  4156  29.88  16914   2.48   0.58
  1154  51399 421753  15.04   4.04  11.28   8.17   7.06    78  34.13  4160  29.91  16933   3.49   0.82
  1154  51399 421756  16.01   2.98  11.28   8.17   7.02    77  34.13  4161  29.92  16938   3.64   0.64
  1155  51400 421757  16.99   1.95  11.27   8.16   6.96    77  34.13  4161  29.92  16941   3.28   0.89
  1155  51399 421758  17.99   0.75  11.27   8.15   6.85    76  34.14  4163  29.93  16947   2.74   0.76
 -1208  53389 423715   1.02  15.59  14.43   8.29   8.33    98  36.46  4124  29.62  16755   0.30   0.26
  1208  53399 423727   2.03  14.74  14.39   8.29   8.34    98  36.43  4125  29.62  16755   0.37   0.27
  1208  53406 423733   2.98  10.78  14.35   8.29   8.34    98  36.40  4126  29.63  16762   0.44   0.26
  1209  53410 423732   4.02  12.44  14.23   8.29   8.32    97  36.29  4125  29.62  16758   0.63   0.31
  1209  53413 423733   5.04  11.61  14.20   8.29   8.29    97  36.27  4124  29.62  16756   0.59   0.39
  1209  53408 423737   6.01  11.33  14.18   8.28   8.27    97  36.25  4125  29.62  16759   0.84   0.31
  1210  53400 423744   6.99  10.98  14.08   8.28   8.11    95  36.16  4124  29.61  16753   0.45   0.27
  1210  53402 423747   7.97  10.18  14.04   8.28   8.05    94  36.13  4124  29.61  16753   0.36   0.20
  1211  53410 423750   9.01   9.16  13.22   8.23   7.47    86  35.51  4133  29.69  16798   0.90   0.44
  1211  53410 423754   9.99   8.30  12.84   8.22   7.42    84  35.24  4137  29.72  16821   1.05   0.57
  1212  53398 423759  11.01   7.81  12.16   8.20   7.10    80  34.68  4138  29.74  16830   1.82   0.68
  1213  53399 423757  12.02   6.84  12.05   8.19   7.08    79  34.58  4138  29.73  16828   1.55   0.56
  1213  53399 423758  13.00   5.80  11.94   8.19   7.06    79  34.50  4139  29.74  16834   2.08   0.50
  1213  53398 423760  14.02   4.73  11.83   8.19   7.05    79  34.43  4141  29.76  16845   2.06   0.53
  1214  53398 423758  14.95   3.64  11.79   8.17   6.79    76  34.38  4139  29.74  16837   2.22   0.61
  1214  53401 423758  15.98   2.63  11.78   8.16   6.77    75  34.37  4139  29.74  16835   2.91   0.57
  1215  53402 423751  17.03   1.00  11.73   8.14   6.52    73  34.33  4140  29.75  16838   1.95   0.84
 -1223  54853 423975   1.06  21.73  14.48   8.30   8.47   100  36.50  4124  29.62  16754   0.29   0.29
  1223  54882 423965   2.03   0.00  14.49   8.30   8.46   100  36.50  4123  29.61  16750   0.32   0.23
  1223  54893 423969   3.01  19.37  14.38   8.30   8.47    99  36.40  4123  29.60  16746   0.52   0.33
  1224  54897 423982   4.05  18.54  14.29   8.30   8.42    99  36.33  4123  29.61  16751   0.68   0.40
  1224  54899 423990   4.98  18.10  14.33   8.30   8.42    99  36.36  4123  29.61  16750   0.61   0.35
  1224  54901 423991   6.05  17.20  14.31   8.30   8.43    99  36.35  4124  29.61  16753   0.55   0.35
  1224  54905 423991   6.99  16.25  14.25   8.30   8.40    98  36.30  4123  29.61  16751   0.64   0.30
  1225  54910 423993   8.00  15.40  14.24   8.30   8.37    98  36.29  4123  29.61  16750   0.50   0.27
  1225  54917 423995   9.01  14.39  14.22   8.30   8.34    98  36.28  4123  29.61  16751   0.49   0.34
  1225  54924 424000  10.06  13.49  14.20   8.30   8.31    97  36.26  4124  29.61  16752   0.39   0.27
  1226  54912 423998  11.04  12.68  13.60   8.23   7.48    87  35.84  4134  29.69  16802   0.80   0.45
  1227  54907 423998  12.00  11.78  13.28   8.21   7.21    83  35.54  4130  29.67  16787   1.40   0.49
  1227  54909 424000  13.00  10.83  13.09   8.20   7.17    82  35.41  4134  29.70  16805   0.96   0.56
  1228  54920 424003  14.01   9.73  12.15   8.16   6.67    75  34.67  4139  29.74  16831   1.56   0.76
  1229  54923 424005  15.00   8.81  12.04   8.15   6.62    74  34.58  4138  29.73  16830   2.09   0.71
  1230  54935 424004  15.98   7.73  11.85   8.14   6.39    71  34.43  4139  29.74  16834   1.54   0.69
  1230  54908 423990  16.97   6.24  11.72   8.12   6.19    69  34.33  4139  29.75  16838   1.88   1.08
  1231  54903 423983  17.98   5.08  11.66   8.10   5.97    66  34.28  4140  29.75  16840   1.85   1.38
  1232  54910 423981  19.00   3.99  11.62   8.08   5.77    64  34.25  4140  29.75  16841   1.86   1.50
  1233  54915 423985  20.02   3.18  11.57   8.10   5.95    66  34.21  4140  29.75  16843   1.57   0.78
  1234  54921 423992  21.04   2.35  11.35   8.06   5.60    62  34.03  4141  29.76  16849   1.09   0.77
  1234  54929 423995  22.01   1.44  11.10   7.99   4.86    53  33.84  4143  29.77  16855   1.28   1.12
 -1246  56753 421961   1.03  15.19  14.53   8.27   8.37    99  36.53  4123  29.60  16746   0.29   0.33
  1246  56751 421936   1.97  14.43  14.32   8.28   8.37    98  36.35  4122  29.60  16744   0.53   0.36
  1247  56760 421929   2.94   2.78  14.39   8.28   8.33    98  36.40  4121  29.59  16739   0.43   0.25
  1247  56768 421926   3.99  12.44  14.47   8.28   8.35    98  36.47  4122  29.60  16744   0.42   0.37
  1247  56770 421922   5.01  11.55  14.40   8.28   8.36    98  36.42  4123  29.60  16747   0.59   0.34
  1248  56777 421916   5.98  10.75  14.24   8.28   8.33    98  36.29  4123  29.61  16750   0.65   0.33
  1248  56788 421913   7.02   9.66  14.22   8.28   8.31    97  36.28  4124  29.62  16754   0.52   0.29
  1248  56800 421919   8.04   8.59  14.11   8.28   8.27    97  36.20  4125  29.63  16761   0.46   0.24
  1249  56809 421924   9.01   7.43  14.10   8.28   8.25    96  36.18  4125  29.62  16758   0.38   0.25
  1249  56813 421935   9.94   6.33  14.06   8.28   8.24    96  36.16  4126  29.63  16761   0.38   0.30
  1249  56801 421944  11.01   5.31  14.02   8.28   8.19    95  36.13  4125  29.63  16761   0.34   0.27
  1251  56801 421935  11.98   4.59  13.67   8.23   7.46    86  35.85  4127  29.64  16771   0.36   0.45
  1252  56803 421926  13.02   3.68  13.35   8.13   6.14    71  35.58  4128  29.65  16776   0.50   0.86
  1253  56810 421915  14.03   2.79  13.01   8.04   5.13    59  35.32  4130  29.67  16789   0.52   1.12
  1255  56801 421911  15.02   1.98  12.53   7.96   4.13    47  34.95  4133  29.69  16804   0.69   1.13
  1255  56801 421916  15.97   0.91  12.39   7.97   4.18    47  34.85  4136  29.72  16819   0.61   1.29
 -1312  60049 419782   1.02   9.86  14.82   8.25   8.33    99  36.76  4122  29.59  16740   0.37   0.36
  1312  60062 419762   2.02   9.01  14.83   8.25   8.33    99  36.76  4121  29.59  16736   0.52   0.36
  1313  60057 419767   2.98   8.35  14.84   8.25   8.32    99  36.77  4120  29.58  16731   0.53   0.33
  1313  60059 419768   4.01   7.29  14.58   8.26   8.33    98  36.61  4127  29.64  16767   0.48   0.30
  1313  60067 419766   4.96   6.60  14.44   8.27   8.35    98  36.47  4125  29.62  16756   0.52   0.40
  1314  60075 419762   5.98   5.65  14.41   8.28   8.38    99  36.46  4126  29.63  16761   0.50   0.44
  1314  60085 419761   6.99   4.68  14.37   8.29   8.39    99  36.43  4127  29.64  16765   0.46   0.41
  1315  60096 419751   8.01   3.81  14.28   8.28   8.33    98  36.36  4127  29.64  16768   0.44   0.46
  1315  60105 419747   8.98   2.93  14.19   8.28   8.30    97  36.28  4127  29.64  16769   0.44   0.31
  1316  60126 419745  10.03   2.30  13.68   8.14   6.41    74  35.87  4129  29.66  16780   0.47   1.25
  1319  60129 419774  11.01   1.36  11.73   7.62   0.46     5  34.34  4140  29.75  16841   0.59   3.66
 -1332  61437 416582   1.01   5.51  14.87   8.23   8.33    99  36.67  4106  29.47  16666   0.50   0.39
  1333  61447 416548   2.02   4.64  14.85   8.23   8.32    99  36.65  4105  29.46  16664   0.54   0.46
  1333  61454 416541   3.02   3.66  14.84   8.23   8.31    98  36.64  4106  29.47  16667   0.92   0.43
  1333  61457 416539   3.97   2.84  14.84   8.23   8.31    98  36.63  4105  29.46  16665   0.81   0.45
  1334  61457 416540   4.99   1.85  14.72   8.23   8.28    98  36.54  4106  29.47  16667   0.80   0.48
  1335  61479 416525   6.02   0.91  14.52   8.21   7.97    94  36.34  4102  29.44  16651   0.96   0.53
 -1345  61650 413743   0.91   6.74  14.41   8.27   8.29    97  36.24  4101  29.43  16644   0.58   0.32
  1345  61662 413705   2.02   5.81  14.42   8.27   8.29    97  36.24  4101  29.43  16647   0.53   0.40
  1346  61666 413690   3.04   4.81  14.41   8.27   8.30    97  36.24  4101  29.43  16645   0.52   0.33
  1346  61673 413677   4.01   3.90  14.36   8.28   8.32    98  36.20  4102  29.43  16650   0.58   0.25
  1346  61677 413670   5.03   2.93  14.36   8.28   8.36    98  36.20  4102  29.43  16650   0.47   0.33
  1347  61686 413663   6.04   1.96  14.34   8.30   8.50   100  36.20  4103  29.45  16656   0.56   0.29
  1347  61690 413658   6.98   1.18  14.29   8.32   8.86   104  36.16  4104  29.45  16661   0.55   0.27
