# GREVELINGEN
# BR.DAM-BRUINISSE
# start meting:  817
# m.s. 'DELTA'
#
# d860904 overgenomen  (laatste 2 meetpunten afgevlagd)
#
#
* 19860904
$-9999 [00022220]
>TIJD
>X-COORD
>Y-COORD
>SENSHTE  Diepte Set      mtrs
>pH       Zuurgraad       s.e.
>Temp       Temperatuur      o.C
>O2       Zuurst.Pl.comp  mg/l
>CL-       Chloride          mg/l
 -817  47604 418780   .81  8.15 15.13  6.65 17278
  817  47604 418780  2.08  8.16 15.19  6.70 17296
  817  47604 418780  2.91  8.15 15.17  6.62 17275
  817  47604 418780  4.08  8.15 15.17  6.62 17324
  817  47604 418780  5.01  8.17 15.19  6.59 17296
  817  47604 418780  5.89  8.16 15.19  6.57 17283
  817  47604 418780  7.26  8.17 15.15  6.56 17312
  817  47604 418780  7.89  8.17 15.19  6.65 17283
 -826  47950 418430  1.01  8.18 15.20  6.57 17277
  826  47950 418430  1.93  8.17 15.19  6.54 17326
  826  47950 418430  2.96  8.17 15.19  6.57 17283
  826  47950 418430  4.23  8.17 15.17  6.49 17305
  826  47950 418430  5.11  8.18 15.17  6.54 17262
  826  47950 418430  5.79  8.19 15.19  6.54 17283
  826  47950 418430  7.21  8.17 15.19  6.56 17326
  826  47950 418430  8.04  8.17 15.19  6.51 17283
  826  47950 418430  9.21  8.17 15.20  6.51 17289
  826  47950 418430 10.09  8.17 15.19  6.51 17283
  826  47950 418430 10.97  8.18 15.13  6.51 17370
  826  47950 418430 12.04  8.17 15.12  6.49 17315
  826  47950 418430 12.87  8.18 15.13  6.49 17309
  826  47950 418430 13.99  8.18 15.17  6.49 17293
  826  47950 418430 15.07  8.18 15.13  6.49 17309
 -840  48833 418191   .96  8.17 15.19  6.56 17296
  840  48833 418191  1.84  8.18 15.24  6.52 17261
  840  48833 418191  2.96  8.18 15.15  6.64 17299
  840  48833 418191  3.99  8.20 15.19  6.51 17283
  840  48833 418191  4.91  8.19 15.17  6.54 17293
  840  48833 418191  5.74  8.18 15.19  6.50 17381
  840  48833 418191  7.01  8.18 15.24  6.49 17261
  840  48833 418191  7.89  8.19 15.19  6.51 17283
  840  48833 418191  8.91  8.18 15.17  6.46 17293
  840  48833 418191  9.99  8.19 15.19  6.51 17283
  840  48833 418191 10.91  8.18 15.17  6.51 17336
  840  48833 418191 11.84  8.19 15.17  6.47 17305
  840  48833 418191 12.96  8.19 15.20  6.46 17277
  840  48833 418191 13.99  8.19 15.24  6.49 17261
  840  48833 418191 14.92  8.18 15.19  6.54 17296
  840  48833 418191 15.89  8.19 15.19  6.46 17283
  840  48833 418191 17.01  8.18 15.19  6.43 17265
  840  48833 418191 17.84  8.18 15.19  6.43 17283
  840  48833 418191 18.92  8.19 15.17  6.41 17293
  840  48833 418191 19.90  8.19 15.16  6.48 17296
  840  48833 418191 20.87  8.19 15.19  6.43 17283
  840  48833 418191 21.85  8.18 15.19  6.44 17235
  840  48833 418191 22.83  8.20 15.13  6.40 17309
  840  48833 418191 24.19  8.19 15.19  6.36 17265
  840  48833 418191 24.92  8.19 15.13  6.43 17309
  840  48833 418191 25.90  8.18 15.15  6.38 17312
  840  48833 418191 26.88  8.19 15.15  6.38 17342
  840  48833 418191 27.96  8.20 15.13  6.38 17309
  840  48833 418191 28.88  8.19 15.12  6.46 17285
  840  48833 418191 29.91  8.19 15.12  6.36 17223
  840  48833 418191 30.94  8.19 15.12  6.38 17254
  840  48833 418191 31.91  8.17 15.00  6.28 17265
  840  48833 418191 32.94  8.08 13.77  5.91 16223
  840  48833 418191 33.87  8.00  8.13  3.82 16965
  840  48833 418191 34.94  8.16  7.55  1.08 16954
  840  48833 418191 35.92  8.24  7.55  1.00 16918
  840  48833 418191 36.90  8.29  7.17  1.00 16927
  840  48833 418191 37.92  8.31  7.02  1.00 16949
  840  48833 418191 39.00  8.36  6.95  1.00 16986
  840  48833 418191 40.07  8.39  6.92  1.00 16968
  840  48833 418191 41.00  8.39  6.88  1.00 16966
  840  48833 418191 42.22  8.41  6.85  1.00 16983
  840  48833 418191 43.10  8.42  6.80  1.00 16990
  840  48833 418191 44.03  8.45  6.78  1.00 16981
  840  48833 418191 45.10  8.46  6.80  1.00 16955
 -929  49695 418227  1.01  8.20 15.15  7.12 17272
  929  49695 418227  2.17  8.21 15.12  7.04 17285
  929  49695 418227  3.11  8.20 15.15  7.07 17269
  929  49695 418227  3.93  8.21 15.12  7.12 17315
  929  49695 418227  5.01  8.20 15.14  7.07 17275
  929  49695 418227  5.94  8.21 15.13  7.04 17297
  929  49695 418227  6.97  8.20 15.12  7.04 17272
  929  49695 418227  7.94  8.20 15.10  7.02 17291
  929  49695 418227  8.97  8.20 15.07  7.02 17246
  929  49695 418227  9.99  8.20 15.06  7.04 17313
  929  49695 418227 10.92  8.20 15.12  6.99 17285
  929  49695 418227 12.00  8.20 15.08  6.99 17301
  929  49695 418227 12.92  8.20 15.03  6.99 17292
  929  49695 418227 14.10  8.18 15.03  6.99 17292
  929  49695 418227 14.92  8.20 15.00  6.97 17296
  929  49695 418227 16.05  8.20 14.99  6.93 17345
  929  49695 418227 16.97  8.20 15.00  6.96 17296
  929  49695 418227 17.95  8.20 14.99  6.94 17302
  929  49695 418227 19.03  8.20 15.06  7.04 17270
  929  49695 418227 20.05  8.20 15.03  6.91 17249
 -944  50701 418399  1.20  8.21 15.08  7.15 17270
  944  50701 418399  2.13  8.20 15.08  7.18 17288
  944  50701 418399  3.26  8.21 15.08  7.18 17288
  944  50701 418399  3.99  8.20 15.08  7.20 17270
  944  50701 418399  5.01  8.21 15.08  7.20 17270
  944  50701 418399  6.09  8.22 15.10  7.20 17260
  944  50701 418399  6.89  8.21 15.08  7.23 17270
  944  50701 418399  7.94  8.21 15.07  7.20 17276
  944  50701 418399  9.16  8.21 15.07  7.20 17295
  944  50701 418399 10.04  8.21 15.08  7.20 17288
  944  50701 418399 11.07  8.21 15.10  7.20 17260
  944  50701 418399 12.05  8.21 15.03  7.26 17292
  944  50701 418399 13.02  8.22 15.07  7.20 17264
  944  50701 418399 13.99  8.21 15.08  7.20 17270
  944  50701 418399 14.92  8.22 15.05  7.17 17304
  944  50701 418399 15.80  8.21 15.06  7.18 17283
  944  50701 418399 17.02  8.22 15.12  7.18 17223
  944  50701 418399 18.00  8.21 15.05  7.18 17286
  944  50701 418399 19.03  8.21 15.06  7.18 17301
  944  50701 418399 20.00  8.21 15.02  7.17 17317
  944  50701 418399 20.88  8.20 15.02  7.18 17268
  944  50701 418399 21.81  8.21 14.96  7.15 17269
  944  50701 418399 22.93  8.20 14.95  7.12 17288
  944  50701 418399 23.91  8.20 14.95  7.12 17300
  944  50701 418399 24.73  8.20 14.95  7.12 17288
  944  50701 418399 25.99  8.20 14.94  7.09 17303
-1004  51616 418590  1.21  8.22 15.07  7.39 17252
 1004  51616 418590  2.18  8.22 15.10  7.36 17260
 1004  51616 418590  3.01  8.21 15.05  7.39 17286
 1004  51616 418590  4.18  8.21 15.10  7.41 17248
 1004  51616 418590  5.19  8.21 15.08  7.42 17258
 1004  51616 418590  6.28  8.20 15.02  7.44 17268
 1004  51616 418590  7.21  8.22 15.03  7.44 17280
 1004  51616 418590  8.14  8.22 15.00  7.41 17296
 1004  51616 418590  9.11  8.22 15.02  7.39 17286
 1004  51616 418590 10.09  8.21 15.06  7.39 17228
 1004  51616 418590 11.02  8.21 15.02  7.36 17299
 1004  51616 418590 11.90  8.20 15.00  7.35 17253
 1004  51616 418590 13.02  8.21 15.00  7.36 17296
 1004  51616 418590 14.09  8.21 14.99  7.34 17272
 1004  51616 418590 15.02  8.21 15.00  7.31 17296
 1004  51616 418590 16.19  8.21 14.99  7.39 17284
 1004  51616 418590 16.97  8.20 14.96  7.31 17269
 1004  51616 418590 18.19  8.21 14.93  7.36 17297
 1004  51616 418590 18.98  8.19 14.96  7.30 17373
 1004  51616 418590 20.15  8.21 14.99  7.31 17284
 1004  51616 418590 20.97  8.22 15.00  7.28 17265
 1004  51616 418590 22.00  8.21 14.96  7.28 17312
 1004  51616 418590 22.93  8.22 14.99  7.28 17284
 1004  51616 418590 23.91  8.20 14.96  7.39 17293
 1004  51616 418590 24.98  8.20 14.95  7.28 17300
 1004  51616 418590 25.96  8.22 14.95  7.28 17275
 1004  51616 418590 27.03  8.21 14.93  7.39 17297
 1004  51616 418590 28.06  8.20 14.95  7.28 17275
 1004  51616 418590 29.14  8.21 15.00  7.31 17265
 1004  51616 418590 30.11  8.20 14.94  7.25 17282
 1004  51616 418590 31.14  8.20 14.94  7.31 17294
 1004  51616 418590 32.07  8.20 14.82  7.28 17318
 1004  51616 418590 32.98  8.20 14.85  7.24 17329
 1004  51616 418590 34.05  8.21 14.91  7.22 17288
 1004  51616 418590 35.03  8.20 14.96  7.15 17232
-1032  52795 420243   .96  8.21 15.02  7.44 17256
 1032  52795 420243  1.94  8.22 15.00  7.50 17284
 1032  52795 420243  2.97  8.20 15.00  7.36 17265
 1032  52795 420243  3.99  8.20 14.97  7.44 17309
 1032  52795 420243  5.02  8.22 14.99  7.44 17333
 1032  52795 420243  6.09  8.22 14.99  7.47 17272
 1032  52795 420243  7.07  8.22 14.97  7.44 17278
 1032  52795 420243  8.09  8.20 14.97  7.47 17278
 1032  52795 420243  9.07  8.22 14.97  7.42 17266
 1032  52795 420243 10.14  8.21 14.97  7.37 17235
-1042  53730 421039  1.11  8.23 15.14  7.60 17263
 1042  53730 421039  2.08  8.22 15.17  7.60 17278
 1042  53730 421039  3.06  8.23 15.15  7.61 17238
 1042  53730 421039  4.09  8.23 15.10  7.58 17260
 1042  53730 421039  5.06  8.23 15.10  7.58 17279
 1042  53730 421039  6.19  8.23 15.12  7.63 17254
 1042  53730 421039  7.26  8.22 15.09  7.60 17316
 1042  53730 421039  8.09  8.23 15.03  7.56 17292
 1042  53730 421039  9.12  8.22 15.07  7.44 17276
 1042  53730 421039 10.19  8.23 15.10  7.55 17260
 1042  53730 421039 11.07  8.22 15.07  7.52 17295
 1042  53730 421039 12.00  8.22 15.06  7.50 17270
 1042  53730 421039 13.07  8.21 15.09  7.47 17242
 1042  53730 421039 14.19  8.22 15.03  7.50 17249
 1042  53730 421039 14.98  8.21 14.96  7.44 17269
 1042  53730 421039 15.90  8.21 14.95  7.47 17245
 1042  53730 421039 16.98  8.20 14.85  7.39 17271
-1058  55252 421423  1.00  8.23 15.00  7.71 17235
 1058  55252 421423  1.89  8.23 15.02  7.61 17225
 1058  55252 421423  2.82  8.23 14.97  7.63 17247
 1058  55252 421423  3.99  8.23 14.97  7.63 17235
 1058  55252 421423  5.31  8.23 14.95  7.69 17183
 1058  55252 421423  6.29  8.22 14.95  7.63 17257
 1058  55252 421423  7.02  8.24 14.95  7.58 17245
 1058  55252 421423  8.04  8.23 14.95  7.60 17245
 1058  55252 421423  8.97  8.23 14.94  7.58 17263
 1058  55252 421423  9.90  8.23 14.94  7.58 17233
 1058  55252 421423 10.83  8.23 14.90  7.57 17267
 1058  55252 421423 11.76  8.23 14.99  7.58 17210
 1058  55252 421423 12.88  8.23 14.90  7.55 17267
 1058  55252 421423 13.90  8.23 14.92  7.52 17242
 1058  55252 421423 14.88  8.22 14.87  7.52 17264
 1058  55252 421423 16.10  8.23 14.92  7.58 17242
 1058  55252 421423 17.13  8.23 14.87  7.47 17295
 1058  55252 421423 18.01  8.23 14.89  7.47 17243
 1058  55252 421423 18.89  8.21 14.87  7.42 17264
 1058  55252 421423 20.00  8.22 14.87  7.40 17191
 1058  55252 421423 21.03  8.22 14.87  7.50 17252
-1116  56338 420510  1.16  8.24 15.10  7.93 17205
 1116  56338 420510  2.18  8.24 15.03  7.85 17268
 1116  56338 420510  3.06  8.25 15.06  7.87 17301
 1116  56338 420510  4.24  8.23 15.09  7.82 17255
 1116  56338 420510  5.07  8.23 15.06  7.87 17301
 1116  56338 420510  6.29  8.24 15.09  7.79 17255
 1116  56338 420510  7.12  8.23 15.06  7.87 17228
 1116  56338 420510  8.14  8.23 15.07  7.87 17252
 1116  56338 420510  9.17  8.23 15.01  7.84 17262
 1116  56338 420510 10.15  8.23 15.01  7.87 17280
 1116  56338 420510 11.12  8.22 15.00  7.94 17247
 1116  56338 420510 12.05  8.23 15.07  7.80 17191
-1130  57523 419027  1.11  8.23 14.97  7.84 17217
 1130  57523 419027  1.99  8.23 14.97  7.84 17217
 1130  57523 419027  3.02  8.23 14.97  7.92 17247
 1130  57523 419027  3.99  8.23 14.94  7.87 17190
 1130  57523 419027  5.02  8.25 14.94  7.82 17220
 1130  57523 419027  6.04  8.23 14.90  7.82 17175
 1130  57523 419027  7.02  8.23 14.90  7.74 17248
 1130  57523 419027  8.04  8.24 14.90  7.82 17224
 1130  57523 419027  9.02  8.23 14.90  7.79 17224
 1130  57523 419027  9.95  8.23 14.85  7.79 17246
 1130  57523 419027 10.97  8.23 14.87  7.74 17221
 1130  57523 419027 11.95  8.22 14.83  7.74 17256
 1130  57523 419027 13.03  8.23 14.78  7.68 17278
 1130  57523 419027 13.86  8.23 14.82  7.68 17244
 1130  57523 419027 14.93  8.22 14.82  7.63 17262
 1130  57523 419027 15.91  8.22 14.82  7.63 17262
-1145  57986 417167  1.06  8.25 15.00  8.12 17130
 1145  57986 417167  2.04  8.25 14.99  8.06 17186
 1145  57986 417167  3.02  8.23 14.90  8.06 17205
 1145  57986 417167  4.04  8.23 14.82  8.03 17213
 1145  57986 417167  5.02  8.23 14.83  8.03 17225
 1145  57986 417167  6.00  8.23 14.80  7.97 17222
 1145  57986 417167  6.97  8.22 14.83  7.95 17256
 1145  57986 417167  7.96  8.24 14.82  7.90 17231
 1145  57986 417167  8.88  8.23 14.80  7.94 17272
 1145  57986 417167  9.81  8.22 14.82  7.92 17244
 1145  57986 417167 11.07  8.23 14.76  7.92 17269
 1145  57986 417167 11.95  8.22 14.80  7.92 17253
 1145  57986 417167 12.93  8.23 14.80  7.91 17253
 1145  57986 417167 13.81  8.23 14.80  7.89 17272
 1145  57986 417167 14.98  8.21 14.80  7.97 17253
 1145  57986 417167 15.95  8.23 14.82  7.92 17244
 1145  57986 417167 16.88  8.23 14.80  7.92 17222
 1145  57986 417167 17.95  8.21 14.80  7.92 17272
 1145  57986 417167 18.93  8.22 14.78  7.89 17278
 1145  57986 417167 19.89  8.21 14.74  7.86 17273
-1208  59343 414151   .96  8.24 14.92  8.25 17107
 1208  59343 414151  2.04  8.25 14.89  8.28 17107
 1208  59343 414151  3.02  8.25 14.85  8.25 17111
 1208  59343 414151  4.04  8.24 14.92  8.22 17113
 1208  59343 414151  5.07  8.24 14.80  8.25 17148
 1208  59343 414151  6.04  8.25 14.76  8.25 17121
 1208  59343 414151  7.07  8.23 14.77  8.33 17130
 1208  59343 414151  8.05  8.23 14.80  8.25 17105
 1208  59343 414151  8.97  8.24 14.82  8.33 17065
 1208  59343 414151 10.24  8.24 14.70  8.19 17119
 1208  59343 414151 11.46  8.25 14.71  8.12 17094
 1208  59343 414151 12.09  8.24 14.71  8.15 17082
 1208  59343 414151 13.08  8.25 14.71  8.12 17125
 1208  59343 414151 14.00  8.24 14.68  8.11 17141
 1208  59343 414151 14.93  8.25 14.66  8.11 17209
 1208  59343 414151 15.81  8.24 14.61  8.09 17145
 1208  59343 414151 17.03  8.24 14.59  8.14 17105
 1208  59343 414151 17.95  8.25 14.59  8.06 17105
 1208  59343 414151 18.89  8.24 14.56  8.06 17108
 1208  59343 414151 19.96  8.25 14.58  8.04 17080
 1208  59343 414151 20.99  8.23 14.51  7.98 17100
 1208  59343 414151 21.92  8.23 14.40  8.08 17178
 1208  59343 414151 23.04  8.23 14.38  7.98 17117
-1228  61209 413083  1.06  8.23 14.85  8.32 17246
 1228  61209 413083  2.19  8.25 14.90  8.41 17150
 1228  61209 413083  3.21  8.23 14.87  8.41 17135
 1228  61209 413083  4.19  8.25 14.85  8.41 17123
 1228  61209 413083  4.97  8.25 14.83  8.46 17133
 1228  61209 413083  5.95  8.23 14.87  8.41 17147
 1228  61209 413083  6.97  8.24 14.85  8.41 17080
 1228  61209 413083  7.90  8.22 14.66  8.33 17135
 1228  61209 413083  8.93  8.24 14.56  8.32 17170
 1228  61209 413083  9.91  8.21 14.22  8.16 17168
-1239  62357 412214  1.30  8.25 14.76  8.48 17164
 1239  62357 412214  2.18  8.24 14.78  8.49 17093
 1239  62357 412214  3.17  8.25 14.82  8.47 17077
 1239  62357 412214  3.99  8.25 14.78  8.44 17081
 1239  62357 412214  5.12  8.24 14.70  8.44 17100
 1239  62357 412214  6.00  8.24 14.73  8.46 17091
 1239  62357 412214  6.97  8.24 14.75  8.47 17066
 1239  62357 412214  7.95  8.25 14.70  8.46 17131
 1239  62357 412214  8.98  8.25 14.66  8.43 17135
 1239  62357 412214  9.95  8.24 14.65  8.46 17098
 1239  62357 412214 10.93  8.24 14.59  8.38 17123
 1239  62357 412214 11.81  8.24 14.65  8.39 17067
 1239  62357 412214 12.78  8.25 14.65  8.33 17067
 1239  62357 412214 13.99  8.23 14.54  8.30 17149
 1239  62357 412214 15.08  8.25 14.49  8.27 17153
 1239  62357 412214 15.96  8.23 14.52  8.22 17081
 1239  62357 412214 16.87  8.23 14.54  8.24 17093
-1300  65367 412038  1.04  8.25 14.73  8.49 17091
 1300  65367 412038  2.04  8.25 14.73  8.54 17085
 1300  65367 412038  3.07  8.25 14.77  8.57 17118
 1300  65367 412038  4.24  8.25 14.78  8.57 17093
 1300  65367 412038  5.12  8.26 14.75  8.62 17097
 1300  65367 412038  6.00  8.24 14.73  8.57 17134
 1300  65367 412038  7.07  8.25 14.76  8.62 17103
 1300  65367 412038  8.00  8.26 14.71  8.59 17113
 1300  65367 412038  9.12  8.25 14.71  8.65 17113
 1300  65367 412038  9.95  8.26 14.73  8.73 17103
 1300  65367 412038 10.88  8.26 14.71  8.67 17125
 1300  65367 412038 12.05  8.26 14.78  8.70 17099
 1300  65367 412038 12.93  8.25 14.68  8.73 17125
 1300  65367 412038 14.13  8.25 14.71  8.83 17113
-1313  66418 411679   .87  8.24 14.71  8.65 17100
 1313  66418 411679  1.84  8.25 14.71  8.68 17082
 1313  66418 411679  3.02  8.25 14.73  8.73 17060
 1313  66418 411679  4.05  8.25 14.66  8.63 17042
 1313  66418 411679  4.92  8.24 14.59  8.60 17061
 1313  66418 411679  6.05  8.23 14.58  8.57 17055
 1313  66418 411679  7.02  8.23 14.54  8.54 17084
 1313  66418 411679  8.05  8.25 14.59  8.54 17074
 1313  66418 411679  9.08  8.23 14.56  8.51 17108
-1322  67411 411406  1.01  8.25 14.95  8.76 17048
 1322  67411 411406  2.04  8.25 14.94  8.73 17073
 1322  67411 411406  2.97  8.24 14.89  8.71 17034
 1322  67411 411406  4.00  8.26 14.80  8.71 17044
 1322  67411 411406  5.12  8.25 14.77  8.68 17056
 1322  67411 411406  6.00  8.26 14.77  8.68 17100
 1322  67411 411406  7.03  8.25 14.70  8.68 17057
 1322  67411 411406  8.10  8.25 14.70  8.67 17119
 1322  67411 411406  9.03  8.24 14.66  8.62 17092
 1322  67411 411406 10.10  8.24 14.66  8.59 17153
 1322  67411 411406 10.88  8.24 14.68  8.62 17082
-1333  68847 411195  1.21  8.27 14.99  8.84 17081
 1333  68847 411195  2.14  8.26 14.97  8.79 17057
 1333  68847 411195  3.02  8.26 14.90  8.84 17070
 1333  68847 411195  4.05  8.26 14.87  8.79 17086
 1333  68847 411195  5.07  8.26 14.82  8.78 17127
 1333  68847 411195  6.10  8.27 14.83  8.83 17133
 1333  68847 411195  6.98  8.26 14.80  8.84 17105
 1333  68847 411195  8.00  8.26 14.68  8.73 17039
 1333  68847 411195  8.78  8.26 14.58  8.73 17068
 1333  68847 411195  9.91  8.25 14.56  8.73 17090
 1333  68847 411195 10.88  8.25 14.57  8.48 17083
-1342  69291 410956  1.21  8.26 15.01  8.79 17072
 1342  69291 410956  2.09  8.26 14.95  8.76 17024
 1342  69291 410956  3.12  8.27 14.92  8.79 17061
 1342  69291 410956  4.14  8.27 14.87  8.76 17074
 1342  69291 410956  5.31  8.27 14.80  8.76 17059
 1342  69291 410956  6.05  8.25 14.66  8.73 17092
 1342  69291 410956  6.93  8.26 14.71  8.73 17100
#-1358  66167 410771  1.02  8.26 14.96  9.06 17063
# 1358  66167 410771  1.99  8.25 14.92  9.16 17067
# 1358  66167 410771  3.07  8.24 14.87  9.13 17043
# 1358  66167 410771  3.95  8.24 14.73  9.13 17060
# 1358  66167 410771  4.97  8.25 14.75  9.11 17035
# 1358  66167 410771  5.95  8.23 14.70  9.05 17045
# 1358  66167 410771  7.03  8.25 14.65  9.05 17086
# 1358  66167 410771  7.89  8.24 14.68  9.06 17017
# 1358  66167 410771  8.78  8.23 14.65  9.00 17055
#-1408  65329 409974  1.26  8.25 14.85  9.21 17092
# 1408  65329 409974  1.94  8.24 14.85  9.21 17080
# 1408  65329 409974  2.97  8.25 14.83  9.10 17090
# 1408  65329 409974  3.95  8.25 14.83  9.16 17077
# 1408  65329 409974  4.92  8.23 14.87  9.11 17043
# 1408  65329 409974  6.10  8.24 14.82  9.16 17084
# 1408  65329 409974  7.12  8.23 14.80  9.07 17148
