#
# meting grevelingenmeer
# selectie uit file=/hmctow/tow/data/vert/grev/data_78_84/gz790910
# # meetpunt 16 en 18 overgenomen uit gn790912
# gemeten :pH    Temp  CL-g  O2YsC 
#
* 19790910
$ 9999 [00000000]
>TIJD
>X
>Y
>SENSHTE    Diepte Set
>pH         Zuurgraad               
>Temp       Temperatuur oC)         
>CL-       Chloride (mg/l)         
>O2        Zuurstof (mg/l)         
#  meetpunt 20
#
-2020   69280  410950   1.00   9999  9999  9999 9999  9999
 2020   69280  410950   6.00   9999  9999  9999 9999  9999
#
#  meetpunt 19
-2019   68840  411250   1.00   9999  9999  9999 9999  9999
 2019   68840  411250  12.00   9999  9999  9999 9999  9999
#
#  meetpunt 18  (uit gn790912)
 -1326  67480 411420   1.00   9999   18.27   17429    7.70
  1326  67480 411420   2.00   9999   18.28   17426    7.71
  1326  67480 411420   3.00   9999   18.28   17426    7.72
  1326  67480 411420   4.00   9999   18.28   17431    7.70
  1326  67480 411420   5.00   9999   18.28   17432    7.70
  1326  67480 411420   6.00   9999   18.28   17432    7.68
  1326  67480 411420   7.00   9999   18.28   17428    7.66
  1326  67480 411420   8.00   9999   18.28   17431    7.68
  1326  67480 411420   9.00   9999   18.28   17429    7.66
  1326  67480 411420  10.00   9999   18.25   17437    7.51
  1326  67480 411420  11.00   9999   17.56   17436    5.86
  1326  67480 411420  12.00   9999   16.66   17546    4.28
#  meetpunt 17
-2017   66330  411630   1.00   9999  9999  9999 9999  9999
 2017   66330  411630   8.00   9999  9999  9999 9999  9999
#  meetpunt 16 (uit gn790912) 
 -1304  65300 412070   1.00   9999   18.14   17504    7.50
  1304  65300 412070   2.00   9999   18.14   17496    7.50
  1304  65300 412070   3.00   9999   18.14   17497    7.50
  1304  65300 412070   4.00   9999   18.14   17502    7.50
  1304  65300 412070   5.00   9999   18.14   17500    7.49
  1304  65300 412070   6.00   9999   18.14   17496    7.48
  1304  65300 412070   7.00   9999   18.14   17502    7.46
  1304  65300 412070   8.00   9999   18.05   17471    7.29
  1304  65300 412070   9.00   9999   17.95   17490    7.15
  1304  65300 412070  10.00   9999   17.70   17459    6.93
  1304  65300 412070  11.00   9999   17.00   17586    4.75
  1304  65300 412070  12.00   9999   17.14   17652    4.71
  1304  65300 412070  13.00   9999   17.05   17819    3.93
  1304  65300 412070  14.00   9999   16.92   17909    3.19
  1304  65300 412070  15.00   9999   16.84   17957    3.02
#  meetpunt 15
 -1510  62450 412210   1.00    8.49   18.70   17412    8.31
  1510  62450 412210   2.00    8.49   18.63   17410    8.32
  1510  62450 412210   3.00    8.50   18.53   17391    8.48
  1510  62450 412210   4.00    8.51   18.39   17400    8.49
  1510  62450 412210   5.00    8.52   18.28   17377    8.66
  1510  62450 412210   6.00    8.50   18.20   17388    8.28
  1510  62450 412210   7.00    8.30   17.15   17393    6.19
  1510  62450 412210   8.00    8.26   16.81   17446    5.76
  1510  62450 412210   9.00    8.17   16.73   17558    5.00
  1510  62450 412210  10.00    8.11   16.72   17690    4.37
  1510  62450 412210  11.00    8.09   16.83   17791    3.92
  1510  62450 412210  12.00    8.09   16.84   17810    3.89
  1510  62450 412210  13.00    8.05   16.83   17844    3.48
  1510  62450 412210  14.00    8.08   16.89   17871    3.64
  1510  62450 412210  15.00    8.08   16.90   17887    3.64
  1510  62450 412210  16.00    8.06   16.88   17885    3.53
  1510  62450 412210  17.00    8.09   16.94   17917    3.76
  1510  62450 412210  18.00    8.11   16.99   17956    3.94
 -1456  61190 412990   1.00    8.54   18.54   17376    9.15
  1456  61190 412990   2.00    8.54   18.54   17379    9.16
  1456  61190 412990   3.00    8.54   18.45   17375    9.13
  1456  61190 412990   4.00    8.53   18.44   17368    9.09
  1456  61190 412990   5.00    8.53   18.35   17383    8.97
  1456  61190 412990   6.00    8.51   18.22   17369    8.73
  1456  61190 412990   7.00    8.26   16.87   17459    5.92
  1456  61190 412990   8.00    8.25   16.80   17471    5.73
  1456  61190 412990   9.00    8.22   16.75   17556    5.29
  1456  61190 412990  10.00    8.11   16.78   17721    4.15
 -1426  59280 414150   1.00    8.55   18.67   17449    9.35
  1426  59280 414150   2.00    8.55   18.67   17449    9.37
  1426  59280 414150   3.00    8.55   18.67   17436    9.35
  1426  59280 414150   4.00    8.55   18.60   17449    9.35
  1426  59280 414150   5.00    8.55   18.56   17438    9.34
  1426  59280 414150   6.00    8.54   18.47   17434    9.34
  1426  59280 414150   7.00    8.28   16.92   17468    6.13
  1426  59280 414150   8.00    8.21   16.86   17628    5.32
  1426  59280 414150   9.00    8.09   16.83   17768    3.94
  1426  59280 414150  10.00    8.10   16.97   17932    3.87
  1426  59280 414150  11.00    8.20   17.17   18010    5.01
  1426  59280 414150  12.00    8.19   17.16   18030    4.70
  1426  59280 414150  13.00    8.20   17.18   18041    4.88
  1426  59280 414150  14.00    8.20   17.19   18036    4.89
  1426  59280 414150  15.00    8.20   17.19   18040    4.94
  1426  59280 414150  16.00    8.20   17.19   18038    4.89
  1426  59280 414150  17.00    8.17   17.14   18040    4.37
  1426  59280 414150  18.00    8.17   17.14   18050    4.51
  1426  59280 414150  19.00    8.17   17.14   18053    4.42
  1426  59280 414150  20.00    8.17   17.15   18067    4.45
  1426  59280 414150  21.00    8.19   17.17   18095    4.59
  1426  59280 414150  22.00    8.20   17.21   18111    4.93
  1426  59280 414150  23.00    8.20   17.22   18112    4.90
  1426  59280 414150  24.00    8.20   17.24   18134    5.03
 -1352  57830 417140   1.00    8.52   18.77   17474    9.27
  1352  57830 417140   2.00    8.51   18.75   17481    9.25
  1352  57830 417140   3.00    8.45   18.59   17519    8.61
  1352  57830 417140   4.00    8.44   18.53   17527    8.63
  1352  57830 417140   5.00    8.45   18.52   17525    8.77
  1352  57830 417140   6.00    8.44   18.41   17536    8.73
  1352  57830 417140   7.00    8.25   17.18   17596    5.82
  1352  57830 417140   8.00    8.22   17.15   17814    5.56
  1352  57830 417140   9.00    8.23   17.21   17893    5.61
  1352  57830 417140  10.00    8.23   17.27   17990    5.66
  1352  57830 417140  11.00    8.24   17.32   18032    5.75
  1352  57830 417140  12.00    8.25   17.34   18061    5.82
  1352  57830 417140  13.00    8.25   17.34   18069    5.83
  1352  57830 417140  14.00    8.24   17.32   18109    5.65
  1352  57830 417140  15.00    8.25   17.35   18119    5.80
  1352  57830 417140  16.00    8.25   17.36   18136    5.79
  1352  57830 417140  17.00    8.25   17.37   18170    5.79
  1352  57830 417140  18.00    8.25   17.37   18174    5.76
 -1332  57550 418980   1.00    8.43   18.73   17434    8.56
  1332  57550 418980   2.00    8.42   18.62   17440    8.54
  1332  57550 418980   3.00    8.43   18.33   17394    8.52
  1332  57550 418980   4.00    8.40   17.61   17383    8.05
  1332  57550 418980   5.00    8.39   17.23   17482    7.86
  1332  57550 418980   6.00    8.32   17.21   17498    6.88
  1332  57550 418980   7.00    8.32   17.21   17503    6.99
  1332  57550 418980   8.00    8.20   17.05   17749    5.30
  1332  57550 418980   9.00    8.23   17.18   17867    5.69
  1332  57550 418980  10.00    8.22   17.22   17956    5.34
  1332  57550 418980  11.00    8.22   17.24   18053    5.31
  1332  57550 418980  12.00    8.26   17.37   18125    5.82
  1332  57550 418980  13.00    8.26   17.37   18202    5.72
  1332  57550 418980  14.00    8.25   17.35   18207    5.58
 -1312  56330 420590   1.00    8.41   18.53   17460    8.61
  1312  56330 420590   2.00    8.41   18.25   17460    8.23
  1312  56330 420590   3.00    8.41   18.28   17458    8.48
  1312  56330 420590   4.00    8.40   18.16   17481    8.24
  1312  56330 420590   5.00    8.33   17.98   17528    7.50
  1312  56330 420590   6.00    8.28   17.41   17838    6.75
  1312  56330 420590   7.00    8.26   17.40   17909    6.25
  1312  56330 420590   8.00    8.25   17.32   17996    5.96
  1312  56330 420590   9.00    8.25   17.33   18016    5.93
  1312  56330 420590  10.00    8.25   17.38   18055    5.81
  1312  56330 420590  11.00    8.30   17.51   18112    6.44
  1312  56330 420590  12.00    8.28   17.43   18233    6.09
  1312  56330 420590  13.00    8.28   17.43   18242    6.07
 -1246  55260 421490   1.00    8.44   17.95   17489    8.56
  1246  55260 421490   2.00    8.43   17.93   17495    8.37
  1246  55260 421490   3.00    8.38   17.76   17546    7.77
  1246  55260 421490   4.00    8.35   17.57   17511    7.46
  1246  55260 421490   5.00    8.27   17.27   17704    6.54
  1246  55260 421490   6.00    8.27   17.23   17717    6.45
  1246  55260 421490   7.00    8.28   17.29   17842    6.58
  1246  55260 421490   8.00    8.27   17.38   17965    6.34
  1246  55260 421490   9.00    8.32   17.63   18176    7.14
  1246  55260 421490  10.00    8.31   17.59   18158    6.92
  1246  55260 421490  11.00    8.31   17.56   18172    6.69
  1246  55260 421490  12.00    8.30   17.50   18238    6.45
  1246  55260 421490  13.00    8.30   17.49   18253    6.44
  1246  55260 421490  14.00    8.30   17.49   18269    6.40
  1246  55260 421490  15.00    8.28   17.45   18255    6.00
  1246  55260 421490  16.00    8.27   17.42   18261    5.89
  1246  55260 421490  17.00    8.26   17.41   18263    5.78
  1246  55260 421490  18.00    8.25   17.39   18257    5.64
  1246  55260 421490  19.00    8.21   17.33   18261    5.05
  1246  55260 421490  20.00    8.20   17.31   18272    4.86
  1246  55260 421490  21.00    8.19   17.29   18264    4.72
  1246  55260 421490  22.00    8.17   17.26   18264    4.54
 -1223  53780 421170   1.00    8.40   17.72   17504    8.20
  1223  53780 421170   2.00    8.40   17.71   17517    8.25
  1223  53780 421170   3.00    8.23   17.51   17585    6.75
  1223  53780 421170   4.00    8.23   17.19   17623    5.97
  1223  53780 421170   5.00    8.27   17.36   17755    6.57
  1223  53780 421170   6.00    8.35   17.63   17974    7.66
  1223  53780 421170   7.00    8.36   17.71   18047    7.77
  1223  53780 421170   8.00    8.36   17.73   18086    7.77
  1223  53780 421170   9.00    8.34   17.72   18126    7.30
  1223  53780 421170  10.00    8.33   17.72   18144    7.27
  1223  53780 421170  11.00    8.32   17.68   18187    6.93
  1223  53780 421170  12.00    8.29   17.57   18269    6.44
  1223  53780 421170  13.00    8.29   17.57   18269    6.43
  1223  53780 421170  14.00    8.29   17.55   18272    6.40
  1223  53780 421170  15.00    8.28   17.51   18285    6.24
  1223  53780 421170  16.00    8.26   17.49   18292    5.99
  1223  53780 421170  17.00    8.26   17.49   18296    5.88
  1223  53780 421170  18.00    8.23   17.45   18288    5.28
 -1206  52790 420330   1.00    8.43   18.15   17355    8.85
  1206  52790 420330   2.00    8.43   18.13   17339    8.87
  1206  52790 420330   3.00    8.43   18.11   17347    8.85
  1206  52790 420330   4.00    8.44   18.00   17343    8.84
  1206  52790 420330   5.00    8.32   17.75   17444    7.76
  1206  52790 420330   6.00    8.32   17.62   17727    7.66
  1206  52790 420330   7.00    8.30   17.72   17917    6.80
  1206  52790 420330   8.00    8.32   17.74   18113    7.20
  1206  52790 420330   9.00    8.33   17.75   18226    7.14
  1206  52790 420330  10.00    8.31   17.71   18249    6.90
  1206  52790 420330  11.00    8.31   17.70   18254    6.89
 -1129  51590 418590   1.00    8.42   18.47   17527    8.99
  1129  51590 418590   2.00    8.42   18.45   17529    8.95
  1129  51590 418590   3.00    8.41   18.42   17542    8.81
  1129  51590 418590   4.00    8.36   18.32   17585    8.28
  1129  51590 418590   5.00    8.36   18.28   17642    8.16
  1129  51590 418590   6.00    8.37   18.08   17958    8.24
  1129  51590 418590   7.00    8.39   18.10   18025    8.29
  1129  51590 418590   8.00    8.39   18.09   18193    8.04
  1129  51590 418590   9.00    8.36   17.90   18267    7.66
  1129  51590 418590  10.00    8.35   17.85   18294    7.42
  1129  51590 418590  11.00    8.35   17.85   18312    7.38
  1129  51590 418590  12.00    8.35   17.79   18328    7.37
  1129  51590 418590  13.00    8.36   17.81   18336    7.53
  1129  51590 418590  14.00    8.36   17.78   18335    7.52
  1129  51590 418590  15.00    8.32   17.55   18328    6.70
  1129  51590 418590  16.00    8.29   17.44   18327    6.16
  1129  51590 418590  17.00    8.28   17.41   18333    5.94
  1129  51590 418590  18.00    8.28   17.42   18344    5.97
  1129  51590 418590  19.00    8.26   17.40   18356    5.71
  1129  51590 418590  20.00    8.27   17.42   18357    5.72
  1129  51590 418590  21.00    8.27   17.41   18363    5.71
  1129  51590 418590  22.00    8.24   17.38   18363    5.13
  1129  51590 418590  23.00    8.22   17.36   18363    4.75
  1129  51590 418590  24.00    8.19   17.33   18364    4.24
  1129  51590 418590  25.00    8.13   17.26   18382    3.33
  1129  51590 418590  26.00    8.12   17.26   18385    3.21
  1129  51590 418590  27.00    8.12   17.25   18388    3.11
  1129  51590 418590  28.00    8.10   17.24   18388    2.82
  1129  51590 418590  29.00    8.10   17.24   18388    2.80
  1129  51590 418590  30.00    8.09   17.23   18397    2.66
  1129  51590 418590  31.00    8.09   17.22   18390    2.67
  1129  51590 418590  32.00    8.09   17.22   18395    2.63
  1129  51590 418590  33.00    8.08   17.22   18393    2.56
  1129  51590 418590  34.00    8.08   17.21   18401    2.36
  1129  51590 418590  35.00    8.07   17.20   18399    2.37
  1129  51590 418590  36.00    8.07   17.20   18403    2.35
  1129  51590 418590  37.00    8.07   17.20   18404    2.35
 -1105  50710 418330   1.00    8.44   18.43   17372    9.16
  1105  50710 418330   2.00    8.44   18.42   17382    9.16
  1105  50710 418330   3.00    8.44   18.42   17400    9.15
  1105  50710 418330   4.00    8.42   18.42   17421    9.10
  1105  50710 418330   5.00    8.41   18.19   17799    8.83
  1105  50710 418330   6.00    8.42   18.23   17929    8.63
  1105  50710 418330   7.00    8.39   18.12   18074    8.25
  1105  50710 418330   8.00    8.38   18.02   18136    7.99
  1105  50710 418330   9.00    8.37   17.97   18224    7.86
  1105  50710 418330  10.00    8.37   18.00   18237    7.79
  1105  50710 418330  11.00    8.36   17.93   18269    7.57
  1105  50710 418330  12.00    8.35   17.88   18290    7.30
  1105  50710 418330  13.00    8.34   17.81   18294    7.26
  1105  50710 418330  14.00    8.33   17.69   18328    6.79
  1105  50710 418330  15.00    8.32   17.64   18337    6.63
  1105  50710 418330  16.00    8.27   17.50   18345    5.82
  1105  50710 418330  17.00    8.27   17.48   18351    5.73
  1105  50710 418330  18.00    8.26   17.43   18352    5.54
  1105  50710 418330  19.00    8.23   17.38   18363    5.04
  1105  50710 418330  20.00    8.23   17.41   18363    5.09
  1105  50710 418330  21.00    8.22   17.37   18355    4.80
  1105  50710 418330  22.00    8.18   17.32   18369    4.11
  1105  50710 418330  23.00    8.14   17.28   18382    3.42
  1105  50710 418330  24.00    8.14   17.27   18387    3.36
  1105  50710 418330  25.00    8.13   17.27   18386    3.33
  1105  50710 418330  26.00    8.13   17.26   18386    3.26
  1105  50710 418330  27.00    8.12   17.25   18393    3.03
  1105  50710 418330  28.00    8.11   17.24   18389    2.92
 -1046  49750 418180   1.00    8.45   18.36   17537    9.38
  1046  49750 418180   2.00    8.45   18.35   17540    9.37
  1046  49750 418180   3.00    8.45   18.34   17550    9.35
  1046  49750 418180   4.00    8.42   18.31   17917    8.93
  1046  49750 418180   5.00    8.40   18.23   17985    8.70
  1046  49750 418180   6.00    8.40   18.21   18036    8.63
  1046  49750 418180   7.00    8.38   18.12   18193    8.24
  1046  49750 418180   8.00    8.36   17.99   18287    7.83
  1046  49750 418180   9.00    8.36   17.98   18291    7.81
  1046  49750 418180  10.00    8.36   17.97   18294    7.72
  1046  49750 418180  11.00    8.35   17.93   18304    7.65
  1046  49750 418180  12.00    8.35   17.91   18317    7.55
  1046  49750 418180  13.00    8.29   17.57   18332    6.41
  1046  49750 418180  14.00    8.29   17.60   18341    6.19
  1046  49750 418180  15.00    8.20   17.37   18360    4.78
  1046  49750 418180  16.00    8.19   17.36   18357    4.59
  1046  49750 418180  17.00    8.18   17.34   18362    4.34
  1046  49750 418180  18.00    8.18   17.35   18364    4.44
 -1014  48770 418190   1.00    8.42   18.49   17552    9.23
  1014  48770 418190   2.00    8.42   18.48   17551    9.22
  1014  48770 418190   3.00    8.42   18.47   17557    9.17
  1014  48770 418190   4.00    8.40   18.35   17901    8.93
  1014  48770 418190   5.00    8.38   18.20   18126    8.48
  1014  48770 418190   6.00    8.37   18.18   18143    8.42
  1014  48770 418190   7.00    8.37   18.17   18157    8.39
  1014  48770 418190   8.00    8.35   18.04   18299    7.90
  1014  48770 418190   9.00    8.34   18.03   18297    7.87
  1014  48770 418190  10.00    8.34   18.02   18305    7.85
  1014  48770 418190  11.00    8.34   18.02   18302    7.87
  1014  48770 418190  12.00    8.34   18.02   18297    7.84
  1014  48770 418190  13.00    8.33   17.98   18323    7.64
  1014  48770 418190  14.00    8.33   17.94   18332    7.52
  1014  48770 418190  15.00    8.32   17.90   18338    7.44
  1014  48770 418190  16.00    8.27   17.68   18344    6.51
  1014  48770 418190  17.00    8.25   17.56   18348    6.12
  1014  48770 418190  18.00    8.21   17.42   18368    5.37
  1014  48770 418190  19.00    8.20   17.43   18373    5.35
  1014  48770 418190  20.00    8.20   17.43   18376    5.29
  1014  48770 418190  21.00    8.20   17.42   18378    5.21
  1014  48770 418190  22.00    8.19   17.41   18381    5.13
  1014  48770 418190  23.00    8.17   17.39   18377    5.03
  1014  48770 418190  24.00    8.16   17.38   18380    4.68
  1014  48770 418190  25.00    8.16   17.37   18382    4.66
  1014  48770 418190  26.00    8.15   17.37   18380    4.60
  1014  48770 418190  27.00    8.15   17.36   18384    4.55
  1014  48770 418190  28.00    8.15   17.36   18384    4.51
  1014  48770 418190  29.00    8.15   17.36   18384    4.45
  1014  48770 418190  30.00    8.14   17.36   18381    4.40
  1014  48770 418190  31.00    8.14   17.36   18388    4.34
  1014  48770 418190  32.00    8.14   17.35   18387    4.31
  1014  48770 418190  33.00    8.14   17.35   18385    4.23
  1014  48770 418190  34.00    8.13   17.34   18390    4.19
  1014  48770 418190  35.00    8.13   17.35   18392    4.12
  1014  48770 418190  36.00    8.13   17.34   18392    4.09
  1014  48770 418190  37.00    8.12   17.33   18398    4.06
  1014  48770 418190  38.00    8.12   17.33   18394    3.94
  1014  48770 418190  39.00    8.12   17.33   18399    3.94
  1014  48770 418190  40.00    8.12   17.33   18393    3.90
  1014  48770 418190  41.00    8.12   17.33   18397    3.88
  1014  48770 418190  42.00    8.11   17.33   18395    3.86
  1014  48770 418190  43.00    8.12   17.32   18402    3.83
  1014  48770 418190  44.00    8.11   17.32   18401    3.80
  1014  48770 418190  45.00    8.11   17.32   18399    3.76
  1014  48770 418190  46.00    8.11   17.32   18399    3.68
  -958  48000 418360   1.00    8.45   18.45   17551    9.49
   958  48000 418360   2.00    8.45   18.45   17529    9.50
   958  48000 418360   3.00    8.45   18.44   17495    9.50
   958  48000 418360   4.00    8.41   18.36   17748    8.94
   958  48000 418360   5.00    8.41   18.31   17777    8.94
   958  48000 418360   6.00    8.37   18.17   18075    8.41
   958  48000 418360   7.00    8.37   18.16   18151    8.41
   958  48000 418360   8.00    8.36   18.10   18196    8.03
   958  48000 418360   9.00    8.34   17.96   18280    7.83
   958  48000 418360  10.00    8.33   17.91   18285    7.54
   958  48000 418360  11.00    8.32   17.88   18302    7.48
   958  48000 418360  12.00    8.32   17.88   18302    7.47
   958  48000 418360  13.00    8.32   17.87   18311    7.45
   958  48000 418360  14.00    8.31   17.81   18325    7.16
   958  48000 418360  15.00    8.25   17.64   18353    6.09
   958  48000 418360  16.00    8.20   17.47   18367    5.20
  -947  47540 418800   1.00    8.42   18.38   17532    9.29
   947  47540 418800   2.00    8.41   18.34   17566    9.14
   947  47540 418800   3.00    8.39   18.29   17650    8.91
   947  47540 418800   4.00    8.39   18.28   17909    8.79
   947  47540 418800   5.00    8.38   18.27   17935    8.76
   947  47540 418800   6.00    8.39   18.28   17915    8.75
   947  47540 418800   7.00    8.39   18.29   17900    8.76
