# m.s. 'ARGUS'                            
#  8 Jul 1992 08:36:42                                        
# PROJECTCODE: GTSO                                           
# OPDRACHTGEVER: DIR.ZEELAN                                   
# MEETGEBIED: GREVELINGEN                                     
# STARTPUNT: BROUWERSDAM                                      
# EINDPUNT: GREVELINGENDAM                                    
#
# laatst gemeten punt afgevlagd
#-1329  66171 410914  1.08  8.46 20.83  7.13    95  42.41 29.94 16917     2
# 1330  66145 410915  2.11  7.43 20.73  7.11    94  41.95 29.65 16751     2
# 1330  66127 410911  3.09  6.41 20.30  6.89    90  41.57 29.65 16752     1
# 1331  66120 410909  4.06  5.54 20.18  6.65    87  41.69 29.83 16855     1
# 1331  66108 410906  5.09  4.60 20.12  6.50    85  41.69 29.87 16881     1
# 1331  66102 410903  6.16  3.62 19.99  6.42    84  41.51 29.82 16852     1
# 1332  66097 410899  7.19  2.56 19.89  6.16    80  41.49 29.87 16881     1
# 1332  66094 410893  8.16 57.10 19.64  5.65    73  41.06 29.71 16788     2
# 1333  66089 410889  9.04   .64 19.51  5.25    68  41.05 29.79 16835     2
#
#
#
* 19920708
$-9999 [000222202200]
> TIJD
> X-COORD
> Y-COORD
>SENSHTE Diepte set      m
>Echms   Echo set        mtrs
>Temp       Temperatuur       oC  
>O2        Zuurstof          mg/l
>%O2  301.0 Zuurstof Verz.  Proc  
>GELBH   Geleidendheid   mS/cm
>SALNTT  Saliniteit      Prom
>CL-       Chloride          mg/l
>      76.0 Partech Troeblh FTU   
 -837  47500 418850   .93 11.03 19.77  7.03    91  41.65 30.09 17010     2
  837  47495 418854  2.01 10.19 19.80  7.04    92  41.95 30.31 17133     1
  837  47491 418853  3.03  9.75 19.85  7.18    94  41.95 30.27 17112     1
  838  47487 418852  4.11  8.80 19.80  7.34    96  41.91 30.28 17116     1
  838  47484 418852  5.13  8.11 19.89  7.34    96  41.85 30.17 17054     1
  839  47480 418853  6.06  7.13 19.84  7.23    94  41.79 30.16 17047     1
  839  47476 418853  7.13  6.47 19.79  7.16    93  41.79 30.19 17067     1
  839  47474 418852  8.06  5.71 19.79  7.14    93  41.77 30.17 17056     1
  840  47472 418852  9.08  4.86 19.77  7.07    92  41.77 30.19 17065     1
  840  47471 418850 10.16  3.81 19.75  7.04    92  41.77 30.20 17071     1
  841  47468 418849 11.08  2.88 19.73  6.88    89  41.73 30.19 17064     2
  841  47465 418848 12.05  1.95 19.72  6.76    88  41.71 30.18 17058     1
  841  47462 418847 13.08   .90 19.63  6.42    83  41.63 30.17 17055     1
 -846  47969 418393  1.08   .22 19.94  7.57    99  41.97 30.23 17085     1
  846  47976 418388  2.05  2.56 19.94  7.55    99  41.95 30.21 17074     1
  847  47981 418385  3.13  2.77 19.92  7.52    98  41.85 30.15 17039     1
  847  47986 418383  4.10 12.66 19.92  7.50    98  41.95 30.22 17083     1
  847  47989 418382  5.03 11.66 19.92  7.48    98  41.91 30.19 17067     1
  848  47993 418381  6.05 10.95 19.91  7.45    97  41.91 30.20 17072     1
  848  47996 418380  7.22  9.99 19.91  7.45    97  41.91 30.20 17072     1
  848  47998 418379  8.05  9.01 19.84  7.40    96  41.79 30.16 17047     1
  849  48000 418379  9.08  7.89 19.89  7.35    96  41.87 30.19 17065     1
  849  48002 418379 10.15  6.89 19.87  7.34    96  41.87 30.20 17071     1
  849  48002 418376 11.08  6.13 19.87  7.31    95  41.89 30.21 17076     0
  850  47997 418374 12.00  5.69 19.77  6.98    91  41.71 30.14 17038     0
  850  47992 418367 13.03  4.93 19.61  6.56    85  41.59 30.16 17048     0
  851  47987 418364 14.00  3.59 19.51  6.33    82  41.51 30.16 17050     0
  851  47983 418363 15.13  2.27 19.22  5.76    74  41.07 30.02 16969     0
  852  47977 418360 16.04 37.49 18.80  5.24    67  40.15 29.57 16711     1
 -859  48723 418188  1.20   .30 20.00  7.48    98  42.12 30.30 17130     1
  859  48727 418187  2.15  3.84 19.93  7.45    97  42.05 30.30 17129     1
  860  48732 418185  3.07 43.32 20.00  7.42    97  42.03 30.23 17086     2
  900  48735 418185  4.15 42.24 19.99  7.42    97  42.03 30.24 17092     1
  900  48737 418185  5.17 41.29 19.97  7.37    96  41.99 30.22 17084     1
  901  48740 418184  6.10 40.36 19.95  7.37    96  41.91 30.17 17052     1
  901  48741 418183  7.07 39.38 19.93  7.37    96  41.99 30.25 17099     1
  901  48740 418181  8.14 38.23 19.92  7.37    96  41.93 30.21 17077     1
  902  48740 418179  9.12 37.15 19.90  7.28    95  41.96 30.25 17097     1
  902  48739 418177 10.19 36.12 19.84  7.10    92  41.87 30.22 17085     0
  902  48738 418177 11.12 35.17 19.77  6.94    90  41.79 30.21 17076     1
  903  48738 418178 12.00 34.27 19.73  6.87    89  41.79 30.23 17091     1
  903  48737 418178 13.07 33.19 19.65  6.77    88  41.71 30.23 17088     1
  904  48737 418178 14.24 32.19 19.59  6.55    85  41.65 30.22 17084     1
  904  48736 418178 15.17 31.07 19.49  6.36    82  41.50 30.17 17053     0
  904  48736 418179 16.14 30.04 19.08  5.50    70  40.79 29.89 16895     1
  905  48736 418180 17.03 29.16 14.01  1.25    14  36.08 29.59 16741     5
  906  48734 418182 18.11 28.16 12.67   .64     7  35.50 30.11 17048     5
  907  48732 418182 19.23 26.91 12.05   .39     4  34.70 29.84 16891     5
  907  48732 418182 20.11 25.96 11.51   .26     3  34.64 30.22 17115     4
  907  48731 418183 21.18 24.93 11.25   .20     2  34.47 30.27 17141     4
  908  48730 418183 22.11 24.10 11.04   .14     2  34.52 30.49 17271     4
  908  48729 418183 23.13 23.05 10.89   .10     1  34.46 30.56 17312     4
  908  48729 418183 24.11 21.97 10.79   .07     1  34.38 30.56 17313     5
  909  48728 418184 24.79 21.02 10.70   .04     0  34.38 30.63 17354     5
  909  48726 418183 26.11 19.89 10.65   .02     0  34.32 30.62 17345     5
  909  48726 418183 27.09 18.89 10.57   .01     0  34.32 30.69 17387     5
  909  48724 418183 28.21 17.86 10.53  0.00     0  34.26 30.66 17371     5
  910  48723 418184 29.14 16.89 10.50  0.00     0  34.24 30.66 17372     5
  910  48721 418184 30.16 15.81 10.41  0.00     0  34.24 30.73 17413     5
  910  48720 418183 31.14 14.66 10.36  0.00     0  34.21 30.75 17422     5
  911  48721 418183 32.26 13.71 10.31  0.00     0  34.15 30.73 17414     5
  911  48723 418183 33.14 12.71 10.23  0.00     0  34.09 30.75 17423     5
  911  48724 418184 34.26 11.70 10.16  0.00     0  34.03 30.75 17424     5
  911  48727 418184 35.24 10.73 10.06  0.00     0  33.98 30.78 17441     5
  912  48728 418184 36.27  9.73  9.89  0.00     0  33.95 30.90 17509     5
  912  48729 418185 37.00  9.09  9.90  0.00     0  33.89 30.82 17468     6
  912  48730 418186 38.17  7.92  9.84  0.00     0  33.86 30.85 17483     6
  913  48730 418187 39.15  6.94  9.81  0.00     0  33.86 30.87 17496     6
  913  48730 418188 40.23  5.86  9.73  0.00     0  33.80 30.88 17500     6
  913  48730 418190 41.01  5.10  9.70  0.00     0  33.78 30.88 17501     7
  914  48729 418192 41.93  4.15  9.55  0.00     0  33.78 31.01 17579     7
  914  48728 418193 43.01  3.12  9.63  0.00     0  33.75 30.91 17519     7
  914  48727 418194 43.79  2.37  9.62  0.00     0  33.75 30.93 17527     8
 -920  49656 418277  1.12 17.05 19.92  7.83   102  42.03 30.29 17121     0
  921  49685 418276  2.10 15.74 19.92  7.77   101  41.99 30.26 17105     0
  921  49708 418277  3.13   .29 19.91  7.73   101  42.03 30.30 17127     0
  921  49719 418277  3.96 13.64 19.92  7.67   100  41.97 30.24 17094     1
  922  49729 418277  5.13 12.80 19.86  7.58    99  41.95 30.27 17109     0
  922  49738 418276  6.11 12.00 19.84  7.49    98  41.93 30.27 17113     0
  923  49744 418274  7.08 11.19 19.84  7.41    96  41.91 30.25 17102     0
  923  49751 418273  8.10 10.09 19.80  7.32    95  41.89 30.26 17105     0
  923  49757 418272  9.13  9.19 19.70  7.01    91  41.73 30.21 17078     0
  924  49762 418271 10.01  8.45 19.60  6.74    87  41.49 30.08 17004     0
  924  49762 418271 11.08  7.58 19.56  6.59    85  41.65 30.24 17096     0
  924  49773 418269 12.05  6.52 19.48  6.53    85  41.51 30.19 17065     0
  925  49776 418269 13.08  5.42 19.34  6.33    82  41.37 30.17 17058     0
  925  49782 418268 13.96  4.59 19.22  6.14    79  41.27 30.18 17063     0
  926  49784 418268 14.98  3.37 18.91  5.54    71  40.93 30.13 17032     0
  926  49790 418269 15.86  2.39 17.98  3.31    41  39.89 29.95 16932     1
  927  49798 418268 17.15  1.30 16.00  1.39    17  37.51 29.37 16609     4
 -935  50698 418371  1.17 27.11 19.92  7.39    96  41.95 30.22 17083     0
  936  50699 418368  1.95 26.42 19.87  7.30    95  41.91 30.23 17087     0
  936  50701 418366  2.93 71.75 19.88  7.23    94  41.89 30.20 17073     0
  937  50704 418365  4.10 24.27 19.81  7.13    93  41.96 30.31 17133     0
  937  50711 418364  5.08 23.44 19.82  7.12    93  41.95 30.29 17124     0
  937  50715 418363  6.05 22.66 19.80  7.08    92  41.85 30.23 17089     0
  938  50719 418361  6.98 22.07 19.80  7.04    92  41.85 30.23 17089     0
  938  50722 418359  8.10 21.29 19.73  7.01    91  41.85 30.28 17118     0
  938  50726 418357  9.03 20.53 19.79  6.98    91  41.85 30.24 17095     0
  939  50730 418355 10.10 19.67 19.77  6.90    90  41.83 30.24 17093     0
  939  50733 418352 11.03 18.82 19.70  6.79    88  41.71 30.19 17067     0
  940  50737 418352 12.05 17.94 19.58  6.57    85  41.53 30.14 17035     0
  940  50740 418353 13.03 17.01 19.39  6.22    80  41.33 30.11 17020     0
  940  50741 418353 14.05 16.05 19.27  5.97    77  41.27 30.15 17043     0
  941  50741 418353 15.08 15.10 19.17  5.72    73  41.19 30.15 17045     0
  941  50742 418352 16.06 14.17 17.86  2.73    34  39.81 29.97 16946     1
  942  50742 418353 17.04 13.17 14.44   .98    11  36.48 29.63 16761     2
  943  50741 418356 18.02 12.15 13.57   .57     7  35.85 29.73 16821     5
  944  50739 418357 19.04 11.01 12.62   .36     4  34.93 29.61 16759     4
  944  50739 418358 20.07 10.02 11.76   .22     2  34.64 30.02 16995     4
  945  50737 418360 21.14  9.02 11.27   .14     2  34.47 30.25 17133     4
  945  50736 418361 22.07  8.02 11.01   .09     1  34.38 30.38 17207     4
  945  50735 418362 23.05  6.92 10.84   .06     1  34.32 30.46 17256     4
  946  50735 418363 24.16  5.94 10.71   .03     0  34.30 30.55 17305     4
  946  50734 418364 25.14  4.86 10.60   .01     0  34.27 30.60 17339     3
  946  50733 418365 26.10  4.03 10.52  0.00     0  34.21 30.62 17347     3
  946  50732 418366 27.09  2.86 10.43  0.00     0  34.21 30.69 17389     4
  947  50730 418367 28.14  1.96 10.38  0.00     0  34.18 30.71 17398     4
  947  50729 418369 28.65 60.06 10.33  0.00     0  34.17 30.75 17421     4
 -954  51587 418556  1.08   .36 19.89  7.51    98  41.95 30.24 17095     0
  954  51594 418556  2.24 35.76 19.89  7.46    97  41.97 30.27 17109     0
  954  51605 418557  3.03 34.35 19.81  7.41    96  41.79 30.17 17056     1
  955  51614 418557  4.10 32.68 19.79  7.33    95  41.83 30.22 17084     0
  955  51622 418557  5.08 31.17 19.77  7.28    95  41.83 30.24 17093     0
  955  51628 418557  6.10 29.11 19.72  7.24    94  41.77 30.22 17086     0
  956  51635 418557  7.03 27.28 19.70  7.18    93  41.77 30.24 17095     0
  956  51641 418558  8.10 25.25 19.68  7.08    92  41.73 30.23 17087     1
  956  51641 418558  9.03 24.17 19.65  7.01    91  41.82 30.31 17137     0
  957  51640 418556 10.10 23.09 19.65  6.97    90  41.73 30.25 17099     0
  957  51639 418554 11.13 22.09 19.63  6.94    90  41.71 30.24 17097     0
  958  51638 418552 12.10 21.11 19.58  6.85    89  41.65 30.23 17090     0
  958  51637 418550 13.03 20.53 19.44  6.54    84  41.33 30.07 16997     0
  958  51633 418546 14.10 19.99 19.25  6.42    83  41.39 30.25 17104     0
  959  51631 418545 15.08 19.41 19.24  6.18    80  41.27 30.17 17055     0
  959  51628 418542 16.06 21.00 17.21  2.68    33  39.73 30.38 17185     0
 1001  51606 418543 17.09 20.51 17.46  3.18    39  38.17 28.88 16319     6
 1001  51602 418545 18.06 19.75 13.47   .70     8  35.53 29.51 16697     3
 1002  51592 418548 19.09 18.73 12.53   .44     5  35.10 29.84 16892     3
 1002  51586 418551 20.07 17.77 11.85   .25     3  34.87 30.17 17085     3
 1003  51582 418553 21.09 16.67 11.41   .18     2  34.55 30.22 17116     3
 1003  51578 418556 22.02 15.67 11.10   .12     1  34.47 30.39 17215     3
 1003  51574 418558 23.09 14.52 10.84   .07     1  34.44 30.58 17321     3
 1004  51572 418560 24.16 13.44 10.76   .05     1  34.38 30.59 17331     3
 1004  51569 418563 25.09 12.49 10.65   .02     0  34.32 30.62 17347     3
 1004  51567 418565 26.02 11.49 10.57  0.00     0  34.30 30.66 17373     3
 1005  51564 418566 27.04 10.46 10.50  0.00     0  34.24 30.66 17372     3
 1005  51561 418565 28.07  9.43 10.43  0.00     0  34.21 30.69 17389     3
 1005  51557 418566 29.09  8.58 10.38  0.00     0  34.18 30.70 17397     4
 1006  51556 418568 30.17  7.50 10.35  0.00     0  34.18 30.73 17414     4
 1006  51556 418570 31.09  6.62 10.31  0.00     0  34.15 30.73 17415     4
 1006  51557 418573 32.07  5.67 10.26  0.00     0  34.09 30.72 17405     4
 1006  51557 418575 33.14  4.59 10.25  0.00     0  34.12 30.76 17431     4
 1007  51559 418578 34.07  3.69 10.19  0.00     0  34.09 30.78 17440     5
 1007  51561 418579 35.05  2.56 10.16  0.00     0  34.07 30.78 17441     5
 1007  51563 418580 36.03  1.58 10.14  0.00     0  34.06 30.79 17449     5
 1008  51566 418581 36.90   .71 10.13  0.00     0  34.07 30.81 17458     5
-1019  52949 420304  1.08  9.92 19.61  6.85    89  41.77 30.31 17133     0
 1019  52952 420309  1.76  8.97 19.70  6.83    89  41.75 30.22 17081     0
 1019  52955 420315  3.03  8.02 19.62  6.79    88  41.63 30.18 17061     0
 1020  52957 420319  4.11  7.01 19.53  6.75    87  41.62 30.24 17094     0
 1020  52959 420326  5.08  6.04 19.49  6.69    87  41.54 30.21 17076     0
 1020  52961 420331  6.01  5.08 19.44  6.61    85  41.51 30.21 17080     0
 1021  52962 420335  6.98  5.09 19.41  6.56    85  41.49 30.22 17083     0
 1021  52964 420339  8.01  3.22 19.40  6.51    84  41.49 30.23 17089     0
 1021  52965 420343  9.13  2.19 19.33  6.36    82  41.37 30.18 17063     0
 1022  52967 420348 10.01  1.31 19.28  6.18    80  41.37 30.22 17084     0
 1022  52968 420353 10.99   .38 19.17  5.96    77  41.19 30.15 17045     0
-1028  53698 421046  1.08 15.96 19.63  6.66    86  41.71 30.24 17094     0
 1028  53702 421050  2.10 15.01 19.60  6.63    86  41.54 30.13 17031     0
 1029  53705 421053  3.13 13.96 19.43  6.61    85  41.45 30.17 17058     0
 1029  53709 421056  4.06 13.05 19.44  6.55    85  41.49 30.19 17069     0
 1029  53712 421059  5.03 12.12 19.41  6.44    83  41.49 30.22 17083     0
 1030  53716 421063  6.06 11.27 19.40  6.37    82  41.45 30.20 17073     0
 1030  53720 421066  7.08 10.31 19.36  6.30    81  41.39 30.18 17060     0
 1031  53724 421069  8.10  9.26 19.37  6.23    80  41.37 30.15 17043     0
 1031  53727 421071  9.03  8.33 19.25  6.12    79  41.31 30.19 17065     0
 1031  53729 421073 10.11  7.26 19.21  6.00    77  41.25 30.17 17058     0
 1032  53732 421075 11.08  6.28 19.17  5.91    76  41.25 30.20 17073     0
 1032  53733 421077 12.16  5.35 19.16  5.83    75  41.23 30.19 17068     0
 1033  53736 421080 13.03  4.42 19.12  5.72    74  41.19 30.19 17066     0
 1033  53738 421082 13.96  3.51 19.09  5.66    73  41.17 30.19 17070     0
 1033  53740 421084 15.08  2.41 19.04  5.51    71  41.07 30.15 17046     0
 1034  53742 421087 16.06  1.41 19.00  5.40    69  41.05 30.16 17050     0
 1034  53744 421089 17.03   .48 18.90  5.18    66  40.87 30.09 17010     0
-1042  55185 421375  1.11 19.21 19.72  6.59    86  41.83 30.27 17113     0
 1042  55191 421376  2.10 18.36 19.61  6.53    85  41.69 30.23 17092     0
 1043  55195 421377  3.13 17.45 19.62  6.57    85  41.69 30.23 17089     0
 1043  55200 421378  4.06 16.70 19.50  6.62    86  41.65 30.29 17122     0
 1044  55206 421380  4.98 22.90 19.51  6.65    86  41.54 30.19 17067     0
 1044  55212 421382  6.01 15.05 19.43  6.64    86  41.47 30.19 17069     0
 1044  55217 421383  7.18 13.98 19.37  6.58    85  41.43 30.20 17070     0
 1045  55222 421384  8.15 13.15 19.33  6.47    83  41.37 30.18 17063     0
 1045  55226 421385  9.08 12.49 19.28  6.33    82  41.37 30.22 17084     0
 1046  55230 421386 10.20 11.41 19.24  6.25    80  41.31 30.20 17071     0
 1046  55234 421387 11.13 10.46 19.21  6.16    79  41.29 30.20 17075     0
 1046  55236 421387 12.16  9.55 19.19  6.12    79  41.29 30.21 17081     0
 1047  55241 421387 13.08  8.67 19.17  6.06    78  41.25 30.20 17073     0
 1047  55243 421387 14.20  7.67 19.16  5.98    77  41.25 30.21 17079     0
 1047  55246 421387 15.03  6.79 19.12  5.83    75  41.17 30.17 17055     0
 1048  55250 421388 16.11  5.91 19.07  5.58    72  41.07 30.13 17034     0
 1048  55252 421388 17.08  4.83 18.85  4.83    62  40.77 30.04 16981     0
 1049  55256 421387 17.96  3.86 18.65  4.07    52  40.67 30.11 17022     0
 1049  55260 421387 18.99  2.90 18.27  3.00    38  40.27 30.05 16991     0
 1050  55264 421386 19.96  2.02 18.14  2.72    34  40.15 30.05 16991     0
 1051  55267 421384 20.99   .92 17.98  2.40    30  39.99 30.03 16978     0
-1057  56336 420487  1.09   .22 20.00  6.82    89  41.84 30.08 17002     2
 1058  56339 420481  2.11   .22 19.86  6.71    87  41.77 30.12 17027     0
 1058  56345 420473  3.04   .27 19.82  6.65    87  41.85 30.22 17080     0
 1058  56350 420466  4.11  9.39 19.82  6.61    86  41.77 30.15 17042     1
 1059  56354 420461  5.18  8.31 19.77  6.58    86  41.69 30.12 17027     0
 1059  56356 420457  6.01  7.45 19.72  6.58    85  41.63 30.11 17020     0
 1059  56359 420454  7.13  6.38 19.80  6.55    85  41.91 30.28 17116     1
 1100  56360 420451  8.11  5.32 19.86  6.61    86  41.85 30.19 17066     0
 1100  56361 420451  9.13  4.45 19.75  6.49    84  41.37 29.88 16885     0
 1101  56362 420451 10.06  3.44 19.43  5.85    76  41.19 29.96 16936     0
 1101  56363 420452 11.13  2.37 19.25  5.63    73  41.17 30.07 16999     0
 1102  56361 420457 12.11  1.58 19.17  5.48    70  41.17 30.13 17034     0
 1102  56360 420461 13.09   .58 19.11  5.32    68  41.11 30.13 17033     0
-1111  57603 418955  1.03 16.18 20.42  6.98    92  42.43 30.25 17098     2
 1111  57620 418939  2.01 14.37 20.28  6.86    90  42.15 30.12 17024     2
 1112  57628 418932  3.08 13.27 20.28  6.80    89  42.23 30.19 17065     2
 1112  57632 418927  4.11 12.39 20.28  6.81    89  42.23 30.19 17062     1
 1112  57633 418923  4.98 11.81 20.16  6.75    88  42.00 30.10 17011     1
 1113  57632 418920  6.06 10.63 20.13  6.68    87  41.97 30.09 17006     1
 1113  57628 418919  7.08  9.70 19.99  6.41    84  41.85 30.10 17010     1
 1113  57624 418919  8.06  8.70 19.89  6.31    82  41.79 30.12 17026     1
 1114  57620 418919  9.13  7.62 19.73  6.07    79  41.63 30.10 17014     0
 1114  57617 418919 10.16  6.65 19.56  5.91    76  41.45 30.08 17002     0
 1114  57615 418919 10.99  5.71 19.44  5.85    76  41.39 30.12 17024     0
 1115  57613 418919 12.06  4.78 19.37  5.76    74  41.33 30.12 17026     0
 1115  57609 418919 13.13  3.71 19.25  5.60    72  41.17 30.07 16999     0
 1116  57607 418919 14.06  3.00 19.05  5.29    68  41.17 30.22 17085     0
 1116  57604 418918 15.03  1.83 19.12  5.14    66  41.13 30.14 17038     0
 1116  57604 418916 16.01   .85 19.02  4.82    62  40.87 30.00 16960     0
-1124  57955 417208  1.03  1.81 20.56  7.32    97  42.41 30.13 17029     1
 1125  57958 417197  2.12 18.33 20.45  7.24    95  42.29 30.11 17019     1
 1125  57957 417189  3.13 17.33 20.35  7.15    94  42.43 30.30 17128     1
 1125  57959 417183  4.01 16.47 20.35  7.15    94  42.23 30.14 17035     2
 1126  57960 417179  4.94 15.62 20.26  7.10    93  42.17 30.16 17043     1
 1126  57963 417178  6.06 14.52 20.21  6.98    92  42.15 30.17 17053     2
 1127  57968 417176  7.03 13.49 20.18  6.93    91  42.09 30.15 17040     1
 1127  57973 417174  8.06 11.88 20.06  6.79    89  41.99 30.16 17046     1
 1128  57976 417175  9.28 10.53 19.99  6.67    87  41.97 30.19 17065     1
 1128  57982 417182 10.11  9.46 19.98  6.53    85  41.97 30.20 17070     1
 1128  57989 417188 10.99  8.31 19.95  6.45    84  41.97 30.22 17079     1
 1129  57995 417190 12.11  7.75 19.91  6.34    83  41.85 30.16 17045     0
 1129  57999 417192 12.98 13.66 19.87  6.23    81  41.79 30.13 17032     0
 1130  58003 417199 14.01  4.71 19.70  5.93    77  41.53 30.05 16985     0
 1130  58004 417206 15.13  3.95 19.42  5.31    69  41.31 30.06 16995     0
 1130  58005 417209 16.11  3.32 19.30  5.00    64  41.21 30.07 17000     0
 1131  58006 417213 16.98  3.20 19.21  4.88    63  41.21 30.14 17042     0
 1131  58013 417211 18.01  1.21 19.16  4.84    62  41.19 30.16 17051     0
-1146  59295 414184  1.09   .25 20.93  7.89   105  42.66 30.08 16995     4
 1146  59294 414181  2.01 21.10 20.80  7.67   102  42.35 29.92 16905     3
 1146  59293 414176  3.08 20.05 20.49  7.45    98  42.38 30.16 17048     3
 1147  59295 414172  4.11 19.09 20.54  7.33    97  42.26 30.04 16973     3
 1147  59298 414169  5.08 18.26 20.37  7.04    93  42.23 30.13 17027     2
 1148  59307 414163  6.11 17.48 20.33  6.97    92  42.26 30.18 17058     2
 1148  59312 414161  6.93 16.67 20.30  6.79    89  42.23 30.18 17056     2
 1149  59317 414159  8.06 15.84 20.23  6.67    88  42.17 30.18 17058     2
 1149  59328 414160  8.99 15.10 20.14  6.53    86  42.03 30.13 17028     2
 1149  59331 414162  9.96 14.37 20.06  6.36    83  41.99 30.16 17046     2
 1150  59337 414164 11.08 13.46 20.00  6.25    82  41.85 30.09 17004     2
 1150  59343 414166 12.06 12.61 19.95  6.15    80  41.91 30.17 17052     2
 1151  59347 414167 13.18 11.51 19.91  6.02    79  41.91 30.20 17072     1
 1151  59350 414169 14.01 10.73 19.89  5.92    77  41.91 30.22 17081     2
 1152  59352 414170 15.03  9.75 19.87  5.85    76  41.89 30.21 17076     2
 1152  59358 414171 16.20  8.60 19.84  5.82    76  41.85 30.21 17074     2
 1152  59362 414171 17.03  7.74 19.81  5.75    75  41.85 30.22 17083     1
 1153  59367 414170 18.05  6.69 19.80  5.89    77  41.99 30.34 17155     1
 1153  59371 414169 19.07  5.71 19.84  6.03    79  41.99 30.32 17140     1
 1154  59376 414168 20.10  4.68 19.80  5.94    77  41.87 30.25 17100     2
 1154  59381 414167 20.93  3.85 19.75  5.88    77  41.87 30.29 17121     1
 1154  59387 414165 21.96  2.80 19.77  5.89    77  41.85 30.26 17104     1
 1155  59395 414161 23.08  1.77 19.71  5.72    74  41.79 30.25 17100     1
 1155  59403 414154 23.91   .85 19.44  4.91    64  41.39 30.12 17024     4
-1205  61193 413053   .69  8.88 21.00  7.98   106  42.96 30.26 17100     1
 1205  61215 413039  2.01  7.87 20.88  7.90   105  42.61 30.06 16988     4
 1206  61229 413028  3.09  7.07 20.68  7.89   104  42.46 30.10 17007     3
 1206  61238 413020  4.06  5.97 20.54  7.90   104  42.37 30.12 17022     4
 1206  61244 413014  5.04  5.06 20.42  7.79   103  42.29 30.14 17033     3
 1207  61255 413005  6.06  4.10 20.33  7.65   101  42.23 30.15 17041     3
 1207  61258 413003  7.09  4.55 20.28  7.47    98  42.18 30.15 17040     3
 1208  61261 413002  8.16  2.07 20.25  7.39    97  42.23 30.21 17076     3
 1208  61265 413000  9.18  1.07 20.21  7.32    96  42.17 30.19 17064     2
-1215  62299 412284  1.08 16.72 20.49  7.36    97  42.52 30.28 17113     1
 1215  62302 412279  2.06 15.67 20.42  7.24    95  41.95 29.87 16877     1
 1216  62305 412276  3.08 23.04 20.20  7.00    92  41.91 29.99 16950     1
 1216  62310 412274  4.01 13.81 20.13  6.92    91  41.89 30.02 16968     1
 1216  62314 412272  5.09 12.81 20.09  6.82    89  41.89 30.05 16983     1
 1217  62317 412275  6.11 11.83 20.07  6.79    89  41.89 30.06 16991     1
 1217  62319 412277  6.94 11.00 20.06  6.69    87  41.80 30.01 16959     1
 1218  62319 412279  8.01 10.12 20.06  6.63    87  41.97 30.14 17035     1
 1218  62319 412279  9.04  9.16 20.03  6.61    86  41.85 30.07 16995     1
 1218  62322 412281 10.25  7.99 19.99  6.59    86  41.83 30.08 16999     1
 1219  62323 412281 11.13  7.16 19.95  6.45    84  41.69 29.99 16948     1
 1219  62324 412279 12.21  6.18 19.91  6.40    84  41.85 30.16 17045     1
 1219  62327 412277 13.03  5.25 19.99  6.52    85  42.11 30.30 17130     1
 1220  62330 412274 14.16  4.22 20.00  6.32    83  42.05 30.25 17097     0
 1220  62333 412269 15.13  3.08 18.32  3.11    39  40.15 29.91 16911     0
 1221  62334 412228 16.16  2.00 17.88  2.48    31  39.65 29.81 16854     1
 1222  62339 412213 17.02 25.78 17.44  1.86    23  39.41 29.94 16931     1
-1234  65185 412061  1.03  9.66 19.99  6.64    87  41.63 29.92 16906     1
 1234  65206 412071  2.01  9.29 19.94  6.61    86  41.51 29.86 16872     2
 1235  65215 412086  3.08  8.82 20.08  6.68    87  41.90 30.07 16994     2
 1235  65216 412089  4.11  8.07 20.13  6.63    87  41.72 29.89 16892     2
 1236  65217 412093  5.04  7.68 19.99  6.61    86  41.63 29.92 16906     2
 1236  65218 412096  6.01 14.36 19.89  6.63    86  41.57 29.94 16920     2
 1236  65218 412098  7.09  6.33 19.86  6.69    87  41.65 30.03 16972     1
 1237  65220 412101  8.16  5.37 19.86  6.68    87  41.65 30.03 16972     1
 1237  65221 412102  9.04  4.64 19.84  6.62    86  41.65 30.04 16981     1
 1237  65222 412105 10.11  3.64 19.80  6.60    86  41.60 30.03 16974     1
 1238  65224 412106 10.99  2.78 19.80  6.54    85  41.59 30.02 16968     1
 1238  65226 412106 11.96  1.88 19.80  6.42    84  41.63 30.05 16985     1
 1239  65229 412107 12.94   .90 19.72  5.32    69  41.49 30.00 16954     0
-1246  66328 411652  1.13  7.97 20.17  7.08    93  41.95 30.05 16981     2
 1246  66347 411623  1.96   .22 20.44  7.19    95  42.15 30.01 16960     2
 1246  66358 411615  3.09   .24 20.42  7.05    93  42.00 29.91 16904     2
 1247  66364 411610  4.06  4.42 20.38  6.92    91  42.03 29.96 16929     2
 1247  66365 411609  5.04  3.37 20.20  6.83    89  41.75 29.86 16874     2
 1248  66364 411607  5.96  2.39 20.06  6.58    86  41.63 29.87 16877     2
 1248  66363 411606  7.04  1.27 19.96  6.42    84  41.60 29.92 16907     1
 1248  66364 411604  8.06   .24 19.91  6.19    81  41.60 29.96 16930     2
-1253  67332 411363  1.14   .25 20.35  7.18    94  41.98 29.94 16919     3
 1254  67344 411360  2.06   .37 20.27  7.09    93  41.80 29.86 16872     2
 1254  67353 411357  2.99   .27 20.18  7.06    93  42.00 30.08 17002     2
 1254  67358 411356  4.11  8.26 20.30  7.04    92  41.83 29.86 16871     2
 1255  67364 411355  5.09  7.51 20.14  6.99    91  41.60 29.79 16832     2
 1255  67367 411354  6.16  6.33 19.96  6.91    90  41.46 29.80 16841     2
 1255  67369 411355  7.09  5.40 19.86  6.76    88  41.43 29.85 16868     2
 1256  67372 411356  8.01  4.42 19.77  6.59    86  41.34 29.85 16868     2
 1256  67372 411356  9.13  3.42 19.74  6.54    85  41.30 29.83 16858     1
 1257  67370 411356 10.02  2.44 19.68  6.24    81  41.34 29.91 16903     1
 1257  67368 411356 11.09  1.49 19.60  5.76    75  41.29 29.92 16910     2
 1257  67368 411354 12.11   .36 19.51  5.31    69  41.23 29.93 16918     2
-1304  68800 411235  1.05 11.86 20.51  7.54    99  42.36 30.13 17028     3
 1304  68828 411232  2.11   .24 20.66  7.37    97  42.15 29.85 16868     2
 1305  68835 411232  3.14  9.39 20.23  6.85    90  41.72 29.82 16851     2
 1305  68843 411230  4.11  8.48 20.05  6.65    87  41.54 29.81 16845     3
 1306  68849 411229  5.09  7.58 19.98  6.61    86  41.49 29.81 16847     1
 1306  68854 411229  6.16  6.53 19.86  6.37    83  41.43 29.85 16868     1
 1307  68861 411228  7.14  5.37 19.70  5.73    74  41.34 29.89 16894     1
 1307  68868 411228  8.06  3.96 19.67  5.48    71  41.31 29.89 16892     1
 1308  68871 411228  9.14  2.59 19.58  5.30    69  41.19 29.85 16872     1
 1308  68874 411228 10.01  1.27 19.46  5.05    65  41.05 29.82 16856     1
 1308  68877 411228 10.78 63.47 19.24  4.25    55  40.87 29.84 16866     5
-1313  69255 410963  1.13  5.16 20.75  7.01    93  42.41 30.00 16951     2
 1314  69262 410958  2.02  3.81 20.71  6.99    92  42.12 29.80 16837     2
 1314  69267 410954  3.14  2.76 20.40  7.30    96  41.75 29.72 16790     2
 1314  69267 410951  4.11  1.64 20.30  7.26    95  41.83 29.86 16871     2
 1315  69268 410949  5.04   .90 19.98  6.24    81  41.54 29.86 16874     1
