#
# meting grevelingenmeer
# selectie uit file=/hmctow/tow/data/vert/grev/data_78_84/gb790301
# gemeten :Temp  CL-g  O2YsC 
#
* 19790301
$ 9999 [0000000]
>TIJD
>X
>Y
>SENSHTE    Diepte Set
>Temp       Temperatuur oC)         
>CL-       Chloride (mg/l)         
>O2        Zuurstof (mg/l)         
#  meetpunt 20
#
-2020   69280  410950   1.00   9999  9999  9999 9999
 2020   69280  410950   6.00   9999  9999  9999 9999
#
#  meetpunt 19
-2019   68840  411250   1.00   9999  9999  9999 9999
 2019   68840  411250  12.00   9999  9999  9999 9999
#
#  meetpunt 18
 -1752  67370 411380   1.00    0.12   16143 9999.00
  1752  67370 411380   2.00    0.12   16149 9999.00
  1752  67370 411380   3.00    0.12   16146 9999.00
  1752  67370 411380   4.00    0.12   16148 9999.00
  1752  67370 411380   5.00    0.12   16149 9999.00
  1752  67370 411380   6.00    0.16   16156 9999.00
  1752  67370 411380   7.00    0.15   16164 9999.00
  1752  67370 411380   8.00    0.11   16166 9999.00
  1752  67370 411380   9.00    0.10   16161 9999.00
  1752  67370 411380  10.00    0.10   16151 9999.00
  1752  67370 411380  11.00    0.07   16160 9999.00
  1752  67370 411380  12.00    0.06   16160 9999.00
  1752  67370 411380  13.00    0.04   16158 9999.00
#  meetpunt 17
-2017   66330  411630   1.00   9999  9999  9999 9999
 2017   66330  411630   8.00   9999  9999  9999 9999
#  meetpunt 16
 -1741  65470 412020   1.00    0.16   16175 9999.00
  1741  65470 412020   2.00    0.16   16171 9999.00
  1741  65470 412020   3.00    0.16   16186 9999.00
  1741  65470 412020   4.00    0.19   16181 9999.00
  1741  65470 412020   5.00    0.19   16173 9999.00
  1741  65470 412020   6.00    0.19   16176 9999.00
  1741  65470 412020   7.00    0.17   16175 9999.00
  1741  65470 412020   8.00    0.17   16183 9999.00
  1741  65470 412020   9.00    0.17   16172 9999.00
  1741  65470 412020  10.00    0.18   16178 9999.00
  1741  65470 412020  11.00    0.18   16173 9999.00
  1741  65470 412020  12.00    0.18   16181 9999.00
  1741  65470 412020  13.00    0.18   16181 9999.00
  1741  65470 412020  14.00    0.19   16186 9999.00
  1741  65470 412020  15.00    0.18   16181 9999.00
  -814  62210 412090   1.00   -0.37   16203   11.82
   814  62210 412090   2.00   -0.38   16194   11.81
   814  62210 412090   3.00   -0.38   16197   11.89
   814  62210 412090   4.00   -0.38   16196   12.00
   814  62210 412090   5.00   -0.38   16198   12.06
   814  62210 412090   6.00   -0.37   16202   12.08
   814  62210 412090   7.00   -0.34   16208   12.06
   814  62210 412090   8.00   -0.31   16218   12.04
   814  62210 412090   9.00   -0.30   16231   11.97
   814  62210 412090  10.00   -0.31   16246   11.93
   814  62210 412090  11.00   -0.31   16257   11.80
   814  62210 412090  12.00   -0.29   16298   11.43
   814  62210 412090  13.00   -0.29   16360   11.35
   814  62210 412090  14.00   -0.23   16418   11.22
   814  62210 412090  15.00   -0.17   16441   11.14
   814  62210 412090  16.00   -0.12   16606   10.14
   814  62210 412090  17.00    0.70   17134    9.26
  -835  61090 412930   1.00   -0.39   16181   11.50
   835  61090 412930   2.00   -0.38   16162   11.51
   835  61090 412930   3.00   -0.39   16181   11.54
   835  61090 412930   4.00   -0.37   16195   11.59
   835  61090 412930   5.00   -0.36   16196   11.63
   835  61090 412930   6.00   -0.37   16198   11.63
   835  61090 412930   7.00   -0.37   16196   11.62
   835  61090 412930   8.00   -0.38   16224   11.55
   835  61090 412930   9.00   -0.31   16254   11.49
   835  61090 412930  10.00   -0.31   16255   11.43
  -853  59370 414070   1.00   -0.17   16169   11.39
   853  59370 414070   2.00   -0.17   16174   11.39
   853  59370 414070   3.00   -0.16   16171   11.45
   853  59370 414070   4.00   -0.12   16178   11.43
   853  59370 414070   5.00   -0.13   16175   11.43
   853  59370 414070   6.00   -0.13   16183   11.47
   853  59370 414070   7.00   -0.16   16182   11.49
   853  59370 414070   8.00   -0.18   16179   11.52
   853  59370 414070   9.00   -0.18   16200   11.44
   853  59370 414070  10.00   -0.09   16199   11.43
   853  59370 414070  11.00   -0.08   16199   11.43
   853  59370 414070  12.00   -0.14   16231   11.40
   853  59370 414070  13.00   -0.20   16279   11.30
   853  59370 414070  14.00   -0.21   16304   11.20
   853  59370 414070  15.00   -0.20   16334   11.02
   853  59370 414070  16.00   -0.15   16412   10.94
   853  59370 414070  17.00   -0.13   16483   10.88
   853  59370 414070  18.00   -0.05   16525   10.75
   853  59370 414070  19.00    0.13   16635   10.51
   853  59370 414070  20.00    0.38   16921    9.58
   853  59370 414070  21.00    0.94   17161    8.99
   853  59370 414070  22.00    1.27   17443    8.60
   853  59370 414070  23.00    1.47   17433    8.61
   853  59370 414070  24.00    1.47   17463    8.62
   853  59370 414070  25.00    1.51   17477    8.63
 -1020  58000 417270   1.00   -0.02   16171   11.22
  1020  58000 417270   2.00    0.00   16157   11.18
  1020  58000 417270   3.00   -0.02   16159   11.17
  1020  58000 417270   4.00   -0.04   16162   11.16
  1020  58000 417270   5.00   -0.05   16163   11.19
  1020  58000 417270   6.00   -0.07   16158   11.21
  1020  58000 417270   7.00   -0.09   16165   11.23
  1020  58000 417270   8.00   -0.08   16169   11.24
  1020  58000 417270   9.00   -0.02   16180   11.26
  1020  58000 417270  10.00    0.05   16181   11.19
  1020  58000 417270  11.00    0.03   16192   11.19
  1020  58000 417270  12.00    0.07   16194   11.09
  1020  58000 417270  13.00    0.02   16279   10.90
  1020  58000 417270  14.00   -0.04   16341   10.76
  1020  58000 417270  15.00    0.05   16476   10.57
  1020  58000 417270  16.00    0.04   16572   10.47
  1020  58000 417270  17.00    0.11   16589   10.40
  1020  58000 417270  18.00    0.19   16653   10.30
 -1042  57630 418980   1.00    0.01   16149   11.14
  1042  57630 418980   2.00    0.62   16156   11.08
  1042  57630 418980   3.00    0.00   16149   11.11
  1042  57630 418980   4.00   -0.01   16155   11.14
  1042  57630 418980   5.00    0.00   16149   11.17
  1042  57630 418980   6.00    0.00   16158   11.18
  1042  57630 418980   7.00   -0.01   16152   11.15
  1042  57630 418980   8.00    0.00   16151   11.15
  1042  57630 418980   9.00    0.00   16160   11.14
  1042  57630 418980  10.00    0.00   16153   11.15
  1042  57630 418980  11.00    0.01   16163   11.15
  1042  57630 418980  12.00    0.03   16157   11.17
  1042  57630 418980  13.00    0.06   16178   11.12
  1042  57630 418980  14.00    0.04   16257   11.00
  1042  57630 418980  15.00    0.03   16420   10.72
  1042  57630 418980  16.00    0.17   16652   10.30
 -1103  56230 420550   1.00    0.05   16157   10.93
  1103  56230 420550   2.00    0.04   16155   10.93
  1103  56230 420550   3.00    0.04   16152   10.95
  1103  56230 420550   4.00    0.04   16154   11.03
  1103  56230 420550   5.00    0.04   16155   11.06
  1103  56230 420550   6.00    0.04   16158   11.06
  1103  56230 420550   7.00    0.04   16167   11.08
  1103  56230 420550   8.00    0.03   16177   11.11
  1103  56230 420550   9.00    0.01   16177   11.08
  1103  56230 420550  10.00    0.00   16177   11.11
  1103  56230 420550  11.00   -0.01   16176   11.04
  1103  56230 420550  12.00   -0.02   16195   10.97
  1103  56230 420550  13.00   -0.01   16200   11.00
  1103  56230 420550  14.00    0.00   16487   10.33
 -1120  55240 421360   1.00    0.09   16141   11.13
  1120  55240 421360   2.00    0.08   16144   11.11
  1120  55240 421360   3.00    0.07   16148   11.09
  1120  55240 421360   4.00    0.07   16144   11.09
  1120  55240 421360   5.00    0.07   16136   11.07
  1120  55240 421360   6.00    0.06   16141   11.13
  1120  55240 421360   7.00    0.06   16142   11.03
  1120  55240 421360   8.00    0.07   16144   11.09
  1120  55240 421360   9.00    0.04   16149   11.13
  1120  55240 421360  10.00    0.01   16156   11.08
  1120  55240 421360  11.00   -0.04   16149   11.04
  1120  55240 421360  12.00   -0.04   16154   11.02
  1120  55240 421360  13.00   -0.08   16160   11.00
  1120  55240 421360  14.00   -0.11   16177   10.94
  1120  55240 421360  15.00    0.48   16713   10.04
  1120  55240 421360  16.00    0.56   16789   10.05
  1120  55240 421360  17.00    0.57   16784   10.03
  1120  55240 421360  18.00    0.59   16800   10.03
  1120  55240 421360  19.00    0.61   16810    9.83
  1120  55240 421360  20.00    0.71   16841    9.73
  1120  55240 421360  21.00    0.78   16836    9.65
 -1144  53820 421070   1.00    0.15   16149   11.05
  1144  53820 421070   2.00    0.15   16161   11.02
  1144  53820 421070   3.00    0.14   16159   11.00
  1144  53820 421070   4.00    0.14   16157   11.03
  1144  53820 421070   5.00    0.14   16164   11.03
  1144  53820 421070   6.00    0.14   16164   11.04
  1144  53820 421070   7.00    0.14   16155   11.03
  1144  53820 421070   8.00    0.13   16162   11.06
  1144  53820 421070   9.00    0.13   16165   11.07
  1144  53820 421070  10.00    0.16   16164   11.07
  1144  53820 421070  11.00    0.17   16167   11.10
  1144  53820 421070  12.00    0.20   16285   11.07
  1144  53820 421070  13.00    0.25   16573   10.28
  1144  53820 421070  14.00    0.37   16635   10.17
  1144  53820 421070  15.00    0.42   16682   10.01
  1144  53820 421070  16.00    0.51   16731    9.90
 -1205  52820 420240   1.00    0.04   16197   10.72
  1205  52820 420240   2.00    0.08   16191   10.70
  1205  52820 420240   3.00    0.05   16200   10.70
  1205  52820 420240   4.00    0.03   16199   10.65
  1205  52820 420240   5.00    0.04   16196   10.68
  1205  52820 420240   6.00    0.03   16197   10.42
  1205  52820 420240   7.00    0.03   16205   10.60
  1205  52820 420240   8.00    0.02   16198   10.70
  1205  52820 420240   9.00    0.04   16193   10.71
  1205  52820 420240  10.00    0.03   16208   10.74
  1205  52820 420240  11.00    0.08   16311   10.31
 -1225  51590 418570   1.00    0.32   16216   10.60
  1225  51590 418570   2.00    0.31   16218   10.59
  1225  51590 418570   3.00    0.30   16217   10.62
  1225  51590 418570   4.00    0.32   16222   10.63
  1225  51590 418570   5.00    0.36   16228   10.64
  1225  51590 418570   6.00    0.42   16289   10.53
  1225  51590 418570   7.00    0.53   16328   10.41
  1225  51590 418570   8.00    0.55   16353   10.32
  1225  51590 418570   9.00    0.59   16447   10.17
  1225  51590 418570  10.00    0.61   16552   10.11
  1225  51590 418570  11.00    0.59   16445   10.15
  1225  51590 418570  12.00    0.62   16544   10.03
  1225  51590 418570  13.00    1.03   16512    9.99
  1225  51590 418570  14.00    0.57   16774    9.92
  1225  51590 418570  15.00    0.61   16832    9.84
  1225  51590 418570  16.00    0.67   16860    9.79
  1225  51590 418570  17.00    0.70   16895    9.75
  1225  51590 418570  18.00    0.74   16928    9.75
  1225  51590 418570  19.00    0.80   17029    9.67
  1225  51590 418570  20.00    0.87   17015    9.53
  1225  51590 418570  21.00    0.96   17179    9.48
  1225  51590 418570  22.00    1.03   17232    9.24
  1225  51590 418570  23.00    1.10   17360    8.99
  1225  51590 418570  24.00    1.31   17698    8.68
  1225  51590 418570  25.00    1.30   17696    8.58
  1225  51590 418570  26.00    1.31   17715    8.49
  1225  51590 418570  27.00    1.31   17728    8.48
  1225  51590 418570  28.00    1.32   17735    8.40
  1225  51590 418570  29.00    1.34   17736    8.34
  1225  51590 418570  30.00    1.35   17738    8.30
  1225  51590 418570  31.00    1.34   17749    8.11
  1225  51590 418570  32.00    1.36   17754    8.07
  1225  51590 418570  33.00    1.35   17749    7.95
 -1302  50740 418300   1.00    0.68   16276   10.30
  1302  50740 418300   2.00    0.71   16281   10.33
  1302  50740 418300   3.00    0.69   16277   10.30
  1302  50740 418300   4.00    0.66   16274   10.24
  1302  50740 418300   5.00    0.62   16281   10.23
  1302  50740 418300   6.00    0.70   16279   10.30
  1302  50740 418300   7.00    0.63   16262   10.26
  1302  50740 418300   8.00    0.67   16403   10.12
  1302  50740 418300   9.00    0.87   16509    9.84
  1302  50740 418300  10.00    1.35   16572    9.82
  1302  50740 418300  11.00    1.37   16586    9.79
  1302  50740 418300  12.00    1.37   16608    9.75
  1302  50740 418300  13.00    1.38   16613    9.75
  1302  50740 418300  14.00    1.35   16607    9.78
  1302  50740 418300  15.00    0.73   16655    9.80
  1302  50740 418300  16.00    0.63   16775    9.75
  1302  50740 418300  17.00    0.63   16870    9.66
  1302  50740 418300  18.00    0.77   17025    9.51
  1302  50740 418300  19.00    0.94   17107    9.44
  1302  50740 418300  20.00    0.96   17141    9.32
  1302  50740 418300  21.00    1.03   17236    9.16
  1302  50740 418300  22.00    1.10   17377    8.93
  1302  50740 418300  23.00    1.17   17491    8.83
  1302  50740 418300  24.00    1.22   17542    8.73
  1302  50740 418300  25.00    1.28   17632    8.57
  1302  50740 418300  26.00    1.31   17680    8.36
  1302  50740 418300  27.00    1.35   17702    8.24
  1302  50740 418300  28.00    1.36   17713    8.13
  1302  50740 418300  29.00    1.37   17736    8.08
  1302  50740 418300  30.00    1.37   17740    8.01
 -1332  49760 418220   1.00    1.05   16385   10.11
  1332  49760 418220   2.00    1.02   16372   10.09
  1332  49760 418220   3.00    0.97   16357   10.10
  1332  49760 418220   4.00    0.94   16354   10.12
  1332  49760 418220   5.00    0.95   16355   10.10
  1332  49760 418220   6.00    1.20   16514    9.95
  1332  49760 418220   7.00    1.26   16506    9.80
  1332  49760 418220   8.00    1.31   16520    9.75
  1332  49760 418220   9.00    1.30   16531    9.77
  1332  49760 418220  10.00    1.41   16600    9.68
  1332  49760 418220  11.00    1.41   16610    9.66
  1332  49760 418220  12.00    1.43   16605    9.66
  1332  49760 418220  13.00    1.41   16625    9.63
  1332  49760 418220  14.00    1.25   16702    9.62
  1332  49760 418220  15.00    1.19   16654    9.72
  1332  49760 418220  16.00    0.87   16777    9.60
  1332  49760 418220  17.00    0.86   16940    9.46
  1332  49760 418220  18.00    0.93   17117    9.23
 -1401  48840 418200   1.00    1.16   16411    9.81
  1401  48840 418200   2.00    1.16   16437    9.81
  1401  48840 418200   3.00    1.19   16451    9.79
  1401  48840 418200   4.00    1.19   16475    9.80
  1401  48840 418200   5.00    1.19   16498    9.79
  1401  48840 418200   6.00    1.17   16453    9.79
  1401  48840 418200   7.00    1.17   16438    9.84
  1401  48840 418200   8.00    1.21   16473    9.74
  1401  48840 418200   9.00    1.29   16596    9.64
  1401  48840 418200  10.00    1.37   16631    9.60
  1401  48840 418200  11.00    1.31   16652    9.60
  1401  48840 418200  12.00    1.30   16656    9.57
  1401  48840 418200  13.00    1.23   16698    9.55
  1401  48840 418200  14.00    1.16   16722    9.52
  1401  48840 418200  15.00    1.15   16734    9.54
  1401  48840 418200  16.00    1.11   16768    9.52
  1401  48840 418200  17.00    0.97   16858    9.47
  1401  48840 418200  18.00    0.90   16943    9.35
  1401  48840 418200  19.00    0.89   16987    9.32
  1401  48840 418200  20.00    0.90   17023    9.28
  1401  48840 418200  21.00    0.91   17046    9.23
  1401  48840 418200  22.00    0.92   17065    9.18
  1401  48840 418200  23.00    0.95   17085    9.24
  1401  48840 418200  24.00    0.97   17112    9.15
  1401  48840 418200  25.00    1.02   17175    8.92
  1401  48840 418200  26.00    1.09   17287    8.66
  1401  48840 418200  27.00    1.14   17358    8.61
  1401  48840 418200  28.00    1.22   17599    8.42
  1401  48840 418200  29.00    1.27   17702    8.21
  1401  48840 418200  30.00    1.30   17711    8.13
  1401  48840 418200  31.00    1.29   17733    8.02
  1401  48840 418200  32.00    1.30   17746    7.78
  1401  48840 418200  33.00    1.31   17769    7.78
  1401  48840 418200  34.00    1.32   17765    7.75
  1401  48840 418200  35.00    1.32   17769    7.72
  1401  48840 418200  36.00    1.32   17773    7.67
  1401  48840 418200  37.00    1.32   17775    7.61
  1401  48840 418200  38.00    1.33   17771    7.60
  1401  48840 418200  39.00    1.32   17778    7.57
  1401  48840 418200  40.00    1.32   17776    7.60
  1401  48840 418200  41.00    1.32   17779    7.57
  1401  48840 418200  42.00    1.32   17781    7.59
  1401  48840 418200  43.00    1.32   17783    7.56
  1401  48840 418200  44.00    1.32   17785    7.57
  1401  48840 418200  45.00    1.33   17781    7.55
  1401  48840 418200  46.00    1.33   17780    7.52
  1401  48840 418200  47.00    1.34   17781    7.51
  1401  48840 418200  48.00    1.34   17786    7.45
 -1451  47880 418310   1.00    1.38   16496    9.65
  1451  47880 418310   2.00    1.36   16484    9.64
  1451  47880 418310   3.00    1.35   16495    9.60
  1451  47880 418310   4.00    1.35   16488    9.61
  1451  47880 418310   5.00    1.35   16506    9.54
  1451  47880 418310   6.00    1.36   16498    9.52
  1451  47880 418310   7.00    1.36   16521    9.52
  1451  47880 418310   8.00    1.37   16534    9.54
  1451  47880 418310   9.00    1.35   16568    9.55
  1451  47880 418310  10.00    1.34   16574    9.47
  1451  47880 418310  11.00    1.34   16605    9.49
  1451  47880 418310  12.00    1.40   16626    9.41
  1451  47880 418310  13.00    1.13   16668    9.40
  1451  47880 418310  14.00    0.87   16775    9.36
  1451  47880 418310  15.00    0.86   16820    9.16
 -1509  47540 418780   1.00    1.51   16517    9.57
  1509  47540 418780   2.00    1.49   16608    9.62
  1509  47540 418780   3.00    1.79   16536    9.63
  1509  47540 418780   4.00    1.68   16547    9.63
  1509  47540 418780   5.00    1.69   16547    9.64
  1509  47540 418780   6.00    1.53   16563    9.62
  1509  47540 418780   7.00    1.51   16556    9.57
  1509  47540 418780   8.00    1.52   16546    9.54
  1509  47540 418780   9.00    1.55   16556    9.54
  1509  47540 418780  10.00    1.57   16556    9.53
  1509  47540 418780  11.00    1.49   16578    9.50
