# M.S. 'ARGUS'                  
# 16-01-1996 07:36:21
# PROJECTCODE: E7501X
# OPDRACHTGEVER: AXW .
# MEETGEBIED: Grevelingenmeer
# STARTPUNT: Hevel grevelingendam
# EINDPUNT: Brouwersdam
# LUCHTTEMP.        2.6 GR.C      
# BAROMETER        1025 MBAR      
# WINDSNELHEID      0.1 M/SEC     
# WINDRICHTING      194 GRAD (ZZW)
* 19960116
$-9999 [000222220220220]
> TIJD
> X-COORD
> Y-COORD
>SENSHTE Diepte set      m
>Echms   Echo set        mtrs
>Temp       Temperatuur       oC
>pH      Zuurgraad       s.e.
>O2        Zuurstof          mg/l
>%O2  301.0 Zuurstof Verz.  %  
>GELBH   Geleidendheid   mS/cm
>SALNTT  Saliniteit      Prom
>CL-       Chloride          mg/l
>DICHT   Dichtheid       Gr.
>      79.5 Flur ME         fgr
>      76.0 Mex 3001        %  
 -736  69291 410932  1.04  4.22  1.59  8.21 11.38    99 26.18 29.66 16809 23.76  4.80     6
  736  69293 410934  2.05  3.19  1.60  8.22 11.36    99 26.18 29.66 16810 23.76  4.72     8
  737  69294 410935  3.04  2.20  1.62  8.21 11.35    98 26.21 29.67 16819 23.77  5.00     8
  737  69294 410937  4.13  1.28  1.72  8.21 11.31    98 26.37 29.77 16875 23.84  4.76     6
  738  69293 410938  5.13  0.46  1.71  8.20 11.30    98 26.39 29.81 16899 23.87  5.04     8
 -744  68856 411219  1.15  0.27  1.72  8.24 11.55   100 26.21 29.59 16769 23.69  4.93     2
  745  68844 411215  2.08  0.39  1.72  8.24 11.56   100 26.25 29.63 16796 23.73  5.43     1
  745  68839 411212  3.04  7.92  1.58  8.21 11.55   100 26.34 29.87 16939 23.93  4.17     5
  746  68842 411222  4.09  8.07  1.48  8.19 11.05    96 26.36 29.99 17001 24.03  3.28     7
  748  68844 411226  5.04  7.64  1.51  8.19 10.76    93 26.33 29.93 16970 23.98  3.63     4
  749  68844 411226  6.10  6.61  1.48  8.18 10.77    93 26.34 29.96 16986 24.01  3.50     6
  749  68847 411232  7.05  5.59  1.43  8.18 10.70    93 26.35 30.03 17027 24.07  3.36     5
  750  68849 411234  8.06  4.44  1.45  8.17 10.58    92 26.39 30.06 17043 24.09  2.79     6
  751  68852 411241  9.06  3.37  1.51  8.16 10.46    91 26.52 30.17 17105 24.17  2.59     3
  752  68853 411246 10.03  2.22  1.57  8.16 10.31    90 26.61 30.22 17134 24.21  2.50     7
  753  68851 411248 11.07  1.22  1.58  8.16 10.28    89 26.63 30.23 17143 24.22  2.48     4
  753  68848 411250 12.01  0.34  1.58  8.16 10.29    90 26.64 30.24 17149 24.23  2.32     4
 -801  67344 411354  1.04 11.41  1.72  8.26 11.57   101 26.20 29.57 16757 23.68  5.41     7
  802  67329 411354  1.91 10.64  1.72  8.26 11.55   100 26.20 29.57 16757 23.68  5.49     6
  802  67315 411359  3.04  0.42  1.73  8.26 11.56   100 26.20 29.57 16757 23.68  5.09     6
  803  67302 411364  4.02  8.72  1.73  8.26 11.55   100 26.21 29.57 16758 23.68  5.14     6
  803  67298 411365  5.02  7.83  1.72  8.26 11.56   100 26.23 29.60 16775 23.70  5.93     7
  803  67297 411368  6.08  6.73  1.63  8.22 11.08    96 26.26 29.73 16849 23.81  4.39     5
  805  67307 411369  7.06  5.65  1.51  8.19 10.83    94 26.46 30.10 17064 24.11  2.66     7
  806  67315 411367  8.06  4.69  1.46  8.19 10.67    92 26.43 30.10 17065 24.12  2.69     5
  807  67317 411365  9.05  3.70  1.46  8.19 10.64    92 26.43 30.10 17068 24.12  2.51     7
  808  67320 411365 10.05  2.61  1.53  8.18 10.55    92 26.54 30.17 17110 24.17  2.47     5
  808  67321 411364 11.08  1.52  1.57  8.17 10.53    92 26.60 30.20 17123 24.19  2.37     8
  808  67322 411364 12.03  0.59  1.59  8.17 10.49    91 26.63 30.22 17139 24.21  2.59     7
 -815  66342 411618  0.98  7.31  1.79  8.29 11.76   102 26.24 29.55 16748 23.66  5.81     5
  816  66323 411631  1.98  6.23  1.79  8.29 11.81   103 26.24 29.55 16748 23.66  5.87     7
  816  66322 411631  3.07  5.08  1.80  8.29 11.82   103 26.25 29.55 16749 23.66  5.95     6
  817  66321 411632  4.04  4.10  1.81  8.29 11.83   103 26.27 29.56 16755 23.67  5.78     6
  817  66323 411630  5.04  3.05  1.78  8.27 11.81   103 26.28 29.61 16783 23.71  6.24     6
  818  66316 411640  6.10  1.66  1.63  8.22 10.97    95 26.39 29.88 16938 23.93  3.54     8
  820  66316 411646  7.01  0.78  1.45  8.21 10.90    94 26.37 30.03 17022 24.06  3.11     5
 -828  65291 412086  1.00  0.79  1.75  8.30 11.82   103 26.18 29.51 16725 23.63  5.53     9
  828  65282 412085  2.01  0.39  1.75  8.30 11.82   103 26.18 29.52 16729 23.64  6.04     4
  829  65276 412086  3.12 11.08  1.75  8.30 11.84   103 26.19 29.52 16730 23.64  5.80     5
  829  65265 412087  4.05 10.03  1.76  8.30 11.85   103 26.20 29.53 16738 23.65  5.62     5
  829  65258 412088  5.08  8.94  1.76  8.30 11.86   103 26.21 29.54 16741 23.65  5.81     6
  830  65253 412089  6.06  7.89  1.79  8.30 11.83   103 26.23 29.54 16743 23.65  6.13     6
  830  65227 412102  7.05  7.39  1.51  8.21 10.73    93 26.50 30.13 17086 24.14  2.82     5
  833  65224 412105  8.06  6.51  1.57  8.20 10.63    92 26.65 30.27 17168 24.25  2.35     6
  834  65177 412107  9.09  5.50  1.59  8.20 10.60    92 26.69 30.30 17183 24.27  1.86     6
  834  65226 412107 10.05  4.63  1.63  8.20 10.52    92 26.76 30.36 17215 24.31  1.94     5
  834  65230 412108 11.07  3.80  1.64  8.20 10.43    91 26.81 30.40 17240 24.35  1.66     6
  835  65232 412109 12.05  2.94  1.65  8.20 10.41    91 26.82 30.40 17242 24.35  1.73     7
  835  65235 412110 13.06  2.01  1.67  8.19 10.37    91 26.87 30.45 17268 24.39  1.65     6
  836  65236 412111 14.10  1.08  1.68  8.19 10.35    90 26.87 30.44 17261 24.37  1.78     7
  836  65240 412113 14.88  0.60  1.71  8.19 10.30    90 26.91 30.45 17271 24.39  1.94     7
 -850  62311 412244  1.00 17.00  1.79  8.30 11.65   101 26.19 29.49 16710 23.61  6.89     6
  850  62290 412248  1.92  0.24  1.79  8.30 11.66   101 26.19 29.49 16709 23.62  6.50     0
  851  62279 412243  2.98 14.60  1.81  8.30 11.65   101 26.21 29.50 16715 23.62  6.60     3
  851  62276 412241  3.96 65.41  1.81  8.30 11.67   102 26.21 29.50 16718 23.62  6.92     6
  852  62270 412236  5.00 12.42  1.80  8.30 11.68   102 26.21 29.50 16718 23.62  6.63     6
  852  62266 412231  6.02 11.27  1.86  8.29 11.62   101 26.27 29.53 16732 23.64  7.50     6
  853  62274 412227  7.04 10.29  1.86  8.26 10.91    95 26.55 29.87 16931 23.91  5.44     6
  854  62288 412234  8.07  9.59  1.78  8.22 10.70    94 26.85 30.31 17190 24.27  2.59     5
  856  62289 412240  8.94 61.95  1.81  8.22 10.60    93 26.96 30.43 17255 24.36  2.17     7
  857  62295 412244 10.04  0.47  1.78  8.21 10.54    92 26.96 30.45 17269 24.38  2.06     5
  857  62297 412247 11.10  6.93  1.79  8.21 10.49    92 26.97 30.46 17273 24.38  1.97     4
  857  62301 412251 12.11  0.46  1.79  8.21 10.45    92 27.02 30.53 17313 24.44  1.72     7
  858  62308 412261 13.07 65.11  1.79  8.21 10.36    91 27.04 30.54 17321 24.45  1.66     6
  859  62310 412265 14.06 65.06  1.80  8.21 10.33    91 27.04 30.54 17322 24.45  1.87     6
  859  62311 412268 15.04  0.44  1.80  8.21 10.31    91 27.05 30.54 17324 24.45  1.55     8
  860  62313 412271 16.14  2.33  1.80  8.20 10.28    90 27.07 30.58 17343 24.48  1.47     7
  900  62317 412273 17.13  1.20  1.81  8.20 10.26    90 27.09 30.58 17347 24.49  1.49     5
  900  62319 412275 18.06  0.34  1.88  8.20 10.21    90 27.16 30.61 17360 24.50  1.43     6
 -908  61209 413055  0.97  0.37  1.78  8.31 11.65   101 26.19 29.50 16717 23.62  6.40     7
  909  61202 413067  1.94  0.31  1.78  8.31 11.67   101 26.19 29.50 16716 23.62  6.36     3
  909  61194 413079  3.00  7.02  1.77  8.31 11.67   101 26.19 29.51 16722 23.63  6.46     3
  910  61178 413088  4.06  5.94  1.78  8.31 11.69   102 26.20 29.51 16723 23.63  6.50     7
  910  61172 413088  5.13  4.85  1.78  8.31 11.68   102 26.20 29.51 16724 23.63  6.38     6
  910  61166 413079  6.03  3.94  1.86  8.32 11.67   102 26.27 29.52 16729 23.63  6.59     5
  911  61169 413071  7.05  2.94  1.84  8.27 11.65   102 26.56 29.91 16954 23.94  5.48     6
  912  61197 413048  8.13  1.98  1.71  8.22 10.61    93 26.76 30.27 17163 24.24  2.34     5
  914  61202 413046  9.01  1.10  1.74  8.21 10.54    92 26.91 30.43 17259 24.37  1.80     8
  914  61208 413043 10.02  9.12  1.78  8.29 10.47    91 26.27 29.60 16775 23.70  5.74     6
 -925  59336 414099  1.08  0.35  1.85  8.34 11.84   103 26.21 29.45 16687 23.57  7.39     7
  926  59324 414112  1.96  0.39  1.86  8.34 11.87   103 26.20 29.44 16685 23.57  7.04     4
  926  59313 414127  3.09 20.91  2.01  8.33 11.82   103 26.35 29.48 16705 23.59  7.49     6
  927  59309 414133  4.01  0.41  2.03  8.32 11.80   103 26.37 29.49 16710 23.59  7.06     6
  927  59306 414138  5.04 72.58  1.86  8.32 11.84   103 26.24 29.49 16711 23.61  7.32     4
  928  59303 414141  6.11 17.88  1.94  8.32 11.74   102 26.32 29.51 16724 23.62  7.30     6
  928  59291 414141  7.07  0.44  2.15  8.27 11.04    97 26.89 30.02 17019 24.01  4.68     8
  930  59306 414145  8.07  0.40  2.10  8.24 10.65    94 27.21 30.45 17270 24.36  2.81     7
  932  59317 414153  9.07 15.68  1.86  8.24 10.54    93 27.11 30.56 17336 24.47  1.67     5
  933  59326 414157 10.06 66.41  1.92  8.23 10.46    92 27.20 30.62 17369 24.51  1.55     7
  934  59332 414157 11.11 13.82  1.98  8.23 10.39    92 27.27 30.65 17383 24.53  1.55     7
  934  59334 414157 12.05  0.39  1.98  8.23 10.38    91 27.29 30.66 17393 24.54  1.79     6
  934  59336 414157 13.09 11.94  1.99  8.22 10.34    91 27.31 30.68 17402 24.55  1.52     5
  935  59339 414156 14.13  3.00  2.04  8.23 10.30    91 27.36 30.70 17412 24.56  1.58     9
  935  59343 414155 15.10 68.89  2.09  8.23 10.27    91 27.41 30.71 17418 24.56  1.61     9
  936  59345 414155 16.10  0.42  2.11  8.22 10.26    91 27.43 30.72 17424 24.57  1.54     5
  936  59348 414154 17.09  7.97  2.17  8.22 10.24    91 27.49 30.73 17433 24.58  1.70     7
  936  59350 414151 18.05  0.41  2.20  8.22 10.21    91 27.52 30.75 17440 24.59  1.66     6
  937  59350 414149 19.08  0.48  2.20  8.22 10.23    91 27.53 30.75 17444 24.59  1.68     9
  937  59350 414147 20.04  0.44  2.23  8.22 10.22    91 27.57 30.77 17454 24.61  1.79     6
  938  59350 414146 21.07  3.97  2.24  8.23 10.22    91 27.58 30.77 17457 24.61  1.82     8
  938  59350 414144 22.04  2.99  2.26  8.23 10.21    91 27.59 30.77 17457 24.61  1.83     6
  938  59351 414141 23.05  2.00  2.31  8.23 10.19    91 27.66 30.81 17477 24.63  1.62     8
  939  59348 414140 24.09  0.92  2.33  8.23 10.17    90 27.68 30.80 17475 24.63  1.73     5
 -956  57966 417186  1.06 19.09  1.92  8.37 11.91   104 26.20 29.38 16649 23.52  7.03     6
  956  57959 417200  2.04 18.63  1.91  8.37 11.90   104 26.19 29.38 16650 23.52  6.85     6
  956  57955 417208  3.05 17.74  1.92  8.36 11.91   104 26.20 29.38 16649 23.52  7.71     8
  957  57953 417212  4.07 16.73  1.93  8.36 11.89   104 26.21 29.38 16652 23.52  7.34     8
  957  57949 417220  5.08 15.34  1.93  8.33 11.85   103 26.22 29.39 16655 23.53  7.85     8
  958  57947 417222  6.06 14.27  1.93  8.35 11.80   103 26.23 29.40 16662 23.53  8.30     6
  958  57946 417223  7.04 13.29  1.94  8.35 11.79   103 26.24 29.41 16666 23.54  7.81     5
  958  57937 417235  8.02 11.82  2.39  8.25 10.64    95 27.58 30.63 17373 24.48  3.02     6
 1002  57935 417237  9.04  0.45  2.47  8.25 10.56    94 27.67 30.66 17391 24.50  2.60     4
 1002  57934 417239 10.04  9.78  2.43  8.25 10.54    94 27.71 30.76 17446 24.58  2.62     5
 1002  57934 417232 11.10  8.83  2.40  8.25 10.43    93 27.71 30.78 17460 24.60  2.33     6
 1003  57934 417231 12.09  7.83  2.39  8.25 10.42    93 27.71 30.78 17462 24.61  2.11     7
 1003  57933 417228 13.19  6.83  2.39  8.25 10.37    92 27.70 30.79 17463 24.61  1.97     6
 1004  57932 417226 14.15  5.83  2.38  8.25 10.32    92 27.71 30.79 17468 24.62  1.94     7
 1004  57931 417225 15.06  4.92  2.42  8.24 10.28    92 27.74 30.80 17473 24.62  1.93     5
 1005  57931 417225 16.06  3.87  2.47  8.24 10.27    92 27.79 30.82 17481 24.63  2.08     8
 1005  57931 417225 17.16  2.84  2.43  8.24 10.27    92 27.77 30.83 17490 24.64  2.00     5
 1005  57930 417225 18.01  1.97  2.48  8.24 10.23    91 27.82 30.84 17494 24.64  1.92     6
 1006  57930 417225 19.03  0.91  2.54  8.24 10.20    91 27.88 30.85 17498 24.64  2.03     4
-1014  57617 418928  1.10  0.33  2.01  8.38 11.97   105 26.21 29.31 16606 23.45  7.62    12
 1015  57619 418942  1.97  0.32  2.01  8.39 11.94   104 26.22 29.31 16610 23.46  8.01     4
 1015  57616 418950  2.97  0.42  2.01  8.39 11.95   104 26.24 29.34 16627 23.48  8.11     6
 1016  57615 418952  3.96  0.35  2.02  8.39 11.95   104 26.24 29.34 16623 23.47  8.50     5
 1016  57615 418960  5.13  0.45  2.02  8.39 11.94   104 26.25 29.34 16627 23.48  7.65     4
 1017  57615 418964  6.08 10.57  2.02  8.38 11.93   104 26.27 29.37 16644 23.50  7.60     5
 1018  57615 418969  7.03 10.29  1.97  8.36 11.93   104 26.25 29.40 16657 23.53  8.29     4
 1018  57610 418976  8.08  8.74  2.17  8.26 10.65    94 27.37 30.58 17344 24.46  2.81     6
 1021  57610 418970  9.02  8.43  2.03  8.31 10.67    94 26.64 29.82 16906 23.86  5.09     6
 1021  57609 418963 10.05  7.25  2.25  8.25 10.62    94 27.53 30.70 17416 24.55  2.32     5
 1022  57606 418953 11.07  5.85  2.25  8.25 10.34    92 27.57 30.75 17442 24.59  1.80     6
 1023  57606 418949 12.04  0.45  2.24  8.24 10.31    91 27.57 30.76 17447 24.59  1.80     6
 1024  57605 418947 13.04  4.59  2.41  8.25 10.23    91 27.77 30.84 17496 24.65  1.89     6
 1025  57604 418946 14.07  0.41  2.44  8.25 10.21    91 27.80 30.85 17503 24.66  2.12    10
 1025  57603 418947 15.09  2.66  2.45  8.25 10.19    91 27.81 30.86 17507 24.66  1.75     8
 1025  57601 418947 16.14  1.73  2.44  8.24 10.17    91 27.81 30.87 17510 24.67  1.38     7
 1026  57600 418947 17.10  0.75  2.44  8.24 10.15    91 27.82 30.87 17513 24.67  1.69     7
-1036  56261 420538  1.10 11.71  2.31  8.42 11.91   105 26.44 29.31 16606 23.43  8.14     8
 1036  56254 420543  1.98 10.83  2.30  8.42 11.94   105 26.43 29.31 16607 23.44  7.83     7
 1037  56251 420548  3.03  0.35  2.13  8.41 12.00   105 26.30 29.31 16611 23.45  8.69     7
 1037  56253 420552  4.00  0.41  2.10  8.41 11.95   105 26.28 29.31 16609 23.45  8.27     6
 1038  56253 420554  5.05  0.35  2.25  8.40 11.89   104 26.42 29.34 16628 23.47  8.44     4
 1039  56254 420556  6.05  7.11  2.31  8.36 11.81   104 26.73 29.67 16814 23.72  8.01     7
 1039  56256 420560  7.07  6.13  2.31  8.34 11.52   102 26.75 29.68 16825 23.73  6.59     7
 1040  56258 420559  8.09  5.20  2.32  8.35 11.50   101 26.77 29.71 16842 23.76  6.71     6
 1040  56264 420556  9.04  0.44  2.92  8.28 11.18   101 28.05 30.69 17408 24.49  4.75     8
 1041  56270 420552 10.04  3.32  2.93  8.28 10.72    97 28.15 30.80 17469 24.57  3.46    12
 1042  56271 420551 11.06  2.39  2.94  8.28 10.62    96 28.17 30.82 17483 24.59  2.75     5
 1043  56270 420550 12.08  1.26  2.93  8.28 10.58    96 28.16 30.82 17482 24.59  3.51     8
 1043  56270 420550 13.11  0.30  2.90  8.28 10.55    95 28.15 30.83 17490 24.60  2.57     9
-1050  55187 421385  1.16  0.40  2.24  8.43 12.00   105 26.36 29.28 16589 23.42  7.82     0
 1051  55187 421393  1.98  0.30  2.22  8.42 11.98   105 26.35 29.28 16593 23.42  8.65     7
 1051  55188 421402  3.08  2.25  2.24  8.42 11.97   105 26.36 29.28 16587 23.41  8.93     6
 1052  55185 421403  3.95  0.29  2.18  8.42 11.99   105 26.32 29.29 16595 23.43  8.98     4
 1052  55186 421402  5.00  0.27  2.19  8.42 12.00   105 26.34 29.31 16605 23.44  8.21     6
 1053  55189 421400  6.06 15.49  2.19  8.41 11.99   105 26.34 29.30 16602 23.44  8.55     4
 1053  55193 421393  7.05 14.38  2.34  8.34 11.87   105 26.91 29.86 16923 23.87  5.50     6
 1054  55195 421392  7.97  0.43  2.51  8.33 11.65   104 27.14 29.99 16999 23.96  6.48     6
 1054  55193 421376  9.05 11.81  3.07  8.28 10.88    99 28.25 30.80 17469 24.56  3.07     6
 1056  55192 421373 10.09 10.70  3.05  8.28 10.80    98 28.27 30.84 17492 24.60  3.12     8
 1056  55189 421371 11.08  9.56  2.99  8.28 10.69    97 28.26 30.88 17516 24.64  3.01     7
 1057  55186 421369 12.08  8.01  2.96  8.28 10.64    96 28.24 30.89 17521 24.64  2.76     9
 1057  55184 421368 13.09  7.49  2.92  8.28 10.58    96 28.22 30.90 17528 24.66  2.72     7
 1058  55180 421367 14.12  0.41  2.82  8.27 10.51    95 28.17 30.94 17550 24.70  2.19     6
 1058  55177 421367 15.06  0.47  2.83  8.27 10.42    94 28.18 30.94 17554 24.70  1.98     8
 1059  55175 421366 16.09  0.48  2.84  8.27 10.39    94 28.19 30.94 17554 24.70  1.99     7
 1059  55172 421366 17.12  3.30  2.85  8.27 10.36    94 28.21 30.95 17558 24.70  2.16     8
 1060  55170 421366 18.12  2.16  2.85  8.27 10.35    93 28.20 30.95 17557 24.70  2.27     7
 1100  55166 421366 19.09  1.10  2.67  8.26 10.35    93 28.07 30.96 17562 24.72  2.48     7
 1101  55163 421365 20.10 63.76  2.74  8.26 10.24    92 28.12 30.94 17557 24.71  1.99     7
-1109  53688 421065  0.99  0.48  2.16  8.41 11.99   105 26.30 29.28 16596 23.42  8.04    15
 1109  53696 421076  2.05 15.46  2.31  8.43 12.02   106 26.40 29.26 16577 23.40  6.40     7
 1110  53701 421074  3.07 14.48  2.02  8.42 12.08   106 26.22 29.31 16606 23.45  8.76     5
 1110  53702 421070  3.93  0.36  2.03  8.41 12.03   105 26.22 29.30 16604 23.45  9.83     5
 1111  53702 421069  4.99  0.32  2.05  8.41 12.02   105 26.23 29.30 16604 23.45  9.08     7
 1111  53695 421063  6.07 11.44  2.38  8.34 11.61   103 26.96 29.88 16936 23.88  7.74     4
 1113  53693 421062  6.97 10.53  2.51  8.33 11.45   102 27.22 30.07 17048 24.03  6.31     6
 1113  53695 421057  8.01  9.40  2.87  8.29 10.91    98 27.93 30.60 17353 24.42  3.61     8
 1115  53695 421058  9.04  8.33  2.89  8.28 10.86    98 27.95 30.60 17353 24.42  3.62     7
 1115  53696 421058  9.99  7.43  2.89  8.29 10.81    97 27.96 30.60 17356 24.42  3.52     3
 1116  53696 421058 11.04  6.36  3.01  8.29 10.71    97 28.14 30.71 17419 24.50  3.79     6
 1116  53696 421058 12.13  5.29  3.05  8.29 10.66    97 28.23 30.79 17464 24.56  3.32     8
 1117  53699 421059 13.11  4.35  3.10  8.29 10.61    96 28.37 30.90 17531 24.65  3.14     7
 1117  53700 421059 14.07  3.46  3.10  8.29 10.55    96 28.41 30.95 17558 24.68  3.09     6
 1118  53701 421060 15.10  2.39  3.10  8.28 10.50    95 28.41 30.96 17564 24.69  2.79     6
 1118  53703 421061 16.07  1.38  3.10  8.28 10.47    95 28.42 30.97 17567 24.70  2.42     7
 1118  53703 421062 17.01  0.52  3.09  8.28 10.44    95 28.43 30.98 17574 24.71  2.66     6
-1125  52923 420289  1.13  0.36  2.05  8.41 11.95   104 26.23 29.29 16598 23.44  8.56     6
 1125  52922 420288  1.90  0.36  2.05  8.41 11.93   104 26.22 29.29 16600 23.43  9.44     3
 1126  52924 420291  2.91  8.29  2.04  8.41 11.95   104 26.23 29.30 16602 23.44  9.34     7
 1126  52927 420296  3.97  7.32  2.04  8.41 11.92   104 26.23 29.30 16600 23.44  9.52     7
 1127  52930 420298  4.94  6.28  2.05  8.40 11.91   104 26.25 29.32 16613 23.46  9.10     8
 1127  52932 420298  6.11  5.14  2.08  8.38 11.87   104 26.31 29.37 16642 23.50  8.93     7
 1127  52934 420299  7.09  4.10  2.22  8.37 11.76   104 26.59 29.58 16762 23.65  9.27     6
 1128  52945 420298  8.09  3.09  2.76  8.31 11.22   101 27.68 30.40 17241 24.27  5.53     7
 1130  52946 420296  9.07  2.11  2.98  8.30 11.04   100 28.05 30.64 17377 24.45  4.05     7
 1130  52941 420294 10.00  1.19  3.03  8.29 10.67    97 28.27 30.86 17503 24.62  2.92    10
 1132  52940 420294 10.95  0.32  3.04  8.28 10.61    96 28.31 30.89 17525 24.64  2.41     7
-1143  51627 418570  1.05  0.43  1.83  8.43 12.17   106 25.90 29.09 16478 23.29  8.45     6
 1144  51621 418583  1.90  0.29  2.14  8.39 12.05   106 26.40 29.42 16678 23.54 10.30     7
 1145  51618 418585  2.91  0.45  2.13  8.40 12.03   106 26.33 29.35 16630 23.48  9.39     4
 1145  51613 418583  3.88  0.39  2.13  8.39 11.98   105 26.39 29.41 16667 23.53  9.28     6
 1146  51610 418580  4.88 32.28  2.26  8.37 11.89   105 26.68 29.65 16788 23.71  9.27     8
 1146  51608 418578  5.93 89.92  2.89  8.31 11.56   104 27.81 30.44 17259 24.29  5.75     5
 1147  51596 418570  7.00 28.22  3.01  8.31 11.09   100 28.07 30.63 17375 24.44  4.54     7
 1148  51593 418570  7.92 29.79  3.06  8.31 11.02   100 28.17 30.70 17408 24.49  5.01    10
 1148  51591 418570  8.93  0.43  3.12  8.31 10.95    99 28.26 30.76 17445 24.53  4.45     9
 1149  51588 418569  9.97 27.88  3.17  8.30 10.89    99 28.42 30.90 17532 24.64  3.79     7
 1149  51581 418570 11.04 26.99  3.23  8.29 10.69    97 28.55 31.00 17589 24.72  3.07     7
 1150  51579 418574 11.99 26.03  3.22  8.29 10.61    97 28.57 31.03 17605 24.74  2.80     6
 1151  51579 418575 13.00 24.94  3.22  8.29 10.56    96 28.57 31.03 17605 24.74  3.10     9
 1151  51578 418575 14.04 23.94  3.20  8.29 10.51    96 28.58 31.05 17618 24.76  2.58     7
 1151  51577 418575 15.06 22.87  3.20  8.29 10.48    95 28.58 31.07 17626 24.77  2.47     7
 1151  51576 418575 16.06 21.87  3.16  8.29 10.45    95 28.56 31.09 17636 24.79  2.44     9
 1152  51573 418576 17.07  0.45  2.95  8.29 10.39    94 28.49 31.19 17698 24.89  2.21     5
 1153  51570 418578 18.04 19.31  2.69  8.28 10.25    92 28.19 31.09 17638 24.83  1.35     8
 1153  51572 418585 19.12 18.06  2.61  8.27  9.97    90 28.14 31.10 17645 24.84  1.25     8
 1155  51572 418586 20.09 17.20  2.60  8.27  9.96    89 28.14 31.10 17648 24.85  1.26    10
 1155  51574 418588 21.08 16.12  2.54  8.26  9.93    89 28.08 31.10 17647 24.85  1.36     9
 1156  51577 418592 22.04  0.45  2.53  8.27  9.90    89 28.07 31.10 17646 24.85  1.19     8
 1156  51580 418593 23.01  0.47  2.52  8.26  9.86    88 28.07 31.10 17643 24.85  1.19    11
 1156  51583 418593 24.01  0.52  2.52  8.27  9.84    88 28.07 31.10 17646 24.85  1.21     7
 1157  51586 418592 25.11 78.88  2.52  8.27  9.82    88 28.07 31.10 17645 24.85  1.16     6
 1157  51587 418589 26.12  0.44  2.52  8.26  9.82    88 28.07 31.10 17646 24.85  1.15     9
 1157  51588 418584 27.04 10.84  2.52  8.26  9.78    88 28.07 31.10 17647 24.85  1.31    11
 1158  51588 418582 28.07  0.46  2.52  8.26  9.74    87 28.07 31.10 17647 24.85  1.25    10
 1158  51588 418579 29.07  8.96  2.52  8.26  9.71    87 28.07 31.10 17647 24.85  1.16    13
 1159  51588 418577 30.09  7.92  2.52  8.26  9.68    87 28.07 31.11 17649 24.85  1.17    11
 1159  51587 418575 31.04  0.42  2.52  8.26  9.67    87 28.07 31.11 17649 24.85  1.22    13
 1159  51588 418572 32.09  5.91  2.52  8.26  9.65    86 28.07 31.11 17650 24.85  1.23    10
 1200  51589 418570 33.06  0.42  2.52  8.26  9.64    86 28.07 31.11 17649 24.85  1.12     8
 1200  51590 418569 34.10  0.42  2.52  8.26  9.65    86 28.07 31.11 17649 24.85  1.10    12
 1200  51591 418568 35.07  2.68  2.52  8.26  9.62    86 28.07 31.11 17650 24.86  1.20    12
 1201  51591 418567 36.08  1.58  2.52  8.26  9.62    86 28.07 31.11 17652 24.86  1.18    13
 1201  51592 418566 37.05  0.62  2.52  8.26  9.63    86 28.07 31.11 17650 24.86  1.23    14
-1209  50716 418379  0.92 28.44  1.96  8.43 12.20   106 26.02 29.12 16501 23.31  6.43     6
 1209  50716 418381  1.94  0.41  2.07  8.42 12.15   106 26.22 29.26 16577 23.41  8.09     5
 1210  50714 418385  2.94 25.92  2.27  8.38 12.04   106 26.63 29.58 16766 23.66 10.30     7
 1210  50714 418389  3.98  0.48  2.56  8.35 11.82   105 27.20 30.00 17010 23.97  8.64     6
 1211  50719 418392  5.00  1.47  2.29  8.38 11.74   104 26.74 29.69 16829 23.74  9.17    10
 1212  50722 418392  5.99  0.40  2.24  8.39 11.75   103 26.60 29.58 16762 23.65 10.11     5
 1212  50726 418392  7.01  0.47  2.69  8.36 11.60   104 27.37 30.09 17071 24.03  8.46     8
 1213  50729 418391  8.04 16.53  3.02  8.30 11.44   104 28.13 30.69 17399 24.48  5.24     6
 1213  50731 418390  8.99  0.47  3.20  8.31 11.05   101 28.42 30.87 17511 24.61  4.35    10
 1214  50732 418389 10.06 19.10  3.22  8.31 10.95   100 28.47 30.91 17533 24.64  4.49    10
 1215  50732 418389 11.03  0.44  3.27  8.31 10.86    99 28.57 30.98 17578 24.70  3.91     8
 1215  50732 418389 12.06  0.49  3.22  8.30 10.76    98 28.57 31.03 17606 24.74  3.60     9
 1216  50732 418388 13.04  0.47  3.13  8.30 10.54    96 28.53 31.07 17626 24.78  2.53     9
 1217  50731 418390 14.04 15.10  3.12  8.29 10.37    94 28.54 31.09 17638 24.79  2.36     9
 1218  50731 418391 15.08  0.42  3.13  8.29 10.33    94 28.56 31.10 17648 24.81  2.15     7
 1218  50732 418390 16.06 83.44  3.11  8.29 10.29    94 28.55 31.11 17652 24.81  2.39     8
 1219  50732 418388 17.02 92.43  3.07  8.29 10.23    93 28.54 31.13 17664 24.83  2.15     8
 1219  50732 418387 18.11  0.41  2.94  8.29 10.26    93 28.43 31.13 17664 24.84  1.90     8
 1219  50732 418386 19.00 10.41  2.77  8.29 10.13    91 28.30 31.14 17667 24.86  1.79     8
 1220  50731 418386 20.05  0.42  2.70  8.29 10.07    91 28.23 31.13 17661 24.86  1.53     8
 1221  50730 418386 21.05  0.41  2.72  8.29  9.95    90 28.24 31.12 17654 24.85  1.52     6
 1221  50728 418386 22.04  0.42  2.72  8.28  9.90    89 28.24 31.11 17654 24.84  1.38     9
 1222  50727 418385 23.05  0.37  2.68  8.28  9.89    89 28.22 31.13 17663 24.86  1.37    10
 1222  50726 418384 24.02  0.41  2.64  8.29  9.86    89 28.18 31.12 17658 24.86  1.31     9
 1222  50724 418384 25.04  0.48  2.61  8.28  9.84    88 28.15 31.12 17655 24.85  1.20     8
 1223  50723 418384 26.08  3.45  2.62  8.28  9.80    88 28.16 31.11 17653 24.85  1.31     9
 1223  50721 418384 27.03  0.47  2.63  8.28  9.75    88 28.17 31.12 17656 24.85  1.16     8
 1224  50720 418384 28.10  1.30  2.63  8.28  9.72    87 28.18 31.12 17657 24.86  1.28     8
 1224  50719 418384 29.08  0.23  2.66  8.29  9.67    87 28.19 31.12 17656 24.85  1.86     9
-1231  49702 418277  0.99  0.29  2.07  8.43 12.13   106 26.25 29.30 16607 23.45  8.44     5
 1232  49696 418276  1.98  0.48  2.07  8.43 12.16   106 26.26 29.31 16608 23.45  8.63     9
 1232  49692 418272  3.00  0.46  2.09  8.42 12.17   107 26.29 29.33 16621 23.47  8.23     6
 1232  49688 418265  4.01 13.85  2.19  8.40 12.12   106 26.46 29.45 16686 23.55  9.32     8
 1232  49689 418253  5.02  0.46  2.20  8.40 12.09   106 26.49 29.48 16705 23.58  9.57     6
 1233  49732 418201  6.03 20.28  2.91  8.34 11.37   103 27.88 30.49 17292 24.34  5.66     7
 1235  49762 418215  6.96  0.40  3.02  8.33 11.18   101 28.10 30.66 17388 24.46  4.72     7
 1236  49768 418244  7.96  0.39  3.10  8.32 11.03   100 28.26 30.77 17454 24.54  4.10    11
 1236  49765 418265  8.98  9.83  3.17  8.32 10.98   100 28.39 30.86 17505 24.61  4.20     6
 1237  49743 418272  9.99  0.47  3.14  8.31 10.84    99 28.45 30.97 17569 24.70  3.08     8
 1237  49733 418285 11.05  7.43  3.21  8.30 10.67    97 28.61 31.09 17637 24.78  2.35     8
 1238  49739 418286 12.08  0.48  3.24  8.30 10.51    96 28.65 31.11 17652 24.80  2.70     8
 1238  49737 418281 13.04  0.42  3.22  8.29 10.45    95 28.63 31.10 17643 24.79  2.41    10
 1239  49735 418279 14.01  0.42  3.21  8.30 10.40    95 28.65 31.13 17665 24.82  2.56     7
 1239  49732 418272 15.11  4.37  3.22  8.29 10.15    93 28.67 31.15 17673 24.83  2.35     8
 1240  49732 418270 16.04  0.38  3.22  8.29 10.12    92 28.67 31.15 17672 24.83  2.38    10
 1240  49731 418268 17.04  0.40  3.22  8.29 10.08    92 28.67 31.15 17673 24.83  2.27     8
 1241  49731 418267 18.01  2.66  3.21  8.29 10.05    92 28.67 31.15 17675 24.84  2.53    10
 1241  49732 418264 19.06  2.27  3.18  8.28 10.00    91 28.64 31.15 17678 24.84  2.14     7
 1241  49731 418264 20.06  0.49  3.18  8.28  9.93    91 28.64 31.15 17675 24.84  1.96     9
 1242  49732 418262 21.06  1.26  3.12  8.29  9.89    90 28.60 31.17 17690 24.86  1.78     8
-1249  48782 418187  1.00  0.43  2.17  8.43 12.14   106 26.38 29.37 16643 23.49  7.94     9
 1249  48768 418184  2.06 44.89  2.16  8.43 12.16   107 26.43 29.44 16682 23.55  8.90     4
 1250  48769 418190  2.97 43.13  2.17  8.41 12.10   106 26.51 29.53 16738 23.62 11.91     5
 1251  48767 418193  3.99  0.48  2.26  8.41 12.04   106 26.62 29.57 16758 23.65 11.78     2
 1251  48766 418193  5.01  0.49  2.75  8.35 11.75   105 27.58 30.28 17170 24.18  7.77     8
 1252  48765 418192  6.03  0.45  2.83  8.34 11.56   104 27.73 30.39 17232 24.26  8.37    10
 1253  48763 418193  7.07 40.05  2.98  8.33 11.36   103 28.07 30.66 17387 24.46  5.30     7
 1253  48767 418194  8.06  0.46  3.02  8.33 11.13   101 28.15 30.72 17424 24.51  4.76     7
 1254  48770 418199  9.02 38.12  3.06  8.32 11.06   100 28.24 30.78 17461 24.56  4.74     9
 1255  48772 418200 10.10 37.09  3.09  8.33 11.01   100 28.29 30.81 17479 24.58  4.42     9
 1255  48773 418198 11.10 36.05  3.17  8.33 10.91    99 28.43 30.92 17540 24.65  4.04    11
 1256  48774 418199 12.01 35.10  3.22  8.32 10.83    99 28.59 31.06 17622 24.77  3.45     8
 1257  48775 418201 13.02 34.05  3.26  8.31 10.72    98 28.67 31.11 17648 24.80  3.00     8
 1257  48775 418201 14.09  0.54  3.27  8.31 10.61    97 28.68 31.11 17652 24.80  3.15     8
 1258  48775 418200 15.02  0.47  3.27  8.31 10.56    96 28.68 31.12 17657 24.81  3.38     8
 1258  48775 418197 16.01  0.42  3.27  8.31 10.45    95 28.69 31.12 17659 24.81  3.12     9
 1259  48776 418194 17.02 30.14  3.27  8.31 10.41    95 28.69 31.13 17659 24.81  2.75     9
 1259  48775 418195 18.05  0.49  3.27  8.30 10.38    95 28.69 31.13 17660 24.81  3.01    10
 1300  48773 418197 19.00  0.47  3.26  8.30 10.35    95 28.69 31.13 17662 24.81  2.53     8
 1300  48772 418196 20.00  0.46  3.25  8.30 10.33    94 28.68 31.14 17666 24.82  3.27    10
 1301  48772 418195 21.04 26.10  3.24  8.30 10.29    94 28.68 31.14 17666 24.82  2.58     9
 1301  48771 418193 22.05 25.17  3.24  8.30 10.22    93 28.67 31.13 17665 24.82  2.57    10
 1302  48770 418191 23.07  0.52  3.22  8.30 10.19    93 28.66 31.14 17667 24.82  2.38    11
 1302  48770 418191 24.02  0.39  3.21  8.30 10.16    93 28.66 31.14 17669 24.83  2.23     8
 1303  48770 418191 25.04 22.39  3.21  8.29 10.11    92 28.67 31.16 17678 24.84  2.09    10
 1303  48772 418202 26.07 21.20  3.22  8.29  9.97    91 28.67 31.15 17674 24.83  2.52     8
 1304  48771 418203 27.08  0.51  3.22  8.28  9.96    91 28.67 31.15 17675 24.84  2.42     9
 1304  48767 418201 28.05  0.49  3.22  8.29  9.93    91 28.67 31.16 17678 24.84  1.99     6
 1305  48764 418196 29.00 18.24  3.22  8.27  9.88    90 28.68 31.17 17684 24.85  2.05    12
 1305  48760 418185 30.08  0.48  3.22  8.27  9.68    88 28.68 31.17 17685 24.85  2.06    10
 1307  48762 418179 31.80  0.46  3.22  8.27  9.59    88 28.69 31.17 17687 24.85  2.03    10
 1307  48763 418178 31.66 15.29  3.22  8.27  9.59    87 28.68 31.17 17687 24.85  2.24    10
 1307  48762 418180 33.03 13.78  3.22  8.26  9.58    87 28.69 31.17 17688 24.85  2.25    12
 1308  48762 418184 33.96  0.49  3.22  8.27  9.55    87 28.69 31.17 17688 24.85  2.06     9
 1308  48762 418189 35.05 12.03  3.22  8.26  9.55    87 28.69 31.18 17689 24.85  2.27    11
 1309  48760 418192 36.08  0.47  3.22  8.26  9.53    87 28.69 31.18 17688 24.85  2.01    10
 1309  48759 418194 37.06 55.15  3.22  8.27  9.52    87 28.69 31.18 17690 24.86  2.00    11
 1309  48758 418195 38.02  9.17  3.22  8.27  9.52    87 28.69 31.17 17687 24.85  2.06    11
 1310  48758 418190 39.05  7.94  3.22  8.27  9.53    87 28.69 31.18 17689 24.85  2.09     9
 1310  48758 418186 40.04  0.48  3.22  8.26  9.52    87 28.69 31.18 17689 24.85  1.96     9
 1311  48759 418180 41.05  0.46  3.22  8.26  9.51    87 28.69 31.18 17691 24.86  1.99    11
 1311  48759 418176 42.02  4.81  3.22  8.26  9.48    87 28.69 31.18 17690 24.86  2.00    12
 1312  48759 418179 43.02  0.51  3.22  8.26  9.47    86 28.69 31.18 17691 24.86  1.97    15
 1312  48758 418182 44.03  2.97  3.22  8.26  9.46    86 28.69 31.18 17692 24.86  1.96    10
 1313  48758 418187 45.00  1.48  3.22  8.25  9.44    86 28.70 31.18 17692 24.86  1.99    11
 1313  48760 418184 45.99  0.94  3.22  8.26  9.43    86 28.70 31.18 17694 24.86  2.03     9
 1314  48761 418176 46.92 67.98  3.22  8.26  9.42    86 28.70 31.18 17692 24.86  2.13    90
-1321  47958 418366  0.97 16.65  2.14  8.43 12.15   107 26.37 29.38 16649 23.50  7.92     3
 1322  47948 418370  2.02 16.01  2.13  8.43 12.19   107 26.37 29.40 16659 23.52  8.29     5
 1322  47940 418371  2.98 14.66  2.00  8.43 12.25   107 26.30 29.42 16673 23.54  9.37     3
 1323  47935 418372  3.97 13.85  2.12  8.42 12.23   107 26.46 29.51 16723 23.61 10.33     6
 1323  47936 418370  4.93 82.99  2.34  8.40 12.16   107 26.77 29.69 16827 23.74 11.04     7
 1324  47940 418369  5.88  0.51  2.58  8.37 11.62   104 27.24 30.04 17031 24.00  7.53     9
 1326  47941 418369  6.87 10.70  2.62  8.37 11.56   103 27.30 30.08 17053 24.03  7.62     7
 1326  47942 418369  7.94  0.38  2.97  8.33 11.36   103 28.01 30.59 17350 24.41  5.32     7
 1327  47941 418375  8.93  8.45  3.20  8.32 10.91    99 28.49 30.95 17560 24.68  3.64     6
 1328  47942 418375  9.95  7.47  3.22  8.32 10.81    98 28.51 30.97 17569 24.69  3.49     9
 1329  47943 418375 11.02  0.39  3.22  8.31 10.78    98 28.53 30.98 17577 24.70  3.61     8
 1329  47944 418372 11.98  0.43  3.22  8.32 10.73    98 28.53 30.98 17577 24.70  3.17    11
 1329  47945 418372 13.00 84.98  3.22  8.32 10.71    97 28.54 31.00 17584 24.71  3.54     9
-1334  47451 418840  0.98  0.30  1.91  8.44 12.24   107 26.06 29.22 16557 23.39  7.88     0
 1334  47445 418843  2.01  0.46  1.91  8.43 12.24   107 26.08 29.24 16565 23.40  8.77     3
 1335  47443 418843  3.00 11.28  2.25  8.40 12.13   107 26.68 29.67 16806 23.72  7.10     6
 1335  47442 418843  4.02 10.26  2.68  8.34 11.95   108 27.59 30.36 17216 24.25  5.43     8
 1335  47443 418838  5.00  8.63  3.56  8.28 11.21   103 29.24 31.50 17879 25.09  3.19     8
 1336  47412 418854  6.01  9.32  3.73  8.28 10.65    99 29.52 31.67 17976 25.20  1.92    10
 1338  47403 418874  6.93  3.87  3.75  8.28 10.53    98 29.59 31.73 18010 25.25  1.59     9
 1338  47409 418885  8.06  2.09  3.72  8.29 10.44    97 29.53 31.69 17987 25.22  1.74    13
 1339  47412 418880  9.01  3.22  3.71  8.29 10.40    96 29.51 31.68 17980 25.21  1.84    11
 1339  47414 418878 10.00  3.40  3.75  8.29 10.35    96 29.58 31.72 18004 25.24  1.65    10
 1339  47417 418875 11.00  4.36  3.81  8.28 10.29    96 29.70 31.80 18046 25.30  1.38     9
 1340  47424 418870 12.02  4.72  3.86  8.28 10.23    95 29.77 31.84 18076 25.33  1.35     8
 1341  47426 418870 13.05  3.72  3.87  8.27 10.19    95 29.79 31.86 18084 25.34  1.24    12
 1341  47428 418870 14.01  2.84  3.87  8.28 10.17    95 29.80 31.86 18089 25.34  1.21    10
 1341  47429 418870 15.02  1.80  3.88  8.28 10.16    95 29.82 31.88 18095 25.35  1.33     9
 1342  47430 418871 16.00  0.78  3.88  8.28 10.15    95 29.83 31.89 18102 25.36  1.16    11
