# M.S. ARGUS
# MEETPUNT: GTS-20
# PROJECTCODE<7>: E7501X
# MEETGEBIED: GREVELINGENMEER
# STARTPUNT: GREVELINGENDAM
# EINDPUNT: BROUWERSDAM
# #TLU        oC        <  14.5>
# #LUCHTDK    hPa       <  1009>
# #WINDSHD    m/s       <  11.6>
# #WINDRTG    graad     <    92>
* 19980714
$-9999 [0000000000000000]
> TIJD
> X-COORD
> Y-COORD
>SENSHTE Diepte set      m
>ECHOS   Echo set        mtrs
>Echo    Echo schip      mtrs
>Temp       Temperatuur       oC
>pH      Zuurgraad       DIMSLS
>O2        Zuurstof          mg/l
>%O2        Zuurstof Verz.  %
>GELBH   Geleidendheid   ms/cm
>SALNTT  Saliniteit      DIMSLS
>CL-       Chloride          mg/l
>DICHT   Dichtheid
>Flme    Flur ME          gr
>MexB    Mex 3001B       %
 -536  69275 410947   2.03   3.58   6.96  17.47   8.15   7.29     91  38.78  29.38  16610  21.14   3.54      3
  537  69281 410944   2.94   2.34   6.78  17.46   8.15   7.26     92  38.80  29.40  16623  21.16   3.49      3
  537  69279 410945   3.80   1.63   7.08  17.42   8.15   7.28     91  38.80  29.43  16640  21.19   3.36      2
  538  69273 410958   4.87   1.33   7.55  16.86   8.14   7.36     91  38.34  29.45  16653  21.33   3.53      2
 -543  68820 411254   2.14  10.38  13.22  17.16   8.16   7.25     91  38.49  29.36  16597  21.19   3.15      3
  544  68812 411257   3.04   9.66  13.06  17.18   8.15   7.28     91  38.50  29.35  16595  21.18   3.11      3
  544  68810 411258   4.09   8.71  12.84  17.18   8.15   7.28     91  38.51  29.36  16600  21.19   3.15      3
  545  68811 411260   5.11   7.57  12.70  17.17   8.16   7.26     91  38.50  29.36  16599  21.19   3.13      3
  545  68818 411261   5.97   6.42  12.81  17.20   8.16   7.25     91  38.52  29.36  16598  21.18   3.16      3
  545  68828 411262   7.02   5.06  13.24  17.18   8.16   7.27     91  38.51  29.36  16597  21.18   3.17      3
  546  68839 411263   8.04   3.63  12.92  17.19   8.16   7.24     91  38.51  29.35  16592  21.17   3.18      3
  546  68852 411264   9.05   2.27  12.15  17.18   8.15   7.26     91  38.55  29.39  16619  21.21   2.97      3
  546  68860 411266  10.08   0.04  11.51  17.10   8.14   7.26     91  38.62  29.51  16687  21.32   2.86      3
 -556  67352 411381   2.06  10.43  12.98  17.47   8.15   7.34     92  38.97  29.53  16699  21.25   3.10      2
  557  67346 411380   3.00   9.53  12.96  17.47   8.15   7.33     92  38.96  29.53  16699  21.25   3.09      2
  557  67344 411375   4.08   8.30  12.88  17.47   8.15   7.31     92  38.96  29.53  16697  21.25   3.28      2
  557  67345 411372   5.06   7.30  12.88  17.47   8.15   7.33     92  38.96  29.53  16698  21.25   3.18      2
  558  67349 411369   6.02   6.27  12.86  17.45   8.15   7.35     92  38.95  29.54  16703  21.26   3.09      2
  558  67355 411368   7.06   5.33  12.88  17.41   8.15   7.34     92  38.94  29.55  16709  21.28   3.21      2
  558  67360 411365   8.09   4.14  12.81  17.41   8.15   7.37     92  38.93  29.55  16708  21.28   3.21      2
  559  67364 411360   8.97   3.14  12.77  17.42   8.15   7.32     92  38.94  29.55  16709  21.28   3.21      2
  559  67366 411354  10.11   2.05  12.70  17.36   8.15   7.35     92  38.90  29.56  16711  21.29   3.28      2
  560  67367 411348  11.03   0.97  12.68  17.33   8.15   7.36     92  38.87  29.55  16711  21.30   3.42      2
 -607  66322 411625   2.04   5.38   7.51  17.19   8.15   7.20     90  38.77  29.57  16723  21.35   3.47      2
  607  66323 411624   3.00   4.43   7.47  17.16   8.15   7.23     90  38.76  29.59  16731  21.37   3.62      2
  608  66331 411624   4.03   3.57   7.75  17.11   8.14   7.16     89  38.73  29.60  16738  21.39   3.33      2
  608  66339 411624   5.08   2.81   7.95  17.04   8.13   7.07     88  38.66  29.59  16734  21.40   3.14      2
  608  66365 411619   6.03   1.74   8.44  17.03   8.13   6.94     87  38.64  29.58  16730  21.39   3.18      2
  610  66370 411613   6.99   0.53   8.22  16.91   8.12   6.96     86  38.58  29.62  16750  21.45   3.29      2
 -618  65267 412084   2.01  11.09  13.72  17.41   8.16   7.40     93  38.93  29.55  16707  21.28   4.21      2
  618  65252 412087   3.06  10.05  13.90  17.41   8.16   7.38     93  38.93  29.55  16708  21.28   4.08      2
  618  65242 412091   4.03   9.25  14.17  17.41   8.16   7.39     93  38.93  29.55  16708  21.28   3.96      2
  619  65234 412096   5.03   8.57  14.27  17.40   8.16   7.38     93  38.93  29.55  16710  21.28   3.87      2
  619  65231 412100   6.11   7.65  14.41  17.39   8.16   7.35     93  38.92  29.56  16712  21.29   3.85      2
  619  65232 412106   7.02   6.91  14.63  17.33   8.14   7.19     90  38.87  29.56  16712  21.30   3.73      2
  620  65234 412109   8.10   5.96  14.73  17.32   8.14   7.19     90  38.87  29.56  16715  21.31   3.88      2
  621  65233 412105   9.11   5.14  14.81  17.32   8.14   7.16     90  38.87  29.56  16716  21.31   3.67      2
  621  65237 412107  10.08   4.28  14.93  17.34   8.15   7.18     90  38.89  29.56  16717  21.31   3.62      2
  621  65242 412111  11.04   3.79  15.11  17.33   8.15   7.19     90  38.88  29.56  16717  21.31   3.59      2
  622  65246 412112  12.08   2.88  15.48  17.35   8.15   7.17     90  38.90  29.57  16722  21.31   3.49      2
  622  65251 412115  13.02   2.32  15.82  17.41   8.17   7.26     91  38.98  29.59  16734  21.31   3.12      2
  623  65250 412120  14.07   1.41  15.86  17.41   8.17   7.29     91  38.99  29.60  16735  21.31   3.02      2
  623  65251 412127  15.05   0.47  15.92  17.40   8.17   7.32     92  38.97  29.58  16728  21.31   3.31      2
 -639  62295 412254   2.00  16.00  18.11  17.49   8.17   7.30     92  39.05  29.59  16732  21.29   3.67      2
  639  62286 412258   3.00  -0.03  18.03  17.49   8.17   7.32     92  39.05  29.59  16732  21.29   3.62      2
  640  62280 412272   4.00  13.91  18.05  17.49   8.17   7.30     92  39.05  29.59  16732  21.29   3.61      2
  640  62285 412280   4.93  12.97  18.05  17.49   8.17   7.29     92  39.05  29.59  16731  21.29   3.64      2
  641  62302 412283   6.02  12.01   0.00  17.47   8.16   7.22     91  39.05  29.61  16740  21.31   3.46      2
  641  62320 412286   7.08  11.01  18.23  17.49   8.17   7.24     91  39.06  29.60  16739  21.30   3.57      2
  642  62331 412287   8.11  10.10  18.37  17.48   8.16   7.24     91  39.06  29.60  16737  21.30   3.81      2
  642  62336 412287   9.04   9.09  18.37  17.49   8.17   7.23     91  39.06  29.60  16739  21.30   3.58      2
  642  62335 412280  10.04  69.94  18.37  17.36   8.16   7.24     91  38.97  29.62  16749  21.34   3.31      2
  643  62329 412272  11.06   7.07  18.33  17.30   8.15   7.14     90  38.92  29.62  16748  21.36   3.07      2
  643  62328 412267  12.13   5.94  18.35  17.37   8.15   7.09     89  38.95  29.59  16733  21.32   3.17      2
  644  62329 412257  13.05   4.96  18.27  17.47   8.16   7.21     91  39.05  29.60  16739  21.30   3.53      2
  644  62330 412251  14.05   3.88   0.00  17.46   8.16   7.24     91  39.04  29.61  16740  21.31   3.47      2
  645  62331 412246  15.11   2.59  18.19  17.39   8.16   7.19     90  39.00  29.62  16748  21.33   3.46      2
  645  62330 412240  16.03   1.65  18.13  17.41   8.16   7.16     91  39.01  29.61  16744  21.32   3.34      2
  645  62330 412236  17.06   0.48  18.11  17.36   8.16   7.14     90  38.96  29.62  16746  21.34   3.32      2
 -654  61227 413051   1.99   7.98  10.40  17.39   8.16   7.16     90  38.97  29.60  16739  21.32   3.26      2
  654  61216 413053   3.00   6.89  10.38  17.39   8.16   7.14     90  38.98  29.60  16738  21.32   3.23      2
  654  61207 413053   3.98   5.85  10.36  17.39   8.16   7.14     90  38.98  29.60  16739  21.32   3.38      2
  655  61204 413056   5.01   4.82  10.36  17.39   8.16   7.14     90  38.98  29.61  16740  21.32   3.65      2
  655  61205 413057   6.02   3.85  10.36  17.39   8.16   7.13     90  38.98  29.60  16739  21.32   3.58      2
  656  61210 413058   7.02   2.75  10.36  17.34   8.16   7.10     89  38.94  29.61  16742  21.34   2.93      2
  656  61217 413058   7.99   1.76  10.36  17.33   8.16   7.03     88  38.93  29.61  16744  21.34   3.11      2
  657  61227 413056   9.03   0.74  10.40  17.28   8.15   7.02     88  38.89  29.61  16743  21.35   2.77      2
 -709  59311 414122   2.02   0.11  23.42  17.52   8.17   7.25     91  39.04  29.57  16716  21.26   3.81      2
  709  59300 414126   3.03  20.50  23.21  17.52   8.17   7.26     91  39.08  29.60  16734  21.29   3.82      2
  710  59297 414129   4.01  19.58  23.26  17.51   8.17   7.26     91  39.08  29.60  16735  21.29   4.32      2
  710  59298 414131   5.04  18.38  23.21  17.52   8.17   7.24     91  39.08  29.60  16734  21.29   3.67      2
  710  59300 414132   6.03  17.52  23.30  17.53   8.17   7.25     91  39.08  29.59  16733  21.28   3.97      2
  711  59303 414132   7.12  16.55  23.34  17.53   8.17   7.23     91  39.09  29.60  16734  21.28   3.65      2
  711  59306 414130   8.01  15.73  23.36  17.52   8.17   7.22     91  39.08  29.60  16734  21.29   3.69      2
  712  59306 414130   9.04  14.70  23.38  17.52   8.17   7.22     91  39.09  29.60  16736  21.29   3.86      2
  712  59304 414133  10.08  13.61  23.34  17.52   8.17   7.23     91  39.08  29.60  16735  21.29   3.63      2
  712  59301 414135  11.06  12.55  23.34  17.52   8.17   7.20     91  39.08  29.60  16735  21.29   3.64      2
  713  59300 414136  12.06  11.49  23.38  17.52   8.17   7.23     91  39.08  29.60  16736  21.29   3.61      2
  713  59303 414137  13.09  10.51  23.44  17.52   8.17   7.21     91  39.08  29.60  16736  21.29   3.76      2
  713  59305 414137  14.02   9.63  23.46  17.52   8.17   7.24     91  39.08  29.60  16735  21.29   3.54      2
  714  59302 414138  15.04   8.54  23.40  17.53   8.17   7.23     91  39.09  29.60  16736  21.29   3.62      2
  714  59296 414139  16.01   7.32  23.28  17.53   8.17   7.21     91  39.09  29.60  16735  21.29   3.77      2
  715  59290 414140  17.00   6.06  23.21  17.52   8.17   7.21     91  39.09  29.60  16736  21.29   3.65      2
  715  59286 414141  18.05  78.86  23.05  17.52   8.16   7.21     91  39.09  29.60  16736  21.29   3.50      2
  715  59283 414141  19.03   3.85  23.03  17.52   8.16   7.20     90  39.08  29.60  16736  21.29   3.56      2
  716  59284 414140  19.98   2.91  23.05  17.52   8.16   7.17     90  39.09  29.60  16738  21.29   3.70      2
  716  59287 414140  21.03   1.78  23.15  17.52   8.17   7.16     90  39.09  29.60  16737  21.29   3.45      2
  717  59293 414139  22.00   0.93  23.23  17.52   8.17   7.18     91  39.09  29.60  16737  21.29   3.41      2
 -734  57960 417213   2.09  18.71  20.36  17.40   8.16   7.00     88  39.00  29.61  16743  21.33   2.84      2
  735  57959 417214   2.99  17.66  20.32  17.40   8.16   7.01     88  39.00  29.61  16742  21.32   3.03      2
  735  57958 417212   4.00  16.67  20.30  17.41   8.16   7.00     88  39.00  29.61  16743  21.32   2.39      2
  736  57960 417210   5.01  15.65  20.36  17.41   8.16   7.00     88  39.00  29.61  16743  21.33   2.60      2
  736  57963 417208   6.01  14.67  20.52  17.41   8.16   6.97     88  39.00  29.61  16743  21.32   2.24      2
  736  57970 417207   6.99  13.78  20.76  17.41   8.16   7.00     88  39.00  29.61  16743  21.33   2.64      2
  737  57980 417207   8.02  12.51  20.73  17.41   8.16   7.00     88  39.00  29.61  16742  21.32   2.78      2
  737  57989 417208   9.03  10.66  20.94  17.41   8.16   7.00     88  39.01  29.61  16744  21.33   2.38      2
  738  57988 417207  10.05   9.58  20.94  17.41   8.16   7.00     88  39.01  29.61  16743  21.32   2.44      2
  738  57985 417207  10.99   9.11  20.86  17.41   8.16   6.99     88  39.00  29.61  16744  21.32   2.27      2
  739  57985 417206  12.02   8.11  20.86  17.41   8.16   7.00     88  39.01  29.61  16744  21.33   2.31      2
  739  57984 417208  12.99   7.15  20.80  17.41   8.16   7.01     88  39.01  29.61  16745  21.33   2.37      2
  739  57986 417211  14.05   5.82  20.86  17.41   8.16   6.96     88  39.01  29.62  16746  21.33   2.14      2
  740  57993 417213  15.03   4.38  21.02  17.41   8.16   6.98     88  39.01  29.62  16746  21.33   2.50      2
  740  57997 417212  16.04   3.42  20.94  17.41   8.16   7.01     88  39.01  29.61  16746  21.33   2.30      2
  740  58003 417212  17.07   2.10  20.10  17.41   8.16   7.00     88  39.01  29.62  16747  21.33   2.38      2
  741  58009 417212  18.00   1.97  19.79  17.40   8.16   7.00     88  39.01  29.62  16748  21.33   3.61      2
  741  58015 417212  19.05   1.43  19.84  17.40   8.16   7.00     88  39.01  29.62  16747  21.33   2.50      2
  742  58017 417207  20.04   0.06  19.84  17.40   8.16   7.00     88  39.00  29.62  16748  21.33   2.37      2
 -752  57616 418934   2.02  15.21  17.37  17.29   8.16   7.22     90  38.92  29.63  16753  21.36   2.50      2
  752  57609 418937   2.98  14.49  16.90  17.28   8.16   7.22     91  38.92  29.63  16755  21.37   2.57      2
  752  57606 418937   4.05  12.99  16.71  17.28   8.16   7.23     91  38.92  29.63  16755  21.37   2.48      2
  753  57606 418938   5.01  11.94  16.76  17.28   8.16   7.21     91  38.92  29.63  16756  21.37   2.73      2
  753  57609 418943   6.04  10.82  16.92  17.28   8.16   7.21     91  38.92  29.63  16757  21.37   4.04      2
  754  57613 418952   6.95   9.34  17.33  17.29   8.16   7.21     90  38.92  29.63  16756  21.37   2.27      2
  754  57616 418965   8.02   8.35  16.88  17.29   8.16   7.22     90  38.92  29.63  16757  21.37   2.42      2
  754  57614 418981   8.99   7.02  16.90  17.28   8.16   7.20     90  38.92  29.63  16757  21.37   2.38      2
  755  57610 418994  10.06   5.70  16.94  17.28   8.16   7.21     91  38.92  29.63  16758  21.37   2.60      2
  755  57608 418996  10.96   4.95  17.35  17.29   8.16   7.20     90  38.92  29.63  16757  21.37   2.35      2
  755  57608 418990  12.12   3.83  17.00  17.28   8.16   7.21     91  38.93  29.64  16758  21.37   2.51      2
  756  57605 418981  13.06   3.93  16.92  17.28   8.16   7.22     90  38.92  29.64  16758  21.37   2.31      2
  756  57608 418969  14.06   2.94  16.84  17.28   8.16   7.23     90  38.92  29.64  16759  21.38   2.25      2
  757  57614 418961  14.99   1.18   2.46  17.28   8.16   7.21     90  38.92  29.64  16758  21.37   2.47      2
 -810  56258 420516   2.00   9.82  11.67  16.99   8.14   7.27     91  38.72  29.68  16782  21.47   2.37      2
  810  56260 420521   3.03   8.96  11.85  16.99   8.14   7.27     91  38.72  29.67  16781  21.47   2.34      2
  811  56265 420522   3.97   8.17  12.13  16.99   8.14   7.27     91  38.72  29.68  16782  21.47   2.33      2
  811  56271 420521   4.97   7.38  12.34  16.98   8.14   7.26     91  38.71  29.68  16783  21.47   2.40      2
  812  56281 420521   6.02   6.57  12.71  16.98   8.14   7.26     90  38.71  29.68  16782  21.47   2.35      2
  812  56295 420520   6.98   5.96  13.18  16.99   8.14   7.25     91  38.72  29.68  16782  21.47   2.15      2
  812  56307 420518   8.01   5.24  13.40  16.97   8.14   7.26     90  38.70  29.68  16783  21.48   2.32      2
  813  56311 420515   9.01   4.13  13.44  16.98   8.14   7.24     91  38.71  29.68  16782  21.47   2.38      2
  813  56306 420516  10.14   3.05  13.40  16.97   8.14   7.25     91  38.70  29.68  16783  21.48   2.20      2
  813  56297 420519  10.98   1.91  13.32  16.97   8.14   7.23     90  38.71  29.68  16784  21.48   2.13      2
  814  56285 420526  12.02   0.77  13.12  16.96   8.14   7.23     90  38.70  29.68  16784  21.48   2.12      2
 -822  55192 421382   2.09  19.00  20.90  17.26   8.14   7.27     91  38.93  29.66  16770  21.39   2.40      2
  823  55184 421375   2.99  17.89  20.69  17.25   8.14   7.27     91  38.92  29.66  16771  21.40   2.41      2
  823  55180 421368   4.03  16.40  20.52  17.26   8.14   7.28     91  38.93  29.66  16771  21.40   2.39      2
  823  55180 421362   5.04  15.24  20.36  17.26   8.14   7.28     91  38.93  29.66  16771  21.39   2.34      2
  824  55185 421357   5.99  14.14  20.22  17.27   8.14   7.27     91  38.93  29.66  16770  21.39   2.68      2
  824  55183 421352   7.00  12.86  20.08  17.27   8.14   7.27     91  38.94  29.66  16771  21.39   2.48      2
  825  55181 421347   7.99  11.63  19.92  17.26   8.14   7.25     91  38.93  29.66  16771  21.39   2.37      2
  825  55183 421342   9.01  10.42  19.84  17.25   8.14   7.26     91  38.93  29.66  16771  21.40   2.45      2
  826  55185 421341   9.99   9.35  19.86  17.25   8.14   7.24     91  38.93  29.66  16771  21.40   2.42      2
  826  55189 421342  10.98   8.46  19.98  17.24   8.14   7.27     91  38.92  29.66  16773  21.40   2.35      2
  826  55189 421351  11.99   7.81  20.36  17.25   8.14   7.25     91  38.92  29.65  16768  21.39   2.46      2
  827  55194 421363  12.90   7.45  20.66  17.26   8.14   7.24     91  38.93  29.66  16772  21.40   2.79      2
  827  55200 421374  14.03   6.71  21.02  17.19   8.14   7.22     91  38.88  29.66  16773  21.41   2.19      2
  828  55205 421383  15.00   5.93  21.28  17.13   8.14   7.21     90  38.82  29.66  16773  21.43   2.19      2
  828  55205 421392  16.03   5.14  21.51  17.12   8.13   7.23     90  38.80  29.66  16771  21.43   2.32      2
  828  55199 421395  17.01   4.24  21.45  17.12   8.13   7.21     90  38.82  29.66  16774  21.43   2.85      2
  829  55194 421393  17.96   2.97  21.33  17.12   8.13   7.22     90  38.81  29.66  16775  21.43   2.48      2
  829  55190 421391  18.98   1.83  21.20  17.12   8.14   7.22     90  38.81  29.66  16775  21.43   2.11      2
  830  55188 421388  19.99   0.67  21.06  17.10   8.13   7.20     90  38.81  29.67  16777  21.44   2.12      2
 -840  53704 421050   2.15  15.04  17.51  17.19   8.14   7.27     91  38.87  29.66  16772  21.41   2.44      2
  840  53697 421048   2.96  14.09  17.49  17.19   8.14   7.29     91  38.87  29.66  16772  21.41   2.38      2
  840  53694 421044   4.00  13.09  17.47  17.19   8.14   7.28     91  38.87  29.66  16771  21.41   2.33      2
  841  53695 421036   4.97  11.90  17.39  17.19   8.14   7.28     91  38.87  29.66  16771  21.41   2.71      2
  841  53703 421033   6.06  10.73   0.00  17.19   8.14   7.26     91  38.87  29.66  16773  21.41   2.31      2
  842  53708 421028   7.00   9.81   0.00  17.19   8.14   7.27     91  38.87  29.66  16772  21.41   2.44      2
  842  53715 421023   8.08   8.24  17.08  17.19   8.14   7.26     91  38.87  29.66  16773  21.41   2.51      2
  842  53724 421020   9.03   7.11  16.88  17.19   8.14   7.27     91  38.87  29.66  16773  21.41   2.06      2
  843  53735 421017   9.99   5.96  16.69  17.19   8.14   7.26     91  38.87  29.66  16773  21.41   2.25      2
  843  53743 421010  11.01   4.72  16.48  17.19   8.14   7.26     91  38.87  29.66  16773  21.41   2.61      2
  844  53746 421013  12.04   3.68  16.57  17.19   8.14   7.24     91  38.87  29.66  16772  21.41   2.13      2
  844  53745 421021  13.01   2.83  16.59  17.19   8.14   7.24     91  38.87  29.66  16774  21.42   2.16      2
  844  53747 421026  14.02   1.89  16.69  17.18   8.14   7.24     91  38.87  29.66  16774  21.42   2.44      2
  845  53756 421029  15.11   0.73  16.71  17.18   8.14   7.23     90  38.87  29.66  16774  21.42   2.36      2
 -854  52879 420242   1.98   0.04  11.47  17.01   8.13   7.21     90  38.74  29.68  16786  21.47   2.27      2
  854  52874 420248   3.01   7.90  11.47  17.01   8.13   7.22     90  38.74  29.68  16786  21.47   2.48      2
  854  52873 420254   3.99   6.95  11.49  17.04   8.13   7.21     90  38.77  29.68  16785  21.46   2.25      2
  855  52877 420255   5.02   5.82  11.55  17.06   8.13   7.26     90  38.79  29.68  16785  21.46   2.16      2
  855  52884 420255   6.01   4.85  11.49  17.11   8.14   7.24     90  38.81  29.67  16777  21.44   2.20      2
  855  52893 420255   6.97   3.73  11.49  17.09   8.13   7.26     91  38.81  29.68  16783  21.45   2.17      2
  856  52908 420267   8.06   2.68  11.49  16.99   8.13   7.17     89  38.74  29.69  16791  21.48   2.06      2
  857  52912 420272   9.05   1.74  11.51  16.98   8.13   7.20     89  38.73  29.70  16795  21.49   2.04      2
  857  52921 420276  10.03   0.67  11.45  16.95   8.13   7.14     89  38.72  29.70  16798  21.50   1.84      2
 -909  51608 418549   2.03  32.02  36.84  17.12   8.14   7.30     91  38.83  29.68  16782  21.44   2.27      2
  909  51601 418544   3.08  31.20  37.07  17.12   8.14   7.29     91  38.83  29.68  16782  21.44   2.21      2
  909  51596 418541   3.98  30.39  37.28  17.12   8.14   7.25     91  38.84  29.68  16784  21.44   1.99      2
  910  51588 418540   4.99  30.39  37.58  17.13   8.14   7.26     91  38.84  29.68  16782  21.44   2.09      2
  910  51585 418539   6.02  29.91  37.72  17.13   8.14   7.27     91  38.84  29.68  16782  21.44   2.21      2
  911  51582 418542   7.03  30.03   3.44  17.13   8.14   7.27     91  38.84  29.68  16784  21.44   2.31      2
  911  51583 418546   8.04  29.28  38.12  17.13   8.14   7.26     91  38.84  29.68  16783  21.44   2.02      2
  911  51585 418551   8.99  28.66  38.24  17.12   8.14   7.26     91  38.84  29.69  16787  21.45   2.06      2
  912  51587 418556   9.99  27.97  38.30  17.12   8.14   7.24     91  38.84  29.68  16784  21.44   1.95      2
  912  51590 418565  10.97  27.10  37.92  17.13   8.14   7.26     91  38.85  29.68  16786  21.44   1.92      2
  913  51589 418580  12.02  26.44  37.16  17.13   8.14   7.24     90  38.84  29.68  16786  21.45   1.85      2
  913  51588 418585  13.01  25.32  36.97  17.13   8.14   7.25     90  38.85  29.69  16787  21.45   1.96      2
  913  51592 418589  14.00  24.02   2.07  17.13   8.14   7.25     91  38.85  29.69  16788  21.45   2.55      2
  914  51597 418591  15.08  22.81  37.20  17.13   8.14   7.25     90  38.85  29.69  16788  21.45   1.97      2
  914  51601 418587  16.06  21.92  37.44  17.13   8.14   7.24     91  38.85  29.69  16788  21.45   1.91      2
  915  51606 418573  17.04  20.52   0.00  17.06   8.14   7.24     90  38.81  29.70  16795  21.47   2.17      2
  915  51600 418561  18.08  18.87  37.78  17.07   8.14   7.16     90  38.83  29.71  16802  21.48   1.86      2
  916  51590 418535  19.03  14.67  37.22  16.99   8.14   7.02     87  38.77  29.73  16811  21.51   1.94      2
  917  51612 418538  20.02  11.09  34.82   8.24   7.51   0.10      1  32.68  31.02  17589  24.16   0.68      1
  919  51608 418548  21.22  12.27  36.57   8.18   7.50   0.09      1  32.64  31.02  17592  24.17   0.66      1
  919  51605 418548  22.09  12.13  37.36   8.07   7.50   0.04      0  32.56  31.03  17596  24.19   0.61      1
  919  51604 418552  23.07  11.99  37.62   8.02   7.50   0.06      1  32.51  31.04  17598  24.20   0.59      1
  920  51606 418557  24.13  11.20  37.62   7.98   7.50   0.04      1  32.48  31.04  17601  24.21   0.63      1
  920  51599 418593  25.10  12.52  37.26   7.88   7.49   0.05      0  32.42  31.06  17611  24.24   0.58      1
  922  51594 418590  26.08  11.73  37.09   7.86   7.49   0.02      0  32.40  31.06  17611  24.24   0.57      1
  922  51591 418581  27.08  10.89  37.24   7.82   7.48   0.04      0  32.38  31.07  17617  24.26   0.58      1
  923  51593 418574  28.04   9.95  37.66   7.79   7.48   0.03      0  32.36  31.07  17621  24.27   0.60      1
  923  51596 418564  29.14   8.12  38.06   7.76   7.47   0.01      0  32.34  31.08  17625  24.28   0.62      1
  924  51592 418551  30.06   6.53  37.96   7.75   7.47   0.02      0  32.33  31.08  17627  24.28   0.62      1
  924  51590 418543  31.05   4.43  37.82   7.72   7.46   0.01      0  32.32  31.09  17631  24.29   0.66      1
  925  51591 418544  32.07  67.05  37.74   7.72   7.46   0.01      0  32.31  31.09  17631  24.29   0.65      1
  925  51592 418548  33.02   2.96  37.96   7.69   7.45   0.01      0  32.30  31.10  17637  24.30   0.71      1
  926  51595 418559  34.08   2.82   0.00   7.69   7.45   0.02      0  32.30  31.10  17638  24.30   0.65      1
  926  51601 418564  35.07   1.67  38.00   7.68   7.45   0.02      0  32.30  31.10  17638  24.30   0.65      1
  927  51610 418568  36.00   0.22  37.82   7.68   7.44   0.05      0  32.30  31.11  17641  24.31   0.66      1
 -936  50753 418380   2.02  28.51  29.50  17.18   8.15   7.22     90  38.91  29.70  16796  21.45   2.01      2
  937  50745 418374   3.01  27.44  29.62  17.18   8.15   7.22     90  38.91  29.70  16797  21.45   2.16      2
  937  50739 418371   3.98  26.45  29.48  17.18   8.15   7.24     90  38.91  29.70  16795  21.44   2.19      2
  937  50741 418372   5.02  25.47  29.48  17.18   8.15   7.21     90  38.91  29.70  16797  21.45   2.05      2
  938  50746 418372   6.04  24.40  29.74  17.18   8.15   7.22     90  38.91  29.70  16796  21.45   1.99      2
  938  50753 418371   7.01  23.53  29.92  17.19   8.15   7.20     90  38.92  29.70  16797  21.45   2.25      2
  939  50760 418368   8.03  22.72  30.07  17.18   8.15   7.19     90  38.92  29.71  16799  21.45   1.95      2
  939  50764 418363   9.06  21.83  30.17  17.19   8.15   7.21     90  38.92  29.70  16797  21.45   1.87      2
  939  50768 418355   9.99  20.84  30.35  17.17   8.14   7.18     90  38.91  29.71  16799  21.45   1.90      2
  940  50770 418349  11.01  19.77  30.39  17.18   8.14   7.17     90  38.92  29.71  16801  21.45   2.06      2
  940  50770 418343  11.99  18.81  30.43  17.17   8.14   7.17     90  38.91  29.71  16802  21.46   2.03      2
  940  50770 418338  13.01  17.79  30.47  17.13   8.14   7.16     90  38.89  29.72  16807  21.47   1.82      2
  941  50769 418338  13.99  16.79  30.57  17.09   8.15   7.16     89  38.87  29.73  16811  21.49   2.11      2
  941  50770 418340  15.07  15.66  30.43  17.11   8.15   7.11     89  38.87  29.71  16804  21.47   1.75      2
  942  50769 418343  16.01  14.71  30.47  17.07   8.15   7.12     89  38.85  29.73  16813  21.50   2.18      2
  942  50768 418346  16.99  13.62  30.43  17.00   8.15   7.11     89  38.81  29.75  16824  21.52   2.18      2
  942  50769 418350  18.02  12.65  30.41  16.95   8.15   7.10     88  38.77  29.75  16826  21.54   1.70      2
  943  50775 418340  19.06  11.68  30.53   9.36   7.64   1.48     16  33.66  31.05  17601  24.01   0.83      2
  945  50763 418344  20.06  10.47  30.29   8.42   7.50   0.04      1  32.82  31.00  17577  24.12   0.72      1
  947  50761 418339  20.98   9.49  30.29   8.33   7.50   0.06      1  32.76  31.02  17588  24.15   0.74      1
  947  50757 418332  22.03   8.49  30.31   8.14   7.49   0.05      0  32.62  31.04  17601  24.19   0.67      1
  948  50754 418333  22.93   7.46  30.29   8.08   7.49   0.03      0  32.57  31.04  17600  24.20   0.71      1
  948  50750 418345  24.08   6.13  30.25   8.02   7.49   0.01      0  32.53  31.05  17604  24.21   0.65      1
  949  50750 418357  25.05   5.19  30.15   7.95   7.49   0.04      0  32.48  31.05  17608  24.23   0.63      1
  950  50750 418370  26.08   3.80  29.84   7.90   7.49   0.01      0  32.44  31.05  17610  24.24   0.59      1
  950  50751 418377  27.01   2.74  29.70   7.86   7.48   0.03      1  32.40  31.06  17615  24.25   0.58      1
  951  50753 418376  28.10   1.64   2.87   7.81   7.47   0.00      0  32.37  31.07  17621  24.26   0.61      1
  951  50746 418367  28.96   0.72  29.86   7.77   7.46   0.02      0  32.35  31.08  17626  24.28   0.63      1
 -959  49723 418278   2.04  16.26  18.11  17.12   8.16   7.21     90  38.88  29.72  16807  21.47   2.24      1
 1000  49718 418278   3.01  11.39  18.17  17.12   8.16   7.24     90  38.88  29.72  16808  21.48   2.13      1
 1000  49718 418278   4.01  14.18  18.13  17.12   8.16   7.21     90  38.88  29.72  16806  21.47   2.51      1
 1001  49722 418277   5.00   0.08  18.05  17.12   8.16   7.22     90  38.88  29.72  16807  21.48   1.96      1
 1001  49729 418276   5.97  75.40  18.19  17.12   8.16   7.22     91  38.89  29.72  16810  21.48   2.23      2
 1001  49738 418274   7.02  11.55  18.33  17.13   8.16   7.22     90  38.89  29.72  16807  21.47   2.09      2
 1002  49748 418273   8.03  10.75  18.56  17.13   8.16   7.23     90  38.89  29.72  16809  21.48   2.35      1
 1002  49754 418272   9.04   9.58  18.54  17.12   8.16   7.20     90  38.89  29.72  16807  21.47   2.07      2
 1002  49753 418269  10.04   9.24  18.77  17.12   8.16   7.22     90  38.89  29.72  16809  21.48   2.19      2
 1003  49748 418265  11.03   9.68  19.28  17.12   8.16   7.22     90  38.89  29.73  16811  21.48   2.04      2
 1003  49744 418262  12.07  10.35  19.81  17.12   8.16   7.22     90  38.89  29.72  16809  21.48   2.15      2
 1003  49735 418255  12.98  10.69  21.35  17.11   8.16   7.20     90  38.89  29.73  16813  21.48   2.34      2
 1004  49718 418248  14.03   8.53  21.10  17.12   8.16   7.20     90  38.89  29.73  16813  21.48   2.01      2
 1005  49698 418252  14.96   5.11  19.32  17.11   8.16   7.19     90  38.89  29.73  16812  21.48   2.20      2
 1005  49683 418256  15.98   3.85  18.33  17.04   8.16   7.20     90  38.84  29.74  16820  21.51   1.99      2
 1006  49674 418257  17.04   1.68  18.29  16.91   8.15   7.09     88  38.75  29.76  16831  21.55   2.08      2
 1006  49680 418274  15.61   1.76  18.43  16.77   8.14   6.83     83  38.65  29.79  16847  21.61   1.68      2
-1014  48791 418215   2.06  45.93  46.87  17.09   8.16   7.19     90  38.87  29.73  16813  21.49   2.24      1
 1015  48781 418211   3.02   0.12  46.90  17.09   8.16   7.20     90  38.86  29.73  16812  21.49   2.43      2
 1015  48773 418214   4.00  43.98  46.87  17.08   8.16   7.21     90  38.86  29.73  16814  21.49   2.89      2
 1015  48767 418219   5.01  42.98  46.89  17.09   8.16   7.20     90  38.86  29.73  16813  21.49   2.13      1
 1016  48762 418225   6.00  41.99  46.67  17.09   8.16   7.23     90  38.87  29.73  16813  21.49   2.69      2
 1016  48757 418231   7.02  40.77  46.55  17.08   8.16   7.21     90  38.86  29.73  16814  21.49   2.25      1
 1017  48751 418235   8.02  39.55  46.47  17.08   8.16   7.17     90  38.86  29.73  16816  21.50   2.12      2
 1017  48745 418233   9.03  38.52  46.45  17.09   8.16   7.16     89  38.87  29.73  16815  21.49   2.42      2
 1017  48742 418233  10.04  37.53  46.51  17.09   8.16   7.22     90  38.87  29.73  16815  21.49   2.31      2
 1018  48740 418228  11.06  36.56  46.63  17.09   8.16   7.20     90  38.87  29.73  16815  21.49   2.07      1
 1018  48738 418222  12.06  35.63  46.67  17.05   8.16   7.16     90  38.85  29.75  16823  21.51   2.36      2
 1018  48737 418215  13.01  34.75  46.75  17.09   8.16   7.16     90  38.88  29.73  16815  21.49   2.16      2
 1019  48736 418210  14.01  33.79  46.75  17.05   8.16   7.20     90  38.85  29.74  16820  21.51   2.13      2
 1019  48740 418204  15.10  32.63  46.81  17.04   8.16   7.13     89  38.84  29.74  16817  21.51   2.15      2
 1020  48738 418195  16.06  31.54  46.75  16.94   8.15   7.03     88  38.77  29.75  16826  21.54   1.90      2
 1020  48723 418200  16.97  30.47  46.59  15.69   8.05   5.20     63  38.04  30.06  17011  22.06   2.02      2
 1022  48728 418230  18.03  29.36  45.88  12.48   7.75   1.57     18  35.73  30.47  17260  23.03   1.97      3
 1024  48746 418232  19.12  28.37  46.53   9.27   7.53   0.10      1  33.44  30.91  17521  23.92   0.92      1
 1025  48752 418221  20.06  27.60  46.81   8.62   7.51   0.03      0  32.98  31.00  17575  24.09   0.78      1
 1026  48755 418216  21.12  26.52  46.73   8.30   7.51   0.05      1  32.74  31.02  17587  24.15   0.75      1
 1026  48761 418209  22.06  25.76  46.94   8.10   7.49   0.05      0  32.59  31.04  17601  24.20   0.69      1
 1027  48761 418204  23.04  24.60  47.02   8.07   7.49   0.04      0  32.56  31.04  17602  24.20   0.80      1
 1027  48758 418205  24.02  23.65  46.94   7.99   7.48   0.03      1  32.51  31.05  17609  24.22   0.69      1
 1028  48752 418210  25.12  22.34  46.92   7.96   7.48   0.02      0  32.49  31.06  17614  24.23   0.74      1
 1028  48745 418215  26.00  21.41  46.83   7.93   7.47   0.02      1  32.46  31.07  17616  24.24   0.74      1
 1029  48746 418235  27.05  19.96  46.47   7.89   7.47   0.03      0  32.44  31.07  17620  24.25   0.71      1
 1029  48750 418241  28.11  18.79  46.35   7.82   7.47   0.02      0  32.40  31.09  17629  24.27   0.71      1
 1030  48757 418238  29.06  17.84  46.47   7.75   7.46   0.02      0  32.35  31.10  17639  24.30   0.69      1
 1030  48762 418226  30.12  17.08  46.69   7.70   7.46   0.00      0  32.32  31.12  17648  24.31   0.71      1
 1031  48764 418218  31.04  16.27  46.83   7.62   7.45   0.02      0  32.28  31.14  17658  24.34   0.70      1
 1031  48765 418211  32.05  15.41  46.83   7.57   7.44   0.02      0  32.25  31.16  17670  24.36   0.65      1
 1032  48769 418207  32.98  14.41  46.98   7.54   7.44   0.04      0  32.23  31.16  17673  24.37   0.69      1
 1032  48764 418210  34.12  13.26  47.00   7.51   7.43   0.01      0  32.22  31.17  17679  24.38   0.68      1
 1033  48759 418214  35.14  12.00  46.85   7.38   7.40   0.05      0  32.15  31.22  17707  24.44   0.67      1
 1033  48759 418215  36.09  11.01  46.89   7.35   7.39   0.01      0  32.13  31.23  17713  24.45   0.70      1
 1034  48761 418213  37.10  10.07  46.85   7.35   7.39   0.04      0  32.14  31.23  17713  24.45   0.69      1
 1034  48770 418214  38.08   9.00  46.96   7.33   7.38   0.00      0  32.13  31.24  17718  24.46   0.70      1
 1035  48773 418213  39.04   7.95  46.92   7.32   7.38   0.02      0  32.12  31.24  17720  24.46   0.72      1
 1035  48768 418209  40.05   7.16  46.98   7.32   7.38   0.02      0  32.12  31.24  17721  24.46   0.73      1
 1035  48750 418199  41.08   5.78  46.81   7.32   7.38   0.04      0  32.12  31.24  17721  24.46   0.73      1
 1036  48749 418196  42.05  84.97  46.81   7.32   7.38   0.02      0  32.12  31.24  17721  24.46   0.75      1
 1036  48754 418188  43.05  76.80  46.71   7.31   7.37   0.03      0  32.12  31.25  17723  24.47   0.74      1
 1037  48756 418181  43.93   2.68  46.71   7.31   7.37   0.02      1  32.12  31.25  17724  24.47   0.73      1
 1038  48766 418176  45.31   1.17  46.85   7.30   7.37   0.02      0  32.12  31.26  17728  24.48   0.72      1
-1046  47988 418361   2.01  15.90  18.35  16.98   8.16   7.07     88  38.80  29.75  16827  21.53   3.26      1
 1047  47984 418358   3.01  14.80  18.19  16.98   8.16   7.07     88  38.81  29.76  16829  21.53   2.71      2
 1047  47982 418354   4.03  14.09  18.09  16.97   8.16   7.06     88  38.80  29.76  16829  21.54   2.54      1
 1048  47981 418352   5.09  13.04  18.09  16.98   8.16   7.06     88  38.80  29.76  16829  21.54   2.48      1
 1048  47979 418354   5.99  12.22  18.03  16.95   8.15   6.91     86  38.79  29.76  16833  21.55   2.23      1
 1049  47980 418350   7.04  11.10  18.19  16.92   8.15   6.91     86  38.77  29.78  16840  21.56   2.47      2
 1049  47983 418345   8.08  10.20  18.75  16.88   8.15   6.86     85  38.75  29.79  16847  21.58   3.10      1
 1050  47986 418341   8.99   9.34  18.68  16.87   8.15   6.85     85  38.74  29.79  16848  21.59   2.46      1
 1050  47983 418335  10.03   8.61  18.87  16.86   8.15   6.86     85  38.74  29.79  16851  21.59   2.30      1
 1051  47985 418332  11.04   7.41  18.85  16.84   8.15   6.86     85  38.73  29.80  16855  21.60   2.88      1
 1051  47990 418326  11.96   6.32  19.38  16.84   8.15   6.83     85  38.73  29.80  16852  21.60   2.45      2
 1051  47989 418321  13.03  69.62   0.00  16.82   8.15   6.84     85  38.72  29.80  16854  21.60   2.35      2
 1052  47990 418319  14.09   4.71   3.56  16.77   8.14   6.78     84  38.69  29.81  16862  21.63   2.27      2
 1052  47985 418333  15.02   3.28  18.83  15.86   8.04   5.30     65  38.07  29.96  16949  21.94   2.37      2
 1054  48000 418312  16.07   2.97  19.36  15.19   7.96   4.22     51  37.61  30.06  17012  22.17   1.34      2
 1055  48010 418304  16.93   2.44  19.03  14.75   7.89   2.94     35  37.29  30.11  17044  22.30   1.31      2
-1103  47462 418856   2.05  12.36  17.08  16.72   8.13   6.63     82  38.67  29.83  16875  21.65   2.45      1
 1104  47456 418857   3.05  12.41  17.61  16.71   8.13   6.60     82  38.68  29.85  16882  21.66   2.10      0
 1104  47451 418855   4.04  11.86  17.67  16.71   8.13   6.60     82  38.68  29.85  16884  21.67   2.25      1
 1105  47450 418850   5.02  10.64  17.37  16.71   8.13   6.59     82  38.70  29.86  16891  21.68   2.13      1
 1105  47461 418841   6.01   7.36  16.28  16.83   8.08   5.67     70  39.47  30.44  17227  22.09   1.27      2
 1106  47462 418857   7.00   7.48  17.23  16.77   8.03   4.90     61  39.85  30.81  17439  22.39   1.24      2
 1107  47466 418866   8.02   5.86  16.78  16.65   8.04   4.93     62  39.83  30.88  17481  22.47   1.13      2
 1108  47468 418866   9.01   4.55  16.32  16.63   8.04   4.94     61  39.82  30.89  17487  22.48   1.09      2
 1108  47468 418864  10.04   3.54  16.59  16.57   8.04   4.88     60  39.79  30.92  17501  22.52   1.12      2
 1109  47448 418846  11.00   4.37  17.23  16.57   8.05   5.28     66  39.80  30.92  17505  22.52   1.12      3
 1110  47451 418865  12.01   4.06  18.17  16.55   8.00   4.03     50  39.81  30.95  17520  22.54   1.00      4
 1111  47446 418856  13.07   3.43  17.77  16.55   7.97   3.31     41  39.83  30.96  17528  22.56   0.98      4
 1113  47449 418852  13.98   1.85  17.71  16.58   8.02   4.48     56  39.91  31.01  17556  22.58   1.18      3
 1114  47448 418853  14.94   1.21  17.93  16.59   8.01   4.38     54  39.93  31.02  17563  22.59   1.04      4
