# M.S. ARGUS
# MEETPUNT: GTS-20
# PROJECTCODE: E7501X
# MEETGEBIED: GREVELINGENMEER
# STARTPUNT: GREVELINGENDAM
# EINDPUNT: BROUWERSDAM
# #TLU        oC        <   5.7>
# #LUCHTDK    hPa       <  1001>
# #WINDSHD    m/s       <   2.0>
# #WINDRTG    graad     <   176>
* 19980407
$-9999 [0002222220220220]
> TIJD
> X-COORD
> Y-COORD
>SENSHTE Diepte set      m
>ECHOS   Echo set        mtrs
>Echo    Echo schip      mtrs
>Temp       Temperatuur       oC
>pH      Zuurgraad       DIMSLS
>O2        Zuurstof          mg/l
>%O2        Zuurstof Verz.  %
>GELBH   Geleidendheid   ms/cm
>SALNTT  Saliniteit      DIMSLS
>CL-       Chloride          mg/l
>DICHT   Dichtheid
>Flme    Flur ME          gr
>MexB    Mex 3001B       %
 -607  69281 410933   2.01   3.41   4.05  10.14   8.46   9.31    101  32.81  29.54  16725  22.72   4.72      2
  608  69279 410937   3.01   2.59   4.03  10.16   8.46   9.27    101  32.82  29.53  16723  22.71   4.73      2
  608  69273 410941   3.90   1.99   4.09  10.11   8.43   8.99     98  32.84  29.59  16753  22.76   3.48      2
  609  69273 410941   4.93   0.84   4.13  10.07   8.43   9.07     98  32.81  29.59  16757  22.77   3.54      2
 -615  68835 411243   1.97  10.80  10.84  10.21   8.47   9.55    104  32.85  29.52  16713  22.69   6.36      2
  615  68824 411247   3.06   9.59  12.27  10.21   8.47   9.54    104  32.85  29.52  16715  22.69   6.33      2
  616  68820 411249   4.02   0.23  12.21  10.21   8.47   9.52    104  32.85  29.52  16715  22.69   6.31      2
  616  68816 411252   5.08   7.35  11.99  10.21   8.47   9.56    104  32.85  29.52  16717  22.69   6.35      2
  617  68811 411254   6.09   6.77  11.67  10.18   8.46   9.51    104  32.85  29.54  16726  22.71   5.92      2
  617  68806 411257   7.08   5.79  11.39  10.03   8.44   9.39    102  32.81  29.62  16772  22.80   3.06      2
  618  68801 411260   8.08   4.58  11.49   9.81   8.40   9.10     98  32.68  29.68  16805  22.87   1.89      2
  619  68799 411261   9.00   3.48  11.55   9.68   8.39   9.08     98  32.61  29.71  16826  22.92   1.71      2
  619  68797 411262  10.02   2.40  11.65   9.58   8.41   9.16     99  32.55  29.74  16840  22.96   1.43      2
  620  68797 411262  11.06   1.37  11.65   9.51   8.40   9.22     99  32.52  29.77  16860  22.99   1.32      2
  620  68797 411263  11.85   0.47  11.69   9.38   8.39   9.16     98  32.46  29.81  16884  23.05   1.15      2
 -627  67374 411344   1.99  10.63  11.53  10.05   8.46   9.54    104  32.75  29.55  16731  22.74   7.65      2
  628  67346 411346   3.02   9.52  11.51  10.04   8.45   9.42    102  32.74  29.55  16734  22.74   7.72      2
  628  67333 411347   4.21   8.44  11.59   9.98   8.45   9.40    102  32.71  29.57  16741  22.76   6.26      2
  628  67322 411349   4.99   0.14  11.61   9.99   8.47   9.38    102  32.71  29.56  16737  22.76   5.68      2
  629  67311 411352   6.07   6.53  11.69   9.95   8.45   9.44    103  32.71  29.59  16756  22.79   4.94      2
  629  67302 411358   7.04   5.61  11.77   9.82   8.42   9.66    105  32.69  29.68  16805  22.87   2.34      2
  630  67299 411359   7.95   4.74  11.77   9.69   8.41   9.69    105  32.63  29.73  16836  22.93   1.89      2
  631  67298 411359   9.02   3.64  11.79   9.57   8.41   9.70    105  32.55  29.74  16843  22.96   1.86      2
  631  67296 411361  10.00   2.64  11.77   9.28   8.37   9.30    100  32.41  29.84  16901  23.08   1.64      2
  633  67296 411362  11.13   1.43  11.79   9.25   8.36   9.27    100  32.39  29.84  16903  23.09   1.54      2
 -640  66303 411633   1.96   5.58   6.45   9.92   8.46   9.51    103  32.67  29.58  16750  22.78   4.78      2
  641  66302 411635   3.07   4.52   2.13   9.77   8.46   9.51    102  32.60  29.63  16780  22.85   5.08      2
  641  66302 411636   4.08   3.40   6.62   9.74   8.45   9.47    102  32.59  29.64  16783  22.86   6.40      2
  641  66304 411637   5.03   2.51   6.65   9.78   8.46   9.56    103  32.62  29.64  16784  22.85   8.45      2
  642  66315 411640   6.00   1.49   6.69   9.73   8.46   9.67    104  32.61  29.67  16801  22.88   7.30      2
  643  66321 411643   6.72   0.77   6.84   9.72   8.46   9.72    105  32.61  29.68  16807  22.89   8.04      2
 -651  65276 412082   2.00  12.06  13.36   9.84   8.46   9.59    104  32.63  29.60  16759  22.81   4.30      2
  651  65273 412082   2.99   0.33  13.28   9.85   8.46   9.60    104  32.64  29.60  16763  22.81   4.79      2
  652  65268 412082   4.09   9.79  13.30   9.88   8.46   9.67    105  32.70  29.64  16785  22.84  12.45      2
  652  65264 412083   5.05   8.68  13.38   9.75   8.45   9.78    105  32.64  29.68  16811  22.89  10.81      2
  653  65259 412084   6.00   7.74  13.49   9.72   8.45   9.76    105  32.62  29.69  16813  22.90   7.99      2
  653  65252 412088   6.97   6.86  13.78   9.63   8.44   9.72    105  32.56  29.70  16821  22.92   3.56      2
  654  65248 412091   8.07   5.99  13.98   9.61   8.44   9.70    105  32.55  29.71  16824  22.93   3.54      2
  654  65244 412092   9.05   4.91  14.19   9.63   8.44   9.68    104  32.55  29.69  16814  22.91   4.90      2
  655  65243 412093  10.06   3.90  14.25   9.64   8.44   9.59    104  32.56  29.69  16814  22.91   4.39      2
  655  65240 412093  11.03   2.96  14.29   9.68   8.44   9.61    104  32.58  29.68  16808  22.90   4.96      2
  656  65234 412100  12.16   2.03  14.29   9.34   8.38   9.23     99  32.40  29.78  16866  23.03   1.06      2
  657  65240 412097  12.94   1.08  14.03   9.12   8.36   9.14     97  32.28  29.84  16904  23.11   1.39      2
 -713  62288 412227   1.99  15.86  16.38   9.46   8.44   9.86    106  32.44  29.73  16837  22.97   7.73      2
  713  62286 412224   2.98  14.81  16.42   9.45   8.44   9.90    107  32.44  29.72  16835  22.97   7.64      2
  713  62292 412221   4.03  13.79  16.50   9.46   8.44   9.88    107  32.44  29.73  16837  22.97   7.77      2
  714  62297 412220   5.10  12.64  16.48   9.46   8.44   9.89    106  32.45  29.73  16837  22.97   7.59      2
  715  62301 412220   6.03  63.42  16.50   9.46   8.44   9.88    106  32.45  29.73  16836  22.97   7.19      2
  715  62308 412219   7.05  64.37  16.54   9.46   8.44   9.86    106  32.45  29.73  16838  22.97   7.43      2
  715  62316 412219   7.97  73.92  16.59   9.46   8.44   9.92    106  32.45  29.73  16838  22.97   7.16      2
  716  62323 412221   9.10   8.85  16.61   9.46   8.44   9.88    106  32.45  29.73  16838  22.97   6.44      2
  716  62315 412244  10.13   8.00  16.82   9.30   8.40   9.49    102  32.36  29.77  16859  23.02   1.74      2
  718  62307 412255  11.00  70.80  16.98   9.08   8.37   9.35     99  32.24  29.84  16900  23.11   1.33      2
  719  62305 412276  12.16   6.05  17.10   8.13   8.23   8.34     87  31.84  30.23  17128  23.55   0.52      2
  720  62304 412286  13.03  68.59  17.21   7.80   8.19   8.36     87  31.70  30.37  17213  23.71   0.48      2
  721  62305 412292  14.00  73.95  17.19   7.73   8.19   8.43     87  31.67  30.40  17229  23.74   0.42      2
  722  62305 412297  15.09   3.12  17.21   7.69   8.19   8.46     88  31.67  30.43  17246  23.77   0.43      2
  722  62317 412306  15.98   1.93  17.25   7.68   8.19   8.12     84  31.68  30.45  17259  23.79   0.39      2
  723  62324 412305  16.92   1.07  17.25   7.67   8.18   8.15     84  31.68  30.45  17262  23.80   0.46      2
 -733  61205 413067   2.12   8.00   9.09   9.49   8.45  10.12    109  32.43  29.68  16810  22.93   7.30      2
  734  61196 413067   2.96   7.10   9.04   9.50   8.45  10.09    109  32.43  29.68  16810  22.93   7.28      2
  734  61197 413066   4.01   6.03   9.02   9.50   8.45  10.10    109  32.43  29.68  16810  22.93   7.19      2
  735  61197 413066   4.97   5.02   9.02   9.50   8.45  10.13    109  32.43  29.68  16811  22.93   6.85      2
  735  61199 413066   6.02   3.96   9.02   9.49   8.45  10.11    109  32.44  29.69  16817  22.94   4.58      2
  736  61200 413067   6.99   2.96   9.02   9.47   8.44  10.10    108  32.43  29.70  16819  22.94   3.44      2
  736  61201 413068   8.14   1.76   9.04   9.47   8.44  10.09    108  32.43  29.70  16820  22.95   3.00      2
  736  61201 413070   8.90   0.97   9.04   9.48   8.44  10.03    108  32.43  29.70  16820  22.95   3.08      2
 -750  59313 414134   2.05   0.19  22.49   9.75   8.46   9.91    107  32.57  29.62  16772  22.84   8.69      2
  750  59309 414139   3.02  21.70  22.57   9.75   8.46   9.98    108  32.57  29.62  16772  22.84   9.64      2
  751  59307 414141   4.09  20.57  22.59   9.74   8.46   9.91    107  32.56  29.62  16772  22.84   8.53      2
  751  59308 414139   5.05  19.63  22.55   9.73   8.46   9.88    107  32.56  29.62  16773  22.84   7.97      2
  752  59310 414135   6.03  18.48  22.53   9.73   8.46   9.86    107  32.56  29.62  16774  22.85   7.28      2
  752  59312 414130   7.14  17.27  22.47   9.73   8.46   9.88    106  32.56  29.62  16773  22.84   8.04      2
  752  59313 414127   8.02  16.51  22.45   9.71   8.45   9.88    106  32.54  29.62  16773  22.85   6.22      2
  753  59316 414119   8.98  15.21  22.43   9.65   8.43   9.59    104  32.53  29.66  16797  22.89   1.75      2
  754  59316 414117  10.00  14.09  22.43   9.58   8.42   9.58    103  32.52  29.70  16822  22.93   1.12      2
  754  59320 414114  11.05  13.04  22.47   9.41   8.38   9.41    101  32.47  29.79  16873  23.03   0.94      2
  755  59322 414114  12.03  12.15  22.47   9.29   8.37   9.27     99  32.41  29.83  16898  23.08   0.76      2
  755  59322 414113  13.00  11.19  22.47   9.24   8.36   9.24     99  32.39  29.86  16911  23.10   0.78      2
  756  59323 414114  14.10  10.04  22.51   9.12   8.34   9.21     98  32.36  29.92  16951  23.18   0.81      2
  756  59323 414116  15.00   9.22  22.57   8.79   8.28   9.01     95  32.15  29.98  16985  23.27   0.61      2
  757  59324 414124  16.10   8.23  22.79   8.01   8.20   8.51     89  31.88  30.37  17211  23.68   0.51      2
  758  59330 414126  17.03   7.50  22.99   7.91   8.19   8.52     89  31.83  30.40  17232  23.73   0.49      2
  759  59332 414126  18.08   6.50  23.07   7.89   8.19   8.54     89  31.82  30.42  17241  23.74   0.49      2
  760  59334 414125  19.04   5.53  23.15   7.87   8.18   8.51     88  31.84  30.46  17262  23.77   0.47      2
  800  59338 414129  19.99   4.72  23.26   7.83   8.17   8.34     87  31.85  30.50  17289  23.81   0.51      2
  801  59339 414130  21.08   3.73  23.36   7.82   8.16   8.26     86  31.85  30.51  17295  23.82   0.49      2
  801  59341 414133  22.07   2.62  23.48   7.79   8.16   8.22     85  31.84  30.52  17302  23.84   0.54      2
  801  59343 414132  22.96   1.77  23.52   7.77   8.16   8.16     85  31.83  30.53  17308  23.85   0.57      2
  802  59343 414132  23.91   0.75  23.56   7.76   8.16   8.10     84  31.83  30.54  17309  23.85   0.50      2
 -837  57935 417223   2.01  18.52  18.58   9.80   8.49  10.27    111  32.61  29.61  16768  22.83  12.95      2
  838  57930 417226   3.06  17.31  18.41   9.79   8.49  10.24    111  32.60  29.61  16769  22.83  12.38      2
  839  57929 417226   4.11  16.03  18.33   9.79   8.48  10.25    110  32.60  29.62  16771  22.83  12.50      2
  839  57929 417221   5.01  15.08  18.37   9.78   8.48  10.17    110  32.59  29.61  16769  22.83  10.58      2
  839  57928 417219   5.96  14.09  18.43   9.78   8.48  10.12    109  32.59  29.61  16769  22.83  10.45      2
  840  57929 417208   7.00  13.07  18.60   9.78   8.47  10.02    108  32.59  29.62  16771  22.83   8.14      2
  841  57930 417203   7.98  12.07  18.64   9.78   8.47  10.01    109  32.60  29.62  16772  22.84   6.38      2
  841  57929 417200   9.03  11.00  18.64   9.77   8.47   9.98    108  32.59  29.62  16773  22.84   5.40      2
  842  57928 417189  10.06   9.93  18.56   9.72   8.44   9.58    104  32.57  29.64  16785  22.86   1.38      2
  843  57928 417186  11.02   8.90  18.47   9.72   8.44   9.53    103  32.57  29.64  16783  22.86   1.29      2
  843  57927 417184  12.02   7.77  18.45   9.72   8.44   9.54    103  32.57  29.65  16788  22.87   1.21      2
  844  57926 417182  13.05   6.59  18.37   9.47   8.39   9.50    102  32.49  29.77  16858  23.00   1.23      2
  844  57925 417179  13.95   5.54  18.23   8.86   8.32   9.26     98  32.26  30.05  17025  23.31   0.98      2
  844  57923 417177  14.98   4.46  18.15   8.81   8.29   9.02     96  32.22  30.05  17023  23.32   0.93      2
  845  57918 417175  16.07   3.11  18.13   8.12   8.22   8.72     91  31.92  30.32  17185  23.63   0.75      2
  846  57914 417175  17.09   2.15  18.09   8.07   8.21   8.66     90  31.92  30.37  17212  23.68   0.85      2
  846  57910 417174  17.89   1.01  18.05   7.97   8.20   8.55     89  31.90  30.43  17244  23.73   0.67      2
 -856  57614 418949   2.01   0.21  16.06   9.90   8.51  10.30    112  32.70  29.62  16773  22.82  11.13      2
  857  57612 418953   3.01   0.17  16.14   9.89   8.51  10.27    111  32.70  29.62  16775  22.82  11.41      2
  857  57609 418958   3.99  13.28  15.54   9.89   8.51  10.23    111  32.69  29.62  16774  22.82  11.40      2
  858  57606 418960   5.10  12.33  15.73   9.85   8.49  10.15    110  32.67  29.63  16778  22.83   7.60      2
  858  57605 418958   6.14  11.18  15.88   9.86   8.49  10.11    109  32.67  29.63  16777  22.83   8.16      2
  859  57604 418956   7.08  10.01  15.82   9.85   8.48  10.08    109  32.66  29.63  16779  22.83   6.97      2
  859  57604 418954   8.07   8.99  15.79   9.84   8.47  10.07    109  32.66  29.64  16783  22.84   5.36      2
  859  57604 418953   9.19   7.81  15.70   9.84   8.47  10.03    109  32.67  29.64  16784  22.84   5.35      2
  900  57603 418951  11.02   6.10  15.73   9.84   8.47  10.03    109  32.67  29.64  16786  22.84   4.27      2
  900  57602 418950  11.15   6.22  15.73   9.83   8.47  10.00    108  32.67  29.65  16789  22.85   3.90      2
  901  57602 418948  12.12   5.56  15.86   9.84   8.46   9.96    108  32.68  29.65  16790  22.85   2.72      2
  901  57601 418947  13.01   4.68  15.90   9.85   8.46   9.90    108  32.69  29.66  16794  22.85   1.84      2
  901  57598 418947  14.02   3.29  16.10   9.77   8.44   9.76    105  32.66  29.69  16813  22.89   1.33      2
  902  57593 418947  15.02   1.59  15.60   9.35   8.39   9.40    100  32.46  29.84  16900  23.07   1.28      2
  904  57592 418948  15.49   0.89  15.62   9.32   8.39   9.34    100  32.45  29.85  16908  23.09   1.26      2
 -914  56258 420528   2.02  10.60  10.30   9.91   8.48  10.02    109  32.72  29.63  16780  22.82  12.06      2
  915  56247 420531   2.99   9.27  10.22   9.87   8.48  10.10    109  32.69  29.63  16778  22.83  12.32      2
  915  56241 420533   4.07   8.00  10.22   9.86   8.47  10.05    109  32.67  29.63  16780  22.83  10.61      2
  915  56230 420532   5.12   6.38  10.07   9.84   8.47   9.90    107  32.67  29.64  16786  22.84   8.11      2
  916  56227 420529   6.08   5.10   9.97   9.84   8.47   9.87    107  32.67  29.64  16786  22.84   7.00      2
  916  56225 420526   7.05   3.82   9.91   9.85   8.47   9.85    107  32.68  29.64  16786  22.84   7.40      2
  917  56225 420523   8.02   2.72   9.87   9.85   8.46   9.83    106  32.68  29.64  16786  22.84   7.72      2
  917  56226 420519   8.93   1.60   9.91   9.85   8.46   9.85    106  32.68  29.64  16787  22.84   7.58      2
  917  56228 420513   9.41   0.89  10.09   9.83   8.46   9.82    106  32.67  29.64  16787  22.85   4.45      2
 -926  55140 421389   2.01   0.16   0.00   9.79   8.45   9.55    103  32.63  29.64  16784  22.85   8.78      2
  927  55138 421396   3.06   0.25   3.56   9.77   8.45   9.58    103  32.61  29.64  16786  22.86   8.55      1
  927  55138 421400   4.00   0.20   2.70   9.76   8.45   9.56    104  32.61  29.65  16790  22.86   9.44      2
  928  55139 421402   5.02   0.20   0.00   9.76   8.45   9.62    104  32.61  29.65  16792  22.87   8.27      2
  928  55143 421406   6.09   0.17  19.86   9.75   8.45   9.63    104  32.61  29.66  16794  22.87   8.78      2
  929  55146 421406   7.13  14.12  19.94   9.75   8.45   9.64    104  32.62  29.66  16795  22.87   8.84      2
  929  55151 421411   7.99  13.45  20.34   9.76   8.46   9.73    105  32.63  29.66  16798  22.87   8.43      2
  930  55155 421411   8.98  12.40  20.44   9.76   8.46   9.72    105  32.63  29.67  16799  22.87   8.39      2
  931  55158 421412  10.07  11.44  20.52   9.77   8.45   9.71    105  32.63  29.66  16799  22.87   8.06      2
  931  55159 421412  11.04  10.43  20.58   9.77   8.46   9.75    105  32.64  29.67  16802  22.88   7.72      2
  931  55161 421412  11.97   9.61  20.69   9.77   8.45   9.74    106  32.63  29.67  16800  22.87   5.64      2
  932  55166 421411  13.05   8.42  20.71   9.75   8.45   9.75    105  32.63  29.67  16802  22.88   2.25      2
  932  55173 421406  14.04   7.43  20.66   9.74   8.45   9.68    104  32.62  29.67  16805  22.89   1.79      2
  933  55173 421405  15.02   6.34  20.64   9.73   8.45   9.64    104  32.61  29.67  16805  22.89   1.71      2
  934  55170 421402  15.92   5.20  20.58   9.51   8.41   9.41    101  32.58  29.82  16891  23.04   0.80      2
  935  55162 421397  17.10   3.76  20.32   8.93   8.32   8.75     93  32.42  30.15  17082  23.38   0.83      2
  936  55151 421393  18.03   2.52  20.08   7.97   8.18   8.16     85  32.17  30.72  17412  23.96   0.63      2
  937  55147 421393  19.05   1.38  20.06   7.91   8.17   8.08     85  32.16  30.75  17433  24.00   0.54      2
 -947  53709 421070   2.42   0.27  16.57   9.94   8.48  10.23    111  32.78  29.67  16804  22.85   9.34      2
  947  53702 421071   3.03  14.80  16.59   9.88   8.47  10.22    111  32.74  29.68  16806  22.87  11.16      2
  948  53699 421072   4.50  13.45  16.54   9.85   8.47  10.00    108  32.71  29.67  16803  22.87   8.16      2
  949  53701 421071   5.14  12.63  16.57   9.84   8.46   9.91    107  32.70  29.67  16804  22.87   6.82      2
  949  53702 421071   5.96  11.94  16.61   9.84   8.46   9.88    107  32.70  29.67  16803  22.87   5.87      2
  949  53703 421071   7.18  10.50  16.63   9.82   8.46   9.82    106  32.68  29.67  16803  22.87   5.13      2
  950  53703 421071   8.22   9.40  16.63   9.80   8.46   9.74    105  32.67  29.67  16804  22.87   3.71      2
  950  53702 421072   9.01   8.59  16.61   9.81   8.46   9.73    105  32.68  29.67  16804  22.87   2.57      2
  951  53701 421073   9.96   7.69  16.61   9.81   8.46   9.73    106  32.68  29.68  16806  22.88   2.30      2
  951  53700 421075  11.02   6.60  16.65   9.80   8.46   9.81    106  32.67  29.67  16804  22.88   2.28      2
  951  53699 421076  12.33   5.31  16.78   9.78   8.46   9.81    106  32.66  29.68  16806  22.88   2.07      2
  952  53698 421078  12.96   4.72  16.74   9.78   8.46   9.82    106  32.66  29.68  16807  22.88   1.64      2
  952  53696 421080  14.05   3.57  16.76   9.79   8.45   9.81    106  32.67  29.69  16811  22.89   1.69      2
  952  53694 421083  14.97   2.50  16.76   9.78   8.45   9.76    106  32.67  29.70  16817  22.89   1.30      2
  953  53689 421088  15.92   1.61  16.52   9.70   8.43   9.62    104  32.65  29.74  16840  22.94   1.29      2
  953  53693 421096  17.05   0.60  16.69   9.45   8.38   8.84     95  32.51  29.80  16880  23.03   0.54      2
-1001  52923 420296   2.08   0.38   9.97   9.93   8.47   9.85    107  32.70  29.60  16761  22.80  13.25      2
 1002  52921 420295   3.00   0.25   2.60   9.89   8.46   9.85    107  32.70  29.63  16778  22.83  13.52      2
 1002  52918 420292   3.96   7.41   3.89   9.92   8.47   9.81    106  32.72  29.63  16777  22.82  12.82      2
 1003  52917 420290   4.96   0.34   5.48   9.87   8.45   9.59    104  32.70  29.65  16793  22.85   2.72      2
 1004  52924 420286   6.09   5.01   9.95   9.83   8.45   9.68    105  32.70  29.68  16807  22.87   6.72      2
 1004  52929 420286   7.09   3.96   9.91   9.80   8.44   9.69    105  32.69  29.70  16818  22.89   4.16      2
 1005  52932 420287   8.09   2.90   9.91   9.85   8.45   9.66    104  32.69  29.65  16792  22.85   4.89      2
 1005  52936 420287   9.03   1.91   9.89   9.83   8.45   9.63    104  32.69  29.67  16804  22.87   4.44      2
 1005  52937 420288   9.83   1.13   9.91   9.83   8.45   9.65    104  32.69  29.67  16804  22.87   4.78      2
-1017  51558 418577   2.08   0.17   7.27   9.61   8.48  10.44    113  32.54  29.70  16820  22.93  21.04      2
 1018  51560 418580   3.06   0.86  36.39   9.58   8.48  10.43    112  32.50  29.68  16810  22.92  23.35      3
 1018  51561 418586   3.95  33.70  36.35   9.59   8.48  10.43    112  32.50  29.68  16807  22.91  30.06      3
 1019  51564 418592   4.99  32.77  36.17   9.66   8.48  10.53    114  32.63  29.75  16846  22.95  19.56      2
 1020  51567 418594   5.95  31.80  36.15   9.60   8.46  10.55    113  32.64  29.81  16885  23.01   3.25      2
 1020  51570 418593   7.14  30.90  36.25   9.52   8.46  10.50    113  32.62  29.85  16909  23.06   2.30      2
 1020  51578 418593   7.98  30.20  36.35   9.27   8.40  10.12    108  32.56  30.01  16998  23.22   1.47      2
 1021  51574 418594   9.03  28.91  36.37   9.10   8.36  10.12    108  32.54  30.13  17068  23.34   1.23      2
 1022  51562 418591  10.23  27.16  36.27   9.05   8.35   9.72    104  32.50  30.13  17072  23.35   1.10      2
 1023  51565 418581  11.04  26.81  10.26   8.16   8.18   8.90     94  32.39  30.77  17446  23.98   0.65      2
 1025  51566 418580  12.05  25.79  36.74   8.08   8.18   8.89     93  32.36  30.82  17472  24.03   0.65      2
 1026  51565 418580  13.04  24.71  36.76   8.14   8.18   8.87     93  32.38  30.79  17453  23.99   0.75      2
 1026  51565 418579  14.56  23.02  36.55   8.10   8.18   8.89     93  32.37  30.81  17467  24.01   0.69      2
 1026  51564 418579  15.20  67.13  36.47   8.03   8.18   8.88     93  32.34  30.85  17488  24.05   0.75      2
 1027  51563 418581  16.14  21.20  36.45   7.81   8.16   8.84     93  32.25  30.94  17546  24.16   0.74      2
 1027  51558 418586  17.04  19.98  36.23   7.59   8.14   8.50     88  32.13  31.01  17584  24.24   0.70      2
 1028  51558 418586  18.07  18.93  36.19   7.55   8.14   8.43     87  32.10  31.02  17588  24.25   0.60      2
 1029  51562 418588  19.00  18.18  36.41   7.34   8.11   8.09     83  32.00  31.09  17632  24.34   0.92      2
 1030  51569 418580  19.96  17.72  36.76   7.27   8.10   7.90     81  31.96  31.11  17644  24.37   0.56      2
 1031  51571 418580  21.02  16.80  36.89   7.19   8.09   7.88     81  31.92  31.15  17666  24.41   0.56      2
 1031  51574 418578  21.97  16.09  36.74   7.14   8.08   7.61     79  31.89  31.16  17673  24.42   1.01      2
 1032  51574 418579  23.00  15.02  36.70   7.12   8.07   7.59     78  31.89  31.17  17677  24.43   0.48      2
 1032  51575 418579  24.07  13.90  36.74   7.09   8.07   7.58     78  31.87  31.18  17682  24.44   0.53      2
 1033  51575 418582  25.03  12.72  36.72   7.02   8.06   7.50     77  31.83  31.20  17697  24.47   0.67      2
 1033  51575 418585  26.11  11.53  36.72   7.02   8.06   7.42     76  31.84  31.20  17698  24.47   0.52      2
 1034  51574 418586  27.12  10.44  36.76   7.01   8.05   7.39     76  31.82  31.20  17696  24.47   0.89      2
 1034  51571 418586  27.95   9.36  36.86   6.99   8.05   7.37     76  31.82  31.22  17707  24.49   0.76      2
 1034  51568 418587  29.25  63.41  36.76   6.97   8.04   7.31     75  31.81  31.22  17710  24.49   1.87      2
 1035  51568 418585  30.11  69.76  36.84   6.94   8.03   7.10     73  31.80  31.24  17717  24.51   0.61      2
 1035  51569 418584  31.01   6.09  36.84   6.94   8.03   7.04     72  31.80  31.24  17718  24.51   0.58      2
 1036  51569 418584  32.07  65.17  36.82   6.92   8.03   6.94     71  31.79  31.25  17725  24.52   0.60      2
 1037  51568 418584  33.04   4.04  36.84   6.91   8.02   6.84     70  31.79  31.26  17730  24.53   0.68      2
 1038  51570 418578  34.03   3.45  36.74   6.89   8.00   6.54     67  31.79  31.27  17735  24.54   0.81      3
 1039  51568 418566  35.09   2.94  36.27   6.88   7.98   6.23     64  31.79  31.28  17742  24.55   0.88      4
 1040  51566 418560  35.98   2.05  35.91   6.88   7.96   6.00     61  31.79  31.28  17744  24.55   0.73      4
 1042  51566 418560  36.95   1.05  35.89   6.88   7.96   5.96     61  31.79  31.28  17742  24.55   0.66      4
-1052  50718 418384   2.00  12.91  28.43   9.69   8.47  10.54    114  32.66  29.75  16849  22.95  10.56      2
 1053  50720 418378   3.03  27.33  28.74   9.81   8.50  10.80    117  32.71  29.71  16824  22.90  20.48      3
 1054  50720 418376   3.97  26.35  28.80   9.70   8.50  10.93    118  32.70  29.79  16871  22.98  21.04      3
 1055  50719 418371   5.01  25.40  28.89   9.44   8.43  10.47    113  32.60  29.90  16937  23.11   2.09      2
 1056  50721 418366   6.07  24.49  29.04   9.39   8.43  10.47    112  32.59  29.93  16953  23.14   1.80      2
 1056  50724 418363   6.99  23.64  28.98   9.36   8.43  10.47    112  32.59  29.96  16973  23.17   1.60      2
 1057  50723 418363   8.04  22.58  29.04   9.24   8.39  10.38    111  32.59  30.06  17030  23.26   1.34      2
 1057  50723 418364   9.19  21.36  29.02   9.21   8.39  10.27    110  32.58  30.08  17040  23.28   1.26      2
 1058  50723 418377   9.98  20.33  28.78   8.98   8.32   9.68    103  32.50  30.19  17106  23.40   0.96      2
 1060  50721 418382  10.96  19.02  28.61   8.54   8.24   9.20     97  32.46  30.53  17302  23.73   0.76      2
 1102  50718 418381  12.03  17.72  28.45   8.18   8.19   9.08     95  32.41  30.78  17450  23.98   0.69      2
 1103  50717 418382  13.12  16.55  28.47   8.20   8.18   9.01     95  32.40  30.76  17435  23.96   0.81      2
 1104  50722 418383  14.05  15.85  28.53   8.05   8.17   8.99     94  32.37  30.85  17491  24.06   0.59      2
 1104  50724 418384  15.07  14.72  28.49   8.00   8.17   8.95     94  32.33  30.86  17498  24.07   0.58      2
 1105  50727 418385  16.06  13.48  28.47   7.85   8.16   8.80     92  32.26  30.92  17531  24.14   0.65      2
 1105  50729 418385  17.24  12.29  28.53   7.76   8.15   8.71     90  32.22  30.95  17551  24.18   0.55      2
 1106  50731 418386  18.13  11.52  28.53   7.58   8.14   8.52     89  32.14  31.03  17595  24.26   0.58      2
 1106  50732 418384  18.98  68.48  28.74   7.44   8.11   8.14     84  32.05  31.05  17610  24.30   0.83      2
 1108  50731 418382  20.02   9.63  28.67   7.36   8.10   8.09     84  32.02  31.10  17638  24.35   0.76      2
 1108  50729 418380  21.15   8.50  28.67   7.33   8.09   8.03     83  32.00  31.10  17638  24.35   0.77      2
 1109  50727 418377  22.05   7.64  28.71   7.23   8.09   7.93     81  31.94  31.13  17652  24.38   1.04      2
 1109  50725 418376  23.07   6.60  28.74   7.22   8.08   7.82     81  31.93  31.13  17654  24.39   0.81      2
 1109  50720 418376  23.95   5.61  28.81   7.16   8.08   7.71     79  31.91  31.16  17671  24.42   0.62      2
 1110  50718 418375  25.06   4.43  28.78   7.15   8.07   7.69     79  31.89  31.15  17666  24.41   0.58      2
 1111  50718 418382  25.97  79.05  28.53   7.06   8.05   7.42     76  31.85  31.19  17688  24.45   0.82      2
 1112  50725 418393  27.00   1.58  28.33   7.03   8.04   7.33     75  31.84  31.20  17696  24.47   1.04      2
 1113  50731 418391  27.88   0.90  28.37   7.00   8.04   7.22     74  31.83  31.21  17702  24.48   1.54      2
-1122  49702 418243   1.97   0.20  23.46   9.81   8.57  12.39    134  32.75  29.75  16847  22.93  56.11      3
 1123  49701 418236   3.11  76.16  24.54   9.54   8.46  10.83    116  32.54  29.76  16857  22.99  17.02      3
 1124  49703 418232   3.95  21.97  25.25   9.45   8.46  10.78    116  32.56  29.85  16906  23.07   7.66      2
 1125  49709 418232   5.04  21.30  25.89   9.35   8.44  10.55    114  32.54  29.92  16950  23.14   4.54      2
 1126  49710 418234   6.04  20.18  25.91   9.31   8.43  10.51    113  32.53  29.94  16960  23.16   2.73      2
 1126  49712 418235   7.01  19.01  25.93   9.31   8.43  10.50    112  32.54  29.95  16966  23.17   2.22      2
 1126  49713 418235   7.93  66.82  25.93   9.30   8.43  10.49    113  32.54  29.96  16970  23.17   1.69      2
 1127  49712 418237   9.03  70.48  25.91   9.23   8.39  10.45    112  32.58  30.06  17028  23.26   1.36      2
 1127  49713 418237  10.00  63.64  25.95   9.24   8.38  10.24    110  32.58  30.05  17021  23.25   1.28      2
 1128  49714 418237  10.97  63.47  26.03   9.15   8.35  10.17    109  32.56  30.11  17056  23.31   1.24      2
 1128  49722 418217  11.90  67.30  26.01   8.07   8.17   8.97     94  32.38  30.85  17488  24.05   0.46      2
 1130  49722 418213  13.05  13.17  25.89   8.03   8.17   8.99     94  32.37  30.88  17506  24.08   0.48      2
 1130  49721 418215  14.16  12.10  25.89   7.92   8.16   8.95     93  32.32  30.92  17529  24.12   0.63      2
 1131  49713 418225  15.10  11.25  25.13   7.86   8.15   8.71     91  32.28  30.93  17535  24.14   0.50      2
 1131  49701 418238  16.09   7.80  21.43   7.71   8.13   8.50     88  32.20  30.98  17565  24.20   0.57      2
 1133  49691 418249  17.04   3.61  19.84   7.56   8.12   8.35     87  32.12  31.03  17593  24.26   0.55      2
 1133  49689 418263  17.66   0.21  18.74   7.42   8.10   8.05     84  32.05  31.07  17619  24.31   1.06      3
-1142  48738 418187   1.97  46.33  45.85   9.55   8.54  12.82    138  32.70  29.91  16941  23.10  46.11      3
 1142  48739 418202   3.08  45.42  45.92   9.41   8.50  11.82    127  32.61  29.94  16960  23.14  22.44      3
 1143  48748 418193   4.11  44.42  45.81   9.35   8.45  10.83    116  32.57  29.95  16966  23.16   7.31      2
 1146  48750 418184   5.16  72.95  45.61   9.30   8.45  11.16    120  32.54  29.96  16974  23.18   6.86      2
 1146  48752 418170   6.10  41.85  45.40   9.27   8.43  10.68    115  32.53  29.97  16979  23.19   4.90      2
 1147  48757 418166   7.28  40.59  45.40   9.27   8.43  10.68    114  32.53  29.98  16981  23.19   2.90      2
 1147  48770 418165   8.02  39.85  45.53   9.23   8.39  10.32    111  32.55  30.02  17008  23.24   1.53      2
 1148  48776 418167   9.02  38.90  45.48   9.24   8.39  10.24    110  32.56  30.03  17014  23.24   1.40      2
 1149  48778 418171  10.01  37.89  45.59   9.24   8.39  10.25    110  32.57  30.04  17017  23.25   1.48      2
 1150  48777 418186  11.12  37.12  45.71   9.01   8.34   9.84    105  32.49  30.16  17085  23.37   0.90      2
 1151  48767 418196  11.96  36.37  45.85   8.18   8.18   9.02     95  32.43  30.81  17468  24.01   0.51      2
 1153  48765 418198  13.13  35.15  45.83   8.10   8.17   9.02     94  32.41  30.85  17489  24.05   0.53      2
 1153  48761 418200  14.75  33.61  45.90   7.91   8.15   8.85     92  32.31  30.91  17528  24.12   0.55      2
 1153  48758 418201  15.09  33.16  45.90   7.82   8.15   8.71     91  32.27  30.95  17550  24.17   0.61      2
 1154  48758 418200  16.15  32.03  45.90   7.66   8.13   8.65     90  32.18  31.00  17579  24.23   0.64      2
 1154  48763 418197  16.97  31.16  45.83   7.46   8.10   8.02     83  32.09  31.08  17627  24.32   0.92      2
 1155  48770 418189  18.15  29.93  45.79   7.40   8.09   7.96     82  32.06  31.10  17637  24.34   0.58      2
 1156  48775 418187  19.08  28.81  45.83   7.30   8.08   7.73     80  31.99  31.12  17649  24.37   0.54      2
 1157  48775 418188  19.94  27.89  45.77   7.28   8.07   7.73     79  31.98  31.13  17653  24.38   0.51      2
 1158  48776 418187  20.99  26.73  45.77   7.27   8.07   7.65     79  31.98  31.14  17658  24.38   0.53      2
 1158  48774 418187  22.08  25.71  45.77   7.26   8.07   7.65     79  31.98  31.14  17661  24.39   0.76      2
 1159  48774 418187  22.96  24.72  45.75   7.24   8.07   7.63     79  31.96  31.14  17662  24.39   0.57      2
 1160  48772 418189  24.05  23.81  45.69   7.13   8.05   7.48     77  31.93  31.21  17700  24.46   0.54      2
 1200  48768 418191  24.94  23.10  45.77   7.05   8.03   7.18     74  31.88  31.23  17712  24.49   0.54      2
 1201  48767 418190  26.20  21.83  45.77   7.03   8.03   7.17     73  31.87  31.23  17713  24.49   0.85      2
 1202  48765 418189  27.31  20.43  45.75   7.02   8.03   7.10     73  31.87  31.23  17716  24.49   0.60      2
 1202  48763 418188  27.96  19.63  45.69   7.02   8.03   7.09     73  31.87  31.24  17717  24.50   0.73      2
 1203  48763 418185  29.00  18.66  45.69   7.02   8.03   7.06     73  31.87  31.24  17720  24.50   0.72      2
 1203  48766 418183  30.19  17.16  45.71   7.00   8.02   7.08     73  31.87  31.25  17728  24.51   0.56      2
 1203  48774 418183  31.00  16.41  45.81   6.98   8.02   7.02     72  31.86  31.26  17733  24.52   0.56      2
 1204  48776 418183  32.23  15.14  45.75   6.97   8.01   7.02     72  31.85  31.27  17739  24.53   0.49      2
 1204  48781 418179  33.15  14.26  45.73   6.92   8.00   6.78     69  31.84  31.30  17756  24.56   0.45      2
 1205  48782 418179  34.11  13.00  45.73   6.92   7.99   6.73     69  31.85  31.31  17762  24.57   0.67      2
 1206  48784 418180  34.97  12.32  45.67   6.90   7.98   6.51     67  31.85  31.33  17771  24.58   0.48      2
 1206  48785 418183  36.29  66.57  45.69   6.90   7.97   6.46     66  31.85  31.34  17776  24.59   0.30      2
 1207  48785 418185  37.24   9.76  45.79   6.89   7.97   6.37     65  31.85  31.34  17780  24.60   0.34      2
 1207  48786 418186  37.87  73.38  45.96   6.89   7.96   6.28     64  31.86  31.35  17782  24.60   0.26      2
 1208  48786 418192  39.22   7.98  45.73   6.88   7.95   6.00     62  31.86  31.35  17785  24.61   0.28      2
 1209  48785 418194  40.00   7.16  45.83   6.88   7.94   6.00     61  31.86  31.35  17786  24.61   0.31      2
 1209  48783 418194  41.12  63.70  45.81   6.88   7.94   5.99     61  31.86  31.36  17788  24.61   0.57      2
 1210  48781 418196  41.91   5.15  45.85   6.88   7.94   5.92     60  31.86  31.36  17789  24.61   0.29      2
 1210  48780 418199  43.12  62.08  45.73   6.88   7.94   5.93     61  31.86  31.36  17788  24.61   0.33      2
 1211  48778 418202  44.15   2.77  45.71   6.88   7.94   5.93     60  31.86  31.36  17791  24.61   0.31      2
 1211  48773 418205  44.92   1.84  45.79   6.88   7.93   5.75     59  31.87  31.37  17794  24.62   0.33      3
 1212  48763 418209  45.92   0.76  45.83   6.88   7.90   5.41     55  31.87  31.37  17796  24.62   0.34      3
-1222  47967 418379   2.06  15.64  16.12   9.40   8.47  11.11    119  32.58  29.91  16942  23.12  16.68      2
 1223  47970 418379   3.00  14.80  16.18   9.33   8.46  10.96    118  32.54  29.93  16953  23.15  12.48      2
 1224  47970 418379   4.17  13.71  16.24   9.35   8.47  11.00    118  32.55  29.92  16951  23.14  13.17      2
 1224  47970 418373   5.05  13.03  16.48   9.37   8.45  10.63    115  32.56  29.92  16945  23.13   8.81      2
 1225  47970 418371   5.97  12.22  16.59   9.24   8.44  10.80    116  32.53  30.00  16993  23.21   9.42      2
 1226  47967 418367   7.04  11.40  16.69   9.22   8.42  10.63    114  32.51  29.99  16992  23.21   3.65      2
 1226  47963 418364   8.05   9.99  16.78   9.22   8.42  10.62    114  32.52  30.00  16994  23.22   2.48      2
 1227  47958 418361   9.09   8.75  17.19   9.19   8.40  10.67    114  32.50  30.00  16997  23.23   1.42      2
 1227  47950 418358   9.99   8.49  17.45   9.14   8.38  10.34    110  32.47  30.02  17008  23.25   1.18      2
 1228  47942 418347  10.99  27.11  17.59   9.09   8.37   9.99    107  32.45  30.04  17017  23.27   0.95      2
 1229  47936 418341  12.07   7.10  17.59   8.34   8.19   9.14     96  32.44  30.67  17386  23.87   0.59      2
 1230  47938 418344  12.96   6.18  17.67   8.22   8.18   9.09     96  32.47  30.81  17466  24.00   0.49      2
 1230  47945 418349  14.07   4.35  17.57   8.07   8.16   8.79     92  32.43  30.91  17523  24.10   0.51      2
 1231  47948 418351  14.96   3.50  17.43   7.85   8.14   8.84     92  32.29  30.95  17550  24.16   0.49      2
 1232  47955 418357  16.03   1.75  16.98   7.51   8.10   8.12     84  32.11  31.06  17611  24.29   0.57      2
 1233  47957 418364  16.98   0.36  16.61   7.33   8.07   7.57     78  32.02  31.13  17653  24.37   0.79      2
-1240  47484 418853   1.98   9.66   8.84   9.76   8.54  12.08    131  32.80  29.84  16903  23.01  27.45      3
 1240  47475 418859   3.02   9.76   9.55   9.52   8.50  11.38    123  32.65  29.89  16929  23.09  13.26      2
 1242  47479 418854   4.20   8.01   9.41   9.49   8.46  10.97    118  32.79  30.06  17026  23.22  12.16      2
 1243  47483 418852   5.08   6.66   9.11   9.51   8.45  10.99    119  32.94  30.20  17107  23.33  12.26      3
 1243  47490 418845   6.10   4.64   9.02   9.44   8.40  10.96    118  33.16  30.47  17268  23.55   7.22      3
 1244  47494 418839   7.12   3.01   9.61   9.36   8.38  10.34    112  33.18  30.56  17318  23.63   5.20      3
 1245  47483 418842   8.10   3.09  10.80   9.31   8.36  10.04    108  33.16  30.59  17334  23.66   3.47      3
 1246  47470 418845   9.24   3.94  11.87   9.21   8.31   9.57    103  33.14  30.65  17371  23.73   1.15      2
 1247  47461 418848   9.99   4.26  12.42   9.08   8.24   8.90     96  33.23  30.85  17489  23.91   1.03      2
 1248  47454 418849  11.15   4.07  12.36   9.00   8.16   7.92     85  33.29  30.98  17564  24.02   0.71      2
 1249  47455 418845  11.95   2.96  12.17   8.86   8.14   7.90     85  33.23  31.04  17597  24.08   0.71      2
 1250  47455 418842  13.07   1.40  11.93   8.51   8.10   7.95     84  33.18  31.30  17750  24.34   1.09      2
