# m.s. 'ARGUS'                            
# 21 Jun 1993 08:45:22                                        
# PROJECTCODE: WAGREV                                         
# OPDRACHTGEVER: ZEELAND                                      
# MEETGEBIED: GREVELINGEN                                     
# STARTPUNT: BROUWERSDAM                                      
# EINDPUNT: HEVEL                                             
* 19930621
$ 9999 [0002222202202022]
> TIJD
> X-COORD
> Y-COORD
>SENSHTE Diepte set      m
>Echms   Echo set        mtrs
>Echo    Echo schip      mtrs
>Temp       Temperatuur       oC  
>O2        Zuurstof          mg/l
>%O2  301.0 Zuurstof Verz.  Proc  
>GELBH   Geleidendheid   mS/cm
>SALNTT  Saliniteit      Prom
>CL-       Chloride          mg/l
>      79.0 Fluorescentie   F.s.  
>      76.0 Partech Troeblh FTU   
>     401.0 Zuurgraad-WTW   s.e.  
>DICHT   Dichtheid       Gr.
 -941  47462 418856  1.00 12.06 13.07 17.93 10.91   138  41.29 31.15 17631  4.62     6  8.23  9999
  942  47462 418853  2.12 11.03 12.76 17.87 10.89   138  41.23 31.15 17630  4.64     6  8.22  9999
  943  47462 418852  3.05 10.00 12.76 17.75 10.85   137  41.09 31.12 17613  4.64     9  8.22  9999
  943  47462 418851  4.02  9.07 12.76 17.68 10.86   137  41.03 31.12 17615  4.60     8  8.21  9999
  944  47464 418850  4.95  8.09 12.47 17.57 10.72   135  40.97 31.15 17633  4.55     8  8.21  9999 
  944  47464 418849  6.12  6.72 12.27 17.22  8.14   102  41.21 31.63 17912  4.57     8  8.21  9999
  946  47468 418846  7.00  5.96 12.27 17.27  8.49   106  41.00 31.42 17789  4.65     8  8.20  9999
  946  47469 418845  8.02  4.54 12.08 17.22  8.16   102  41.17 31.60 17894  4.55     8  8.19  9999
  947  47470 418844  9.00  3.37 11.88 16.84  6.00    75  41.23 31.95 18099  4.51     8  8.19  9999
  948  47474 418841 10.07  2.27 11.77 16.81  5.61    70  41.11 31.87 18052  4.68     8  8.18  9999
  948  47477 418840 11.10   .90 11.19 16.65  4.09    51  41.06 31.96 18103  4.59     9  8.18  9999
 -953  47919 418300   .95 19.68 19.57 17.88 11.52   146  41.27 31.17 17641  2.06     7  8.48  9999
  954  47676 418750  2.07 17.75 18.30 17.83 11.35   143  41.18 31.14 17622  2.08     8  8.47  9999
  954  47970 418340  3.10 15.62 18.10 17.76 11.08   140  41.09 31.11 17607  2.06     9  8.45  9999
  955  47980 418350  4.07   .32 17.50 17.90 11.20   142  41.43 31.30 17716  2.06     7  8.44  9999
  956  47989 418357  5.00 13.10 17.50 17.54 10.25   129  40.91 31.13 17619  2.07     8  8.43  9999
  956  47995 418360  6.02 11.71 17.50 17.52 10.09   127  40.88 31.13 17617  2.06     8  8.43  9999
  957  48003 418365  7.00 10.39 17.01 17.46 10.04   126  40.88 31.17 17645  2.06     7  8.42  9999
  958  48010 418368  8.07  9.68 17.01 17.27  8.50   106  40.62 31.10 17600  2.07     9  8.42  9999
  959  48015 418364  8.99  9.07 17.11 17.16  7.54    94  40.51 31.09 17594  2.06     5  8.41  9999
  959  48018 418356 10.02   .07 17.11 17.11  7.25    90  40.50 31.11 17610  2.08     5  8.41  9999
 1000  47676 418750 11.04  7.45 17.81 17.08  6.98    87  40.50 31.14 17626  2.07     5  8.40  9999
 1001  48022 418342 12.02  6.55 18.00 17.04  6.76    84  40.47 31.14 17624  2.07     6  8.40  9999
 1001  48023 418339 12.94  5.79 18.30 17.01  6.80    85  40.47 31.16 17640  2.06     5  8.40  9999
 1002  48023 418336 14.01  4.95 18.39 16.97  6.59    82  40.44 31.17 17644  2.07     5  8.39  9999
 1002  48024 418327 14.99  3.90 18.30 16.78  5.17    64  40.32 31.21 17670  2.06     5  8.39  9999
 1003  48026 418316 16.00  3.18 18.69 16.62  4.15    51  40.18 31.22 17675  2.08     5  8.38  9999
 1004  48027 418311 16.99  2.02 18.99 14.95   .68     8  38.52 31.07 17594  2.07     6  8.38  9999
 1006  48031 418295 18.02   .92 18.89 14.44   .35     4  38.00 31.00 17558  2.07     6  8.37  9999
 -845  48729 418196  1.10 45.20 45.73 17.90 10.85   137  41.27 31.16 17635 11.05     8  8.42  9999
  846  48722 418188  2.11 44.49 45.63 17.90 10.94   138  41.23 31.13 17617  9.84     8  8.42  9999
  846  48719 418183  3.09 43.19 45.32 17.86 10.88   137  41.09 31.04 17563  8.41     7  8.43  9999
  847  48719 418182  4.01 42.27 45.42 17.84 10.86   137  41.15 31.10 17601  8.91    10  8.42  9999
  847  48724 418184  5.09 41.43 45.53 17.78 10.79   136  41.09 31.10 17600  9.36     8  8.43  9999
  848  48730 418188  6.01 70.13 45.83 17.55  8.92   112  40.93 31.14 17624  9.84     8  8.43  9999
  849  48747 418195  7.13 39.82 45.92 17.21  7.78    97  40.65 31.16 17637 10.75     6  8.30  9999
  851  48761 418200  8.06 43.91 46.12 17.23  7.89    99  40.59 31.09 17598  6.47     7  8.26  9999
  851  48766 418203  9.04 37.72 46.02 17.18  7.69    96  40.53 31.08 17594  6.41     7  8.26  9999
  852  48771 418205 10.11 36.74 46.02 17.16  7.58    94  40.53 31.10 17600  7.39     6  8.27  9999
  852  48775 418206 11.13 35.69 45.92 17.14  7.54    94  40.53 31.11 17610  7.00     5  8.26  9999
  853  48779 418209 12.01 34.93 45.92 17.14  7.55    94  40.53 31.11 17610  7.30     6  8.27  9999
  853  48781 418209 13.03 33.85 45.93 17.13  7.59    95  40.55 31.14 17628  7.47     8  8.27  9999
  854  48784 418212 14.00 32.92 45.92 17.07  7.39    92  40.47 31.11 17612  8.44     6  8.28  9999
  854  48786 418211 14.98 31.94 45.83 17.04  6.90    86  40.45 31.13 17618  9.51     5  8.29  9999
  855  48787 418213 16.00 30.87 45.83 16.97  6.35    79  40.53 31.24 17686  8.27     7  8.27  9999
  855  48787 418214 16.98 29.94 45.83 16.97  6.50    81  40.57 31.28 17709  6.40     8  8.25  9999
  856  48787 418213 17.96 28.84 45.83 14.81  1.14    14  38.31 30.99 17547  5.78     7  8.24  9999
  858  48780 418208 18.93 27.81 45.83 14.41   .55     7  38.02 31.04 17580  3.15     7  7.94  9999
  859  48778 418207 19.95 26.82 45.83 14.11   .31     4  37.82 31.10 17617  3.05     6  7.92  9999
  859  48777 418206 20.88 25.83 45.93 13.71   .20     2  37.37 31.02 17567  3.07     6  7.90  9999
  900  48776 418205 22.01 24.58 46.02 13.36   .14     2  37.15 31.09 17614  3.19     6  7.88  9999
  900  48775 418204 22.99 23.68 46.02 13.07   .10     1  36.91 31.11 17623  3.49     6  7.84  9999
  901  49639 418360 24.01 22.65 46.02 12.85   .08     1  36.83 31.21 17683  3.67     6  7.80  9999
  901  48773 418202 25.04 21.66 46.02 12.71   .06     1  36.73 31.23 17697  3.90     6  7.76  9999
  902  48772 418202 26.01 20.70 46.12 12.61   .05     1  36.65 31.24 17700  3.92     6  7.76  9999
  902  48772 418201 26.99 19.77 46.12 12.47   .03     0  36.53 31.24 17700  3.97     6  7.75  9999
  903  48772 418199 28.02 18.76 46.12 12.32   .02     0  36.42 31.26 17716  3.99     6  7.75  9999
  903  49639 418360 28.99 17.69 46.12 12.18   .02     0  36.24 31.21 17683  4.13     6  7.71  9999
  904  48772 418198 29.97 16.71 46.03 11.91   .01     0  35.89 31.10 17623  4.20     7  7.69  9999
  904  48772 418197 30.95 15.68 46.03 11.54  0.00     0  35.52 31.05 17594  4.25     7  7.66  9999
  905  48772 418195 31.97 14.83 46.12 11.20  0.00     0  35.23 31.05 17596  4.28     8  7.60  9999
  905  48771 418194 33.05 13.73 46.03 10.87  0.00     0  34.99 31.10 17623  4.29     8  7.55  9999
  906  48770 418193 33.98 12.73 46.03 10.57  0.00     0  34.73 31.10 17625  4.23     8  7.47  9999
  906  48769 418193 35.00 11.70 46.03 10.24  0.00     0  34.53 31.17 17668  4.21     9  7.41  9999
  907  48768 418192 35.97 10.68 46.12 10.03  0.00     0  34.44 31.27 17726  4.24    10  7.38  9999
  907  48767 418192 37.01  9.55 45.93  9.82  0.00     0  34.30 31.31 17747  4.18    11  7.34  9999
  908  48766 418192 37.93  8.57 45.93  9.68  0.00     0  34.24 31.37 17783  4.26    12  7.27  9999
  908  48765 418192 38.96  7.50 46.23  9.61  0.00     0  34.21 31.39 17799  4.51    13  7.24  9999
  909  48765 418193 40.02 70.23 46.03  9.54  0.00     0  34.17 31.42 17815  4.50    13  7.21  9999
  910  48767 418192 40.75  5.64 45.93  9.53  0.00     0  34.21 31.47 17843  4.59    13  7.18  9999
  910  48768 418194 41.88 65.12 46.03  9.51  0.00     0  34.18 31.45 17835  4.74    14  7.18  9999
  911  48769 418196 42.92 77.19 46.03  9.46  0.00     0  34.18 31.50 17861  4.68    15  7.17  9999
  912  48770 418197 43.85  2.51 45.93  9.48  0.00     0  34.21 31.51 17869  4.71    14  7.18  9999
  912  48771 418199 44.77  1.34 46.12  9.46  0.00     0  34.15 31.47 17844  4.73    14  7.17  9999
-1023  49737 418260  1.14 18.41 21.21 18.16 11.60   148  41.59 31.23 17676  2.08     9  9999  9999
 1024  49763 418260  2.12   .05 18.65 18.12 11.51   146  41.53 31.21 17663  2.09     8  9999  9999
 1024  49779 418259  3.05  -.02 18.00 18.11 11.41   145  41.35 31.07 17579  2.10     8  9999  9999
 1025  49785 418259  4.07  -.05 18.00 18.07 11.24   143  41.41 31.15 17627  2.10     8  9999  9999
 1025  49791 418258  5.19   .14 18.00 18.04 11.21   142  41.33 31.10 17602  2.09     8  9999  9999
 1026  49797 418258  6.07   .04 18.10 18.04 11.09   141  41.41 31.17 17642  2.09     8  9999  9999
 1026  49804 418257  7.04 11.12 18.20 17.73  9.80   124  41.06 31.12 17611  2.08    10  9999  9999
 1027  49810 418253  8.07 10.07  4.93 17.28  7.74    97  40.59 31.05 17576  2.10     7  9999  9999
 1029  49809 418244  9.14 10.70 18.79 17.13  7.00    87  40.50 31.10 17604  2.08     5  9999  9999
 1030  49806 418239 10.02 10.97 20.12 17.08  6.88    86  40.50 31.14 17626  2.09     5  9999  9999
 1030  49803 418233 11.04   .09 20.52 17.04  6.83    85  40.50 31.17 17642  2.09     5  9999  9999
 1031  49796 418229 12.07 11.19 22.10 17.01  6.62    82  40.44 31.14 17628  2.09     6  9999  9999
 1031  49791 418225 13.00 62.94 22.89 16.97  6.39    79  40.45 31.18 17650  2.09     5  9999  9999
 1032  49785 418222 13.97 64.38 25.16 16.92  5.89    73  40.38 31.16 17636  2.09     5  9999  9999
 1032  49776 418223 14.89  8.11 25.96 16.85  5.52    68  40.35 31.18 17650  2.10     5  9999  9999
 1033  49768 418226 15.96  6.35 25.64 16.69  4.99    62  40.26 31.23 17682  2.09     5  9999  9999
 1033  49760 418229 16.99  5.04 25.45 15.92  2.95    36  39.60 31.26 17699  2.10     5  9999  9999
 1035  49747 418239 18.02   .02  4.72 14.90   .86    10  38.50 31.09 17605  2.09     6  9999  9999
-1041  50657 418369  1.00 26.85 27.53 18.14 11.50   146  41.39 31.08 17587  2.10     9  9999  9999
 1041  50682 418392  2.12   .27 27.43 18.23 11.29   144  41.55 31.15 17628  2.09     8  9999  9999
 1042  50690 418396  3.10   .10 27.43 18.05 10.93   139  41.33 31.09 17595  2.08     9  9999  9999
 1043  50693 418399  4.07   .56 27.13 17.86 10.06   127  41.15 31.09 17592  2.10     8  9999  9999
 1043  50701 418406  5.10   .05 27.13 17.83 10.07   127  41.17 31.13 17616  2.10     8  9999  9999
 1044  50704 418410  6.12   .05 27.33 17.88 10.13   128  41.23 31.14 17624  2.09     8  9999  9999
 1044  50708 418412  7.09 20.63 27.23 17.81  9.88   125  41.05 31.04 17567  2.10     7  9999  9999
 1045  50714 418414  8.05 63.01 27.13 17.58  8.81   111  40.83 31.03 17559  2.10     7  9999  9999
 1046  50720 418416  9.04 18.65 27.13 17.45  8.38   105  40.71 31.03 17560  2.09     7  9999  9999
 1047  50727 418417  9.97 17.77 27.33 17.23  7.41    93  40.53 31.04 17569  2.09     6  9999  9999
 1047  50734 418418 11.09 16.69 27.53 17.14  7.13    89  40.50 31.09 17598  2.09     7  9999  9999
 1048  50739 418417 12.02 15.91 27.53 17.06  6.63    83  40.38 31.05 17576  2.10     6  9999  9999
 1049  50743 418415 13.04 15.30 28.02 16.90  5.62    70  40.38 31.17 17646  2.09     6  9999  9999
 1049  50751 418413 13.96 14.73 28.42 16.84  5.26    65  40.35 31.19 17657  2.10     5  9999  9999
 1050  50757 418412 15.04 14.07 28.42 16.68  4.94    61  40.18 31.17 17646  2.09     6  9999  9999
 1051  50762 418411 16.01 13.22 28.72 16.24  3.86    47  39.79 31.17 17649  2.09     5  9999  9999
 1051  50771 418409 16.99 12.58 29.01 15.17   .74     9  38.84 31.18 17659  2.08     6  9999  9999
 1053  50781 418408 18.02 11.66 29.30 14.98   .41     5  38.72 31.23 17684  2.09     6  9999  9999
 1053  50785 418406 18.94 41.43 29.40 14.67   .24     3  38.44 31.21 17678  2.08     6  9999  9999
 1054  50788 418406 19.97  9.97 29.50 14.11   .16     2  37.76 31.05 17583  2.09     7  9999  9999
 1054  50791 418406 20.94  8.95 29.40 13.77   .12     1  37.55 31.14 17636  2.08     6  9999  9999
 1055  50795 418406 22.02  7.89 29.74 13.36   .08     1  37.21 31.15 17645  2.08     6  9999  9999
 1056  50800 418405 22.93  7.08 29.74 13.12   .06     1  37.08 31.22 17688  2.08     6  9999  9999
 1056  50804 418404 23.92  6.10 29.74 12.98   .05     1  36.99 31.26 17710  2.07     6  9999  9999
 1057  50806 418404 24.99  5.05 30.03 12.81   .03     0  36.91 31.32 17745  2.07     6  9999  9999
 1057  50816 418402 25.92  4.17 30.23 12.63   .03     0  36.84 31.41 17796  2.08     6  9999  9999
 1058  50823 418401 26.95  3.36 30.33 12.54   .01     0  36.62 31.28 17722  2.08     6  9999  9999
 1058  50828 418400 27.98  2.43 30.52 12.42   .01     0  36.42 31.18 17665  2.08     6  9999  9999
 1059  50835 418402 28.90  1.77 31.02 12.24  0.00     0  36.40 31.31 17743  2.08     6  9999  9999
 1059  50841 418403 29.98   .99 30.92 12.08  0.00     0  36.24 31.29 17732  2.09     6  9999  9999
-1103  51525 418543   .85   .15 36.75 18.14 10.82   138  41.47 31.14 17624  2.07     8  9999  9999
 1104  51564 418551  2.12   .05 36.65 18.18 10.53   134  41.53 31.17 17638  2.07     8  9999  9999
 1105  51576 418552  3.05   .20 36.45 18.02 10.64   135  41.18 30.99 17538  2.08     9  9999  9999
 1105  51581 418553  4.07 32.52 35.66 18.02 10.56   134  41.41 31.19 17652  2.07     8  9999  9999
 1106  51592 418555  5.09 29.85 35.76 17.88 10.83   137  41.15 31.07 17583  2.08    10  9999  9999
 1106  51597 418555  6.07 25.79 35.76 17.69 10.15   128  41.00 31.09 17597  2.08     8  9999  9999
 1107  51604 418556  7.04 22.15 33.88 17.50  8.78   110  40.83 31.09 17594  2.07     8  9999  9999
 1108  51128 418506  8.07   .12 33.48 17.25  7.53    94  40.54 31.04 17565  2.07     6  9999  9999
 1109  51610 418559  9.10   .07 33.48 17.18  7.26    91  40.50 31.06 17579  2.06     5  9999  9999
 1109  51612 418559 10.02   .09 33.48 17.09  7.02    87  40.44 31.08 17590  2.07     5  9999  9999
 1110  51612 418560 11.04 16.86 33.48 17.03  6.64    83  40.44 31.13 17619  2.08     5  9999  9999
 1111  51613 418560 11.97 15.98 33.48 16.97  6.21    77  40.41 31.14 17626  2.06     5  9999  9999
 1111  51613 418560 12.99 14.42 33.48 16.92  5.89    73  40.26 31.05 17577  2.06     6  9999  9999
 1112  51614 418559 14.02 13.51 32.21 16.77  5.51    68  40.24 31.15 17635  2.06     6  9999  9999
 1112  51614 418559 15.04 12.41 32.11 16.68  5.06    62  40.18 31.17 17646  2.05     5  9999  9999
 1113  51610 418560 16.02 12.92 33.69 16.55  4.58    56  40.12 31.22 17677  2.06     4  9999  9999
 1113  51604 418561 16.99 13.56 34.18 15.95  2.88    35  39.48 31.13 17623  2.07     4  9999  9999
 1114  51598 418560 17.97 12.07 34.18 15.54  2.43    29  38.84 30.89 17486  2.07     5  9999  9999
 1115  51599 418558 18.95 11.00  4.82 14.30   .58     7  38.00 31.11 17621  2.06     7  9999  9999
 1116  51607 418560 19.97  9.94 33.58 14.06   .31     4  37.79 31.12 17626  2.06     6  9999  9999
 1117  51608 418562 20.93 69.28 33.48 13.60   .19     2  37.30 31.04 17582  2.06     6  9999  9999
 1117  51608 418565 21.97  9.23 34.08 13.28   .13     2  37.12 31.14 17640  2.06     6  9999  9999
 1118  51609 418567 23.00 68.86 34.18 13.09   .09     1  37.06 31.24 17698  2.07     6  9999  9999
 1118  51611 418568 23.92  7.67 34.27 12.92   .06     1  36.91 31.23 17695  2.07     6  9999  9999
 1119  51612 418569 24.99 75.56 34.37 12.78   .04     0  36.81 31.26 17711  2.06     6  9999  9999
 1119  51613 418570 25.86  5.13 34.57 12.68   .03     0  36.73 31.26 17713  2.05     6  9999  9999
 1120  51613 418569 26.93  3.81 34.18 12.53   .02     0  36.65 31.31 17741  2.05     6  9999  9999
 1120  51613 418569 27.98  2.53 34.37 12.29   .01     0  36.30 31.18 17666  2.06     6  9999  9999
 1120  51611 418569 28.95  1.72 34.77 12.12  0.00     0  36.24 31.26 17716  2.06     6  9999  9999
 1121  51611 418570 30.02  1.19 34.77 11.98  0.00     0  36.16 31.30 17736  2.05     6  9999  9999
 1121  51609 418571 30.90   .87 34.97 11.83  0.00     0  35.90 31.17 17665  2.06     6  9999  9999
 1122  51607 418572 31.83   .26 35.46 11.67  0.00     0  35.84 31.25 17707  2.06     6  9999  9999
 1122  51606 418573 32.94 67.12 35.76 11.50  0.00     0  35.71 31.27 17723  2.05     8  9999  9999
 1123  51128 418506 33.72 64.79 35.87 11.42  0.00     0  35.66 31.29 17733  2.04   100  9999  9999
-1135  52959 420283  1.09  9.29 10.78 17.81 11.00   139  41.06 31.05 17573  9999     8  9999 22.33
 1136  52965 420272  2.01  8.04 10.59 17.66 10.21   129  41.11 31.21 17665  9999     8  9999 22.49
 1137  52975 420268  3.04  6.82 10.49 17.76 10.74   135  40.93 30.99 17534  9999     8  9999 22.29
 1137  52980 420267  3.97  5.89 10.39 17.47  9.05   114  40.77 31.06 17580  9999     7  9999 22.42
 1138  52987 420270  4.71  4.94 13.06 17.42  8.61   108  40.72 31.06 17578  9999     7  9999 22.43
 1139  52982 420275  6.02  4.08 10.68 17.35  7.72    97  40.68 31.08 17592  9999     6  9999 22.46
 1139  52972 420283  7.00  3.27 10.77 17.27  7.62    95  40.62 31.10 17600  9999     5  9999 22.49
 1140  52963 420287  7.97  2.39 10.78 17.25  7.43    93  40.56 31.06 17577  9999     6  9999 22.47
 1140  52959 420289  9.05  1.36 10.89 17.23  7.28    91  40.50 31.02 17557  9999     5  9999 22.44
 1141  52948 420291  9.97   .56 10.89 17.13  7.26    90  40.44 31.05 17574  9999     6  9999 22.49 
-1150  53717 421050  1.05 15.06 16.61 17.75  7.33    92  40.98 31.03 17560  9999     5  9999 22.33
 1151  53710 421052  2.02 14.40 16.82 17.76  7.39    93  41.04 31.07 17583  9999     4  9999 22.36
 1151  53703 421054  3.05 13.54 16.91 17.78  7.39    93  41.09 31.10 17600  9999     5  9999 22.38
 1151  53698 421057  4.03 12.58 16.91 17.78  7.39    93  40.97 31.00 17542  9999     5  9999 22.30
 1152  53694 421060  5.00 11.71 16.91 17.64  7.32    92  40.88 31.03 17560  9999     5  9999 22.35
 1153  53693 421061  6.05 10.76 16.91 17.61  7.33    92  40.86 31.04 17564  9999     5  9999 22.37
 1153  53693 421059  7.10  9.78 17.01 17.53  7.33    92  40.80 31.05 17572  9999     5  9999 22.40
 1154  53694 421058  8.07  8.80 16.91 17.37  7.32    91  40.50 30.91 17494  9999     5  9999 22.33
 1154  53695 421055  9.00  7.72 16.82 17.22  7.23    90  40.48 31.01 17551  9999     5  9999 22.44
 1155  53695 421051 10.02  6.72 16.71 17.16  7.08    88  40.44 31.02 17559  9999     5  9999 22.46
 1155  53695 421045 11.05  5.45 16.71 17.13  7.08    88  40.42 31.03 17563  9999     5  9999 22.48
 1156  53696 421038 11.97  4.40 16.61 17.11  7.09    88  40.42 31.04 17569  9999     5  9999 22.49
 1157  53699 421031 13.00  3.27 16.42 17.09  7.11    89  40.44 31.08 17590  9999     5  9999 22.52
 1157  53700 421024 13.92  2.14 16.32 17.10  7.15    89  40.41 31.04 17569  9999     5  9999 22.49
 1158  53701 421016 14.95   .92 16.12 17.06  7.14    89  40.38 31.05 17576  9999     4  9999 22.51
-1207  55196 421400  1.05 19.86 21.31 18.07  7.81    99  41.33 31.08 17586  9999     6  9999 22.29
 1208  55226 421409  2.07 19.17 21.69 17.90  7.86    99  40.98 30.91 17492  9999     6  9999 22.20
 1208  55241 421413  3.05   .02 21.50 17.94  7.97   101  41.30 31.16 17634  9999     5  9999 22.38
 1209  55252 421417  4.03 17.60 21.50 17.56  7.21    91  40.74 30.97 17528  9999     5  9999 22.33
 1210  55257 421413  5.00 16.64 21.40 17.64  7.27    91  40.71 30.88 17473  9999     5  9999 22.24
 1210  55262 421411  6.02 15.40 21.40 17.66  7.29    92  40.91 31.04 17566  9999     5  9999 22.36
 1211  55268 421409  7.05 14.59 21.31 17.44  7.02    88  40.62 30.97 17525  9999     4  9999 22.36
 1211  55269 421407  8.07 13.69 21.40 17.34  6.78    85  40.54 30.97 17528  9999     4  9999 22.38
 1212  55266 421402  9.00 12.66 21.40 17.23  6.67    83  40.48 31.00 17545  9999     4  9999 22.43
 1212  55264 421397  9.97  1.28 21.31 17.16  6.62    82  40.42 31.00 17547  9999     4  9999 22.45
 1213  55262 421394 10.95 10.48 21.40 17.13  6.61    82  40.38 31.00 17545  9999     4  9999 22.45
 1213  55261 421390 11.97  9.38 21.40 17.09  6.58    82  40.38 31.03 17561  9999     4  9999 22.48
 1214  55260 421387 12.90  8.31 21.11 17.08  6.57    82  40.38 31.04 17567  9999     5  9999 22.49
 1214  55260 421382 14.02  6.84 20.81 17.08  6.61    82  40.38 31.04 17567  9999     4  9999 22.49
 1215  55258 421377 14.99  5.47 20.81 17.08  6.68    83  40.41 31.06 17579  9999     5  9999 22.51
 1216  55256 421372 15.87   .07 20.61 17.09  6.77    84  40.41 31.05 17576  9999     5  9999 22.50
 1216  55260 421367 16.99  3.51 20.42 17.08  6.77    84  40.41 31.06 17579  9999     5  9999 22.51
 1217  55269 421362 17.96  2.19 20.03 17.08  6.76    84  40.41 31.06 17579  9999     5  9999 22.51
 1218  55275 421360 18.94  1.33 19.83 17.04  6.72    84  40.38 31.06 17583  9999     5  9999 22.52
-1229  56284 420471   .71   .76 11.28 17.88  7.21    91  40.86 30.83 17443  9999     5  9999 22.14
 1229  56278 420483  2.08   .08 11.48 17.73  7.07    89  41.10 31.15 17628  9999     5  9999 22.42
 1230  56273 420491  3.10  8.39 11.67 17.85  7.22    91  41.04 31.01 17546  9999     5  9999 22.29
 1230  56271 420498  4.03  7.56 11.77 18.02  7.37    93  41.24 31.04 17567  9999     5  9999 22.27
 1231  56269 420505  5.05  6.95 11.98 17.50  6.82    86  40.60 30.89 17482  9999     5  9999 22.28
 1231  56268 420508  6.03  6.11 12.08 17.35  6.81    85  40.54 30.96 17521  9999     5  9999 22.37
 1232  56267 420512  7.05  5.30 12.27 17.32  6.67    83  40.48 30.94 17508  9999     5  9999 22.36
 1233  56269 420517  8.02  4.57 12.37 17.25  6.56    82  40.48 30.98 17536  9999     4  9999 22.41
 1233  56272 420518  9.05  3.71 12.57 17.22  6.52    81  40.44 30.98 17534  9999     4  9999 22.42
 1234  56275 420516 10.07  2.68 12.57 17.13  6.54    81  40.38 30.99 17542  9999     4  9999 22.45
 1234  56276 420512 11.05  1.66 12.47 17.08  6.48    81  40.36 31.02 17555  9999     4  9999 22.48
 1235  56280 420505 12.02   .70 12.37 17.06  6.45    80  40.36 31.03 17561  9999     4  9999 22.49
-1245  57620 418951  1.05   .05 16.42 18.58  7.92   101  41.67 30.98 17528  9999     7  9999 22.09
 1245  57627 418944  2.08   .08 16.22 18.38  7.72    98  41.53 31.01 17548  9999     5  9999 22.16
 1246  57641 418933  3.10   .49 15.62 18.22  7.64    97  41.09 30.77 17406  9999     6  9999 22.01
 1246  57644 418928  4.08   .05 16.22 17.83  7.52    95  41.04 31.02 17552  9999     6  9999 22.30
 1247  57643 418920  5.10  1.64 16.12 17.85  7.50    95  41.00 30.98 17528  9999     6  9999 22.26
 1247  57642 418916  6.02 10.54 16.02 17.80  7.46    94  40.74 30.79 17422  9999     6  9999 22.14
 1248  57637 418913  7.05  9.51 15.83 17.50  7.12    89  40.56 30.86 17465  9999     6  9999 22.26
 1248  57629 418914  8.02  8.85 16.12 17.46  7.03    88  40.54 30.88 17475  9999     6  9999 22.28
 1249  57620 418913  9.05  7.43 17.01 17.41  6.97    87  40.54 30.92 17496  9999     6  9999 22.32
 1250  57616 418911 10.02  6.23 16.61 17.37  6.90    86  40.48 30.89 17483  9999     5  9999 22.31
 1250  57617 418907 11.09  5.25 16.51 17.37  6.95    87  40.53 30.94 17509  9999     5  9999 22.35
 1251  57619 418904 11.97  4.49 16.22 17.16  6.33    79  40.32 30.92 17500  9999     4  9999 22.39
 1251  57598 418983 12.99   .07 16.32 17.09  6.07    75  40.26 30.92 17501  9999     4  9999 22.40
 1252  57621 418894 13.92  3.39 16.91 16.82  5.07    63  39.95 30.87 17469  9999     4  9999 22.42
 1253  57623 418885 14.94  1.51 16.61 16.73  4.75    59  39.92 30.90 17489  9999     4  9999 22.47
 1253  57626 418881 15.92   .24 16.42 16.70  4.53    56  39.89 30.91 17493  9999     4  9999 22.48
-1301  57984 417206  1.01  -.04 19.47 18.45  8.61   110  41.59 31.01 17546  9999     8  9999 22.14
 1302  57992 417189  2.08   .03 19.57 18.38  8.60   110  41.59 31.06 17577  9999     8  9999 22.20
 1302  58000 417179  3.01  0.00 20.02 18.30  8.58   109  41.41 30.98 17527  9999     7  9999 22.16
 1303  58004 417179  4.07 15.48 20.02 18.16  8.67   110  41.21 30.91 17491  9999     7  9999 22.14
 1303  58005 417177  5.05   .02 20.02 18.04  8.38   106  41.24 31.03 17561  9999     6  9999 22.26
 1304  58004 417175  6.07   .24  5.03 18.02  8.40   106  41.21 31.02 17553  9999     7  9999 22.26
 1304  58000 417172  7.05 12.59  5.13 17.98  8.34   106  41.21 31.05 17568  9999     6  9999 22.29
 1304  57998 417169  8.02 11.54 20.22 17.95  8.05   102  41.11 30.99 17537  9999     5  9999 22.25
 1305  57998 417169  9.00 10.56 20.12 17.85  7.65    97  41.05 31.02 17552  9999     5  9999 22.29
 1305  57999 417169  9.97  9.60 20.22 17.72  7.41    93  40.85 30.94 17509  9999     5  9999 22.27
 1306  58003 417166 10.99  8.77 20.32 17.47  6.91    86  40.38 30.74 17392  9999     5  9999 22.17
 1307  58007 417162 11.97  7.99 20.71 17.27  6.52    81  40.26 30.79 17423  9999     4  9999 22.26
 1307  58008 417163 12.99  6.91 20.61 17.20  6.32    79  40.26 30.84 17455  9999     5  9999 22.32
 1308  58010 417164 13.97  5.79 20.52 17.15  6.24    78  40.24 30.86 17465  9999     4  9999 22.34
 1308  58014 417164 14.94  4.59 20.32 17.09  6.19    77  40.18 30.85 17460  9999     5  9999 22.35
 1308  58017 417168 15.92  3.51 19.93 17.04  6.03    75  40.18 30.89 17482  9999     4  9999 22.39
 1309  58018 417176 16.94  2.88 19.57 16.90  5.80    72  40.00 30.84 17456  9999     4  9999 22.39
 1310  58017 417184 17.92  2.83 19.47 16.78  5.41    67  39.92 30.86 17467  9999     4  9999 22.43
 1310  58017 417187 18.84  2.16 19.57 16.65  5.03    62  39.77 30.84 17455  9999     4  9999 22.44
-1324  59268 414172  1.10 21.40 23.09 18.55  9.52   122  41.47 30.84 17446  9999     7  9999 21.99
 1324  59290 414174  2.07 20.76 23.67 18.56  9.42   120  41.45 30.81 17428  9999     7  9999 21.96
 1325  59300 414170  3.05 19.90 23.67 18.43  9.25   118  41.33 30.81 17429  9999     7  9999 22.00
 1325  59312 414158  4.02 19.19 23.97 17.93  8.89   112  40.68 30.64 17335  9999     6  9999 21.99
 1326  59322 414154  5.05 18.73 24.37 17.59  8.19   103  40.44 30.70 17369  9999     6  9999 22.11
 1327  59341 414148  6.02 18.16 24.17 17.49  7.95   100  40.38 30.72 17383  9999     6  9999 22.16
 1327  59349 414150  7.09 17.16 24.26 17.44  7.78    97  40.38 30.76 17408  9999     6  9999 22.20
 1328  59348 414161  8.07 16.28 24.26 17.40  7.67    96  40.36 30.77 17411  9999     5  9999 22.21
 1328  59343 414170  9.00 15.40 24.37 17.39  7.61    95  40.36 30.78 17418  9999     6  9999 22.23
 1329  59337 414175 10.07 14.27 24.17 17.39  7.53    94  40.36 30.78 17418  9999     5  9999 22.23
 1329  59331 414176 11.04 13.34 24.26 17.35  7.48    93  40.36 30.81 17433  9999     5  9999 22.25
 1330  59328 414176 12.02 12.31 24.17 17.30  7.35    92  40.24 30.74 17396  9999     5  9999 22.22
 1330  59325 414176 12.99 11.31 24.17 17.23  7.10    88  40.14 30.72 17383  9999     5  9999 22.22
 1331  59323 414175 13.97 10.31 24.17 17.04  6.89    86  40.04 30.77 17411  9999     5  9999 22.30
 1331  59321 414174 15.04  9.18 24.17 16.88  5.73    71  40.04 30.90 17486  9999     4  9999 22.43
 1332  59311 414175 16.06  8.08 24.07 16.82  5.56    69  39.92 30.84 17452  9999     4  9999 22.40
 1333  59306 414174 17.04  7.06 23.88 16.70  5.22    64  39.83 30.86 17463  9999     5  9999 22.44
 1333  59303 414172 18.01  5.83 23.97 16.53  4.76    59  39.74 30.90 17491  9999     5  9999 22.52
 1334  59298 414169 18.98  4.76 23.60 16.50  4.42    54  39.68 30.88 17477  9999     5  9999 22.51
 1334  59294 414164 20.01  3.39 23.38 16.39  4.15    51  39.60 30.89 17482  9999     5  9999 22.54
 1335  59291 414159 21.04  1.99 23.18 16.22  3.72    45  39.45 30.89 17486  9999     5  9999 22.58
 1336  59288 414149 22.07   .70 22.89 15.97  3.25    40  39.25 30.91 17499  9999     7  9999 22.65
-1400  61220 413050  1.00  9999  9999  9999  9999  9999   9999  9999  9999  9999  9999  9999  9999
 1400  61220 413050  9.00  9999  9999  9999  9999  9999   9999  9999  9999  9999  9999  9999  9999
-1500  62300 412250  1.00  9999  9999  9999  9999  9999   9999  9999  9999  9999  9999  9999  9999
 1500  62300 412250 17.00  9999  9999  9999  9999  9999   9999  9999  9999  9999  9999  9999  9999
-1600  65270 412088  1.00  9999  9999  9999  9999  9999   9999  9999  9999  9999  9999  9999  9999
 1600  65270 412088 13.00  9999  9999  9999  9999  9999   9999  9999  9999  9999  9999  9999  9999
-1700  66330 411630  1.00  9999  9999  9999  9999  9999   9999  9999  9999  9999  9999  9999  9999
 1700  66330 411630  8.00  9999  9999  9999  9999  9999   9999  9999  9999  9999  9999  9999  9999
-1800  67340 411360  1.00  9999  9999  9999  9999  9999   9999  9999  9999  9999  9999  9999  9999
 1800  67340 411360 10.00  9999  9999  9999  9999  9999   9999  9999  9999  9999  9999  9999  9999
-1900  68840 411250  1.00  9999  9999  9999  9999  9999   9999  9999  9999  9999  9999  9999  9999
 1900  68840 411250 12.00  9999  9999  9999  9999  9999   9999  9999  9999  9999  9999  9999  9999
-2000  69280 410950  1.00  9999  9999  9999  9999  9999   9999  9999  9999  9999  9999  9999  9999
 2000  69280 410950  6.00  9999  9999  9999  9999  9999   9999  9999  9999  9999  9999  9999  9999
