# M.C. ECOS2
# 20-11-1998 07:30:13
# PROJECTCODE<7>: E7501X
# MEETGEBIED: Grevelingenmeer
# STARTPUNT: Brouwersdam
# EINDPUNT: Grevelingendam
# TOCHTNR: GTSO
# OPDRACHTGEVER<12>: AXW
# BEHEERDER<17>: ZLXXAXMVSGN
# BEMONST. INST.<17>: ZLXXAXMVSGN
# ANALYS. INST<17>: AXW
* 19981120
$-9999 [000222220220203]
> TIJD
> X-COORD
> Y-COORD
>SENSHTE Diepte set      m
>Echms   Echoset         mtrs
>Temp       Temperatuur       oC
>pH      Zuurgraad       DIMSLS
>O2        Zuurstof          mg/l
>%O2        Zuurstof verz.p %
>GELBH   Geleidendheid   ms/cm
>SALNTT  Saliniteit      DIMSLS
>CL-       Chloride          mg/l
>DICHT   Dichtheid
>MEX-A   MEX-A           %
>FLUORCTEFlur ME         mg/l
 -731  69347 411033   2.10   4.09   7.66   7.90   8.58     85  28.55  27.16  15355  21.22      3 -1.199
  731  69354 411033   3.09  71.46   7.66   7.90   8.59     85  28.54  27.15  15349  21.21      4 -1.202
  732  69355 411032   4.10   1.81   7.73   7.89   8.56     85  28.61  27.16  15357  21.21      2 -1.208
  732  69349 411031   5.12  71.73   7.92   7.89   8.49     85  28.81  27.23  15398  21.24      5 -1.215
 -738  68772 411374   2.05  12.73   7.19   7.93   9.15     90  27.99  26.94  15229  21.10      3 -1.187
  739  68772 411384   3.08  69.04   7.26   7.92   9.20     90  28.06  26.96  15241  21.11      2 -1.174
  740  68773 411396   4.13  69.14   7.78   7.90   8.74     87  28.70  27.22  15390  21.25      5 -1.210
  741  68768 411403   5.16   6.16   7.56   7.92   8.91     88  28.43  27.10  15324  21.19      2 -1.142
  742  68758 411408   6.09  68.87   7.79   7.90   8.76     87  28.69  27.21  15382  21.24      4 -1.206
  743  68774 411388   7.22  71.17   8.03   7.90   8.61     86  28.96  27.30  15434  21.28      6 -1.200
  743  68779 411378   8.04  70.56   8.03   7.90   8.59     86  28.96  27.30  15437  21.28      3 -1.224
  744  68783 411356   9.15  69.51   8.02   7.90   8.58     86  28.95  27.30  15436  21.28      2 -1.198
  745  68782 411348  10.09  71.09   8.03   7.90   8.62     86  28.98  27.32  15445  21.29      3 -1.221
  745  68778 411346  11.05   3.63   8.03   7.90   8.62     86  28.98  27.31  15445  21.29      2 -1.239
  745  68769 411342  12.09  70.36   8.05   7.90   8.63     86  29.00  27.33  15454  21.30      5 -1.220
  746  68761 411340  13.07  70.73   8.05   7.90   8.64     86  29.00  27.33  15453  21.30      4 -1.202
 -755  67325 411400   2.03  11.00   6.85   7.94   9.35     91  27.72  26.91  15215  21.12      4 -1.151
  756  67320 411405   3.10  10.00   6.85   7.94   9.39     91  27.72  26.91  15214  21.12      4 -1.177
  757  67314 411410   4.14   8.97   6.87   7.94   9.38     91  27.73  26.91  15216  21.12      4 -1.206
  757  67312 411406   5.06   8.04   6.89   7.94   9.37     91  27.77  26.94  15229  21.14      4 -1.187
  758  67303 411389   5.98   7.11   7.02   7.94   9.33     91  27.87  26.94  15232  21.13      1 -1.148
  759  67296 411368   7.04   6.04   7.01   7.94   9.28     90  27.89  26.97  15249  21.15      4 -1.196
  759  67294 411344   8.09   4.82   7.33   7.93   9.12     90  28.33  27.19  15375  21.28      4 -1.173
  800  67300 411327   9.04   3.57   7.68   7.91   8.97     89  28.61  27.20  15381  21.25      5 -1.220
  801  67314 411317  10.18  71.29   7.94   7.91   8.75     87  28.90  27.31  15442  21.30      3 -1.223
  802  67330 411308  11.13  77.54   7.93   7.91   8.75     87  28.90  27.32  15446  21.31      3 -1.223
 -810  66352 411709   2.04   8.05   6.41   7.96   9.77     94  27.25  26.76  15125  21.05      4 -1.100
  811  66346 411718   3.03   7.10   6.32   7.96   9.81     94  27.17  26.74  15118  21.05      3 -1.128
  811  66339 411727   4.19  71.05   6.46   7.96   9.76     94  27.31  26.77  15134  21.06      4 -1.134
  812  66331 411735   5.08   5.32   6.58   7.96   9.73     94  27.42  26.80  15152  21.07      2 -1.147
  813  66320 411745   6.10   4.44   6.92   7.94   9.48     92  27.82  26.96  15245  21.16      4 -1.126
  813  66303 411754   7.04   3.51   7.42   7.92   9.14     90  28.40  27.19  15373  21.27      2 -1.166
  814  66285 411761   8.11   2.24   7.95   7.90   8.79     88  28.91  27.31  15441  21.30      4 -1.191
  816  66280 411763   9.11  70.84   8.00   7.90   8.74     87  28.96  27.32  15448  21.30      3 -1.181
 -829  65175 412105   2.13  69.24   6.36   7.96   9.93     94  27.17  26.70  15095  21.02      3 -1.099
  830  65170 412110   3.05  12.12   6.44   7.96   9.89     94  27.23  26.71  15099  21.01      3 -1.133
  830  65201 412096   4.14  11.15   6.40   7.96   9.85     94  27.23  26.74  15116  21.04      4 -1.075
  831  65201 412096   5.14  10.20   6.48   7.96   9.82     94  27.32  26.78  15138  21.06      2 -1.135
  831  65201 412096   6.14   9.17   6.55   7.96   9.78     93  27.43  26.83  15168  21.09      4 -1.115
  832  65201 412096   7.14   8.05   6.52   7.96   9.74     93  27.41  26.83  15169  21.10      3 -1.137
  832  65201 412096   8.02   7.03   6.53   7.95   9.77     93  27.42  26.85  15179  21.11      3 -1.128
  833  65173 412150   9.15   5.73   6.66   7.95   9.68     93  27.57  26.90  15207  21.13      5 -1.145
  833  65164 412166  10.03   3.90   7.76   7.91   9.16     90  28.72  27.26  15413  21.28      3 -1.176
  834  65153 412180  11.02  71.05   8.04   7.90   8.78     87  29.04  27.37  15478  21.34      4 -1.200
  835  65143 412189  11.52  68.71   8.05   7.90   8.71     86  29.05  27.38  15480  21.34      5 -1.195
 -921  62294 412136   2.13  71.00   6.94   7.95   9.71     94  27.85  26.98  15251  21.16      2 -1.198
  921  62284 412137   3.14  71.58   6.94   7.95   9.73     94  27.85  26.98  15254  21.17      3 -1.149
  922  62279 412139   4.14  69.51   6.94   7.95   9.71     94  27.85  26.98  15256  21.17      4 -1.186
  922  62274 412141   5.17  13.07   6.95   7.96   9.70     93  27.86  26.98  15256  21.17      3 -1.184
  922  62270 412144   6.04  78.61   6.95   7.95   9.69     93  27.86  26.99  15257  21.17      6 -1.176
  923  62263 412149   7.04  67.78   6.93   7.95   9.71     94  27.84  26.98  15256  21.17      5 -1.166
  923  62257 412154   8.22  69.69   6.96   7.95   9.69     93  27.88  26.99  15260  21.17      5 -1.143
  924  62247 412163   9.13  67.98   6.95   7.95   9.69     93  27.86  26.99  15257  21.17      3 -1.159
  924  62244 412167  10.03  70.05   6.97   7.95   9.67     93  27.88  26.99  15259  21.17      4 -1.148
  924  62236 412174  11.11  71.29   7.27   7.93   9.50     92  28.18  27.08  15310  21.20      4 -1.178
  925  62219 412188  12.01  71.50   7.91   7.90   8.93     88  28.93  27.36  15471  21.34      4 -1.200
  926  62172 412170  12.95  70.01   8.07   7.90   8.73     87  29.13  27.44  15519  21.39      6 -1.235
  927  62161 412164  14.04  69.19   8.12   7.90   8.72     87  29.21  27.49  15547  21.42      3 -1.240
  928  62146 412151  15.23  68.65   8.10   7.90   8.76     87  29.22  27.51  15558  21.44      8 -1.235
  928  62136 412141  16.08  71.34   8.11   7.90   8.77     87  29.24  27.53  15568  21.45     10 -1.222
 -938  61150 413016   2.11   8.31   6.72   7.96   9.80     94  27.67  26.96  15244  21.18      3 -1.119
  939  61141 413018   3.02   7.36   6.72   7.96   9.78     94  27.67  26.96  15243  21.18      4 -1.139
  940  61132 413019   4.16   6.14   6.73   7.96   9.78     94  27.68  26.97  15246  21.18      4 -1.165
  940  61123 413020   5.12   5.19   6.77   7.96   9.77     94  27.72  26.98  15255  21.19      3 -1.153
  941  61107 413023   6.13   4.11   6.79   7.95   9.76     94  27.75  26.99  15261  21.19      4 -1.146
  942  61098 413023   7.03   3.21   6.82   7.95   9.77     94  27.79  27.01  15270  21.20      5 -0.982
  942  61084 413022   8.10  70.41   6.92   7.95   9.68     93  27.91  27.07  15303  21.24      4 -1.164
  943  61073 413019   9.19  70.90   7.13   7.94   9.61     93  28.14  27.14  15347  21.27      4 -1.158
 -955  59389 414263   2.09  69.80   6.72   7.96   9.83     94  27.72  27.02  15277  21.22      4 -1.138
  955  59380 414263   3.15  18.34   6.73   7.96   9.81     94  27.74  27.02  15278  21.22      3 -1.146
  955  59366 414258   4.07  18.49   6.75   7.97   9.84     94  27.78  27.06  15299  21.25      4 -1.175
  956  59358 414251   5.11  71.63   6.82   7.98   9.86     95  27.84  27.06  15302  21.24      3 -1.156
  956  59351 414243   6.02  69.87   6.86   7.97   9.84     95  27.88  27.07  15307  21.25      3 -1.070
  956  59345 414233   7.00  71.09   6.94   7.97   9.80     94  27.95  27.09  15318  21.25      3 -1.145
  957  59347 414226   8.09  71.80   7.14   7.96   9.71     94  28.12  27.11  15330  21.25      4 -1.173
  958  59357 414213   9.05  71.70   7.30   7.95   9.56     93  28.31  27.19  15373  21.29      5 -1.180
  959  59366 414201  10.06  69.16   7.39   7.94   9.43     92  28.44  27.26  15414  21.33      2 -1.162
  960  59370 414192  11.05  70.92   7.60   7.93   9.32     91  28.69  27.36  15471  21.38      4 -1.198
 1000  59374 414174  12.13  69.48   7.71   7.92   9.15     90  28.81  27.39  15491  21.40      4 -1.211
 1001  59378 414170  13.16  71.21   7.86   7.92   9.03     89  28.98  27.45  15522  21.42      4 -1.201
 1002  59380 414175  14.08  71.12   7.98   7.91   8.88     88  29.12  27.50  15553  21.45      6 -1.183
 1003  59379 414183  15.12  68.67   8.00   7.90   8.83     88  29.14  27.51  15558  21.45      6 -1.193
 1004  59379 414186  16.10  70.75   8.02   7.90   8.81     87  29.17  27.52  15564  21.45      4 -1.211
 1004  59378 414188  17.08  68.94   8.06   7.90   8.80     87  29.21  27.53  15572  21.46      4 -1.203
 1004  59376 414194  18.16  68.92   8.21   7.89   8.71     87  29.37  27.59  15601  21.48      5 -1.191
 1005  59374 414208  19.02  69.38   8.29   7.89   8.63     86  29.45  27.60  15611  21.48      4 -1.200
 1006  59368 414228  20.02  72.27   8.36   7.88   8.46     85  29.55  27.65  15636  21.51      4 -1.226
 1007  59365 414240  21.11  70.00   8.37   7.88   8.42     84  29.55  27.65  15636  21.51      6 -1.233
 1007  59368 414248  22.06  64.96   8.42   7.87   8.36     84  29.62  27.67  15650  21.52      4 -1.240
-1026  57949 417341   1.97  17.10   6.97   7.95   9.74     94  27.89  27.00  15268  21.18      2 -1.140
 1026  57936 417343   2.98  31.43   6.96   7.95   9.72     94  27.90  27.01  15272  21.19      2 -1.132
 1027  57929 417340   4.02  14.66   6.96   7.95   9.76     94  27.89  27.01  15270  21.19      5 -1.171
 1027  57922 417333   5.18  13.49   7.00   7.95   9.71     94  27.92  27.01  15272  21.18      4 -1.172
 1028  57917 417318   6.09  70.70   7.01   7.94   9.73     94  27.93  27.02  15277  21.19      3 -1.130
 1029  57919 417295   7.24  12.02   7.02   7.95   9.71     94  27.95  27.02  15279  21.19      4 -1.174
 1029  57919 417289   8.14  11.24   6.99   7.95   9.72     94  27.94  27.04  15286  21.20      4 -1.165
 1030  57917 417281   9.09  10.48   7.05   7.95   9.71     94  27.98  27.03  15285  21.20      3 -1.140
 1030  57913 417270  10.13   9.41   7.20   7.94   9.57     93  28.19  27.14  15344  21.26      4 -1.183
 1031  57908 417261  11.05   8.02   7.11   7.94   9.61     93  28.07  27.08  15310  21.22      6 -1.163
 1031  57903 417261  11.99   6.99   7.30   7.94   9.55     93  28.32  27.20  15377  21.29      2 -1.193
 1032  57896 417288  13.18   5.41   7.47   7.93   9.32     91  28.52  27.28  15425  21.34      4 -1.175
 1033  57895 417305  14.20   4.07   7.56   7.92   9.17     90  28.70  27.39  15491  21.41      5 -1.185
 1033  57889 417334  15.20   2.67   7.78   7.91   9.02     89  28.93  27.47  15534  21.45      7 -1.177
 1035  57883 417349  16.17   1.52   7.81   7.91   8.99     89  28.97  27.48  15539  21.45      2 -1.200
 1035  57874 417361  16.88  71.77   7.97   7.90   8.82     87  29.17  27.57  15591  21.50      3 -1.189
-1047  57645 419003   2.14  13.00   6.80   7.96   9.85     95  27.75  26.99  15261  21.19      7 -1.092
 1048  57648 419006   3.09  11.49   6.79   7.96   9.84     94  27.75  26.99  15261  21.19      3 -1.117
 1048  57652 419008   4.08  10.02   6.79   7.96   9.85     95  27.75  26.99  15261  21.19      3 -1.100
 1048  57652 419007   5.15   8.83   6.84   7.95   9.85     95  27.80  27.01  15271  21.20      3 -1.139
 1049  57652 419004   6.06   8.07   6.86   7.95   9.83     95  27.82  27.02  15275  21.20      2 -1.116
 1049  57650 418998   7.20   7.53   6.86   7.95   9.82     94  27.83  27.02  15279  21.21      2 -1.118
 1050  57646 418993   8.20   7.21   6.86   7.96   9.81     94  27.84  27.03  15285  21.22      3 -1.114
 1050  57643 418988   9.23   6.33   6.83   7.96   9.82     94  27.81  27.03  15281  21.22      5 -1.114
 1050  57631 418981  10.12   5.68   7.50   7.91   9.49     93  28.75  27.50  15551  21.50      2 -1.196
 1051  57619 418978  11.07   5.77   7.13   7.95   9.52     92  28.16  27.16  15359  21.29      5 -1.129
 1052  57607 418976  12.22   4.94   7.57   7.93   9.25     91  28.75  27.44  15518  21.45      3 -1.188
 1052  57584 418977  13.16  71.94   8.24   7.89   8.54     85  29.50  27.69  15661  21.56      3 -1.191
 1053  57571 418978  14.00  72.70   8.33   7.89   8.47     85  29.61  27.74  15688  21.58      5 -1.159
 1054  57562 418976  15.08   1.74   8.38   7.89   8.47     85  29.67  27.76  15698  21.59      5 -1.208
 1055  57555 418980  16.07  69.97   8.43   7.89   8.41     84  29.72  27.78  15711  21.60      5 -1.200
-1106  56448 420736   2.04  10.17   6.51   7.99  10.06     96  27.55  27.00  15266  21.23      5 -1.098
 1106  56445 420749   3.06   9.04   6.51   7.98  10.04     96  27.55  27.00  15268  21.23      5 -0.828
 1107  56444 420755   4.02   8.07   6.51   7.99  10.04     96  27.55  27.00  15268  21.23      5 -1.102
 1107  56441 420761   5.07   6.92   6.50   7.98  10.05     96  27.56  27.01  15274  21.24      7 -1.112
 1107  56441 420766   5.95   5.89   6.53   7.98  10.03     96  27.59  27.03  15284  21.25      4 -1.107
 1108  56459 420762   6.99   4.48   6.55   7.98  10.03     96  27.63  27.05  15293  21.26      4 -1.100
 1109  56473 420741   8.18   3.26   6.60   7.97   9.99     96  27.68  27.06  15303  21.27      4 -1.048
 1109  56475 420733   9.06   2.55   6.62   7.97   9.96     95  27.71  27.08  15310  21.28      3 -1.110
 1109  56475 420723  10.09  68.58   6.65   7.97   9.98     96  27.73  27.08  15313  21.28      5 -1.135
 1110  56469 420713  11.04  69.07   7.16   7.94   9.71     94  28.30  27.29  15432  21.38      3 -1.208
-1118  55267 421419   2.11  20.88   6.55   7.97   9.97     95  27.69  27.11  15331  21.32      4 -1.069
 1118  55246 421435   3.04  19.91   6.55   7.97   9.96     95  27.69  27.11  15331  21.32      5 -1.097
 1119  55239 421442   4.11  18.83   6.54   7.97   9.99     95  27.68  27.11  15331  21.32      2 -1.089
 1119  55236 421446   5.17  17.74   6.54   7.97   9.98     95  27.68  27.11  15330  21.31      3 -1.070
 1119  55227 421471   6.23  16.32   6.55   7.97   9.97     95  27.69  27.11  15331  21.31      4 -1.080
 1120  55230 421480   6.92  15.47   6.55   7.97   9.97     95  27.68  27.12  15332  21.32      4 -1.079
 1120  55245 421481   8.12  14.14   6.59   7.96   9.94     95  27.73  27.13  15339  21.32      5 -1.102
 1121  55259 421467   9.08  13.49   6.61   7.96   9.91     95  27.76  27.15  15349  21.33      3 -1.117
 1122  55264 421454  10.04  12.19   6.61   7.96   9.89     95  27.76  27.14  15349  21.33      5 -1.118
 1122  55259 421431  10.99  11.58   6.64   7.96   9.87     95  27.79  27.15  15351  21.33      3 -1.125
 1123  55237 421410  12.19  10.46   6.64   7.95   9.85     94  27.79  27.15  15354  21.34      6 -1.053
 1124  55229 421406  13.12   9.53   6.65   7.95   9.84     94  27.80  27.15  15354  21.34      4 -1.164
 1124  55222 421403  14.13   8.31   6.67   7.95   9.85     94  27.82  27.16  15357  21.34      4 -1.151
 1124  55224 421412  15.00  68.31   7.44   7.92   9.28     91  28.60  27.39  15488  21.43      3 -1.173
 1125  55225 421433  16.01   6.36   8.36   7.88   8.38     84  29.66  27.76  15703  21.60      6 -1.220
 1127  55221 421444  17.01   5.38   8.58   7.88   8.21     83  29.92  27.85  15755  21.64      1 -1.218
 1127  55217 421451  18.05   4.48   8.62   7.87   8.15     82  29.97  27.88  15772  21.66      3 -1.202
 1128  55209 421463  19.09   3.35   8.66   7.87   8.16     82  30.02  27.90  15781  21.66      6 -1.228
 1128  55197 421480  20.15   2.40   8.82   7.87   8.00     81  30.24  28.00  15836  21.72      6 -1.200
 1130  55190 421490  21.10  68.96   8.85   7.87   7.90     80  30.25  27.99  15833  21.71      3 -1.221
-1139  53762 421103   2.03  16.61   6.31   7.95   9.86     94  27.51  27.12  15334  21.35      3 -1.111
 1140  53751 421098   2.99  75.12   6.41   7.95   9.87     94  27.60  27.13  15342  21.35      7 -1.137
 1141  53739 421095   3.96  14.44   6.30   7.95   9.86     94  27.52  27.13  15339  21.35      3 -1.135
 1141  53731 421096   5.11  13.39   6.70   7.96   9.78     94  27.83  27.15  15354  21.33      4 -1.112
 1142  53730 421091   6.16  12.24   6.78   7.96   9.80     94  27.91  27.18  15367  21.34      7 -1.132
 1142  53742 421087   7.18  11.14   6.73   7.96   9.82     94  27.89  27.19  15374  21.35      4 -1.107
 1143  53762 421093   8.12  10.20   6.49   7.96   9.82     94  27.67  27.15  15350  21.35      3 -1.114
 1144  53786 421108   9.07   9.38   6.41   7.96   9.85     94  27.63  27.16  15360  21.37      2 -1.125
 1144  53815 421134  10.05   8.80   6.53   7.96   9.82     94  27.69  27.14  15346  21.34      2 -1.123
 1145  53836 421156  11.22   7.77   6.54   7.95   9.82     94  27.71  27.15  15351  21.34      4 -1.105
 1146  53847 421170  12.09  72.58   6.48   7.95   9.81     94  27.67  27.15  15355  21.36      3 -1.122
 1146  53853 421181  12.91  79.30   6.49   7.95   9.81     94  27.68  27.15  15353  21.35      4 -1.086
 1147  53857 421191  14.12  68.97   6.69   7.95   9.78     94  27.86  27.19  15373  21.36      3 -1.140
 1147  53860 421205  15.01  72.19   6.73   7.95   9.80     94  27.89  27.19  15375  21.36      5 -1.135
 1148  53857 421223  16.03   3.03   6.83   7.95   9.69     93  27.99  27.22  15392  21.37      5 -1.175
 1149  53853 421228  16.85  67.92   8.00   7.87   9.05     90  29.53  27.91  15788  21.76      4 -1.200
-1208  52728 420310   2.08  10.24   6.93   7.95   9.72     94  28.07  27.23  15399  21.36      3 -1.086
 1208  52726 420314   2.85   9.34   6.93   7.95   9.74     94  28.08  27.23  15400  21.37      4 -1.078
 1209  52728 420320   4.08   8.24   6.92   7.96   9.70     94  28.07  27.23  15399  21.37      5 -1.124
 1209  52735 420329   5.00   7.14   6.94   7.95   9.72     94  28.08  27.23  15400  21.37      5 -1.102
 1210  52741 420345   6.10   5.96   6.95   7.95   9.66     93  28.10  27.24  15403  21.37      1 -1.103
 1211  52742 420355   7.15   4.90   6.93   7.94   9.64     93  28.10  27.25  15411  21.38      3 -1.143
 1211  52740 420367   8.15   3.87   6.89   7.94   9.59     93  28.07  27.26  15414  21.39      5 -1.187
 1212  52735 420385   9.07   3.01   6.93   7.94   9.58     93  28.10  27.26  15413  21.38      3 -1.141
 1212  52731 420398  10.07   1.90   6.89   7.94   9.60     93  28.07  27.26  15413  21.39      3 -1.159
 1213  52729 420406  10.99  73.31   7.68   7.91   9.35     92  29.15  27.78  15712  21.70      4 -1.185
-1226  51552 418673   2.10  68.65   6.99   7.93   9.63     93  28.13  27.24  15406  21.37      5 -1.106
 1227  51545 418663   3.11  68.67   6.94   7.94   9.57     92  28.18  27.33  15457  21.44      5 -1.133
 1228  51546 418655   4.07  70.04   6.94   7.94   9.56     92  28.18  27.33  15457  21.44      3 -1.105
 1229  51550 418649   4.99  69.97   7.04   7.94   9.52     92  28.28  27.36  15474  21.45      8 -1.167
 1229  51558 418649   6.09  69.19   7.13   7.94   9.44     92  28.39  27.40  15497  21.47      1 -1.129
 1230  51564 418655   7.00  72.82   7.26   7.93   9.46     92  28.50  27.42  15510  21.48      4 -1.167
 1231  51565 418657   7.98  71.55   7.93   7.91   9.12     90  29.18  27.61  15613  21.53      5 -1.171
 1231  51567 418651   9.00  25.23   8.46   7.91   8.68     87  30.01  28.06  15871  21.81      6 -1.191
 1232  51569 418646   9.99  69.19   8.44   7.91   8.62     87  30.04  28.09  15894  21.85      4 -1.192
 1233  51574 418634  11.04  24.42   8.39   7.92   8.72     88  30.08  28.18  15943  21.92      4 -1.132
 1233  51581 418624  12.05  66.63   8.52   7.91   8.58     86  30.24  28.24  15975  21.94      4 -1.208
 1234  51581 418624  13.08  70.68   8.42   7.92   8.61     87  30.16  28.23  15975  21.96      3 -1.198
 1235  51579 418626  14.15  70.92   8.42   7.92   8.67     87  30.16  28.24  15977  21.96      3 -1.182
 1235  51574 418630  15.07  43.32   8.39   7.92   8.68     87  30.16  28.26  15988  21.98      5 -1.211
 1236  51575 418633  15.99  70.19   8.66   7.91   8.28     84  30.52  28.41  16076  22.06      3 -1.173
 1237  51576 418633  17.03  69.04   8.67   7.91   8.30     84  30.53  28.42  16082  22.07      6 -1.204
 1238  51566 418638  17.98  71.77   8.86   7.89   7.82     80  30.96  28.71  16249  22.27      6 -1.186
 1239  51571 418631  19.13  70.84   9.04   7.89   7.69     79  31.15  28.76  16277  22.28      3 -1.191
 1240  51580 418623  20.18  16.15   9.62   7.83   6.68     69  31.87  29.01  16422  22.39      4 -1.208
 1241  51578 418624  21.00  70.48   9.76   7.82   6.40     67  32.08  29.11  16481  22.45      4 -1.208
 1242  51575 418625  21.94  70.89   9.80   7.82   6.40     67  32.11  29.11  16480  22.44      6 -1.226
 1243  51568 418630  23.20  11.95   9.87   7.80   6.10     64  32.34  29.28  16579  22.56      6 -1.227
 1244  51570 418630  23.98  67.94   9.89   7.79   6.10     64  32.38  29.31  16594  22.58      4 -1.218
 1244  51575 418628  25.08  70.26   9.89   7.80   6.16     65  32.39  29.32  16600  22.59      3 -1.212
 1245  51576 418628  25.95  68.09   9.91   7.79   6.17     65  32.43  29.34  16612  22.60      6 -1.248
 1249  51593 418624  27.02  71.01   9.92   7.79   6.16     65  32.48  29.38  16636  22.63      4 -1.226
 1249  51566 418635  28.13  70.31   9.93   7.77   5.91     62  32.52  29.42  16657  22.66      5 -1.225
 1251  51581 418640  29.22  71.06   9.94   7.75   5.66     59  32.58  29.47  16687  22.70      5 -1.210
 1252  51583 418638  30.12  69.72   9.94   7.73   5.48     58  32.61  29.49  16699  22.71      5 -0.560
 1253  51581 418635  31.00   4.72   9.94   7.73   5.47     57  32.61  29.50  16702  22.72      7 -1.219
 1253  51574 418638  32.05  70.33   9.95   7.71   5.26     55  32.64  29.53  16718  22.74      4 -1.208
 1254  51582 418643  33.09  70.36   9.95   7.69   4.90     51  32.67  29.55  16734  22.76      6 -1.166
 1255  51577 418645  33.96  72.53   9.95   7.67   4.83     51  32.67  29.55  16735  22.76      6 -1.216
-1303  50668 418377   2.05  70.92   7.27   7.94   9.51     93  28.50  27.42  15504  21.47      4 -1.208
 1304  50659 418376   3.04  78.98   7.27   7.94   9.52     93  28.51  27.42  15505  21.47      3 -1.176
 1304  50655 418376   4.02  71.15   7.27   7.94   9.52     93  28.50  27.41  15504  21.47      2 -1.175
 1305  50649 418381   5.07  72.31   7.29   7.94   9.51     93  28.52  27.42  15509  21.47      3 -1.154
 1305  50656 418378   6.03  68.07   7.59   7.95   9.36     92  29.04  27.73  15686  21.67      5 -1.159
 1306  50662 418369   7.10  70.58   7.74   7.95   9.33     92  29.25  27.82  15739  21.73      5 -1.188
 1307  50663 418364   8.00  71.68   7.60   7.95   9.30     92  29.19  27.88  15775  21.79      4 -1.208
 1307  50657 418358   9.00  69.55   7.66   7.95   9.34     92  29.30  27.94  15809  21.83      4 -1.187
 1308  50657 418353  10.00  68.73   7.68   7.95   9.39     93  29.34  27.97  15823  21.85      5 -1.200
 1308  50656 418352  11.09  69.73   7.92   7.94   9.21     91  29.62  28.07  15879  21.89      5 -1.052
 1309  50653 418353  11.99  68.90   7.85   7.94   9.19     91  29.60  28.10  15901  21.93      3 -1.194
 1309  50649 418355  13.00  70.09   7.73   7.95   9.23     91  29.55  28.16  15931  21.99      5 -1.191
 1310  50645 418357  14.08  71.38   7.82   7.95   9.24     92  29.65  28.19  15952  22.01      5 -1.189
 1310  50650 418359  15.05  72.46   7.88   7.94   9.12     91  29.76  28.25  15985  22.04      6 -1.218
 1311  50652 418364  16.05  68.75   8.25   7.93   8.77     88  30.14  28.35  16040  22.07      5 -1.214
 1312  50652 418364  17.02  68.07   8.34   7.93   8.70     87  30.23  28.37  16055  22.08      6 -0.861
 1313  50652 418363  18.05  67.50   8.50   7.92   8.66     87  30.33  28.34  16038  22.03      6 -1.211
 1314  50653 418362  19.06  70.41   8.74   7.90   8.23     83  30.68  28.52  16137  22.13      4 -1.219
 1314  50653 418357  20.00   8.66   8.82   7.90   8.05     82  30.84  28.62  16197  22.20      4 -1.214
 1316  50647 418362  21.20  70.67   9.64   7.82   6.58     68  31.85  28.98  16405  22.36      6 -1.234
 1317  50647 418364  22.04  66.31   9.62   7.83   6.56     68  31.85  29.00  16416  22.38      4 -1.224
 1318  50650 418362  23.03  71.28   9.59   7.83   6.55     68  31.88  29.05  16444  22.42      5 -1.258
 1318  50663 418350  24.13  70.47   9.62   7.82   6.35     66  31.98  29.13  16487  22.48      6 -1.224
 1319  50657 418355  25.22  76.02   9.74   7.80   6.01     63  32.17  29.22  16542  22.53     13 -1.260
 1321  50655 418356  25.87  68.79   9.77   7.80   6.02     63  32.21  29.24  16551  22.54      3 -1.258
 1321  50648 418363  27.06  69.53   9.91   7.74   5.39     57  32.55  29.46  16680  22.69      4 -1.253
-1331  49688 418262   1.96  16.86   7.02   7.94   9.52     93  28.23  27.32  15452  21.43      4 -1.105
 1331  49681 418264   2.96  15.88   7.00   7.95   9.56     93  28.22  27.32  15450  21.43      2 -1.161
 1332  49667 418270   4.13  70.02   7.09   7.94   9.51     93  28.30  27.35  15466  21.44      4 -1.129
 1332  49663 418272   4.93  69.43   7.10   7.94   9.50     93  28.32  27.36  15471  21.44      3 -1.132
 1333  49667 418267   6.07  12.51   7.13   7.95   9.51     93  28.35  27.36  15472  21.44      5 -1.128
 1334  49671 418262   7.11  11.58   7.15   7.95   9.50     93  28.37  27.37  15478  21.45      3 -1.171
 1334  49676 418244   8.06  69.18   7.55   7.93   9.31     92  29.11  27.84  15747  21.76      4 -1.192
 1335  49674 418233   8.99  70.31   7.51   7.95   9.29     92  29.07  27.83  15740  21.76      6 -1.175
 1336  49668 418234  10.07  68.48   7.58   7.94   9.28     92  29.17  27.87  15767  21.79      2 -1.203
 1336  49661 418235  10.93  69.63   7.62   7.95   9.26     92  29.26  27.93  15801  21.83      6 -1.219
 1337  49659 418240  12.07  71.92   7.64   7.95   9.24     92  29.41  28.08  15888  21.94      7 -1.208
 1337  49661 418243  13.10  69.87   7.67   7.95   9.23     92  29.51  28.16  15934  22.00      4 -1.189
 1337  49661 418249  13.98  68.56   7.71   7.95   9.22     92  29.59  28.22  15966  22.04      4 -1.199
 1338  49668 418251  15.09  69.48   8.37   7.92   8.46     86  30.38  28.50  16131  22.17      4 -1.227
 1339  49661 418240  15.98  68.85   8.16   7.94   8.72     88  30.22  28.51  16135  22.21      7 -1.184
 1341  49659 418247  17.06  66.95   8.47   7.92   8.40     86  30.55  28.60  16184  22.23      6 -1.193
 1342  49671 418243  18.11  69.68   8.53   7.91   8.15     83  30.65  28.65  16216  22.27      8 -1.223
-1349  48852 418164   2.15  71.68   7.13   7.95   9.53     93  28.36  27.38  15482  21.45      5 -1.128
 1350  48842 418166   3.06  69.51   7.13   7.95   9.52     93  28.36  27.37  15480  21.45      3 -1.114
 1350  48836 418170   4.09  70.66   7.13   7.95   9.59     94  28.36  27.37  15480  21.45      1 -1.105
 1351  48836 418171   5.10  68.70   7.13   7.95   9.52     93  28.36  27.37  15479  21.45      2 -1.150
 1351  48831 418173   6.06  68.85   7.14   7.95   9.50     93  28.37  27.38  15484  21.46      3 -1.124
 1352  48825 418173   6.97  68.12   7.13   7.94   9.49     93  28.37  27.39  15488  21.46      2 -1.144
 1352  48818 418170   8.02  70.67   7.03   7.93   9.40     92  28.40  27.50  15554  21.56      6 -1.197
 1353  48815 418171   9.06  69.43   7.57   7.94   9.24     92  29.07  27.77  15710  21.71      6 -1.166
 1354  48813 418168  10.01  71.28   7.64   7.94   9.21     92  29.27  27.93  15798  21.82      5 -1.179
 1354  48809 418165  11.10  71.28   7.71   7.94   9.18     92  29.41  28.02  15855  21.89      3 -1.197
 1355  48807 418167  12.06  75.16   7.81   7.94   9.14     91  29.61  28.14  15924  21.97      6 -1.203
 1355  48807 418171  13.08  72.04   7.85   7.95   9.10     91  29.71  28.22  15969  22.02      5 -1.170
 1356  48813 418168  14.12  71.23   7.89   7.94   9.05     91  29.75  28.24  15977  22.03      5 -1.215
 1357  48815 418167  14.97  69.67   7.93   7.94   8.95     90  29.86  28.31  16021  22.08      4 -1.197
 1357  48808 418170  16.10  69.65   8.00   7.93   8.84     89  29.95  28.36  16047  22.11      6 -1.175
 1358  48807 418171  17.04  69.13   8.06   7.94   8.77     88  30.13  28.50  16127  22.21      6 -1.193
 1358  48804 418169  18.09  71.04   8.13   7.94   8.70     88  30.23  28.55  16157  22.24      7 -1.174
 1359  48804 418168  19.04  69.11   8.18   7.93   8.69     88  30.29  28.56  16165  22.25      4 -1.167
 1359  48806 418165  20.04  70.50   8.23   7.93   8.62     87  30.32  28.56  16162  22.24      5 -1.156
 1360  48805 418160  21.08  25.32   8.59   7.90   7.95     81  30.85  28.81  16310  22.39      6 -1.219
 1401  48814 418160  22.13  71.62   8.67   7.90   7.79     80  30.97  28.87  16342  22.42      7 -1.202
 1402  48816 418167  23.07  71.82   9.21   7.84   6.82     71  31.58  29.05  16447  22.48      8 -1.197
 1403  48809 418171  24.06  67.48   9.40   7.83   6.41     67  31.84  29.16  16510  22.54      5 -1.188
 1404  48808 418176  25.04  68.84   9.56   7.81   6.02     63  32.07  29.27  16571  22.60      5 -1.209
 1406  48810 418169  25.98  70.23   9.65   7.80   5.85     62  32.23  29.35  16619  22.65      5 -1.228
 1407  48810 418168  27.08  19.44   9.67   7.80   5.82     61  32.27  29.38  16634  22.67      6 -1.230
 1407  48807 418169  28.02  71.70   9.76   7.78   5.58     59  32.44  29.48  16691  22.73      3 -1.200
 1409  48815 418165  29.09  70.26   9.82   7.78   5.46     58  32.67  29.66  16798  22.86      7 -1.257
 1410  48815 418165  30.02  70.99   9.84   7.77   5.42     57  32.80  29.77  16858  22.94      5 -1.217
 1410  48809 418171  31.04  15.51   9.85   7.70   4.70     50  33.06  30.03  17009  23.14      7 -1.257
 1412  48805 418167  32.06  68.81   9.84   7.65   4.23     45  33.08  30.06  17027  23.17      6 -1.249
 1413  48808 418171  33.01  13.83   9.83   7.63   4.01     43  33.09  30.07  17034  23.18      5 -1.242
 1414  48813 418179  34.07  70.28   9.81   7.56   3.15     33  33.09  30.09  17046  23.20      3 -1.234
 1415  48807 418163  34.96  70.30   9.81   7.54   2.82     30  33.09  30.09  17045  23.20      5 -1.213
 1417  48805 418177  36.13  69.57   9.80   7.51   2.58     27  33.09  30.10  17050  23.20      5 -1.215
 1419  48805 418177  37.16  69.57   9.81   7.51   2.60     28  33.09  30.10  17050  23.20      3 -1.246
 1419  48810 418159  38.00  68.86   9.80   7.50   2.50     27  33.10  30.10  17052  23.21      5 -1.229
 1420  48812 418144  39.13  66.94   9.80   7.49   2.28     24  33.09  30.10  17053  23.21      5 -1.228
 1421  48806 418154  40.06  72.47   9.80   7.48   2.19     23  33.09  30.10  17053  23.21      5 -1.240
 1421  48801 418165  41.13  71.08   9.80   7.48   2.17     23  33.09  30.10  17054  23.21      5 -1.250
 1422  48798 418174  42.23  78.09   9.80   7.48   2.21     23  33.10  30.11  17054  23.21      7 -1.220
 1422  48814 418169  43.08  68.25   9.80   7.47   2.13     23  33.10  30.11  17055  23.21      5 -1.252
 1423  48814 418170  44.07  68.25   9.80   7.48   2.13     23  33.10  30.11  17055  23.21      7 -1.231
 1424  48813 418170  45.05  68.98   9.80   7.47   2.14     23  33.10  30.11  17055  23.21      7 -1.212
-1432  47911 418417   2.08  71.11   7.03   7.95   9.76     95  28.27  27.36  15472  21.45      4 -1.152
 1433  47915 418419   3.01  69.98   7.02   7.95   9.72     94  28.27  27.36  15472  21.45      3 -1.102
 1433  47919 418419   4.09  70.01   7.04   7.95   9.71     94  28.29  27.37  15476  21.46      4 -1.144
 1434  47922 418421   5.16  10.43   7.02   7.95   9.71     94  28.27  27.36  15473  21.45      3 -1.097
 1435  47921 418422   6.06  70.46   7.02   7.95   9.71     94  28.27  27.36  15472  21.45      5 -1.104
 1435  47919 418423   7.00  66.01   7.01   7.95   9.73     94  28.25  27.36  15470  21.45      5 -0.992
 1436  47919 418423   8.06  67.90   7.02   7.95   9.71     94  28.26  27.36  15470  21.45      7 -1.117
 1436  47916 418424   9.02  69.25   7.16   7.94   9.60     93  28.45  27.44  15519  21.50      3 -1.152
 1437  47912 418424  10.06  69.70   7.39   7.94   9.51     93  28.85  27.69  15662  21.67      5 -1.174
 1437  47913 418424  11.20  69.48   7.46   7.94   9.48     93  28.97  27.77  15707  21.72      6 -1.146
 1438  47920 418416  12.09  75.09   7.67   7.94   9.38     93  29.24  27.88  15770  21.78      5 -1.187
 1439  47921 418413  13.06  70.47   7.69   7.95   9.31     92  29.41  28.04  15863  21.90      6 -1.224
 1439  47917 418415  14.09  70.90   7.94   7.95   9.08     90  29.90  28.35  16045  22.12      7 -1.190
-1444  47572 418822   1.91  12.12   7.72   7.95   9.38     93  30.06  28.69  16242  22.41      8 -1.155
 1445  47555 418844   3.08   3.97   8.02   7.97   9.20     92  30.76  29.19  16530  22.76      9 -1.131
 1446  47550 418847   4.07   2.86   8.01   7.97   9.18     92  30.73  29.17  16514  22.74     10 -1.158
 1446  47548 418849   5.09   1.81   8.08   7.97   9.15     92  30.91  29.29  16587  22.83     10 -1.152
 1447  47548 418848   6.06   0.81   8.09   7.97   9.15     92  30.92  29.30  16591  22.83      8 -1.135
