# GREVELINGEN
# GTS1-GTS22
# start meting: 1108
# m.s. 'ARGUS'
#
#  d870112 overgenomen
#
#  de laatste 2 meetpunten zijn afgevlagd
#
#
* 19870112
$-9999 [00022202]
>TIJD
>X-COORD
>Y-COORD
>SENSHTE  Diepte set      mtrs
>Temp       Temperatuur       oC
>pH       Zuurgraad       s.e.
>CL-       Chloride          mg/l
>O2       Zuurst.NSWcomp. mg/l
-1108  47541 418826  1.08  1.01  8.06 16745 10.89
 1108  47541 418826  2.17   .97  8.07 16749 10.89
 1108  47541 418826  3.17   .91  8.07 16775 10.91
 1108  47541 418826  4.30   .90  8.07 16777 10.90
 1108  47541 418826  5.00   .95  8.07 16774 10.87
 1108  47541 418826  6.03   .93  8.07 16732 10.90
 1108  47541 418826  6.96  1.31  8.07 16558 10.92
-1116  47972 418347   .88  1.81  8.08 16784 10.67
 1116  47972 418347  2.39  1.82  8.32 16785 10.66
 1116  47972 418347  3.39  1.85  8.08 16782 10.65
 1116  47972 418347  4.14  1.87  8.08 16794 10.62
 1116  47972 418347  5.07  1.87  8.08 16795 10.64
 1116  47972 418347  6.33  1.86  8.08 16810 10.65
 1116  47972 418347  7.09  1.85  8.08 16814 10.65
 1116  47972 418347  7.94  1.86  8.08 16800 10.66
 1116  47972 418347  9.08  1.83  8.08 16830 10.66
 1116  47972 418347 10.08  1.75  8.09 16822 10.67
 1116  47972 418347 11.13  1.77  8.09 16815 10.67
 1116  47972 418347 12.08  1.74  8.09 16814 10.70
 1116  47972 418347 13.04  1.71  8.09 16816 10.69
 1116  47972 418347 14.18  1.70  8.09 16809 10.69
 1116  47972 418347 15.17  1.67  8.09 16810 10.72
 1116  47972 418347 16.10  1.62  8.09 16812 10.71
 1116  47972 418347 17.22  1.65  8.09 16810 10.72
 1116  47972 418347 18.43  1.65  8.09 16809 10.70
 1116  47972 418347 19.67  1.67  8.09 16815 10.68
 1116  47972 418347 20.34  1.65  8.09 16821 10.68
 1116  47972 418347 21.20  1.62  8.09 16813 10.68
 1116  47972 418347 22.20  1.53  8.09 16823 10.67
-1132  48759 418244   .95  1.97  8.33 16805 10.61
 1132  48759 418244  2.16  1.98  8.08 16799 10.64
 1132  48759 418244  3.38  1.98  8.08 16800 10.64
 1132  48759 418244  4.37  1.97  8.08 16796 10.63
 1132  48759 418244  5.30  1.98  8.08 16802 10.65
 1132  48759 418244  6.69  1.98  8.08 16795 10.64
 1132  48759 418244  7.63  1.98  8.08 16799 10.62
 1132  48759 418244  8.18  1.98  8.08 16800 10.57
 1132  48759 418244  9.25  1.99  8.09 16813 10.58
 1132  48759 418244 10.17  1.98  8.09 16814 10.58
 1132  48759 418244 10.96  2.00  8.09 16815 10.58
 1132  48759 418244 11.98  1.98  8.09 16812 10.57
 1132  48759 418244 12.95  2.00  8.09 16824 10.60
 1132  48759 418244 14.02  2.01  8.09 16824 10.60
 1132  48759 418244 14.91  2.04  8.09 16832 10.61
 1132  48759 418244 15.91  2.05  8.09 16835 10.61
 1132  48759 418244 17.21  2.05  8.09 16834 10.61
 1132  48759 418244 18.15  2.04  8.09 16831 10.62
 1132  48759 418244 19.05  2.47  8.09 16602 10.64
 1132  48759 418244 20.32  2.03  8.09 16841 10.61
 1132  48759 418244 21.23  2.03  8.09 16831 10.60
 1132  48759 418244 22.11  2.01  8.09 16833 10.61
 1132  48759 418244 22.92  1.97  8.09 16835 10.61
 1132  48759 418244 23.95  1.97  8.09 16843 10.63
 1132  48759 418244 25.02  1.83  8.09 16826 10.63
 1132  48759 418244 26.12  1.67  8.09 16856 10.60
 1132  48759 418244 27.07  1.63  8.09 16837 10.67
 1132  48759 418244 28.53  5.10  8.06 17326  9.92
 1132  48759 418244 29.33  4.73  7.94 18074  7.82
 1132  48759 418244 30.24  5.92  7.87 17864  6.20
 1132  48759 418244 31.13  6.03  7.79 17975  4.62
 1132  48759 418244 32.20  6.08  8.01 18019  3.96
 1132  48759 418244 33.27  6.12  7.66 18063  2.47
 1132  48759 418244 34.31  6.13  7.64 18067  2.03
 1132  48759 418244 35.21  6.14  7.64 18091  1.74
 1132  48759 418244 36.25  6.14  7.63 18102  1.76
 1132  48759 418244 37.06  6.16  7.62 18109  1.40
 1132  48759 418244 38.02  6.16  7.62 18116  1.33
 1132  48759 418244 39.12  6.16  7.62 18116  1.25
 1132  48759 418244 40.02  6.16  7.62 18118  1.23
 1132  48759 418244 41.10  6.16  7.61 18123  1.19
 1132  48759 418244 42.18  6.17  7.62 18097  1.18
 1132  48759 418244 43.02  6.16  7.62 18123  1.18
 1132  48759 418244 44.09  6.16  7.62 18117  1.16
 1132  48759 418244 44.97  6.17  7.61 18099  1.11
 1132  48759 418244 45.99  6.17  7.61 18124  1.04
-1201  49729 418284  1.10  1.92  8.10 16772 10.75
 1201  49729 418284  2.06  1.93  8.10 16779 11.71
 1201  49729 418284  2.96  1.92  8.10 16774 10.70
 1201  49729 418284  4.04  1.92  8.09 16779 10.69
 1201  49729 418284  5.10  1.96  8.09 16794 10.70
 1201  49729 418284  5.98  1.97  8.09 16797 10.68
 1201  49729 418284  7.15  1.98  8.09 16804 10.68
 1201  49729 418284  8.06  1.99  8.09 16806 10.65
 1201  49729 418284  9.09  2.00  8.09 16807 10.65
 1201  49729 418284 10.04  2.00  8.09 16803 10.66
 1201  49729 418284 11.06  2.00  8.09 16808 10.66
 1201  49729 418284 12.06  2.00  8.34 16813 10.63
 1201  49729 418284 13.09  2.02  8.09 16817 10.64
 1201  49729 418284 14.07  2.04  8.09 16826 10.58
 1201  49729 418284 15.21  2.11  8.09 16814 10.58
 1201  49729 418284 16.22  2.13  8.09 16812 10.56
 1201  49729 418284 16.95  2.21  8.09 16862 10.54
 1201  49729 418284 18.03  2.20  8.09 16851 10.56
 1201  49729 418284 19.13  2.18  8.09 16851 10.56
 1201  49729 418284 20.10  2.25  8.09 16854 10.64
 1201  49729 418284 21.11  2.34  8.08 16843 10.53
 1201  49729 418284 22.00  2.53  8.08 16955 10.52
 1201  49729 418284 23.06  2.67  8.08 16923 10.45
 1201  49729 418284 24.14  2.89  8.08 16953 10.41
 1201  49729 418284 25.07  3.39  8.08 17030 10.29
 1201  49729 418284 26.12  3.86  8.07 17060 10.29
 1201  49729 418284 27.05  3.80  8.07 17055 10.29
-1221  50711 418384   .84  1.86  8.09 16763 11.14
 1221  50711 418384  1.92  1.87  8.09 16773 11.18
 1221  50711 418384  3.08  1.89  8.09 16772 11.19
 1221  50711 418384  4.15  1.91  8.09 16760 11.20
 1221  50711 418384  5.15  1.99  8.09 16735 11.20
 1221  50711 418384  6.05  2.04  8.09 16779 11.16
 1221  50711 418384  7.07  2.09  8.09 16799 11.12
 1221  50711 418384  7.96  2.08  8.09 16800 11.12
 1221  50711 418384  8.97  2.08  8.09 16840 11.14
 1221  50711 418384 10.00  2.19  8.09 16822 11.06
 1221  50711 418384 11.14  2.20  8.09 16826 11.08
 1221  50711 418384 12.10  2.23  8.09 16832 11.08
 1221  50711 418384 13.15  2.29  8.09 16836 11.04
 1221  50711 418384 14.08  2.33  8.09 16849 11.04
 1221  50711 418384 15.02  2.25  8.09 16847 11.07
 1221  50711 418384 15.95  2.23  8.09 16846 11.08
 1221  50711 418384 17.05  2.28  8.09 16852 11.07
 1221  50711 418384 18.19  2.31  8.09 16852 11.09
 1221  50711 418384 19.24  2.60  8.09 16914 11.01
 1221  50711 418384 20.03  2.79  8.08 16912 10.93
 1221  50711 418384 21.01  3.04  8.08 16932 10.74
 1221  50711 418384 22.13  3.38  8.08 16976 10.65
 1221  50711 418384 23.42  3.69  8.08 17001 10.33
 1221  50711 418384 23.99  3.72  8.08 17002 10.37
 1221  50711 418384 24.94  3.81  8.08 17030 10.44
 1221  50711 418384 25.95  4.33  8.32 17108 10.39
 1221  50711 418384 27.15  5.26  8.05 17354  9.93
 1221  50711 418384 27.83  5.34  8.05 17342  9.99
-1238  51600 418557  1.07   .83  8.10 16724 11.86
 1238  51600 418557  2.22  1.10  8.10 16820 11.83
 1238  51600 418557  3.07   .98  8.10 16672 11.82
 1238  51600 418557  4.01  1.09  8.10 16671 11.82
 1238  51600 418557  5.09  1.23  8.10 16609 11.82
 1238  51600 418557  6.27  1.71  8.10 16660 11.67
 1238  51600 418557  7.16  2.02  8.09 16783 11.48
 1238  51600 418557  8.21  1.84  8.09 16824 11.57
 1238  51600 418557  9.08  1.70  8.09 16879 11.58
 1238  51600 418557 10.02  1.84  8.09 16806 11.56
 1238  51600 418557 11.02  1.82  8.09 16816 11.62
 1238  51600 418557 11.98  2.17  8.09 16557 11.70
 1238  51600 418557 13.13  2.42  8.08 16844 11.45
 1238  51600 418557 14.04  2.43  8.08 16857 11.43
 1238  51600 418557 15.03  2.41  8.08 16854 11.39
 1238  51600 418557 16.05  2.50  8.08 16865 11.41
 1238  51600 418557 17.05  2.72  8.33 16879 11.34
 1238  51600 418557 18.05  2.89  8.08 16910 11.23
 1238  51600 418557 18.95  3.02  8.08 16893 11.25
 1238  51600 418557 20.08  3.13  8.08 16893 11.18
 1238  51600 418557 21.06  3.36  8.08 16969 11.02
 1238  51600 418557 21.97  3.56  8.08 16988 11.02
 1238  51600 418557 23.04  3.66  8.08 17003 10.89
 1238  51600 418557 24.17  3.84  8.08 16998 10.81
 1238  51600 418557 25.05  3.99  8.08 17064 10.60
 1238  51600 418557 26.00  4.86  8.06 17535 10.56
 1238  51600 418557 27.00  5.67  8.05 17503  9.71
 1238  51600 418557 27.97  5.76  8.04 17596  9.58
 1238  51600 418557 28.85  5.80  8.03 17602  9.43
-1305  52929 420283   .96   .75  8.11 16763 12.68
 1305  52929 420283  1.98  1.20  8.10 16527 12.71
 1305  52929 420283  3.03   .78  8.10 16764 12.69
 1305  52929 420283  3.97   .77  8.10 16761 12.72
 1305  52929 420283  5.01   .77  8.10 16771 12.67
 1305  52929 420283  6.10   .78  8.10 16771 12.66
 1305  52929 420283  7.02   .78  8.10 16768 12.63
 1305  52929 420283  7.97   .80  8.10 16769 12.63
 1305  52929 420283  8.93   .84  8.10 16770 12.62
 1305  52929 420283  9.90   .88  8.10 16774 12.64
 1305  52929 420283 11.07   .92  8.10 16782 12.61
-1315  53707 421049  1.03   .99  8.09 16794 12.50
 1315  53707 421049  1.91   .98  8.08 16788 12.52
 1315  53707 421049  3.01   .99  8.09 16791 12.55
 1315  53707 421049  4.00   .96  8.09 16796 12.54
 1315  53707 421049  5.04  1.00  8.09 16792 12.49
 1315  53707 421049  6.22  1.33  8.09 16742 12.47
 1315  53707 421049  6.97  1.31  8.08 16811 12.40
 1315  53707 421049  8.07  1.68  8.08 16577 12.44
 1315  53707 421049  8.94  1.27  8.09 16818 12.33
 1315  53707 421049  9.98  1.25  8.08 16814 12.34
 1315  53707 421049 10.98  1.19  8.09 16805 12.31
 1315  53707 421049 11.99   .98  8.09 16794 12.37
 1315  53707 421049 13.13   .94  8.09 16814 12.37
 1315  53707 421049 14.13   .92  8.09 16809 12.35
 1315  53707 421049 15.19  1.07  8.09 16831 12.34
 1315  53707 421049 16.08  1.17  8.09 16800 12.28
 1315  53707 421049 17.01  1.13  8.09 16798 12.28
-1330  55185 421367   .89  1.62  8.09 16803 12.54
 1330  55185 421367  2.12  1.63  8.09 16815 12.54
 1330  55185 421367  3.18  1.63  8.09 16814 12.48
 1330  55185 421367  4.06  1.62  8.09 16815 12.49
 1330  55185 421367  5.04  2.04  8.09 16587 12.52
 1330  55185 421367  6.01  1.63  8.09 16814 12.47
 1330  55185 421367  7.10  1.63  8.09 16805 12.51
 1330  55185 421367  8.05  1.62  8.09 16818 12.51
 1330  55185 421367  9.09  1.62  8.09 16811 12.50
 1330  55185 421367 10.26  1.60  8.09 16817 12.49
 1330  55185 421367 11.22  1.57  8.09 16809 12.50
 1330  55185 421367 12.03  1.96  8.09 16587 12.57
 1330  55185 421367 13.00  1.54  8.10 16810 12.54
 1330  55185 421367 13.95  1.55  8.10 16812 12.60
 1330  55185 421367 15.03  1.55  8.10 16812 12.53
 1330  55185 421367 16.00  1.51  8.09 16817 12.56
 1330  55185 421367 17.02  1.54  8.09 16813 12.54
 1330  55185 421367 18.02  1.53  8.10 16819 12.53
 1330  55185 421367 18.98  1.55  8.09 16828 12.53
 1330  55185 421367 19.95  1.56  8.09 16817 12.64
-1346  56267 420524   .77   .40  8.10 16741 12.60
 1346  56267 420524  1.95   .33  8.10 16725 12.70
 1346  56267 420524  3.34   .24  8.10 16652 12.71
 1346  56267 420524  4.03   .27  8.10 16699 12.70
 1346  56267 420524  5.01  1.26  8.09 16815 12.44
 1346  56267 420524  6.05  1.15  8.09 16745 12.43
 1346  56267 420524  7.02  1.72  8.08 16798 12.26
 1346  56267 420524  8.14  1.72  8.08 16804 12.27
 1346  56267 420524  9.03  1.73  8.09 16811 12.29
 1346  56267 420524  9.90  1.73  8.09 16815 12.30
 1346  56267 420524 10.89  2.15  8.09 16574 12.37
-1402  57608 418948   .92  1.22  8.10 16683 13.19
 1402  57608 418948  1.96  1.24  8.10 16684 13.15
 1402  57608 418948  3.01  1.25  8.10 16680 13.16
 1402  57608 418948  4.10  1.26  8.10 16681 13.13
 1402  57608 418948  5.02  1.67  8.10 16452 13.15
 1402  57608 418948  6.01  1.23  8.10 16696 13.10
 1402  57608 418948  6.96  1.13  8.10 16707 13.11
 1402  57608 418948  7.95   .80  8.10 16658 13.16
 1402  57608 418948  9.13   .66  8.11 16684 13.30
 1402  57608 418948 10.15   .52  8.11 16735 13.33
 1402  57608 418948 10.96  1.45  8.10 16817 12.89
 1402  57608 418948 11.99  1.72  8.09 16808 12.79
 1402  57608 418948 13.06  1.64  8.09 16813 12.80
 1402  57608 418948 14.38  1.48  8.09 16741 12.81
 1402  57608 418948 15.19  1.26  8.09 16804 12.73
-1418  57976 417207  1.09   .41  8.11 16581 13.01
 1418  57976 417207  2.07   .39  8.11 16579 13.00
 1418  57976 417207  3.03   .40  8.36 16575 12.97
 1418  57976 417207  4.07   .38  8.11 16574 12.94
 1418  57976 417207  5.01   .38  8.11 16579 12.96
 1418  57976 417207  6.04   .39  8.11 16579 12.94
 1418  57976 417207  6.99   .53  8.11 16569 12.90
 1418  57976 417207  8.00  1.02  8.11 16667 12.81
 1418  57976 417207  8.99  1.68  8.09 16766 12.38
 1418  57976 417207 10.23  1.74  8.09 16779 12.35
 1418  57976 417207 10.94  1.78  8.09 16786 12.32
 1418  57976 417207 11.98  1.74  8.09 16806 12.29
 1418  57976 417207 12.99  1.75  8.09 16788 12.30
 1418  57976 417207 14.10  1.75  8.09 16797 12.30
 1418  57976 417207 15.06  1.73  8.09 16798 12.31
 1418  57976 417207 16.08  1.73  8.09 16799 12.32
 1418  57976 417207 17.05  1.72  8.09 16796 12.32
 1418  57976 417207 18.06  1.72  8.09 16802 12.32
-1442  59408 414117   .95  -.22  8.10 16506 12.69
 1442  59408 414117  2.24  -.25  8.10 16518 12.65
 1442  59408 414117  2.99  -.18  8.11 16548 12.63
 1442  59408 414117  4.04  -.07  8.11 16526 12.61
 1442  59408 414117  4.96   .39  8.10 16549 12.51
 1442  59408 414117  6.08   .55  8.10 16620 12.45
 1442  59408 414117  6.99   .62  8.10 16604 12.45
 1442  59408 414117  7.99   .64  8.10 16652 12.43
 1442  59408 414117  8.99   .82  8.09 16738 12.36
 1442  59408 414117  9.98   .88  8.10 16697 12.37
 1442  59408 414117 11.06  1.02  8.10 16670 12.34
 1442  59408 414117 11.93  1.10  8.10 16691 12.30
 1442  59408 414117 12.94  1.22  8.10 16650 12.32
 1442  59408 414117 13.96  1.69  8.10 16516 12.17
 1442  59408 414117 14.99  1.75  8.10 16665 12.20
 1442  59408 414117 15.94  1.77  8.10 16729 12.17
 1442  59408 414117 16.98  1.78  8.10 16739 12.01
 1442  59408 414117 17.91  1.80  8.10 16755 11.90
 1442  59408 414117 18.88  1.79  8.10 16762 11.97
 1442  59408 414117 20.00  1.79  8.10 16772 11.96
 1442  59408 414117 20.93  1.79  8.10 16770 11.77
 1442  59408 414117 22.08  1.80  8.10 16769 11.50
-1504  61218 413057   .90   .04  8.11 16479 12.13
 1504  61218 413057  2.05   .10  8.10 16545 12.09
 1504  61218 413057  2.99   .09  8.10 16544 12.09
 1504  61218 413057  4.06   .06  8.11 16548 12.11
 1504  61218 413057  5.15   .04  8.10 16559 12.10
 1504  61218 413057  6.02   .08  8.11 16560 12.10
 1504  61218 413057  7.01   .13  8.11 16550 12.17
 1504  61218 413057  8.05   .06  8.11 16580 13.18
 1504  61218 413057  9.00   .28  8.11 16462 12.16
 1504  61218 413057  9.93   .36  8.11 16581 12.10
-1522  62312 412261   .99   .40  8.10 16574 12.34
 1522  62312 412261  2.09   .61  8.10 16563 12.26
 1522  62312 412261  2.96   .66  8.10 16593 12.27
 1522  62312 412261  4.06   .54  8.11 16566 12.25
 1522  62312 412261  4.95   .67  8.11 16568 12.22
 1522  62312 412261  5.93   .60  8.11 16555 12.20
 1522  62312 412261  7.01   .67  8.11 16597 12.14
 1522  62312 412261  7.95   .75  8.11 16584 12.15
 1522  62312 412261  9.01   .78  8.10 16584 12.12
 1522  62312 412261  9.92   .81  8.10 16584 12.08
 1522  62312 412261 11.05   .78  8.10 16586 12.04
 1522  62312 412261 12.09   .74  8.10 16603 12.05
 1522  62312 412261 13.27   .73  8.10 16600 12.00
 1522  62312 412261 13.94   .72  8.10 16600 11.96
 1522  62312 412261 15.08   .70  8.11 16612 11.95
 1522  62312 412261 15.94   .64  8.11 16532 11.58
-1545  65233 412068   .91   .63  8.11 16571 12.06
 1545  65233 412068  2.07   .63  8.11 16581 12.02
 1545  65233 412068  3.09   .70  8.11 16568 11.94
 1545  65233 412068  4.02   .68  8.11 16580 11.96
 1545  65233 412068  5.07   .71  8.11 16580 11.95
 1545  65233 412068  6.05   .69  8.11 16588 11.97
 1545  65233 412068  7.08   .70  8.11 16582 11.95
 1545  65233 412068  8.02   .70  8.11 16586 11.93
 1545  65233 412068  9.00   .70  8.11 16597 11.92
 1545  65233 412068  9.86   .74  8.11 16593 11.90
 1545  65233 412068 10.93   .75  8.11 16589 11.91
-1558  66335 411617   .80   .62  8.10 16584 12.20
 1558  66335 411617  2.33   .58  8.10 16589 12.19
 1558  66335 411617  3.28   .67  8.10 16586 12.13
 1558  66335 411617  4.41   .69  8.10 16585 12.11
 1558  66335 411617  5.07   .69  8.11 16586 12.09
-1609  67339 411378  1.13   .28  8.11 16571 12.23
 1609  67339 411378  2.04   .28  8.11 16595 12.23
 1609  67339 411378  2.97   .33  8.11 16584 12.15
 1609  67339 411378  4.08   .41  8.11 16575 12.12
 1609  67339 411378  5.02   .41  8.11 16586 12.11
 1609  67339 411378  6.02   .44  8.11 16581 12.08
 1609  67339 411378  7.01   .44  8.11 16583 13.08
 1609  67339 411378  8.09   .44  8.11 16584 12.08
 1609  67339 411378  8.94   .46  8.11 16587 12.06
 1609  67339 411378 10.02   .47  8.11 16601 12.06
 1609  67339 411378 10.97   .51  8.11 16582 12.01
 1609  67339 411378 12.06   .53  8.11 16588 12.01
-1626  68849 411267  1.02   .76  8.11 16573 11.99
 1626  68849 411267  2.05  1.17  8.11 16354 11.92
 1626  68849 411267  3.04   .75  8.11 16579 11.92
 1626  68849 411267  4.18   .77  8.11 16582 11.94
 1626  68849 411267  4.91   .76  8.11 16583 11.90
 1626  68849 411267  5.87   .76  8.11 16582 11.90
 1626  68849 411267  6.98   .78  8.11 16578 11.89
 1626  68849 411267  7.95   .78  8.11 16579 11.86
 1626  68849 411267  8.93   .78  8.11 16578 11.81
 1626  68849 411267 10.08   .78  8.11 16577 11.75
 1626  68849 411267 11.00   .79  8.11 16587 11.76
 1626  68849 411267 12.03   .78  8.11 16581 11.71
-1636  69270 410944  1.00   .71  8.11 16572 11.83
 1636  69270 410944  2.24   .72  8.11 16576 11.77
 1636  69270 410944  3.26   .71  8.11 16580 11.75
 1636  69270 410944  4.02   .72  8.12 16569 11.73
 1636  69270 410944  5.16   .73  8.12 16582 11.73
 1636  69270 410944  5.63   .74  8.12 16571 11.77
#-1654  66134 410884  1.05   .24  8.11 16597 12.11
# 1654  66134 410884  2.36   .24  8.11 16598 12.10
# 1654  66134 410884  3.06   .25  8.11 16590 12.10
# 1654  66134 410884  4.13   .26  8.11 16596 12.08
# 1654  66134 410884  5.00   .25  8.11 16594 12.07
# 1654  66134 410884  6.01   .25  8.11 16594 12.05
# 1654  66134 410884  7.13   .24  8.11 16598 12.06
# 1654  66134 410884  8.16   .24  8.11 16594 12.07
# 1654  66134 410884  9.10   .24  8.11 16600 12.03
# 1654  66134 410884 10.12   .24  8.11 16601 12.02
# 1654  66134 410884 10.95   .21  8.11 16604 11.99
#-1705  65306 409998  1.01   .43  8.10 16599 12.01
# 1705  65306 409998  2.13   .37  8.11 16606 12.02
# 1705  65306 409998  3.15   .38  8.11 16598 12.02
# 1705  65306 409998  4.09   .39  8.11 16603 12.02
# 1705  65306 409998  5.12   .36  8.11 16609 11.99
# 1705  65306 409998  6.19   .39  8.11 16593 11.99
# 1705  65306 409998  7.20   .35  8.11 16593 11.99
# 1705  65306 409998  8.22   .25  8.11 16584 11.99
