# M.S. 'ARGUS'                  
# 21-05-1996 08:43:31
# PROJECTCODE: E7501X
# OPDRACHTGEVER: AXW
# MEETGEBIED: GREVELINGEN
# STARTPUNT: BROUWERSDAM
# EINDPUNT: GREVELINGENDAM
# LUCHTTEMP.       11.8 GR.C  
# BAROMETER        1016 MBAR  
# WINDSNELHEID       -- M/SEC 
# WINDRICHTING       -- GRAD  
* 19960521
$-9999 [0002222220220220]
> TIJD
> X-COORD
> Y-COORD
>SENSHTE Diepte set      m
>Echms   Echo set        mtrs
>Echo    Echo schip      mtrs
>Temp       Temperatuur       oC  
>pH      Zuurgraad       s.e.
>O2        Zuurstof          mg/l  
>%O2        Zuurstof Verz.  %     
>Flme    Flur ME         fgr
>MexA    Mex 3001        %
>GELBH   Geleidendheid   mS/cm
>SALNTT  Saliniteit      Prom
>CL-       Chloride          mg/l
>DICHT   Dichtheid       Gr.
 -843  47494 418852  1.13  0.37 11.86 11.46  8.42  9.80   110  3.55    10 35.09 30.70 17393 23.50
  843  47486 418856  1.98  0.44 12.18 11.37  8.41  9.84   110  4.64    12 35.02 30.71 17399 23.52
  844  47480 418857  3.15  8.87 12.21 11.34  8.41  9.82   110  4.11    14 35.02 30.73 17413 23.54
  844  47477 418858  4.08  8.20 12.21 11.35  8.41  9.80   110  4.11     9 35.01 30.71 17398 23.52
  844  47475 418857  5.05  7.34  0.00 11.29  8.41  9.78   109  4.15    15 34.95 30.70 17395 23.52
  845  47473 418857  6.09  6.55  0.00 11.27  8.41  9.75   109  4.06    11 34.96 30.73 17410 23.55
  845  47471 418857  6.99  5.94  0.00 11.04  8.39  9.78   109  4.07    13 34.77 30.73 17413 23.58
  845  47467 418858  8.00  5.44  0.00 10.97  8.36  8.70    97  2.98    13 34.72 30.74 17420 23.60
  847  47468 418857  9.12  4.13  0.00 11.01  8.36  8.69    97  3.55     9 34.73 30.72 17406 23.58
  847  47469 418854 10.04  3.06  0.00 10.87  8.34  8.74    97  3.22    13 34.65 30.76 17431 23.63
  848  47472 418852 10.98  1.75  0.00 10.76  8.33  7.76    86  1.66    12 34.52 30.72 17408 23.62
  850  47472 418852 11.84  0.75  0.00 10.75  8.33  7.73    86  1.57    16 34.52 30.73 17413 23.62
 -855  47966 418347  1.15  0.28 18.73 11.33  8.43 10.00   112  6.21     9 35.01 30.73 17413 23.54
  855  47972 418346  1.89 16.10  0.00 11.32  8.43 10.03   112  6.49    15 35.01 30.73 17412 23.54
  856  47978 418345  3.00 15.12 19.81 11.18  8.43 10.06   112  6.64    20 34.89 30.74 17416 23.57
  856  47991 418356  4.19 13.48 18.68 11.16  8.41  9.76   109  5.97    15 34.87 30.74 17414 23.57
  857  47994 418359  5.07 12.64 18.47 11.15  8.41  9.71   108  5.99     9 34.86 30.73 17414 23.57
  858  48000 418360  5.91 12.02 18.27 11.09  8.39  9.37   104  5.74    18 34.81 30.73 17411 23.57
  859  48003 418360  7.06 11.13 18.33 11.01  8.37  9.26   103  5.49    10 34.77 30.76 17428 23.61
  859  48006 418364  8.06  9.80 18.64 10.98  8.37  9.04   100  5.37    13 34.72 30.74 17415 23.59
  901  48015 418366  9.10  8.00 18.43 10.92  8.36  8.80    98  4.92    10 34.66 30.73 17412 23.60
  902  48018 418367  9.96  7.23 18.19 10.92  8.35  8.76    97  4.97    12 34.66 30.73 17412 23.60
  902  48022 418366 10.97  6.74 18.09 10.90  8.35  8.72    97  4.41    15 34.64 30.73 17411 23.60
  903  48025 418366 11.95  5.53 18.11 10.84  8.34  8.68    96  4.22    14 34.61 30.75 17424 23.63
  903  48036 418352 12.99  4.36 18.35 10.77  8.33  8.35    92  3.69    11 34.54 30.73 17414 23.62
  904  48035 418349 14.12  3.29 18.37 10.78  8.33  8.31    92  3.66     9 34.55 30.74 17415 23.62
  904  48031 418347 14.97  2.50 18.45 10.77  8.33  8.27    92  3.77    13 34.55 30.74 17420 23.63
  905  48028 418347 16.07  1.68 18.60 10.76  8.33  8.24    91  3.60    10 34.54 30.74 17419 23.63
  905  48014 418344 17.05  1.02 19.47 10.68  8.33  8.12    90  3.19    10 34.47 30.74 17420 23.64
 -911  48760 418182  1.14 45.18 46.56 11.54  8.46 10.52   118 19.29    19 35.19 30.73 17408 23.51
  911  48759 418181  2.00 44.34 46.50 11.29  8.44 10.55   118 13.88    16 35.02 30.78 17438 23.58
  912  48757 418198  2.98 43.59 46.94 11.27  8.43  9.92   111  7.97    13 34.96 30.73 17410 23.55
  914  48759 418200  4.12 42.47 46.96 11.21  8.43 10.00   112  7.21    11 34.92 30.74 17417 23.56
  914  48761 418201  5.05 41.60 47.12 11.18  8.42  9.96   111  6.74    14 34.89 30.74 17416 23.57
  915  48770 418200  6.21 40.40 46.96 11.14  8.40  9.72   109  6.27    11 34.85 30.73 17413 23.57
  915  48774 418199  6.95 39.65 46.94 11.15  8.40  9.69   108  5.96    11 34.86 30.73 17414 23.57
  916  48778 418197  7.95 38.66 46.88 11.13  8.40  9.69   108  6.04    10 34.84 30.73 17413 23.57
  916  48782 418196  8.95 37.68 46.82 11.12  8.40  9.67   108  5.99    11 34.83 30.73 17412 23.57
  916  48792 418193 10.07 36.62 46.78 11.09  8.39  9.50   106  5.30    10 34.81 30.73 17411 23.57
  917  48795 418193 11.03 35.73 46.80 11.01  8.38  9.47   105  5.15    12 34.76 30.75 17422 23.60
  917  48804 418193 11.90 34.63 46.86 10.98  8.37  9.03   100  4.99    14 34.73 30.75 17421 23.60
  918  48807 418192 13.07 33.63 46.88 10.93  8.36  9.02   100  4.95     7 34.68 30.74 17418 23.61
  919  48817 418182 14.04 32.48 46.78 10.78  8.34  8.35    92  4.84    15 34.55 30.74 17415 23.62
  920  48814 418176 14.97 31.46 46.76 10.77  8.33  8.15    90  4.64     9 34.52 30.72 17404 23.61
  921  48811 418176 15.96 30.44 46.60 10.73  8.33  8.14    90  4.39    13 34.51 30.74 17418 23.63
  921  48807 418176 16.99 29.48 46.60 10.68  8.33  8.07    89  3.78    11 34.47 30.74 17420 23.64
  922  48798 418178 18.02 28.52 46.64 10.65  8.33  7.91    87  2.34     9 34.44 30.74 17419 23.64
  922  48794 418180 19.17 27.47 46.66 10.53  8.33  7.90    87  1.67    12 34.35 30.75 17423 23.67
  923  48784 418186 20.28 26.39 46.72 10.24  8.29  7.22    79  1.15    12 34.10 30.75 17422 23.71
  924  48757 418190 20.97 25.76 46.70  8.79  8.07  4.53    48  1.35    12 32.89 30.76 17432 23.91
  927  48736 418191 21.99 24.76 46.60  7.02  7.68  0.52     5  1.66    19 31.48 30.82 17473 24.18
  930  48741 418199 23.07 23.89 46.94  5.42  7.45  0.17     2  2.09    15 30.26 30.93 17537 24.44
  931  48743 418200 24.25 22.73 47.02  5.14  7.43  0.14     1  2.13    13 30.09 30.99 17575 24.52
  931  48746 418202 25.29 21.61 47.14  5.01  7.42  0.10     1  2.13    13 29.96 30.97 17564 24.52
  932  48749 418204 26.01 20.91 47.02  4.88  7.40  0.09     1  2.16    10 29.88 30.99 17577 24.55
  932  48752 418205 27.10 19.85 47.06  4.72  7.38  0.07     1  2.21    19 29.77 31.02 17594 24.59
  932  48757 418206 27.91 19.15 47.12  4.59  7.37  0.04     0  2.29     9 29.68 31.03 17602 24.61
  932  48761 418207 29.00 18.10 47.14  4.49  7.36  0.05     1  2.30    10 29.62 31.06 17618 24.65
  933  48764 418208 30.08  0.46 47.18  4.30  7.35  0.03     0  2.35    12 29.53 31.14 17665 24.73
  933  48768 418209 31.07  0.46 47.20  4.20  7.32  0.02     0  2.33    19 29.47 31.16 17675 24.75
  933  48771 418210 32.13 14.96 47.28  4.14  7.30  0.01     0  2.45    10 29.44 31.18 17688 24.77
  933  48774 418211 33.04  0.50 47.12  4.12  7.28  0.01     0  2.47    12 29.42 31.18 17687 24.77
  933  48777 418211 34.26  0.43 47.14  4.10  7.28  0.01     0  2.47    14 29.41 31.19 17691 24.78
  934  48780 418212 35.03  0.47 47.18  4.10  7.27  0.00     0  2.47    11 29.41 31.19 17691 24.78
  934  48784 418212 35.96 11.01 47.16  4.09  7.26  0.00     0  2.47     9 29.41 31.20 17697 24.79
  934  48787 418212 37.01  0.46 47.08  4.08  7.27  0.01     0  2.50     8 29.40 31.19 17696 24.79
  935  48794 418212 38.10  0.49 47.08  4.08  7.25  0.00     0  2.51    22 29.40 31.19 17696 24.79
  935  48799 418207 39.09  0.44 47.14  4.08  7.24  0.00     0  2.45    12 29.40 31.19 17696 24.79
  935  48804 418202 40.62 68.29 47.00  4.08  7.23  0.00     0  2.44    10 29.41 31.21 17702 24.80
  936  48808 418196 41.04  5.76 46.86  4.08  7.23  0.00     0  2.42    11 29.41 31.21 17702 24.80
  936  48811 418192 41.93  0.45 46.84  4.08  7.23  0.00     0  2.42     9 29.41 31.21 17702 24.80
  936  48813 418188 43.25  3.43 46.74  4.08  7.23  0.00     0  2.41     9 29.41 31.21 17702 24.80
  936  48813 418185 43.89  2.80 46.72  4.08  7.23  0.00     0  2.42    15 29.41 31.21 17702 24.80
  937  48814 418180 44.96  0.79 46.58  4.08  7.22  0.00     0  2.40    11 29.41 31.21 17702 24.80
 -951  49751 418244  1.06 23.48 28.14 11.57  8.49 10.94   123 15.71    10 35.21 30.73 17410 23.50
  951  49762 418246  1.90 20.94 27.94 11.40  8.48 10.80   121 12.40    16 35.05 30.71 17400 23.52
  952  49765 418248  2.96 35.17 27.76 11.34  8.48 10.80   121 12.30    17 35.03 30.74 17419 23.55
  952  49779 418258  3.98 14.81 24.84 11.30  8.46 10.37   116  8.42    16 34.99 30.73 17411 23.54
  953  49783 418259  4.82 13.59 24.24 11.29  8.46 10.33   116  8.57    16 34.98 30.73 17411 23.54
  954  49788 418259  5.94 12.48  2.76 11.26  8.45 10.25   115  7.79    14 34.96 30.74 17414 23.55
  954  49798 418260  6.99 11.56 21.01 11.23  8.43  9.94   111  5.57    16 34.93 30.73 17413 23.56
  955  49797 418261  7.99 10.52 20.55 11.21  8.43  9.90   111  5.45    10 34.92 30.74 17417 23.56
  956  49794 418264  8.97  9.47 19.95 11.19  8.43  9.82   110  5.78    13 34.90 30.74 17416 23.57
  956  49789 418268  9.98  8.51 19.95 11.17  8.42  9.78   109  5.26    11 34.89 30.75 17420 23.57
  957  49786 418271 10.94  7.50 19.93 11.16  8.42  9.72   109  5.00    12 34.88 30.75 17420 23.58
  957  49783 418271 11.92  6.32 19.58 11.14  8.41  9.67   108  4.38     9 34.86 30.74 17419 23.58
  957  49774 418275 13.05  5.33 20.35 10.96  8.38  9.14   102  3.38    11 34.70 30.73 17414 23.60
  959  49753 418262 14.00  7.56 25.71 10.75  8.35  8.15    90  3.20     8 34.53 30.74 17419 23.63
 1002  49748 418262 14.94  7.10 26.63 10.71  8.35  8.15    90  3.15    12 34.49 30.74 17417 23.63
 1002  49742 418266 15.95  5.04  0.00 10.63  8.33  7.82    86  2.30    19 34.42 30.74 17417 23.65
 1003  49742 418271 16.90  2.51  0.00 10.49  8.33  7.57    83  1.22    11 34.30 30.73 17415 23.66
 1004  49742 418273 18.06  0.91  0.00 10.47  8.33  7.53    83  1.26     6 34.29 30.74 17419 23.67
-1011  50723 418378  1.14 27.89 29.83 11.75  8.51 11.50   130 15.43    14 35.39 30.75 17419 23.49
 1011  50741 418372  2.09 27.38  0.00 11.55  8.51 11.49   129 15.92    13 35.21 30.74 17414 23.51
 1012  50749 418371  3.00 26.63 30.33 11.50  8.50 11.42   128 12.85    13 35.17 30.74 17417 23.52
 1012  50761 418391  4.13 25.28 30.31 11.42  8.47 10.75   121  8.51    15 35.10 30.74 17418 23.54
 1014  50762 418395  5.08 24.42 30.41 11.39  8.46 10.66   120  8.31    11 35.07 30.74 17416 23.54
 1014  50772 418414  6.11 22.93 30.13 11.35  8.43 10.17   114  7.37     7 35.03 30.74 17414 23.54
 1016  50777 418414  6.99 22.27 30.13 11.34  8.43 10.14   114  6.60     7 35.03 30.74 17419 23.55
 1016  50784 418412  7.98 21.41 30.09 11.34  8.43 10.08   113  6.38    15 35.02 30.73 17413 23.54
 1016  50788 418410  8.97 20.87 30.09 11.30  8.42 10.06   113  5.90    11 35.00 30.74 17417 23.55
 1017  50789 418403 10.05 20.05 30.33 11.28  8.42  9.81   110  4.85    11 34.98 30.74 17416 23.55
 1018  50788 418401 11.03 19.12 30.33 11.27  8.41  9.78   109  4.79    13 34.98 30.75 17420 23.56
 1018  50788 418397 11.97 18.12 30.58 11.23  8.40  9.43   105  4.34     8 34.94 30.74 17418 23.56
 1019  50787 418390 13.25 16.95 30.55 11.05  8.38  9.16   102  4.06    15 34.78 30.73 17414 23.58
 1021  50787 418390 14.24 15.93 30.55 11.01  8.38  9.15   102  3.73    10 34.75 30.74 17417 23.59
 1021  50788 418391 15.11 15.12 30.58 10.92  8.36  8.95    99  3.32    11 34.66 30.73 17412 23.60
 1022  50799 418383 16.01 14.52 30.68 10.74  8.34  8.46    94  2.98    11 34.52 30.74 17418 23.63
 1023  50785 418378 17.06 13.45 30.58 10.60  8.33  7.75    85  3.07    13 34.40 30.74 17416 23.65
 1026  50782 418380 17.97 12.51 30.60 10.60  8.33  7.76    86  3.04    15 34.40 30.75 17421 23.66
 1027  50777 418383 19.23 11.32 30.53 10.34  8.32  7.30    80  1.61    13 34.19 30.75 17423 23.69
 1028  50777 418383 19.94 10.65 30.49 10.25  8.32  7.29    80  1.56     8 34.14 30.77 17439 23.73
 1028  50759 418390 20.93  9.00 30.17  6.77  7.76  1.86    19  2.20    17 31.36 30.92 17532 24.29
 1032  50779 418385 21.87  8.53 30.45  5.73  7.56  0.14     1  2.01    19 30.49 30.90 17520 24.39
 1035  50779 418384 23.02  7.47 30.45  5.58  7.55  0.12     1  2.08    17 30.38 30.92 17532 24.42
 1035  50778 418384 23.93  6.58 30.43  5.40  7.52  0.09     1  2.09    15 30.26 30.94 17548 24.46
 1036  50777 418384 25.02  5.38 30.45  5.04  7.51  0.05     1  2.22    12 29.97 30.95 17554 24.51
 1036  50775 418384 25.92  0.47 30.43  4.95  7.46  0.03     0  2.20     8 29.91 30.97 17564 24.53
 1036  50774 418384 26.90  3.15 30.45  4.79  7.47  0.02     0  2.19    15 29.78 30.97 17563 24.54
 1036  50772 418385 28.17  2.05 30.35  4.58  7.29  0.01     0  2.26    17 29.68 31.04 17607 24.62
 1037  50772 418385 28.96  1.17 30.37  4.57  7.26  0.01     0  2.26    13 29.67 31.04 17606 24.62
-1044  51604 418543  1.12  0.40 31.00 11.87  8.52 11.52   131 12.87    17 35.49 30.75 17420 23.47
 1045  51611 418538  2.00 28.72 28.76 11.58  8.51 11.49   129 20.35    16 35.23 30.74 17415 23.51
 1045  51626 418532  2.94 24.17 27.33 11.52  8.47 10.83   122 12.29    15 35.19 30.74 17418 23.52
 1047  51629 418532  4.00 22.66 27.37 11.52  8.47 10.79   121 11.27    15 35.19 30.74 17418 23.52
 1047  51637 418538  5.10 21.10 28.64 11.48  8.44 10.29   116  6.36    16 35.16 30.75 17421 23.53
 1049  51635 418547  6.15 22.08 30.47 11.44  8.42 10.00   112  8.30    13 35.12 30.74 17419 23.53
 1050  51632 418550  7.02 22.54 31.38 11.42  8.42  9.94   112  6.95    14 35.10 30.74 17418 23.54
 1050  51627 418556  8.04 23.58 33.59 11.39  8.41  9.70   109  6.04     9 35.07 30.74 17416 23.54
 1051  51625 418559  9.02 23.28 33.59 11.34  8.40  9.69   109  5.61    11 35.03 30.74 17419 23.55
 1051  51621 418562  9.99 23.76  0.00 11.32  8.41  9.61   108  5.29    10 35.01 30.74 17418 23.55
 1052  51611 418567 10.99 24.99  0.00 11.25  8.40  9.34   104  4.97     9 34.96 30.74 17419 23.56
 1053  51610 418567 11.85 24.41  0.00 11.25  8.39  9.31   104  4.54    19 34.96 30.74 17419 23.56
 1053  51598 418573 13.00 24.44  0.00 11.09  8.38  8.69    97  3.75    12 34.82 30.75 17421 23.59
 1054  51593 418577 14.03 23.73 38.06 10.93  8.36  8.80    98  3.96    12 34.68 30.74 17418 23.61
 1055  51579 418585 15.03 22.23 37.84 10.85  8.35  8.52    95  3.67    10 34.61 30.74 17419 23.62
 1056  51576 418586 16.12 21.15 37.28 10.74  8.35  8.52    94  3.25     9 34.53 30.75 17424 23.64
 1056  51559 418589 17.11 19.20 36.70 10.66  8.33  8.21    91  3.09    12 34.46 30.75 17425 23.65
 1057  51561 418589 18.04 18.61 37.62 10.43  8.33  7.53    83  4.17    12 34.27 30.76 17428 23.69
 1059  51567 418591 19.13 17.62 37.86 10.37  8.32  7.46    82  5.22    12 34.20 30.74 17419 23.68
 1100  51606 418589 20.10 17.31 37.50  9.48  8.16  5.25    57  5.84    14 33.46 30.75 17426 23.81
 1103  51631 418589 21.14 14.89 35.88  8.47  8.01  3.58    38  2.90    14 32.61 30.75 17427 23.95
 1105  51634 418588 22.08 13.55 35.58  6.51  7.79  3.61    36  2.44     9 30.99 30.75 17432 24.19
 1105  51633 418582 23.00 65.03 35.86  5.15  7.60  0.34     3  2.21    22 30.01 30.89 17519 24.45
 1108  51632 418583 23.96  0.43 36.12  5.01  7.54  0.36     4  2.25    11 29.92 30.93 17538 24.49
 1108  51624 418584 25.16  0.48 37.08  4.93  7.49  0.19     2  2.42    14 29.88 30.95 17550 24.51
 1109  51620 418585 26.22  0.46 37.26  4.85  7.49  0.12     1  2.38     9 29.83 30.97 17562 24.54
 1110  51618 418585 27.14  0.49 37.42  4.76  7.48  0.09     1  2.29    17 29.77 30.98 17573 24.56
 1110  51616 418586 27.94  0.52 37.50  4.70  7.45  0.07     1  2.31    17 29.72 30.99 17573 24.57
 1110  51615 418586 29.19  0.49 37.58  4.62  7.38  0.05     1  2.31    14 29.68 31.01 17585 24.59
 1111  51614 418586 30.07  0.50 37.58  4.51  7.29  0.04     0  2.29    13 29.62 31.04 17607 24.63
 1111  51613 418587 30.88  0.48  0.00  4.46  7.24  0.02     0  2.28    14 29.60 31.07 17622 24.65
 1111  51614 418584 32.06  0.49  0.00  4.46  7.22  0.01     0  2.29    10 29.60 31.07 17622 24.65
 1112  51614 418583 33.10  0.44  0.00  4.44  7.21  0.01     0  2.30    11 29.59 31.08 17626 24.66
 1112  51615 418578 33.97  0.42  0.00  4.40  7.19  0.01     0  2.23    18 29.56 31.08 17629 24.67
 1112  51611 418570 35.04  1.21  0.00  4.38  7.18  0.00     0  2.25    11 29.56 31.10 17640 24.69
 1113  51608 418563 35.82 62.93  0.00  4.38  7.18  0.00     0  2.26    11 29.56 31.10 17640 24.69
-1128  52968 420368  1.20 10.17 11.86 11.90  8.46 10.40   118  5.54     9 35.51 30.74 17416 23.46
 1128  52966 420373  2.08  9.39 11.96 11.91  8.46 10.39   118  5.80    20 35.53 30.75 17422 23.47
 1128  52965 420376  3.03  8.47 11.94 11.93  8.46 10.40   118  5.37    13 35.57 30.77 17433 23.48
 1129  52965 420378  4.11  7.49 11.96 11.75  8.46 10.44   118  9.38    14 35.41 30.76 17430 23.50
 1129  52964 420380  5.01  6.58 12.00 11.60  8.48 10.49   118  9.08    15 35.26 30.75 17422 23.51
 1129  52963 420382  6.07  5.54 12.02 11.42  8.44 10.54   118  5.65    15 35.11 30.75 17423 23.54
 1129  52956 420396  7.03  4.69 12.14 11.41  8.43  9.92   111  2.89    10 35.10 30.75 17423 23.54
 1131  52955 420398  8.09  3.69 12.06 11.39  8.43  9.90   111  2.47    11 35.08 30.75 17421 23.54
 1131  52952 420403  8.95  2.82 12.12 11.37  8.43  9.83   110  2.05    18 35.06 30.75 17420 23.55
 1132  52947 420413 10.03  1.84 12.14 11.28  8.41  9.58   107  2.08    17 34.99 30.75 17421 23.56
 1133  52943 420433 10.99  0.94 12.23 11.18  8.39  9.26   104  1.89    15 34.91 30.76 17426 23.58
-1143  53658 421032  1.19 15.64 17.45 12.14  8.49 11.28   128 19.37    15 35.73 30.75 17423 23.44
 1144  53677 421048  2.05 15.02 17.55 11.93  8.50 11.32   128 15.84    15 35.55 30.75 17423 23.47
 1144  53708 421054  3.03 13.90 17.70 11.78  8.49 11.17   126 10.39    10 35.42 30.76 17426 23.49
 1145  53711 421088  4.02 13.37 17.70 11.60  8.46 10.50   118  5.95    12 35.25 30.74 17416 23.51
 1147  53711 421085  4.95 12.53 17.66 11.59  8.46 10.44   118  5.22    21 35.24 30.74 17416 23.51
 1147  53712 421083  5.99 11.52 17.70 11.60  8.46 10.42   117  5.47    11 35.25 30.74 17416 23.51
 1148  53713 421081  7.00 10.57 17.68 11.57  8.45 10.40   117  5.41    12 35.23 30.75 17420 23.52
 1148  53720 421069  7.97  9.41  0.00 11.44  8.42  9.84   111  2.75    10 35.12 30.74 17419 23.53
 1149  53722 421066  8.99  8.34  0.00 11.37  8.42  9.81   110  2.61    15 35.08 30.77 17431 23.56
 1150  53726 421059  9.99  7.29  0.00 11.17  8.38  9.10   102  2.29    12 34.89 30.75 17420 23.57
 1151  53725 421058 11.02  6.20  0.00 11.14  8.39  9.07   101  2.33    10 34.87 30.75 17424 23.58
 1152  53724 421058 11.97  5.17  0.00 11.10  8.38  9.08   101  2.46    19 34.84 30.76 17427 23.59
 1152  53724 421057 13.00  4.11  0.00 11.10  8.38  9.00   100  2.39    10 34.83 30.75 17422 23.59
 1152  53723 421056 14.05  3.07  0.00 11.07  8.38  8.97   100  2.25    11 34.81 30.75 17426 23.60
 1153  53721 421056 15.04  2.12  0.00 10.99  8.35  8.90    99  2.27    12 34.76 30.77 17432 23.62
 1153  53710 421062 16.08  1.34  0.00 10.98  8.33  7.88    88  2.68     9 34.73 30.75 17421 23.60
 1155  53702 421066 16.91  0.52  0.00 10.95  8.33  7.66    85  3.53    13 34.70 30.74 17419 23.60
-1205  55196 421370  1.12 19.31  0.00 12.27  8.44 10.28   118  7.67    20 35.84 30.76 17424 23.42
 1206  55202 421364  1.93 18.44  0.00 12.11  8.45 10.27   117  8.99    16 35.72 30.77 17432 23.45
 1206  55206 421360  3.15 17.07 19.99 11.97  8.45 10.30   117  8.22    17 35.60 30.77 17430 23.47
 1206  55214 421354  4.06 15.84 19.77 11.80  8.47 10.53   119  8.98    11 35.46 30.78 17437 23.51
 1207  55219 421353  5.10 15.08 19.73 11.70  8.48 10.66   120  7.74    14 35.37 30.77 17432 23.51
 1208  55220 421352  6.14 13.86 19.73 11.67  8.47 10.69   121  7.03     9 35.33 30.76 17425 23.51
 1208  55227 421356  6.99 13.12 19.95 11.64  8.46 10.53   119  4.75    10 35.30 30.75 17424 23.51
 1209  55230 421359  8.07 12.27 20.03 11.62  8.46 10.46   118  4.58     9 35.29 30.76 17428 23.52
 1209  55239 421365  8.97 11.81 20.60 11.58  8.43 10.09   114  4.06    10 35.24 30.75 17421 23.52
 1211  55240 421367  9.95 11.01 20.70 11.57  8.43 10.04   113  4.27    17 35.23 30.75 17420 23.52
 1211  55246 421373 11.14 10.04 20.83 11.53  8.42  9.83   111  5.10     9 35.21 30.75 17423 23.53
 1211  55248 421374 11.94  9.20 20.91 11.53  8.42  9.83   111  5.00    10 35.21 30.75 17423 23.53
 1212  55252 421377 13.06  8.24 21.07 11.47  8.42  9.83   110  4.68    11 35.17 30.77 17431 23.55
 1212  55255 421378 14.11  7.32 21.19 11.43  8.41  9.82   110  4.22    10 35.13 30.76 17429 23.55
 1212  55257 421380 15.03  6.45 21.39 11.31  8.40  9.80   110  4.00    15 35.04 30.78 17439 23.58
 1213  55256 421381 16.00  5.51 21.33 11.12  8.37  8.70    97  3.43    18 34.84 30.74 17418 23.58
 1215  55256 421379 16.98  4.45 21.27 11.03  8.36  8.71    97  3.51    11 34.79 30.76 17429 23.61
 1216  55258 421375 18.02  3.26 21.19 11.00  8.36  8.47    94  3.08    13 34.75 30.75 17422 23.60
 1216  55258 421374 19.15  2.03 21.13 10.99  8.35  8.42    94  3.03    14 34.74 30.75 17421 23.60
 1217  55256 421373 20.14  1.06 21.03 10.98  8.35  8.39    93  3.35    13 34.74 30.76 17426 23.61
-1224  56235 420485  1.13  8.21  9.02 12.19  8.49 11.09   127 11.03    15 35.78 30.76 17425 23.43
 1224  56239 420477  2.00  7.29  0.00 11.96  8.50 11.18   127  8.16    14 35.58 30.76 17424 23.47
 1224  56241 420472  2.98  6.25  0.00 11.81  8.48 11.19   127  5.52    16 35.45 30.76 17427 23.49
 1225  56249 420459  3.99  5.26  9.08 11.72  8.47 10.43   118  2.75    16 35.37 30.75 17423 23.50
 1226  56251 420457  5.03  4.28  9.10 11.70  8.46 10.40   117  2.56    10 35.35 30.75 17422 23.50
 1227  56253 420449  5.97  3.15  9.06 11.64  8.45 10.20   115  2.32    16 35.30 30.75 17424 23.51
 1227  56257 420440  7.01  2.13  9.08 11.63  8.44 10.00   113  2.01    18 35.28 30.74 17418 23.51
 1228  56258 420437  8.03  1.06  9.06 11.56  8.43  9.99   113  2.01     9 35.21 30.74 17414 23.51
-1238  57630 418941  1.05 15.53 16.57 12.62  8.52 11.29   130 12.32    14 36.15 30.76 17425 23.37
 1239  57628 418943  2.02 14.78  0.00 12.62  8.52 11.33   131 13.43    16 36.14 30.75 17419 23.36
 1239  57627 418943  2.96 13.94  0.00 12.62  8.52 11.34   131 12.40    11 36.14 30.75 17419 23.36
 1240  57627 418942  4.04 12.85  0.00 12.62  8.52 11.36   131 12.18    16 36.15 30.76 17425 23.37
 1240  57626 418942  5.09 12.04  0.00 12.62  8.52 11.37   131 11.94    13 36.15 30.76 17425 23.37
 1240  57627 418942  6.04 10.94  0.00 12.61  8.52 11.36   131 11.42    11 36.14 30.76 17424 23.37
 1240  57629 418937  7.02  9.44  0.00 12.41  8.49 11.15   128  7.41    13 35.96 30.75 17420 23.39
 1241  57638 418905  8.12  8.59 16.99 11.32  8.40  8.85    99  2.76    16 35.01 30.73 17412 23.54
 1243  57637 418901  9.03  7.47 16.82 11.13  8.37  8.89    99  2.75    14 34.85 30.74 17418 23.58
 1243  57633 418879 10.04  6.72 17.57 10.96  8.33  7.89    88  2.01    12 34.72 30.75 17425 23.61
 1245  57632 418902 10.96  6.25 17.15 10.85  8.33  7.55    84  2.14    10 34.61 30.74 17419 23.62
 1246  57635 418908 11.91  5.18 17.57 10.82  8.33  7.53    84  1.78    13 34.59 30.74 17417 23.62
 1247  57637 418912 13.14  3.34 17.27 10.81  8.33  7.51    83  1.86    16 34.59 30.75 17422 23.63
 1247  57641 418918 14.13  2.34 16.78 10.79  8.33  7.48    83  1.55    10 34.58 30.75 17427 23.64
 1247  57640 418922 15.05  1.72 16.97 10.79  8.33  7.46    83  1.52     9 34.58 30.75 17427 23.64
 1247  57636 418929 15.92  0.26 17.47 10.79  8.33  7.43    82  1.54     9 34.58 30.75 17427 23.64
-1256  57969 417198  1.19 18.91 20.93 12.34  8.51 11.24   129  8.70    14 35.89 30.74 17417 23.40
 1256  57964 417189  2.09 17.86 20.93 12.25  8.51 11.25   129  8.26    10 35.83 30.75 17423 23.42
 1257  57959 417177  3.01 17.31 20.62 12.29  8.51 11.15   128  8.42    20 35.84 30.74 17414 23.40
 1257  57956 417167  4.12 16.06 20.45 12.10  8.50 11.11   127  7.53    10 35.73 30.79 17442 23.47
 1258  57958 417144  5.14 14.50 20.43 11.79  8.46 10.37   117  3.37    11 35.43 30.76 17426 23.49
 1259  57956 417143  5.89 13.78 20.41 11.79  8.47 10.31   117  3.30    16 35.42 30.75 17421 23.49
 1300  57955 417147  7.09 12.60 20.33 11.65  8.44  9.98   113  2.56    14 35.31 30.75 17424 23.51
 1301  57958 417145  7.92 11.92 20.49 11.58  8.43  9.94   112  2.47    11 35.26 30.77 17431 23.53
 1301  57964 417155  9.09 10.71 20.68 11.13  8.40  9.33   104  1.74    14 34.84 30.73 17413 23.57
 1303  57970 417180 10.04 10.14 20.93 11.20  8.39  8.56    96  1.62    11 34.91 30.74 17417 23.57
 1305  57977 417188 11.03  9.34 20.79 11.15  8.39  9.01   101  1.66    18 34.88 30.75 17425 23.58
 1305  57982 417190 11.91  8.50 20.70 11.16  8.38  9.03   101  1.66     8 34.89 30.75 17425 23.58
 1306  57967 417169 13.13  7.07 20.91 10.98  8.35  8.23    92  1.41    11 34.74 30.76 17426 23.61
 1308  57965 417165 14.21  5.93 20.89 10.98  8.35  8.23    92  1.41    16 34.73 30.75 17421 23.60
 1308  57964 417165 14.90  5.29 20.93 10.98  8.35  8.21    91  1.41    11 34.73 30.75 17421 23.60
 1309  57964 417166 16.03  4.18 20.93 10.94  8.34  8.20    91  1.44    12 34.69 30.74 17419 23.60
 1309  57966 417165 17.14  2.95 20.89 10.90  8.33  7.92    88  1.57     8 34.66 30.75 17422 23.61
 1310  57966 417172 18.06  2.40 20.99 10.75  8.33  7.78    86  1.62    16 34.53 30.74 17419 23.63
 1310  57967 417193 19.01  1.32  0.00 10.71  8.31  7.09    78  1.81    11 34.51 30.76 17427 23.65
-1326  59265 414193  1.12 22.14 23.42 11.70  8.48 10.94   124 11.24    12 35.34 30.74 17416 23.49
 1326  59274 414174  2.16 21.17 23.26 11.68  8.48 10.91   123 11.98    15 35.33 30.75 17421 23.50
 1327  59284 414157  3.15 20.14 23.26 11.64  8.47 10.86   122  9.46    10 35.29 30.74 17419 23.50
 1327  59312 414118  3.96 19.29  0.00 11.51  8.44 10.12   114  3.78    12 35.18 30.74 17417 23.52
 1329  59317 414116  5.09 18.38  0.00 11.51  8.44 10.08   113  3.80    12 35.18 30.74 17417 23.52
 1329  59320 414115  6.12 17.38  0.00 11.51  8.44 10.07   113  3.73    13 35.18 30.74 17417 23.52
 1329  59323 414115  6.85 16.81  0.00 11.50  8.44 10.06   113  3.30    14 35.17 30.74 17417 23.52
 1329  59330 414134  8.12 16.18  0.00 11.47  8.43  9.82   110  2.84    17 35.14 30.74 17415 23.52
 1330  59329 414139  9.16 15.24 24.40 11.46  8.42  9.80   110  2.60    13 35.14 30.75 17420 23.53
 1331  59327 414142 10.06 14.44 24.40 11.45  8.42  9.77   110  2.23     9 35.12 30.74 17414 23.53
 1331  59312 414151 10.99 13.27 23.90 11.10  8.35  8.24    92  1.71    13 34.82 30.74 17417 23.58
 1334  59310 414145 11.97 12.21  0.00 11.06  8.35  7.89    88  1.88    12 34.80 30.74 17420 23.59
 1335  59310 414146 12.99 67.77  0.00 10.98  8.35  7.92    88  1.80    15 34.74 30.76 17426 23.61
 1335  59311 414148 14.02 10.28  0.00 10.97  8.34  8.01    89  1.93    13 34.75 30.77 17437 23.62
 1336  59310 414146 14.97  9.29  0.00 10.91  8.33  7.58    84  1.82    10 34.68 30.76 17428 23.62
 1337  59315 414155 15.96  8.57 24.28 10.79  8.33  7.20    80  2.03    13 34.58 30.75 17427 23.64
 1338  59316 414157 17.16  7.40 24.34 10.74  8.32  7.19    79  2.12    13 34.54 30.76 17429 23.65
 1338  59316 414163 17.99  6.65 24.32 10.72  8.31  7.03    78  2.27    21 34.52 30.76 17428 23.65
 1339  59315 414156 18.96  5.59 24.22 10.66  8.31  6.75    75  2.12    15 34.48 30.77 17436 23.67
 1340  59313 414143 20.01  4.30 24.14 10.65  8.30  6.49    72  2.26    10 34.47 30.77 17435 23.67
 1341  59315 414139 21.03  3.13  0.00 10.65  8.30  6.46    71  2.11    13 34.47 30.77 17435 23.67
 1341  59317 414135 22.11  2.11  0.00 10.64  8.30  6.44    71  2.10    10 34.47 30.78 17440 23.67
 1342  59320 414132 23.00  1.25  0.00 10.63  8.29  6.39    71  2.30    15 34.46 30.78 17439 23.68
-1353  61206 413033  1.18  8.82 10.32 12.12  8.45  9.90   113  3.11    18 35.66 30.71 17395 23.40
 1353  61207 413019  2.05 64.35 10.35 12.11  8.45  9.90   113  3.40    15 35.65 30.71 17395 23.40
 1353  61208 413014  3.20  6.74 10.37 12.12  8.45  9.92   113  3.14    16 35.65 30.70 17390 23.40
 1353  61208 413010  4.17  5.84 10.39 12.11  8.45  9.92   113  3.12    18 35.65 30.71 17395 23.40
 1353  61207 413007  5.00  5.01 10.39 12.10  8.45  9.92   113  2.98    13 35.64 30.70 17394 23.41
 1354  61207 413002  5.98  3.98 10.41 12.10  8.46  9.94   113  3.10    14 35.64 30.70 17394 23.41
 1354  61208 412999  6.99  3.03 10.45 12.08  8.45  9.95   113  3.04    13 35.63 30.71 17398 23.41
 1354  61209 412996  8.12  1.94 10.45 11.98  8.45  9.94   113  2.31    12 35.54 30.70 17393 23.42
 1355  61222 412999  9.11  0.99 10.45 11.74  8.45  9.79   111  1.62    13 35.31 30.68 17381 23.44
-1402  62325 412248  1.19 16.55 18.07 12.22  8.47 10.35   118  7.09    19 35.64 30.61 17337 23.31
 1402  62331 412241  1.89 15.84 18.09 12.21  8.47 10.35   118  6.80    12 35.63 30.61 17336 23.31
 1403  62338 412234  3.08 14.62 18.03 12.18  8.47 10.34   118  5.83    11 35.62 30.61 17340 23.32
 1403  62338 412234  4.13 13.57 18.07 12.10  8.47 10.34   118  5.83    12 35.56 30.62 17347 23.34
 1403  62332 412237  5.19  0.35 18.07 12.17  8.47 10.23   117  5.72    13 35.60 30.60 17334 23.32
 1404  62326 412240  5.97  0.29 17.99 11.95  8.44 10.22   116  4.31    15 35.43 30.63 17349 23.37
 1404  62316 412249  7.06 10.93  0.00 11.75  8.42  8.95   101  3.21    12 35.29 30.65 17366 23.42
 1406  62314 412256  8.07  9.92  0.00 11.54  8.40  8.85    99  1.63    15 35.12 30.66 17370 23.45
 1407  62326 412266  9.07  9.09 18.35 11.19  8.34  7.70    86  1.61    13 34.81 30.65 17367 23.50
 1409  62327 412266 10.20  8.06 18.33 11.15  8.33  7.68    86  1.56    10 34.80 30.67 17376 23.52
 1409  62334 412271 10.93  7.43 18.39 11.08  8.33  7.35    82  1.51    11 34.76 30.69 17388 23.54
 1410  62335 412274 11.84 19.67 18.39 11.08  8.33  7.32    81  1.53    11 34.76 30.69 17388 23.54
 1410  62344 412264 13.10  5.21 18.39 10.82  8.32  6.69    74  1.96    14 34.60 30.76 17428 23.63
 1412  62342 412258 14.12  4.07 18.31 10.81  8.31  6.61    73  1.97    12 34.60 30.76 17428 23.63
 1413  62340 412253 15.01  3.26 18.27 10.80  8.31  6.59    73  1.87     7 34.60 30.77 17433 23.64
 1413  62339 412251 16.04  2.06 18.17 10.79  8.31  6.56    73  1.89    10 34.59 30.76 17432 23.64
 1413  62314 412236 17.05  0.69 17.68 10.74  8.27  5.80    64  1.44    11 34.55 30.77 17435 23.65
-1428  65179 412101  1.06 13.12 14.45 12.79  8.48 10.42   120  6.08    13 36.10 30.58 17318 23.20
 1428  65221 412098  1.98 12.20 14.35 12.80  8.48 10.46   121  5.85    23 36.12 30.59 17324 23.21
 1428  65233 412098  3.02 11.10 14.45 12.80  8.49 10.46   121  4.78    18 36.12 30.59 17324 23.21
 1429  65239 412098  3.99  0.74 14.62 12.80  8.48 10.46   121  5.22    13 36.12 30.59 17324 23.21
 1429  65244 412098  5.04  0.30 14.62 12.79  8.49 10.46   121  5.36    13 36.12 30.59 17329 23.22
 1429  65252 412099  6.09  8.30 14.80 12.64  8.50 10.58   122  2.98    21 36.00 30.60 17332 23.24
 1430  65255 412098  7.16  7.32 14.84 12.42  8.50 10.66   122  2.44    14 35.83 30.62 17342 23.29
 1430  65257 412098  8.12  6.37 14.84 12.29  8.49 10.64   122  2.29     9 35.70 30.60 17335 23.30
 1430  65269 412095  9.07  5.56  0.00 11.98  8.44  9.80   111  2.55    16 35.42 30.58 17324 23.33
 1432  65283 412085 10.10  4.19  0.00 11.66  8.39  8.74    98  4.12     8 35.13 30.57 17318 23.37
 1434  65293 412085 10.97  3.36 14.70 11.63  8.38  8.48    95  4.30    12 35.09 30.56 17311 23.36
 1435  65294 412082 12.04  2.17 14.21 11.36  8.33  7.16    80  5.33    14 34.88 30.58 17323 23.42
 1438  65307 412083 13.04  1.52 14.17 11.25  8.32  6.83    76  7.06    15 34.82 30.61 17344 23.46
-1444  66375 411659  1.15  8.17  9.84 13.05  8.46 10.00   116  2.39    13 36.30 30.55 17305 23.15
 1444  66386 411630  2.03  7.15  9.45 12.87  8.48 10.30   119  3.58    15 36.15 30.56 17306 23.18
 1445  66386 411624  3.06  5.90  9.32 12.62  8.48 10.37   119  4.12    13 35.95 30.57 17315 23.22
 1446  66388 411617  4.02  4.81  9.16 12.47  8.48 10.33   118  3.21    10 35.81 30.56 17308 23.24
 1446  66397 411610  5.12  3.62  9.02 12.13  8.46  9.95   113  1.67    13 35.53 30.57 17316 23.30
 1447  66396 411609  6.14  2.62  9.00 12.13  8.46  9.92   113  1.63    16 35.52 30.56 17311 23.29
 1447  66397 411609  6.89  1.91  9.06 12.10  8.46  9.89   113  1.42     9 35.51 30.58 17320 23.31
 1448  66395 411617  8.11  0.77  9.26 12.06  8.45  9.33   106  1.89    15 35.46 30.56 17313 23.30
-1454  67327 411340  1.07 11.27 12.80 12.73  8.47 10.39   120  6.61    14 36.01 30.54 17294 23.18
 1454  67328 411332  2.07 10.32 12.72 12.72  8.47 10.37   120  4.86    12 36.01 30.54 17299 23.19
 1455  67329 411327  3.05  9.19 12.72 12.71  8.48 10.37   119  5.28    18 36.00 30.54 17299 23.19
 1455  67331 411320  3.97  8.22 12.60 12.62  8.48 10.36   119  2.85    15 35.93 30.55 17305 23.21
 1455  67333 411316  4.93  7.25 12.57 12.47  8.48 10.37   119  2.15    14 35.84 30.59 17328 23.26
 1455  67348 411306  6.01  5.97 12.39 12.20  8.46 10.07   115  1.61     9 35.58 30.56 17310 23.28
 1457  67351 411304  7.02  4.94 12.33 12.14  8.44 10.07   115  1.62     9 35.52 30.55 17306 23.28
 1457  67360 411292  8.07  3.75 12.21 12.08  8.44  9.78   111  1.82    11 35.48 30.57 17314 23.30
 1458  67372 411284  9.15  2.49 12.08 12.03  8.43  9.60   109  3.48    14 35.43 30.56 17311 23.30
 1459  67378 411281 10.11  1.48 12.08 11.96  8.42  9.55   108  3.96    15 35.41 30.59 17329 23.34
 1459  67390 411295 10.90  0.93 12.35 11.83  8.37  8.26    93  1.89     7 35.25 30.55 17306 23.33
-1508  68842 411207  1.05  9.36 11.08 13.28  8.52 10.99   128 10.56    15 36.35 30.41 17223 23.00
 1509  68843 411204  2.09  7.40 11.49 13.27  8.52 11.00   128 10.16    17 36.35 30.42 17228 23.01
 1509  68845 411202  2.90  6.47 11.78 13.27  8.52 11.02   128  9.68    17 36.35 30.42 17228 23.01
 1509  68849 411203  3.99  5.65 11.86 13.20  8.51 11.02   128  7.00    17 36.35 30.48 17260 23.06
 1510  68858 411210  5.15  4.00 12.41 13.22  8.51 10.45   122  7.46    14 36.35 30.46 17251 23.05
 1510  68862 411222  6.07  4.46 13.04 13.23  8.49  9.97   116  3.63    13 36.35 30.45 17246 23.04
 1511  68866 411240  6.97  3.97 12.68 12.33  8.43  9.61   110  2.25    16 35.66 30.53 17295 23.24
 1512  68874 411255  7.90  0.38  9.08 12.12  8.41  9.10   104  2.97    14 35.49 30.54 17300 23.28
-1518  69251 410934  0.92  4.95  6.09 14.31  8.54 10.77   128  9.44    14 36.84 30.05 17009 22.56
 1519  69244 410932  2.25  3.91  5.85 13.65  8.53 10.84   127 10.99    15 36.47 30.24 17118 22.81
 1519  69241 410931  3.00  3.07  6.15 13.53  8.52 10.86   127 10.88    13 36.39 30.25 17128 22.84
 1520  69225 410928  4.13  1.38  5.47 13.28  8.50 10.63   124  7.24    17 36.35 30.41 17223 23.00
 1521  69219 410927  4.92  0.60  6.27 13.28  8.50 10.55   123  5.73    17 36.35 30.41 17223 23.00
