# m.c. 'ANJA 3'                           
# 15 Jun 1992 09:32:50                                        
# PROJECTCODE: GTSO                                           
# OPDRACHTGEVER: ZEELAND                                      
# MEETGEBIED: GREVELINGEN                                     
# STARTPUNT: 1-Br.Dam                                         
# EINDPUNT: 20-Hevel                                          
* 19920615
$-9999 [00022202202]
> TIJD
> X-COORD
> Y-COORD
>SENSHTE Diepte set      m
>Temp       Temperatuur       oC  
>O2        Zuurstof          mg/l
>%O2  301.0 Zuurstof Verz.  Proc  
>GELBH   Geleidendheid   mS/cm
>SALNTT  Saliniteit      Prom
>CL-       Chloride          mg/l
>DICHT   Dichtheid       Gr.
 -933  47539 418866   .95 19.42  7.97   103  42.19 30.78 17411 21.73
  933  47545 418868  2.08 19.35  7.97   103  42.15 30.81 17424 21.77
  933  47545 418867  3.01 19.32  7.98   103  42.09 30.77 17404 21.75
  934  47544 418869  4.03 19.24  7.96   102  41.98 30.75 17389 21.75
  934  47547 418865  5.06 19.17  7.93   102  41.95 30.77 17402 21.78
  934  47548 418863  6.08 19.11  7.84   101  41.86 30.74 17389 21.78
  935  47548 418865  4.08 19.05  7.71    99  41.95 30.86 17454 21.88
 -939  47924 418433  1.10 19.72  8.48   110  42.48 30.79 17415 21.66
  939  47926 418432  2.13 19.63  8.47   110  42.27 30.69 17357 21.61
  939  47924 418423  3.10 19.48  8.42   109  42.19 30.74 17384 21.68
  940  47937 418419  4.13 19.28  8.15   105  42.04 30.77 17403 21.76
  940  47933 418423  5.01 19.20  8.00   103  42.07 30.84 17445 21.83
  941  47929 418427  6.03 19.18  7.83   101  42.03 30.83 17439 21.83
  941  47915 418436  7.12 19.11  7.75    99  42.01 30.86 17458 21.87
  942  47913 418435  7.99 19.06  7.66    98  41.95 30.85 17451 21.87
  942  47926 418428  9.02 18.83  7.46    95  41.59 30.73 17381 21.83
  942  47922 418430 10.10 18.63  7.13    91  41.33 30.66 17341 21.83
  943  47921 418428 11.00 18.40  6.53    83  41.20 30.72 17381 21.94
  943  47922 418426 11.86 18.18  6.00    76  41.14 30.84 17450 22.08
  944  47922 418424 13.03 17.98  5.60    70  41.06 30.92 17498 22.19
  944  47921 418422 14.05 17.51  5.27    65  40.03 30.40 17198 21.91
  945  47922 418420 15.04 13.44  2.31    26  37.29 31.16 17653 23.38
  946  47927 418412 16.11 12.60  1.86    21  35.78 30.42 17227 22.97
-1005  48747 418240  1.01 19.68  8.25   107  42.33 30.71 17368 21.61
 1006  48746 418241  1.94 19.53  8.23   106  42.16 30.68 17348 21.62
 1006  48751 418233  3.01 19.33  8.11   104  42.04 30.73 17379 21.71
 1007  48759 418230  4.04 19.14  7.94   102  41.80 30.67 17345 21.71
 1007  48760 418229  5.06 18.97  7.73    99  41.68 30.70 17363 21.78
 1008  48751 418229  5.94 18.87  7.42    95  41.68 30.77 17406 21.86
 1008  48752 418226  7.02 18.73  7.19    91  41.45 30.68 17354 21.82
 1008  48752 418226  7.95 18.56  6.90    88  41.35 30.73 17383 21.90
 1009  48755 418217  8.97 18.45  6.59    83  41.35 30.81 17429 21.99
 1009  48755 418215  9.90 18.36  6.32    80  41.20 30.76 17402 21.98
 1010  48756 418214 10.92 18.32  5.99    76  41.39 30.94 17505 22.12
 1010  48756 418210 11.91 18.30  5.76    73  41.39 30.96 17515 22.14
 1011  48754 418210 12.88 18.17  5.59    70  41.12 30.83 17444 22.08
 1011  48753 418208 13.86 17.46  5.46    68  39.84 30.29 17130 21.83
 1011  48749 418211 14.98 15.65  4.98    59  37.15 29.31 16574 21.50
 1012  48753 418202 15.91 12.39  2.24    25  36.08 30.88 17491 23.36
 1013  48754 418201 16.84 11.97  1.76    20  35.54 30.71 17398 23.31
 1014  48753 418204 17.87 11.37  1.44    16  35.28 30.96 17540 23.61
 1014  48754 418205 19.04 11.06  1.27    14  35.19 31.13 17640 23.80
 1015  48760 418198 19.87 10.84  1.12    12  35.07 31.20 17682 23.89
 1015  48760 418201 20.95 10.67  1.01    11  35.01 31.29 17733 23.99
 1015  48770 418198 21.87 10.55   .91    10  34.98 31.36 17777 24.07
 1016  48771 418198 22.95 10.46   .82     9  34.95 31.40 17802 24.11
 1016  48772 418201 23.88 10.39   .74     8  34.95 31.46 17837 24.17
 1016  48774 418197 24.76 10.38   .67     7  34.95 31.48 17846 24.19
 1018  48784 418194 25.98 10.31   .48     5  34.92 31.51 17864 24.22
 1018  48773 418200 26.91 10.29   .43     5  34.92 31.52 17873 24.24
 1018  48772 418202 27.99 10.29   .41     4  34.89 31.49 17855 24.21
 1019  48788 418196 28.91 10.27   .38     4  34.92 31.54 17881 24.25
 1019  48777 418199 29.94 10.25   .35     4  34.92 31.55 17890 24.27
 1019  48786 418197 30.92 10.22   .33     4  34.89 31.55 17890 24.27
 1020  48788 418196 31.89 10.20   .30     3  34.89 31.57 17898 24.28
 1020  48788 418194 32.77 10.17   .28     3  34.83 31.54 17881 24.27
 1020  48788 418194 33.90 10.10   .25     3  34.80 31.57 17899 24.30
 1021  48787 418199 34.92 10.05   .21     2  34.83 31.64 17942 24.37
 1021  48789 418195 35.80 10.02   .21     2  34.74 31.58 17908 24.33
 1021  48788 418200 36.88  9.96   .19     2  34.68 31.57 17900 24.33
 1022  48788 418201 37.81  9.88   .16     2  34.62 31.58 17908 24.35
 1022  48785 418203 38.83  9.77   .15     2  34.56 31.61 17925 24.39
 1022  48788 418200 39.96  9.66   .14     1  34.47 31.63 17935 24.42
 1023  48789 418198 41.52  9.59   .12     1  34.41 31.63 17935 24.43
 1023  48787 418200 42.01  9.52   .10     1  34.38 31.66 17952 24.47
 1023  48788 418200 43.53  9.47   .08     1  34.27 31.58 17909 24.42
 1024  48785 418203 44.16  9.37   .08     1  34.24 31.64 17944 24.48
 1024  48785 418203 44.94  9.28   .06     1  34.24 31.72 17988 24.55
-1035  49677 418268   .94 19.87  8.68   113  42.95 31.07 17573 21.83
 1035  49675 418268  1.88 19.86  8.76   114  42.48 30.70 17358 21.55
 1035  49673 418270  3.10 19.74  8.76   114  42.46 30.76 17398 21.63
 1036  49673 418269  3.97 19.62  8.77   114  42.36 30.77 17403 21.67
 1036  49673 418269  4.95 19.42  8.57   110  42.04 30.67 17342 21.64
 1037  49674 418270  6.03 19.07  8.22   105  41.78 30.70 17364 21.75
 1037  49674 418269  6.95 18.85  7.86   100  41.62 30.74 17386 21.84
 1037  49674 418269  7.93 18.73  7.53    96  41.59 30.81 17426 21.92
 1038  49675 418272  8.96 18.59  7.21    91  41.47 30.81 17426 21.95
 1038  49677 418271  9.89 17.96  5.82    73  40.94 30.84 17448 22.13
 1039  49683 418270 10.91 17.82  4.93    62  40.91 30.92 17495 22.23
 1040  49689 418270 11.94 17.79  4.71    59  40.85 30.89 17481 22.22
 1040  49694 418266 12.92 17.74  4.43    55  40.88 30.95 17515 22.27
 1041  49692 418265 13.94 15.97  4.06    49  38.41 30.17 17072 22.09
 1041  49689 418263 15.03 13.44  1.84    21  37.35 31.22 17685 23.42
 1043  49676 418254 15.96 12.65  1.48    17  36.20 30.78 17432 23.23
 1043  49667 418252 16.98 12.10  1.25    14  35.84 30.89 17497 23.42
 1044  49664 418252 18.06 11.71  1.10    12  35.39 30.79 17441 23.42
 1044  49661 418250 19.04 11.28   .99    11  35.22 30.97 17549 23.64
 1044  49659 418249 20.01 10.99   .90    10  35.10 31.10 17623 23.78
 1045  49669 418245 20.94 10.79   .82     9  35.07 31.24 17708 23.93
 1045  49662 418249 22.02 10.63   .74     8  35.04 31.34 17768 24.04
 1045  49664 418245 23.04 10.55   .67     7  35.01 31.39 17794 24.09
 1046  49655 418246 24.07 10.50   .62     7  34.98 31.40 17802 24.11
 1046  49652 418247 25.00 10.43   .57     6  34.92 31.40 17802 24.12
-1053  50665 418363  1.04 20.08  8.98   117  42.75 30.75 17387 21.53
 1054  50667 418360  2.02 19.91  8.91   116  42.46 30.64 17326 21.50
 1054  50667 418362  3.00 19.69  8.88   115  42.33 30.70 17362 21.60
 1055  50667 418364  4.02 19.60  8.80   114  42.27 30.72 17372 21.64
 1055  50668 418364  5.05 19.36  8.57   110  42.09 30.75 17389 21.72
 1055  50663 418367  6.03 19.20  8.16   105  42.03 30.81 17427 21.80
 1056  50657 418373  6.95 19.14  7.83   100  41.98 30.82 17432 21.83
 1056  50661 418377  7.98 19.05  7.58    97  41.98 30.89 17471 21.90
 1057  50663 418377  9.06 18.87  7.36    94  41.56 30.67 17348 21.78
 1057  50661 418377 10.03 18.17  6.26    79  41.23 30.92 17497 22.15
 1058  50657 418376 11.06 18.07  5.80    73  41.14 30.92 17496 22.17
 1058  50660 418374 11.99 17.89  5.37    67  40.82 30.78 17417 22.11
 1059  50664 418371 12.97 17.70  4.99    62  40.79 30.91 17489 22.25
 1059  50664 418372 14.04 15.44  3.84    46  39.07 31.17 17647 22.96
 1100  50669 418365 15.18 13.44  2.28    26  36.95 30.85 17469 23.13
 1101  50666 418362 16.01 12.76  1.87    21  36.37 30.86 17480 23.28
 1102  50660 418361 17.03 12.14  1.60    18  35.78 30.80 17448 23.35
 1102  50661 418359 17.96 11.46  1.34    15  35.36 30.97 17548 23.60
 1102  50676 418353 18.94 11.20  1.20    13  35.31 31.13 17641 23.77
 1103  50668 418354 19.87 10.94  1.07    12  35.13 31.17 17666 23.85
 1103  50667 418350 20.89 10.68   .87     9  35.07 31.33 17759 24.02
 1104  50668 418346 22.06 10.56   .79     9  35.01 31.37 17785 24.07
 1104  50660 418344 22.99 10.48   .70     8  35.01 31.45 17828 24.15
 1104  50666 418342 24.12 10.44   .65     7  34.98 31.45 17829 24.15
 1105  50661 418340 24.95 10.41   .56     6  34.98 31.48 17846 24.18
 1105  50653 418341 25.93 10.36   .52     6  34.95 31.49 17854 24.20
 1106  50652 418342 26.96 10.29   .46     5  34.89 31.49 17856 24.21
-1113  51558 418639   .90 20.32  8.86   116  43.10 30.86 17448 21.55
 1113  51557 418642  2.12 20.24  8.86   116  42.69 30.59 17293 21.37
 1114  51553 418647  3.05 19.91  8.80   114  42.36 30.56 17280 21.44
 1114  51556 418643  4.02 19.65  8.74   113  42.21 30.63 17320 21.55
 1114  51558 418648  5.05 19.35  8.61   111  41.86 30.57 17287 21.59
 1115  51562 418648  6.03 19.05  8.33   107  41.64 30.61 17310 21.69
 1115  51572 418642  7.05 18.68  7.90   100  41.27 30.57 17291 21.75
 1116  51569 418643  8.03 18.35  7.09    90  41.23 30.79 17417 22.00
 1116  51578 418641  9.15 18.29  6.71    85  41.20 30.81 17433 22.03
 1117  51583 418637  9.99 18.23  6.46    81  41.17 30.83 17440 22.06
 1117  51585 418637 11.01 18.08  6.22    78  40.96 30.76 17405 22.05
 1117  51591 418630 12.04 17.75  5.88    74  40.75 30.84 17449 22.18
 1118  51592 418628 12.98 16.69  4.26    52  40.15 31.13 17624 22.66
 1119  51589 418626 14.05 16.40  3.85    47  39.84 31.09 17602 22.69
 1119  51591 418622 15.08 16.16  3.52    43  39.22 30.74 17398 22.47
 1120  51589 418623 16.01 12.89  2.52    28  36.02 30.41 17221 22.91
 1121  51583 418631 16.98 12.10  2.10    23  35.75 30.81 17451 23.36
 1121  51588 418628 17.96 11.37  1.75    19  35.19 30.87 17490 23.54
 1121  51591 418628 18.99 10.94  1.47    16  35.13 31.17 17666 23.85
 1122  51589 418632 20.06 10.77  1.30    14  35.10 31.29 17733 23.97
 1122  51591 418633 20.99 10.63  1.14    12  35.04 31.35 17768 24.04
 1122  51591 418639 21.97 10.56  1.05    11  35.01 31.37 17785 24.07
 1123  51589 418641 22.95 10.48   .94    10  34.98 31.42 17811 24.12
 1123  51586 418645 24.02 10.43   .83     9  34.98 31.46 17837 24.17
 1123  51587 418648 24.95 10.40   .75     8  34.98 31.48 17849 24.19
 1124  51590 418649 26.02 10.34   .68     7  34.95 31.51 17863 24.21
 1124  51591 418653 27.01 10.29   .61     7  34.92 31.53 17873 24.24
 1124  51584 418661 27.93 10.27   .57     6  34.86 31.48 17847 24.21
 1125  51585 418655 29.01 10.24   .52     6  34.86 31.51 17865 24.23
 1125  51586 418654 29.99 10.19   .46     5  34.83 31.52 17873 24.25
 1125  51588 418652 30.96 10.17   .44     5  34.83 31.54 17882 24.27
 1126  51590 418649 31.94 10.14   .41     4  34.80 31.54 17882 24.27
 1126  51596 418647 33.01 10.10   .38     4  34.77 31.54 17882 24.28
 1126  51601 418644 33.99 10.05   .34     4  34.72 31.53 17879 24.28
-1138  52792 420328  1.09 20.08  9.05   118  43.05 30.99 17528 21.72
 1138  52791 420322  2.12 20.01  8.99   117  42.93 30.95 17501 21.70
 1138  52788 420331  3.00 19.75  8.91   116  42.40 30.70 17363 21.58
 1139  52792 420333  4.12 19.51  8.90   115  42.31 30.81 17426 21.73
 1139  52796 420335  5.05 19.38  8.89   115  42.13 30.76 17397 21.72
 1139  52800 420337  6.08 19.28  8.86   114  42.04 30.77 17403 21.76
 1140  52802 420337  7.00 19.14  8.72   112  41.92 30.77 17403 21.79
 1140  52801 420343  8.08 18.95  8.51   109  41.68 30.71 17369 21.79
 1140  52799 420350  9.06 18.68  8.24   105  41.47 30.74 17390 21.88
 1141  52796 420358  9.94 18.49  7.71    98  41.33 30.76 17402 21.95
 1141  52798 420358 11.11 18.08  5.67    71  41.18 30.95 17511 22.19
-1149  53771 421121  1.14 20.03  9.35   122  42.87 30.88 17464 21.65
 1149  53769 421118  1.98 19.89  9.31   121  42.64 30.80 17417 21.62
 1150  53772 421116  3.05 19.84  9.35   122  42.60 30.80 17421 21.64
 1150  53774 421115  4.07 19.81  9.38   122  42.66 30.88 17464 21.70
 1150  53783 421110  5.05 19.79  9.39   122  42.52 30.78 17405 21.63
 1151  53778 421109  6.03 19.68  9.37   121  42.42 30.78 17405 21.66
 1151  53782 421107  7.05 19.58  9.35   121  42.36 30.80 17418 21.70
 1151  53789 421105  8.08 19.43  9.20   119  42.18 30.76 17399 21.71
 1152  53791 421104  9.06 19.37  9.03   116  42.19 30.82 17432 21.77
 1152  53790 421100 10.09 18.94  8.84   113  41.30 30.41 17197 21.57
 1153  53787 421100 11.02 18.29  7.49    95  41.16 30.77 17409 22.00
 1154  53782 421092 12.10 18.00  5.46    69  40.97 30.84 17448 22.12
 1155  53772 421090 13.02 17.96  5.12    64  40.91 30.81 17433 22.11
 1155  53774 421089 14.00 17.84  4.64    58  40.79 30.81 17430 22.14
 1156  53777 421087 15.03 17.77  4.20    52  40.73 30.80 17428 22.15
 1156  53778 421086 16.01 17.69  3.77    47  40.67 30.82 17436 22.18
 1157  53784 421083 16.59 17.60  3.28    41  40.68 30.89 17479 22.26
-1204  55238 421451  1.09 20.77  9.39   124  43.59 30.92 17481 21.48
 1204  55231 421448  2.07 20.70  9.37   124  43.16 30.63 17316 21.28
 1205  55227 421448  3.15 20.31  9.30   122  42.89 30.70 17359 21.44
 1205  55226 421446  4.22 20.25  9.30   122  42.93 30.77 17399 21.51
 1205  55227 421446  5.10 20.10  9.32   122  42.77 30.76 17392 21.54
 1206  55227 421444  6.13 19.77  9.26   120  42.15 30.49 17241 21.42
 1206  55229 421444  7.16 19.56  9.24   119  42.19 30.68 17351 21.62
 1206  55233 421442  8.09 19.42  9.13   118  42.16 30.76 17400 21.72
 1207  55236 421442  8.97 19.37  8.97   116  42.16 30.80 17421 21.76
 1207  55238 421442 10.14 19.31  8.81   113  42.02 30.72 17376 21.71
 1208  55240 421442 11.11 19.06  8.57   110  41.65 30.61 17312 21.69
 1208  55245 421442 12.10 18.37  7.10    90  40.95 30.54 17273 21.80
 1209  55252 421440 13.03 17.86  5.60    70  40.71 30.72 17379 22.07
 1210  55256 421440 14.10 17.72  4.22    53  40.73 30.84 17450 22.19
 1211  55255 421441 15.08 17.69  3.85    48  40.73 30.87 17466 22.22
 1211  55253 421444 16.11 17.60  3.53    44  40.68 30.89 17479 22.26
 1212  55253 421443 17.08 17.53  3.18    40  40.58 30.86 17463 22.25
 1212  55250 421444 18.06 17.46  2.94    37  40.50 30.84 17452 22.25
 1213  55248 421443 19.04 17.34  2.68    33  40.41 30.86 17463 22.30
 1213  55245 421442 20.06 17.14  2.47    30  40.15 30.79 17422 22.29
 1213  55243 421443 21.04 16.85  2.17    27  39.81 30.72 17384 22.30
 1214  55244 421444 21.97 16.59  1.89    23  39.55 30.69 17370 22.34
-1220  56475 420681  1.14 20.56  8.59   113  43.28 30.83 17431 21.47
 1221  56480 420679  2.02 20.52  8.58   113  43.26 30.83 17434 21.48
 1221  56459 420692  3.15 20.39  8.56   112  42.99 30.72 17368 21.43
 1222  56451 420695  4.12 20.22  8.54   112  42.93 30.79 17411 21.53
 1222  56446 420699  5.01 20.12  8.52   111  42.70 30.68 17349 21.47
 1222  56456 420695  6.08 19.84  8.51   111  42.35 30.60 17302 21.48
 1223  56440 420704  7.11 19.69  8.55   111  42.33 30.70 17362 21.60
 1223  56451 420698  8.24 19.61  8.62   111  42.33 30.76 17398 21.67
 1224  56449 420699  8.97 19.59  8.64   112  42.29 30.73 17381 21.65
 1224  56453 420697  9.99 19.53  8.62   111  42.23 30.73 17377 21.66
 1224  56455 420697 11.07 19.44  8.57   111  42.04 30.65 17333 21.62
 1225  56460 420695 11.95 19.32  8.42   108  42.04 30.74 17385 21.72
-1235  57609 419011  1.05 21.00  9.24   123  43.29 30.52 17253 21.12
 1235  57615 419006  2.08 20.94  9.35   124  43.20 30.49 17232 21.11
 1236  57617 419007  3.01 20.78  9.38   124  42.87 30.34 17147 21.04
 1236  57624 419011  4.08 20.50  9.47   124  42.66 30.38 17172 21.15
 1237  57629 419010  5.11 20.07  9.36   122  42.02 30.17 17055 21.10
 1237  57630 419014  6.09 19.57  9.00   116  41.36 30.00 16958 21.10
 1238  57637 419009  7.01 19.14  7.68    98  41.30 30.26 17110 21.40
 1239  57632 419027  8.09 19.39  7.11    92  42.31 30.90 17480 21.83
 1240  57623 419032  9.21 19.42  7.46    96  42.02 30.65 17331 21.63
 1240  57615 419035  9.99 19.09  7.61    97  41.59 30.54 17269 21.62
 1241  57615 419027 10.97 18.83  7.51    96  41.54 30.69 17357 21.80
 1241  57613 419020 12.00 18.63  7.33    93  41.33 30.66 17341 21.83
 1241  57612 419016 13.03 18.43  6.97    88  41.18 30.69 17360 21.91
 1242  57614 419012 13.95 18.29  6.38    81  41.12 30.74 17392 21.98
 1242  57614 419009 14.93 18.10  5.85    73  40.91 30.71 17375 22.00
-1251  57943 417310  1.00 20.78  9.87   130  42.99 30.43 17202 21.11
 1251  57944 417306  2.03 20.74  9.84   130  42.78 30.31 17129 21.03
 1252  57945 417302  3.06 20.41  9.71   127  42.40 30.23 17085 21.05
 1252  57947 417296  4.18 19.69  9.41   122  41.86 30.32 17140 21.31
 1252  57949 417292  5.01 19.47  8.19   106  42.02 30.61 17307 21.58
 1254  57940 417294  6.09 19.56  8.04   104  41.59 30.20 17072 21.25
 1254  57940 417296  7.01 19.21  7.95   102  41.53 30.40 17189 21.49
 1254  57938 417301  7.99 18.94  7.64    97  41.33 30.43 17208 21.58
 1255  57942 417297  8.97 18.68  6.71    85  41.33 30.62 17320 21.79
 1255  57948 417294 10.04 18.71  6.44    82  41.53 30.77 17403 21.89
 1256  57952 417301 11.02 18.68  6.49    83  41.47 30.74 17390 21.88
 1256  57953 417306 12.00 18.44  6.46    82  41.03 30.56 17284 21.80
 1257  57954 417309 12.93 18.12  4.98    63  40.95 30.73 17383 22.01
 1258  57961 417311 13.95 17.98  4.57    57  40.79 30.70 17368 22.02
 1258  57963 417315 14.98 17.82  4.19    52  40.71 30.75 17395 22.09
 1259  57964 417319 16.01 17.69  3.72    46  40.58 30.74 17394 22.12
 1259  57965 417324 17.03 17.58  3.39    42  40.50 30.75 17399 22.16
 1300  57966 417324 17.96 17.43  3.15    39  40.37 30.75 17402 22.19
 1300  57970 417325 18.99 17.34  2.87    36  40.32 30.78 17415 22.23
-1315  59385 414211  1.10 21.20  9.73   129  43.09 30.22 17075 20.84
 1315  59384 414210  2.08 21.16  9.75   129  42.41 29.71 16782 20.46
 1316  59386 414207  3.11 20.64  9.55   125  42.19 29.91 16897 20.75
 1316  59389 414202  4.08 20.05  9.25   120  41.65 29.90 16895 20.90
 1317  59390 414200  5.06 19.02  6.96    89  41.47 30.49 17241 21.60
 1318  59394 414189  6.04 19.13  6.82    87  41.48 30.42 17202 21.53
 1318  59392 414186  7.06 19.11  6.75    86  41.30 30.28 17122 21.43
 1319  59395 414185  8.09 18.83  6.58    84  40.89 30.15 17045 21.39
 1319  59396 414184  9.02 18.51  5.84    74  41.18 30.63 17323 21.84
 1320  59399 414181 10.04 18.46  5.61    71  41.24 30.71 17374 21.91
 1320  59397 414188 11.07 18.36  5.42    68  41.03 30.62 17320 21.87
 1321  59398 414201 12.00 18.20  5.19    65  40.91 30.63 17329 21.92
 1321  59397 414205 12.98 18.03  4.83    61  40.79 30.66 17344 21.98
 1322  59393 414212 13.95 17.93  4.37    55  40.77 30.72 17378 22.05
 1322  59391 414217 15.03 17.84  4.05    51  40.71 30.73 17385 22.08
 1323  59389 414219 15.96 17.77  3.82    48  40.56 30.66 17345 22.04
 1323  59389 414217 16.98 17.65  3.65    45  40.52 30.72 17380 22.11
 1324  59389 414214 18.01 17.58  3.51    44  40.50 30.75 17399 22.16
 1324  59391 414212 18.99 17.49  3.35    42  40.35 30.70 17371 22.14
 1325  59392 414208 19.97 17.41  3.19    40  40.35 30.76 17402 22.20
 1325  59393 414201 21.09 17.31  3.00    37  40.27 30.76 17407 22.23
 1326  59393 414197 21.97 17.25  2.79    35  40.21 30.76 17405 22.24
 1326  59392 414192 22.95 17.16  2.56    32  40.15 30.78 17416 22.28
 1326  59391 414194 23.93 17.14  2.37    29  40.15 30.79 17422 22.29
-1336  61151 413042  1.05 20.74 10.01   132  42.60 30.16 17045 20.92
 1337  61153 413037  2.13 20.50  9.95   131  42.55 30.29 17122 21.08
 1338  61154 413032  3.16 20.36  9.80   128  42.52 30.36 17161 21.17
 1338  61155 413030  4.08 20.22  9.54   125  42.43 30.39 17181 21.23
 1339  61158 413026  5.06 20.17  9.27   121  42.49 30.48 17233 21.31
 1339  61160 413021  5.99 20.05  8.90   116  42.43 30.52 17255 21.37
 1340  61163 413018  7.06 19.79  8.51   110  42.08 30.42 17198 21.36
 1340  61172 413011  8.04 19.13  7.88   101  41.18 30.17 17058 21.34
 1341  61155 413015  9.07 18.47  7.38    93  40.48 30.07 17001 21.42
-1348  62293 412215   .96 21.01 10.11   134  42.91 30.21 17071 20.88
 1349  62288 412215  1.99 20.84 10.12   133  42.49 30.00 16952 20.77
 1349  62283 412211  3.01 20.38  9.98   130  41.87 29.84 16859 20.77
 1350  62282 412209  3.99 20.14  9.80   127  41.71 29.88 16885 20.86
 1350  62279 412204  5.01 19.78  9.43   122  41.51 29.97 16938 21.02
 1351  62277 412203  6.09 19.66  8.87   115  42.04 30.49 17237 21.44
 1351  62276 412199  7.06 19.25  7.91   101  41.65 30.47 17231 21.54
 1352  62276 412191  7.94 18.71  7.53    95  40.68 30.07 16998 21.36
 1352  62275 412192  9.02 18.17  6.37    80  40.58 30.39 17186 21.74
 1353  62267 412194 10.00 17.94  5.68    71  40.50 30.48 17242 21.86
 1354  62263 412203 11.02 17.84  5.23    65  40.52 30.58 17297 21.96
 1354  62262 412210 12.00 17.77  4.65    58  40.58 30.68 17357 22.06
 1355  62264 412212 12.98 17.76  4.42    55  40.56 30.67 17351 22.05
 1355  62266 412215 14.00 17.70  4.03    50  40.50 30.66 17347 22.06
 1355  62269 412215 14.98 17.55  3.78    47  40.32 30.62 17325 22.07
 1356  62272 412213 15.96 17.30  3.52    44  40.11 30.64 17335 22.14
 1356  62274 412212 16.98 16.97  3.24    40  39.76 30.58 17304 22.17
-1410  65180 412131  1.10 21.18 11.07   147  42.82 30.02 16963 20.70
 1411  65178 412127  2.03 21.11 10.95   145  42.52 29.83 16854 20.57
 1411  65179 412126  3.01 20.81 10.87   143  42.16 29.77 16817 20.60
 1412  65179 412121  4.08 20.46 10.68   140  41.98 29.87 16875 20.76
 1412  65177 412117  5.06 18.89  7.70    98  41.12 30.30 17131 21.49
 1414  65186 412106  6.09 18.63  7.06    89  40.95 30.35 17161 21.59
 1415  65191 412102  7.01 18.37  6.57    83  40.74 30.37 17174 21.67
 1416  65193 412099  7.99 18.17  6.02    76  40.62 30.42 17203 21.76
 1416  65194 412095  9.02 18.03  5.51    69  40.56 30.47 17232 21.83
 1417  65191 412097 10.04 17.96  5.17    65  40.52 30.49 17245 21.86
 1417  65189 412098 10.97 17.94  5.25    66  40.54 30.51 17260 21.89
 1417  65179 412105 11.95 17.86  4.63    58  40.54 30.58 17297 21.96
 1418  65171 412109 13.03 17.82  4.36    54  40.52 30.59 17306 21.98
 1418  65166 412117 14.00 17.81  4.18    52  40.50 30.58 17300 21.97
 1419  65166 412122 14.69 17.79  4.00    50  40.50 30.59 17306 21.98
-1426  66399 411688  1.05 22.10 11.13   150  43.87 30.19 17053 20.57
 1426  66396 411687  2.03 21.53 10.89   145  43.05 29.96 16924 20.55
 1427  66384 411686  2.91 21.21 10.84   144  42.82 30.00 16949 20.67
 1427  66381 411684  3.94 20.72 10.68   140  41.98 29.68 16769 20.56
 1428  66380 411681  5.01 20.38 10.28   134  41.96 29.91 16899 20.82
 1428  66377 411679  5.99 20.24  9.85   128  41.92 29.97 16937 20.90
 1429  66377 411674  6.97 19.37  9.25   118  40.94 29.80 16844 21.00
 1429  66377 411671  7.99 18.15  5.21    66  40.71 30.50 17251 21.83
 1431  66374 411665  9.02 18.03  5.04    63  40.56 30.47 17232 21.83
-1437  67379 411410  1.05 21.77 11.46   154  43.32 30.00 16946 20.52
 1438  67374 411407  1.99 21.61 11.49   154  43.15 29.97 16933 20.54
 1438  67372 411407  3.06 21.32 11.61   154  42.72 29.85 16862 20.53
 1439  67367 411405  4.08 21.15 11.48   152  42.82 30.04 16974 20.72
 1439  67367 411404  4.91 21.06 11.11   147  42.82 30.11 17012 20.79
 1439  67364 411406  5.99 20.97 10.68   141  42.70 30.07 16991 20.79
 1440  67364 411403  7.02 19.11  7.06    90  41.48 30.43 17208 21.54
 1442  67373 411397  8.09 18.87  6.97    89  40.79 30.04 16984 21.30
 1442  67376 411396  8.97 18.51  6.60    83  40.68 30.21 17085 21.52
 1443  67378 411397  9.95 18.05  5.07    64  40.58 30.48 17238 21.83
 1444  67389 411390 10.97 17.95  4.66    58  40.50 30.48 17239 21.86
 1444  67395 411387 12.10 17.77  4.16    52  40.35 30.49 17245 21.91
-1452  68854 411245  1.10 22.33 11.84   161  44.45 30.48 17220 20.73
 1453  68839 411252  2.08 22.50 11.75   160  43.97 29.99 16940 20.31
 1453  68834 411262  3.01 21.98 11.97   161  43.34 29.87 16869 20.36
 1454  68830 411267  4.03 21.58 11.66   156  42.97 29.86 16866 20.46
 1454  68831 411271  5.01 21.23 11.23   149  42.76 29.94 16913 20.61
 1455  68834 411275  5.94 20.34 10.05   131  42.23 30.14 17036 21.01
 1456  68832 411284  7.01 20.07  9.59   125  41.69 29.91 16903 20.90
 1456  68833 411281  7.89 19.61  8.73   112  41.39 30.00 16955 21.08
 1457  68839 411277  8.92 18.52  6.76    85  40.71 30.22 17090 21.53
 1458  68851 411267 10.05 18.15  5.57    70  40.58 30.40 17192 21.75
 1459  68858 411256 10.97 18.08  4.83    61  40.56 30.43 17211 21.79
 1459  68857 411254 12.00 17.95  4.47    56  40.50 30.48 17239 21.86
-1504  69285 410890  1.10 23.73 11.26   157  45.36 30.20 17052 20.12
 1504  69288 410887  2.03 23.70 10.97   152  44.98 29.94 16904 19.94
 1505  69290 410885  3.05 23.49 10.76   149  44.98 30.08 16984 20.10
 1505  69290 410886  3.99 22.50 10.46   142  43.38 29.55 16681 19.98
 1506  69290 410887  4.77 21.87 10.33   139  43.26 29.88 16880 20.41
