#
# meting grevelingenmeer
# oorspronkelijke file=/hmctow/tow/data/vert/grev/data_78_84/gh850520
# gemeten :dpt   pH    Temp  CL-g  O2Plc 
#
* 19850520
$ 9999 [00000000]
>TIJD
>X
>Y
>SENSHTE    Diepte set              
>pH         Zuurgraad               
>Temp       Temperatuur oC)         
>CL-       Chloride (mg/l)         
>O2        Zuurstof (mg/l)         
# -1453  65300 409990    1.02    8.54   14.81   16589   10.45
#  1453  65300 409990    2.08    8.50   14.32   16701   10.08
#  1453  65300 409990    2.94    8.49   14.26   16686    9.52
#  1453  65300 409990    4.07    8.45   13.77   16738    9.14
#  1453  65300 409990    5.08    8.38   12.52   16818    8.06
#  1453  65300 409990    6.06    8.36   12.25   16828    7.79
#  1453  65300 409990    7.07    8.34   12.15   16828    7.48
# -1441  66040 410840    1.08    8.53   14.89   16761   10.31
#  1441  66040 410840    2.04    8.53   14.82   16737   10.26
#  1441  66040 410840    3.03    8.53   14.45   16771   10.21
#  1441  66040 410840    4.08    8.47   13.92   16771    9.35
#  1441  66040 410840    5.00    8.38   12.77   16776    8.30
#  1441  66040 410840    6.00    8.32   11.88   16828    7.18
#  1441  66040 410840    7.01    8.29   11.82   16839    6.89
#  1441  66040 410840    8.02    8.26   11.78   16846    6.45
#  1441  66040 410840    9.09    8.25   11.74   16832    6.35
#  1441  66040 410840   10.04    8.24   11.69   16826    6.28
 -1425  69310 410940    1.03    8.37   13.19   16805    9.06
  1425  69310 410940    2.06    8.37   13.02   16831    9.05
  1425  69310 410940    3.02    8.35   12.83   16741    8.95
  1425  69310 410940    4.02    8.30   12.37   16831    7.66
  1425  69310 410940    5.17    8.16   11.88   16819    5.62
 -1412  68770 411280    1.02    8.49   13.72   16808   10.64
  1412  68770 411280    1.98    8.48   13.51   16810   10.22
  1412  68770 411280    2.98    8.39   13.25   16765    8.92
  1412  68770 411280    3.97    8.46   13.44   16761   10.03
  1412  68770 411280    5.09    8.29   12.53   16726    6.81
  1412  68770 411280    6.06    8.25   12.04   16825    6.59
  1412  68770 411280    7.00    8.24   11.82   16840    6.48
  1412  68770 411280    7.96    8.22   11.63   16844    6.06
  1412  68770 411280    9.04    8.21   11.56   16848    6.02
  1412  68770 411280   10.05    8.18   11.41   16820    5.70
  1412  68770 411280   11.02    8.16   11.33   16849    5.43
  1412  68770 411280   12.01    8.15   11.28   16842    5.37
 -1356  67320 411380    1.10    8.49   14.05   16761   10.12
  1356  67320 411380    1.98    8.49   14.11   16737   10.04
  1356  67320 411380    3.04    8.49   14.03   16772    9.88
  1356  67320 411380    4.13    8.38   12.80   16815    8.54
  1356  67320 411380    5.05    8.29   12.01   16845    6.78
  1356  67320 411380    6.02    8.26   11.93   16848    6.71
  1356  67320 411380    6.96    8.24   11.72   16845    6.38
  1356  67320 411380    7.99    8.23   11.59   16867    6.33
  1356  67320 411380    8.94    8.24   11.52   16839    6.38
  1356  67320 411380    9.97    8.23   11.38   16853    6.41
  1356  67320 411380   11.06    8.23   11.35   16839    6.40
  1356  67320 411380   12.00    8.21   11.32   16832    6.30
 -1344  66360 411660    1.13    8.56   14.61   16728   11.19
  1344  66360 411660    2.05    8.56   14.57   16727   11.17
  1344  66360 411660    2.94    8.53   14.43   16746   10.32
  1344  66360 411660    4.14    8.49   13.94   16807    9.53
  1344  66360 411660    5.03    8.41   13.22   16912    8.33
  1344  66360 411660    6.04    8.32   12.05   16898    7.11
  1344  66360 411660    7.07    8.29   11.48   16876    6.78
  1344  66360 411660    8.05    8.26   11.31   16837    6.53
  1344  66360 411660    9.06    8.26   11.28   16855    6.61
 -1330  65290 412080    1.07    8.52   14.67   16711   10.11
  1330  65290 412080    2.04    8.51   14.63   16705   10.05
  1330  65290 412080    2.98    8.50   14.61   16704    9.87
  1330  65290 412080    4.15    8.45   14.20   16764    8.84
  1330  65290 412080    5.15    8.41   13.47   16800    8.25
  1330  65290 412080    6.04    8.38   12.96   16807    7.81
  1330  65290 412080    7.06    8.37   12.96   16805    7.83
  1330  65290 412080    8.10    8.32   12.63   16690    7.39
  1330  65290 412080    9.18    8.30   11.71   16866    7.03
  1330  65290 412080   10.05    8.29   11.86   16743    6.93
  1330  65290 412080   11.07    8.26   11.13   16913    6.57
  1330  65290 412080   12.11    8.26   11.10   16854    6.56
  1330  65290 412080   13.01    8.26   11.10   16837    6.61
 -1308  62450 412230    0.98    8.50   14.72   16707    9.54
  1308  62450 412230    2.27    8.49   14.54   16734    9.37
  1308  62450 412230    3.00    8.49   14.54   16724    9.40
  1308  62450 412230    4.25    8.48   14.44   16754    9.32
  1308  62450 412230    5.17    8.47   14.26   16779    9.08
  1308  62450 412230    6.01    8.46   14.11   16806    8.95
  1308  62450 412230    6.96    8.42   13.29   16801    8.54
  1308  62450 412230    7.97    8.38   12.81   16808    8.02
  1308  62450 412230    9.02    8.33   12.08   16827    7.29
  1308  62450 412230   10.05    8.27   11.70   16781    7.20
  1308  62450 412230   10.98    8.27   11.30   16838    6.77
  1308  62450 412230   12.01    8.27   11.26   16835    6.77
  1308  62450 412230   13.05    8.22   10.91   16842    6.10
  1308  62450 412230   14.04    8.21   10.84   16818    6.10
  1308  62450 412230   15.01    8.21   10.74   16837    6.11
  1308  62450 412230   15.99    8.20   10.56   16773    5.95
  1308  62450 412230   17.08    8.21   10.32   16812    6.11
 -1256  61190 413030    1.03    8.52   15.03   16733    9.69
  1256  61190 413030    2.04    8.52   15.03   16736    9.69
  1256  61190 413030    3.02    8.52   15.00   16752    9.67
  1256  61190 413030    3.96    8.51   14.98   16749    9.63
  1256  61190 413030    4.96    8.51   14.96   16753    9.53
  1256  61190 413030    5.99    8.51   14.92   16761    9.50
  1256  61190 413030    7.01    8.50   14.82   16774    9.29
  1256  61190 413030    8.02    8.46   14.12   16811    8.81
  1256  61190 413030    8.99    8.28   11.85   16828    6.47
  1256  61190 413030    9.98    8.29   11.16   16842    6.73
 -1231  59360 414190    1.03    8.59   15.76   16722    9.59
  1231  59360 414190    2.10    8.59   15.76   16708    9.58
  1231  59360 414190    3.00    8.59   15.73   16728    9.57
  1231  59360 414190    4.00    8.59   15.70   16719    9.56
  1231  59360 414190    4.90    8.58   15.61   16723    9.53
  1231  59360 414190    5.91    8.46   13.58   16807    8.50
  1231  59360 414190    7.02    8.44   13.22   16822    8.40
  1231  59360 414190    8.04    8.44   12.95   16830    8.38
  1231  59360 414190    8.98    8.42   12.65   16834    8.45
  1231  59360 414190    9.99    8.42   12.63   16805    8.45
  1231  59360 414190   11.02    8.41   12.51   16763    8.39
  1231  59360 414190   12.15    8.34   11.61   16794    7.41
  1231  59360 414190   13.16    8.31   11.30   16841    7.12
  1231  59360 414190   13.97    8.30   11.16   16827    7.09
  1231  59360 414190   14.95    8.29   11.02   16874    7.04
  1231  59360 414190   16.09    8.28   10.96   16841    6.99
  1231  59360 414190   17.07    8.26   10.86   16842    6.84
  1231  59360 414190   18.01    8.24   10.73   16846    6.62
  1231  59360 414190   18.97    8.24   10.72   16817    6.68
  1231  59360 414190   20.09    8.22   10.70   16845    6.55
  1231  59360 414190   21.07    8.21   10.59   16803    6.50
  1231  59360 414190   21.96    8.16   10.49   16834    5.86
  1231  59360 414190   22.95    8.14   10.48   16848    5.64
  1231  59360 414190   24.00    8.11   10.40   16856    5.34
 -1206  57990 417210    0.94    8.59   15.91   16760    9.65
  1206  57990 417210    2.01    8.58   15.79   16771    9.62
  1206  57990 417210    3.02    8.58   15.83   16777    9.63
  1206  57990 417210    3.91    8.59   15.86   16773    9.63
  1206  57990 417210    5.05    8.55   15.05   16962    9.38
  1206  57990 417210    6.01    8.45   13.28   16828    8.63
  1206  57990 417210    6.93    8.43   12.96   16853    8.53
  1206  57990 417210    7.85    8.43   12.96   16842    8.58
  1206  57990 417210    8.97    8.43   12.95   16842    8.65
  1206  57990 417210   10.06    8.41   12.83   16833    8.53
  1206  57990 417210   11.04    8.41   12.70   16846    8.47
  1206  57990 417210   11.98    8.40   12.68   16819    8.47
  1206  57990 417210   12.98    8.37   12.33   16829    8.04
  1206  57990 417210   14.02    8.36   12.32   16842    8.03
  1206  57990 417210   15.00    8.35   12.02   16844    7.87
  1206  57990 417210   15.96    8.32   11.86   16827    7.71
  1206  57990 417210   17.01    8.26   11.26   16849    6.94
  1206  57990 417210   18.10    8.25   11.27   16840    6.82
  1206  57990 417210   19.17    8.25   11.26   16843    6.81
 -1146  57660 418940    0.98    8.64   16.16   16771   10.60
  1146  57660 418940    2.01    8.63   16.11   16780   10.43
  1146  57660 418940    3.04    8.62   16.02   16785   10.21
  1146  57660 418940    4.38    8.60   15.85   16781    9.89
  1146  57660 418940    5.09    8.60   15.73   16797    9.86
  1146  57660 418940    6.20    8.58   15.55   16785    9.80
  1146  57660 418940    7.03    8.53   14.65   16801    9.36
  1146  57660 418940    8.03    8.43   13.75   16822    8.53
  1146  57660 418940    8.99    8.42   12.91   16843    8.60
  1146  57660 418940   10.02    8.41   12.70   16837    8.48
  1146  57660 418940   11.14    8.36   12.07   16823    7.88
  1146  57660 418940   12.08    8.30   11.45   16831    7.18
  1146  57660 418940   13.23    8.28   11.32   16840    7.05
  1146  57660 418940   14.00    8.27   11.26   16840    7.01
  1146  57660 418940   14.95    8.25   11.13   16838    6.79
  1146  57660 418940   15.99    8.23   11.05   16827    6.62
 -1129  56400 420510    1.09    8.55   14.96   16796   10.05
  1129  56400 420510    1.92    8.54   14.93   16791   10.03
  1129  56400 420510    2.97    8.54   14.91   16796   10.01
  1129  56400 420510    4.02    8.54   14.92   16782   10.03
  1129  56400 420510    5.03    8.54   14.83   16786    9.95
  1129  56400 420510    6.18    8.52   14.63   16783    9.80
  1129  56400 420510    7.02    8.52   14.59   16800    9.78
  1129  56400 420510    8.02    8.48   14.13   16815    9.34
  1129  56400 420510    9.04    8.45   13.67   16824    9.04
  1129  56400 420510   10.08    8.42   13.25   16820    8.70
  1129  56400 420510   11.04    8.39   12.76   16876    8.35
  1129  56400 420510   12.07    8.36   12.32   16816    8.03
  1129  56400 420510   13.20    8.35   12.09   16832    7.98
 -1057  55300 421380    0.99    8.55   15.32   16777   10.41
  1057  55300 421380    2.03    8.55   15.35   16766   10.45
  1057  55300 421380    2.88    8.55   15.37   16772   10.39
  1057  55300 421380    3.93    8.54   15.29   16761   10.18
  1057  55300 421380    4.91    8.54   15.25   16755   10.17
  1057  55300 421380    5.97    8.54   15.17   16766   10.10
  1057  55300 421380    6.95    8.52   14.87   16766   10.04
  1057  55300 421380    8.00    8.50   14.63   16766    9.79
  1057  55300 421380    9.03    8.46   14.14   16722    9.54
  1057  55300 421380    9.93    8.43   13.54   16767    9.24
  1057  55300 421380   11.02    8.40   13.46   16711    8.77
  1057  55300 421380   12.06    8.36   12.65   16840    8.23
  1057  55300 421380   13.02    8.34   12.37   16816    7.97
  1057  55300 421380   14.16    8.29   11.38   16845    7.35
  1057  55300 421380   15.16    8.29   11.36   16826    7.38
  1057  55300 421380   16.11    8.29   11.32   16835    7.41
  1057  55300 421380   17.15    8.28   11.20   16839    7.40
  1057  55300 421380   18.13    8.25   11.03   16847    7.12
  1057  55300 421380   19.00    8.24   10.93   16841    7.07
  1057  55300 421380   19.99    8.20   10.78   16830    6.58
  1057  55300 421380   21.02    8.19   10.75   16852    6.41
  1057  55300 421380   22.03    8.18   10.74   16856    6.40
 -1040  53770 421050    0.97    8.49   15.14   16728   10.35
  1040  53770 421050    2.12    8.51   15.11   16731   10.41
  1040  53770 421050    3.22    8.49   14.98   16733   10.02
  1040  53770 421050    3.94    8.48   14.88   16753    9.84
  1040  53770 421050    5.20    8.46   14.60   16757    9.57
  1040  53770 421050    6.07    8.46   14.48   16741    9.58
  1040  53770 421050    6.99    8.46   14.42   16738    9.61
  1040  53770 421050    7.98    8.44   14.17   16750    9.56
  1040  53770 421050    8.95    8.44   14.03   16773    9.44
  1040  53770 421050    9.96    8.43   13.93   16771    9.38
  1040  53770 421050   11.07    8.40   13.52   16800    8.92
  1040  53770 421050   12.07    8.39   13.27   16784    8.93
  1040  53770 421050   13.04    8.33   12.65   16844    8.06
  1040  53770 421050   14.10    8.31   12.22   16856    7.73
  1040  53770 421050   14.92    8.28   11.86   16866    7.42
  1040  53770 421050   16.00    8.24   11.31   16856    6.93
 -1028  52770 420380    1.06    8.52   14.95   16752   10.15
  1028  52770 420380    2.05    8.52   14.80   16763   10.20
  1028  52770 420380    3.10    8.53   14.73   16749   10.20
  1028  52770 420380    4.08    8.52   14.63   16753   10.18
  1028  52770 420380    5.17    8.55   14.53   16752   10.18
  1028  52770 420380    6.16    8.55   14.48   16744   10.17
  1028  52770 420380    7.09    8.56   14.43   16753   10.16
  1028  52770 420380    8.01    8.53   14.38   16750   10.09
  1028  52770 420380    9.07    8.52   14.22   16760    9.63
  1028  52770 420380   10.05    8.48   13.70   16811    9.21
  1028  52770 420380   10.96    8.39   13.17   16818    8.73
  -958  51580 418640    1.03    8.45   14.88   16591   10.10
   958  51580 418640    2.19    8.45   14.36   16744    9.64
   958  51580 418640    3.02    8.41   14.16   16776    9.35
   958  51580 418640    4.09    8.42   14.13   16776    9.35
   958  51580 418640    5.06    8.42   14.03   16811    9.33
   958  51580 418640    6.08    8.42   14.00   16806    9.31
   958  51580 418640    7.14    8.42   13.91   16817    9.30
   958  51580 418640    8.19    8.42   13.74   16825    9.17
   958  51580 418640    9.23    8.33   12.89   16819    8.38
   958  51580 418640   10.19    8.30   12.31   16801    8.19
   958  51580 418640   11.02    8.26   11.80   16866    7.68
   958  51580 418640   11.98    8.25   11.48   16814    7.62
   958  51580 418640   13.00    8.25   10.95   16842    7.47
   958  51580 418640   14.08    8.24   10.65   16894    7.44
   958  51580 418640   15.01    8.24   10.58   16883    7.42
   958  51580 418640   16.13    8.21   10.12   16874    7.08
   958  51580 418640   16.99    8.21   10.11   16870    7.06
   958  51580 418640   17.97    8.20   10.00   16832    7.05
   958  51580 418640   18.94    8.18    9.57   16873    6.59
   958  51580 418640   19.93    8.17    9.52   16856    6.58
   958  51580 418640   20.94    8.17    9.24   16867    6.60
   958  51580 418640   21.95    8.15    8.86   16911    6.32
   958  51580 418640   22.95    8.15    8.82   16895    6.31
   958  51580 418640   24.03    8.14    8.77   16912    6.28
   958  51580 418640   25.20    8.09    8.60   16911    5.37
   958  51580 418640   26.08    8.08    8.56   16905    5.45
   958  51580 418640   27.06    8.08    8.48   16933    5.60
   958  51580 418640   28.03    8.08    8.36   16947    5.63
   958  51580 418640   29.11    7.98    7.90   16964    3.70
   958  51580 418640   30.07    7.83    7.37   17064    2.10
   958  51580 418640   30.96    7.71    6.79   17136    0.43
   958  51580 418640   31.99    7.68    6.40   17234    0.06
   958  51580 418640   33.10    7.66    6.03   17275    0.04
   958  51580 418640   34.00    7.65    5.40   17335    0.02
   958  51580 418640   35.06    7.60    4.76   17423    0.02
  -931  50650 418390    1.00    8.38   14.33   16776   10.06
   931  50650 418390    2.06    8.38   14.31   16775   10.06
   931  50650 418390    3.06    8.38   14.32   16783   10.07
   931  50650 418390    3.99    8.36   14.04   16804    9.45
   931  50650 418390    4.96    8.36   14.09   16789    9.45
   931  50650 418390    5.97    8.35   14.07   16799    9.39
   931  50650 418390    6.95    8.35   13.93   16828    9.24
   931  50650 418390    8.05    8.35   13.83   16814    9.15
   931  50650 418390    9.09    8.30   13.29   16824    8.61
   931  50650 418390   10.02    8.29   13.04   16809    8.34
   931  50650 418390   10.96    8.28   12.44   16824    8.35
   931  50650 418390   11.92    8.25   11.67   16830    8.04
   931  50650 418390   12.94    8.25   11.51   16848    7.97
   931  50650 418390   14.01    8.24   11.35    9999    9999
  -914  49770 418270    1.03    8.36   14.39   16780    9.94
   914  49770 418270    2.06    8.36   14.32   16786    9.88
   914  49770 418270    3.08    8.36   14.30   16777    9.76
   914  49770 418270    4.08    8.35   14.29   16785    9.65
   914  49770 418270    5.01    8.35   14.28   16779    9.63
   914  49770 418270    6.00    8.36   14.25   16808    9.55
   914  49770 418270    6.98    8.35   14.17   16782    9.46
   914  49770 418270    7.96    8.33   13.71   16816    8.98
   914  49770 418270    9.07    8.33   13.66   16806    8.96
   914  49770 418270   10.00    8.33   13.59   16785    8.97
   914  49770 418270   10.98    8.32   13.32   16755    8.92
   914  49770 418270   12.04    8.27   12.27   16750    8.10
   914  49770 418270   12.94    8.24   11.65   16902    7.89
   914  49770 418270   14.02    8.20   10.91   16878    7.35
   914  49770 418270   15.12    8.18   10.57   16897    7.34
   914  49770 418270   16.05    8.17   10.42   16928    7.29
   914  49770 418270   17.02    8.15   10.06   16867    6.81
   914  49770 418270   18.02    8.12    9.45   16918    6.26
   914  49770 418270   19.01    8.09    9.24   16917    5.95
  -842  48770 418230    1.00    8.43   14.73   16761    9.82
   842  48770 418230    2.01    8.43   14.65   16762    9.79
   842  48770 418230    3.11    8.43   14.62   16758    9.73
   842  48770 418230    3.98    8.42   14.55   16771    9.65
   842  48770 418230    4.92    8.42   14.49   16761    9.56
   842  48770 418230    5.95    8.42   14.42   16756    9.51
   842  48770 418230    7.05    8.40   14.16   16777    9.14
   842  48770 418230    8.02    8.40   14.08   16805    9.12
   842  48770 418230    9.05    8.40   14.07   16788    9.12
   842  48770 418230   10.00    8.38   13.76   16705    9.03
   842  48770 418230   11.05    8.36   13.41   16652    8.81
   842  48770 418230   12.07    8.30   11.80   16845    7.78
   842  48770 418230   12.84    8.26   11.46   16828    7.73
   842  48770 418230   14.06    8.24   11.03   16814    7.42
   842  48770 418230   15.07    8.23   10.65   16850    7.34
   842  48770 418230   16.07    8.20   10.34   16816    7.00
   842  48770 418230   17.23    8.16   10.06   16884    6.76
   842  48770 418230   18.17    8.15    9.92   16886    6.73
   842  48770 418230   19.15    8.14    9.79   16875    6.62
   842  48770 418230   20.16    8.12    9.50   16908    6.56
   842  48770 418230   20.84    8.05    8.97   16953    5.65
   842  48770 418230   21.96    8.02    8.77   16953    5.26
   842  48770 418230   23.05    8.00    8.66   16940    5.24
   842  48770 418230   24.09    8.00    8.63   16935    5.19
   842  48770 418230   25.03    7.99    8.84   16793    5.15
   842  48770 418230   26.08    7.99    8.56   16918    5.12
   842  48770 418230   27.11    7.98    8.52   16941    5.09
   842  48770 418230   28.09    7.97    8.46   16849    4.96
   842  48770 418230   29.05    7.93    6.53   17230    4.05
   842  48770 418230   30.08    7.83    5.22   17374    3.17
   842  48770 418230   31.12    7.80    4.43   17529    3.15
   842  48770 418230   32.05    7.76    4.00   17534    3.26
   842  48770 418230   33.10    7.69    3.62   17697    2.94
   842  48770 418230   34.12    7.65    3.41   17659    2.93
   842  48770 418230   35.06    7.62    3.30   17636    2.93
   842  48770 418230   36.12    7.55    3.07   17759    2.54
   842  48770 418230   37.18    7.52    3.03   17715    2.52
   842  48770 418230   38.10    7.50    3.01   17728    2.41
   842  48770 418230   38.99    7.48    2.99   17726    2.34
   842  48770 418230   40.14    7.42    2.93   17724    2.04
   842  48770 418230   41.13    7.40    2.92   17735    1.96
   842  48770 418230   42.17    7.37    2.90   17750    1.67
   842  48770 418230   43.18    7.36    2.90   17734    1.64
   842  48770 418230   44.00    7.36    2.90   17741    1.63
   842  48770 418230   45.00    7.36    2.90   17740    1.61
  -827  48010 418400    0.95    8.42   14.72   16737    9.57
   827  48010 418400    2.05    8.43   14.70   16740    9.62
   827  48010 418400    3.06    8.43   14.69   16746    9.64
   827  48010 418400    4.10    8.44   14.68   16750    9.71
   827  48010 418400    5.12    8.44   14.68   16749    9.76
   827  48010 418400    6.10    8.44   14.68   16751    9.78
   827  48010 418400    7.09    8.45   14.68   16756    9.79
   827  48010 418400    8.23    8.43   14.50   16781    9.41
   827  48010 418400    9.16    8.41   14.12   16817    9.05
   827  48010 418400   10.20    8.40   13.99   16790    8.99
   827  48010 418400   11.26    8.37   13.46   16812    8.73
   827  48010 418400   12.21    8.34   12.87   16894    8.39
   827  48010 418400   13.05    8.29   11.84   16875    7.95
   827  48010 418400   14.04    8.23   10.94   16919    7.42
   827  48010 418400   15.05    8.19   10.58   16869    7.18
   827  48010 418400   16.06    8.17   10.36   16884    7.10
  -814  47500 418850    0.99    8.40   14.66   16712    9.34
   814  47500 418850    2.14    8.41   14.66   16724    9.34
   814  47500 418850    3.15    8.41   14.66   16716    9.35
   814  47500 418850    4.09    8.41   14.66   16724    9.34
   814  47500 418850    5.13    8.41   14.65   16726    9.33
   814  47500 418850    6.22    8.41   14.64   16723    9.33
   814  47500 418850    7.13    8.41   14.63   16723    9.29
   814  47500 418850    8.21    8.41   14.63   16724    9.28
   814  47500 418850    9.05    8.41   14.62   16710    9.28
   814  47500 418850   10.14    8.34   13.77   16708    8.43
   814  47500 418850   11.10    8.33   13.30   16701    8.23
   814  47500 418850   12.12    8.31   12.61   16712    8.25
   814  47500 418850   13.10    8.24   11.55   16836    7.53
   814  47500 418850   13.86    8.22   11.33   16810    7.44
