#
# meting grevelingenmeer
# oorspronkelijke file=/hmctow/tow/data/vert/grev/data_78_84/gz821026
# gemeten :Temp  CL-g  O2Plc 
#
* 19821026
$ 9999 [0000000]
>TIJD
>X
>Y
>SENSHTE    Diepte Set
>Temp       Temperatuur oC)         
>CL-       Chloride (mg/l)         
>O2        Zuurstof (mg/l)         
  -816  65230 409970   1.00   12.00   16330    8.03
   816  65230 409970   2.00   11.99   16329    8.04
   816  65230 409970   3.00   12.00   16328    8.03
   816  65230 409970   4.00   12.01   16332    8.04
   816  65230 409970   5.00   12.02   16335    8.05
   816  65230 409970   6.00   12.02   16337    8.04
   816  65230 409970   7.00   12.05   16340    8.04
   816  65230 409970   8.00   12.06   16343    8.01
  -831  63310 411630   1.00   11.81   16299    8.30
   831  63310 411630   2.00   11.81   16317    8.31
   831  63310 411630   3.00   11.81   16323    8.30
   831  63310 411630   4.00   11.81   16325    8.31
   831  63310 411630   5.00   11.81   16327    8.29
   831  63310 411630   6.00   11.81   16328    8.28
   831  63310 411630   7.00   11.82   16331    8.28
   831  63310 411630   8.00   11.82   16335    8.26
   831  63310 411630   9.00   11.85   16333    8.26
   831  63310 411630  10.00   12.01   16339    8.28
   831  63310 411630  11.00   12.06   16381    8.25
   831  63310 411630  12.00   12.07   16388    8.23
  -843  62310 412220   1.00   11.92   16318    8.34
   843  62310 412220   2.00   11.93   16346    8.31
   843  62310 412220   3.00   11.94   16349    8.30
   843  62310 412220   4.00   11.94   16351    8.28
   843  62310 412220   5.00   11.96   16354    8.28
   843  62310 412220   6.00   11.96   16358    8.28
   843  62310 412220   7.00   11.97   16362    8.27
   843  62310 412220   8.00   11.97   16358    8.26
   843  62310 412220   9.00   11.99   16369    8.27
   843  62310 412220  10.00   12.04   16356    8.28
   843  62310 412220  11.00   12.05   16356    8.28
   843  62310 412220  12.00   12.01   16370    8.28
   843  62310 412220  13.00   12.02   16372    8.27
   843  62310 412220  14.00   12.04   16391    8.27
   843  62310 412220  15.00   12.09   16391    8.27
   843  62310 412220  16.00   12.09   16391    8.26
   843  62310 412220  17.00   12.11   16399    8.24
  -858  61190 412990   1.00   12.14   16399    8.27
   858  61190 412990   2.00   12.14   16411    8.28
   858  61190 412990   3.00   12.14   16413    8.27
   858  61190 412990   4.00   12.14   16416    8.27
   858  61190 412990   5.00   12.14   16416    8.26
   858  61190 412990   6.00   12.14   16418    8.26
   858  61190 412990   7.00   12.14   16415    8.25
   858  61190 412990   8.00   12.14   16417    8.25
   858  61190 412990   9.00   12.14   16418    8.25
   858  61190 412990  10.00   12.14   16418    8.25
  -913  59340 414140   1.00   12.06   16414    8.45
   913  59340 414140   2.00   12.06   16417    8.43
   913  59340 414140   3.00   12.06   16417    8.42
   913  59340 414140   4.00   12.06   16419    8.41
   913  59340 414140   5.00   12.06   16419    8.41
   913  59340 414140   6.00   12.06   16420    8.42
   913  59340 414140   7.00   12.05   16423    8.41
   913  59340 414140   8.00   12.21   16351    8.41
   913  59340 414140   9.00   12.05   16426    8.40
   913  59340 414140  10.00   12.05   16423    8.39
   913  59340 414140  11.00   12.04   16425    8.40
   913  59340 414140  12.00   12.04   16424    8.40
   913  59340 414140  13.00   12.03   16427    8.40
   913  59340 414140  14.00   12.03   16429    8.40
   913  59340 414140  15.00   12.04   16424    8.40
   913  59340 414140  16.00   12.04   16426    8.40
   913  59340 414140  17.00   12.04   16428    8.40
   913  59340 414140  18.00   12.06   16417    8.39
   913  59340 414140  19.00   12.04   16428    8.38
   913  59340 414140  20.00   11.98   16463    8.32
   913  59340 414140  21.00   11.97   16464    8.33
   913  59340 414140  22.00   11.97   16462    8.34
   913  59340 414140  23.00   11.98   16463    8.32
   913  59340 414140  24.00   11.98   16462    8.31
  -939  57970 417260   1.00   11.97   16394    8.44
   939  57970 417260   2.00   11.98   16397    8.44
   939  57970 417260   3.00   11.98   16396    8.45
   939  57970 417260   4.00   11.98   16398    8.44
   939  57970 417260   5.00   11.97   16399    8.42
   939  57970 417260   6.00   11.98   16400    8.41
   939  57970 417260   7.00   12.03   16379    8.41
   939  57970 417260   8.00   11.96   16402    8.40
   939  57970 417260   9.00   11.97   16399    8.40
   939  57970 417260  10.00   11.95   16404    8.40
   939  57970 417260  11.00   11.93   16413    8.40
   939  57970 417260  12.00   11.93   16413    8.40
   939  57970 417260  13.00   11.90   16409    8.39
   939  57970 417260  14.00   11.76   16421    8.39
   939  57970 417260  15.00   11.75   16419    8.45
   939  57970 417260  16.00   11.75   16421    8.46
   939  57970 417260  17.00   11.73   16424    8.47
   939  57970 417260  18.00   11.74   16422    8.46
  -955  57530 419020   1.00   11.81   16389    8.47
   955  57530 419020   2.00   11.80   16394    8.47
   955  57530 419020   3.00   11.81   16392    8.45
   955  57530 419020   4.00   11.80   16392    8.44
   955  57530 419020   5.00   11.79   16398    8.39
   955  57530 419020   6.00   11.78   16406    8.36
   955  57530 419020   7.00   11.78   16413    8.38
   955  57530 419020   8.00   11.79   16416    8.40
   955  57530 419020   9.00   11.80   16419    8.42
   955  57530 419020  10.00   11.81   16426    8.44
   955  57530 419020  11.00   11.81   16429    8.44
   955  57530 419020  12.00   11.82   16434    8.46
   955  57530 419020  13.00   11.82   16437    8.43
   955  57530 419020  14.00   11.82   16438    8.42
   955  57530 419020  15.00   11.83   16439    8.42
 -1010  56240 420600   1.00   11.83   16376    8.37
  1010  56240 420600   2.00   11.83   16381    8.34
  1010  56240 420600   3.00   11.98   16311    8.37
  1010  56240 420600   4.00   11.83   16383    8.37
  1010  56240 420600   5.00   11.91   16347    8.38
  1010  56240 420600   6.00   11.78   16392    8.37
  1010  56240 420600   7.00   11.76   16393    8.41
  1010  56240 420600   8.00   11.75   16396    8.40
  1010  56240 420600   9.00   11.77   16407    8.38
  1010  56240 420600  10.00   11.78   16406    8.38
  1010  56240 420600  11.00   11.91   16355    8.39
  1010  56240 420600  12.00   11.80   16413    8.36
  1010  56240 420600  13.00   11.80   16418    8.37
  1010  56240 420600  14.00   11.81   16420    8.36
 -1022  55250 421380   1.00   11.94   16383    8.28
  1022  55250 421380   2.00   12.01   16355    8.27
  1022  55250 421380   3.00   11.93   16393    8.26
  1022  55250 421380   4.00   11.93   16392    8.26
  1022  55250 421380   5.00   11.93   16393    8.27
  1022  55250 421380   6.00   11.93   16391    8.27
  1022  55250 421380   7.00   11.92   16397    8.27
  1022  55250 421380   8.00   11.91   16397    8.28
  1022  55250 421380   9.00   11.91   16396    8.28
  1022  55250 421380  10.00   11.90   16396    8.30
  1022  55250 421380  11.00   11.90   16397    8.30
  1022  55250 421380  12.00   11.91   16396    8.29
  1022  55250 421380  13.00   11.90   16399    8.27
  1022  55250 421380  14.00   11.84   16423    8.50
  1022  55250 421380  15.00   11.85   16421    8.47
  1022  55250 421380  16.00   11.88   16435    8.41
  1022  55250 421380  17.00   11.93   16433    8.39
  1022  55250 421380  18.00   11.94   16445    8.28
  1022  55250 421380  19.00   11.94   16448    8.26
  1022  55250 421380  20.00   11.95   16447    8.26
  1022  55250 421380  21.00   11.95   16450    8.24
 -1041  53700 421050   1.00   11.90   16425    8.44
  1041  53700 421050   2.00   11.90   16424    8.45
  1041  53700 421050   3.00   11.90   16426    8.45
  1041  53700 421050   4.00   11.90   16426    8.43
  1041  53700 421050   5.00   11.90   16427    8.43
  1041  53700 421050   6.00   11.90   16426    8.43
  1041  53700 421050   7.00   11.90   16428    8.42
  1041  53700 421050   8.00   11.90   16430    8.44
  1041  53700 421050   9.00   11.93   16417    8.43
  1041  53700 421050  10.00   11.90   16429    8.42
  1041  53700 421050  11.00   11.91   16429    8.41
  1041  53700 421050  12.00   11.91   16436    8.41
  1041  53700 421050  13.00   11.94   16447    8.38
  1041  53700 421050  14.00   11.96   16461    8.36
  1041  53700 421050  15.00   11.99   16462    8.33
  1041  53700 421050  16.00   12.01   16460    8.30
  1041  53700 421050  17.00   12.01   16462    8.29
 -1056  52650 420310   1.00   11.92   16417    8.27
  1056  52650 420310   2.00   11.92   16415    8.28
  1056  52650 420310   3.00   11.92   16414    8.28
  1056  52650 420310   4.00   11.93   16417    8.27
  1056  52650 420310   5.00   11.93   16422    8.27
  1056  52650 420310   6.00   11.93   16430    8.29
  1056  52650 420310   7.00   11.95   16435    8.31
  1056  52650 420310   8.00   11.95   16441    8.33
  1056  52650 420310   9.00   11.95   16440    8.34
  1056  52650 420310  10.00   11.98   16447    8.34
  1056  52650 420310  11.00   11.99   16454    8.34
 -1111  51560 418570   1.00   12.08   16446    8.27
  1111  51560 418570   2.00   12.08   16445    8.28
  1111  51560 418570   3.00   12.08   16446    8.27
  1111  51560 418570   4.00   12.08   16447    8.26
  1111  51560 418570   5.00   12.14   16435    8.25
  1111  51560 418570   6.00   12.09   16459    8.25
  1111  51560 418570   7.00   12.10   16465    8.21
  1111  51560 418570   8.00   12.16   16509    8.19
  1111  51560 418570   9.00   12.27   16578    8.15
  1111  51560 418570  10.00   12.42   16662    7.96
  1111  51560 418570  11.00   12.49   16708    7.98
  1111  51560 418570  12.00   12.55   16735    7.95
  1111  51560 418570  13.00   12.60   16768    7.68
  1111  51560 418570  14.00   12.61   16785    7.82
  1111  51560 418570  15.00   12.62   16797    7.76
  1111  51560 418570  16.00   12.63   16848    7.64
  1111  51560 418570  17.00   12.59   16920    7.15
  1111  51560 418570  18.00   12.58   16959    7.18
  1111  51560 418570  19.00   12.57   17004    7.22
  1111  51560 418570  20.00   12.53   17008    7.20
  1111  51560 418570  21.00   12.45   17015    6.85
  1111  51560 418570  22.00   12.37   17032    6.66
  1111  51560 418570  23.00   12.35   17037    6.48
  1111  51560 418570  24.00   12.28   17055    6.17
  1111  51560 418570  25.00   12.24   17063    6.12
  1111  51560 418570  26.00   12.32   17101    6.41
  1111  51560 418570  27.00   12.24   17090    6.34
  1111  51560 418570  28.00   12.20   17101    6.00
  1111  51560 418570  29.00   12.20   17111    5.97
  1111  51560 418570  30.00   12.19   17110    5.89
  1111  51560 418570  31.00   11.53   17132    4.73
  1111  51560 418570  32.00    9.13   17037    0.03
  1111  51560 418570  33.00    8.85   17101    0.00
  1111  51560 418570  34.00    7.67   17041    0.00
  1111  51560 418570  35.00    7.34   17119    0.00
  1111  51560 418570  36.00    7.04   17060    0.00
  1111  51560 418570  37.00    6.90   17046    0.00
 -1142  50640 418430   1.00   12.14   16488    8.29
  1142  50640 418430   2.00   12.13   16488    8.27
  1142  50640 418430   3.00   12.13   16489    8.26
  1142  50640 418430   4.00   12.13   16490    8.29
  1142  50640 418430   5.00   12.12   16489    8.27
  1142  50640 418430   6.00   12.13   16496    8.28
  1142  50640 418430   7.00   12.26   16537    8.08
  1142  50640 418430   8.00   12.35   16581    8.00
  1142  50640 418430   9.00   12.38   16606    7.95
  1142  50640 418430  10.00   12.41   16633    8.10
  1142  50640 418430  11.00   12.45   16650    8.08
  1142  50640 418430  12.00   12.54   16715    8.03
  1142  50640 418430  13.00   12.59   16765    8.00
  1142  50640 418430  14.00   12.60   16772    8.00
  1142  50640 418430  15.00   12.62   16809    7.98
  1142  50640 418430  16.00   12.63   16836    7.82
  1142  50640 418430  17.00   12.62   16932    7.45
  1142  50640 418430  18.00   12.58   16992    7.23
  1142  50640 418430  19.00   12.56   17053    7.22
  1142  50640 418430  20.00   12.53   17079    7.20
  1142  50640 418430  21.00   12.51   17085    7.14
  1142  50640 418430  22.00   12.51   17090    7.08
  1142  50640 418430  23.00   12.50   17104    7.07
  1142  50640 418430  24.00   12.42   17125    7.04
  1142  50640 418430  25.00   12.33   17112    6.50
  1142  50640 418430  26.00   12.34   17123    6.51
  1142  50640 418430  27.00   12.39   17124    6.60
  1142  50640 418430  28.00   12.31   17156    6.73
  1142  50640 418430  29.00   12.21   17145    6.33
  1142  50640 418430  30.00   12.06   17150    5.89
 -1205  49690 418250   1.00   12.21   16525    8.17
  1205  49690 418250   2.00   12.19   16521    8.18
  1205  49690 418250   3.00   12.20   16524    8.18
  1205  49690 418250   4.00   12.20   16526    8.17
  1205  49690 418250   5.00   12.23   16539    8.16
  1205  49690 418250   6.00   12.30   16568    8.13
  1205  49690 418250   7.00   12.31   16576    8.11
  1205  49690 418250   8.00   12.30   16580    8.10
  1205  49690 418250   9.00   12.47   16620    8.11
  1205  49690 418250  10.00   12.51   16695    8.10
  1205  49690 418250  11.00   12.44   16706    8.10
  1205  49690 418250  12.00   12.38   16718    8.12
  1205  49690 418250  13.00   12.38   16755    8.12
  1205  49690 418250  14.00   12.54   16895    8.08
  1205  49690 418250  15.00   12.55   16903    7.96
  1205  49690 418250  16.00   12.62   16958    7.85
  1205  49690 418250  17.00   12.65   16987    7.80
  1205  49690 418250  18.00   12.65   16989    7.56
 -1220  48690 418210   1.00   12.26   16546    8.21
  1220  48690 418210   2.00   12.26   16554    8.22
  1220  48690 418210   3.00   12.27   16567    8.21
  1220  48690 418210   4.00   12.29   16582    8.20
  1220  48690 418210   5.00   12.29   16595    8.19
  1220  48690 418210   6.00   12.28   16598    8.17
  1220  48690 418210   7.00   12.27   16604    8.18
  1220  48690 418210   8.00   12.26   16609    8.17
  1220  48690 418210   9.00   12.26   16627    8.17
  1220  48690 418210  10.00   12.30   16656    8.19
  1220  48690 418210  11.00   12.34   16695    8.18
  1220  48690 418210  12.00   12.38   16732    8.16
  1220  48690 418210  13.00   12.39   16733    8.15
  1220  48690 418210  14.00   12.37   16733    8.14
  1220  48690 418210  15.00   12.37   16759    8.14
  1220  48690 418210  16.00   12.40   16802    8.13
  1220  48690 418210  17.00   12.44   16822    8.10
  1220  48690 418210  18.00   12.49   16895    8.07
  1220  48690 418210  19.00   12.51   16943    8.04
  1220  48690 418210  20.00   12.51   16976    7.99
  1220  48690 418210  21.00   12.54   17103    7.51
  1220  48690 418210  22.00   12.57   17128    7.47
  1220  48690 418210  23.00   12.57   17145    7.43
  1220  48690 418210  24.00   12.57   17156    7.38
  1220  48690 418210  25.00   12.57   17175    7.36
  1220  48690 418210  26.00   12.51   17211    7.34
  1220  48690 418210  27.00   12.35   17258    7.01
  1220  48690 418210  28.00   12.26   17202    6.99
  1220  48690 418210  29.00   11.90   17255    6.53
  1220  48690 418210  30.00   11.65   17222    6.03
  1220  48690 418210  31.00   11.05   17116    5.00
  1220  48690 418210  32.00   10.50   17190    3.96
  1220  48690 418210  33.00    7.82   17130    1.76
  1220  48690 418210  34.00    7.31   17013    0.19
  1220  48690 418210  35.00    5.67   17198    0.01
  1220  48690 418210  36.00    5.49   17152    0.00
  1220  48690 418210  37.00    5.36   17150    0.00
  1220  48690 418210  38.00    5.29   17154    0.00
  1220  48690 418210  39.00    5.24   17142    0.00
  1220  48690 418210  40.00    5.26   17131    0.00
  1220  48690 418210  41.00    5.22   17134    0.00
  1220  48690 418210  42.00    5.17   17134    0.00
  1220  48690 418210  43.00    5.15   17143    0.00
  1220  48690 418210  44.00    5.14   17144    0.00
  1220  48690 418210  45.00    5.13   17146    0.00
  1220  48690 418210  46.00    5.13   17142    0.00
  1220  48690 418210  47.00    5.13   17142    0.00
 -1253  47950 418380   1.00   12.29   16583    8.31
  1253  47950 418380   2.00   12.29   16583    8.31
  1253  47950 418380   3.00   12.30   16587    8.32
  1253  47950 418380   4.00   12.26   16586    8.31
  1253  47950 418380   5.00   12.26   16585    8.31
  1253  47950 418380   6.00   12.28   16568    8.30
  1253  47950 418380   7.00   12.28   16574    8.30
  1253  47950 418380   8.00   12.27   16596    8.29
  1253  47950 418380   9.00   12.27   16630    8.30
  1253  47950 418380  10.00   12.28   16693    8.27
  1253  47950 418380  11.00   12.53   16786    8.14
  1253  47950 418380  12.00   12.53   16778    8.10
  1253  47950 418380  13.00   12.52   16783    8.10
  1253  47950 418380  14.00   12.51   16812    8.10
  1253  47950 418380  15.00   12.56   16827    8.08
  1253  47950 418380  16.00   12.58   16846    8.03
 -1304  47520 418780   1.00   12.30   16579    8.33
  1304  47520 418780   2.00   12.30   16590    8.31
  1304  47520 418780   3.00   12.24   16564    8.31
  1304  47520 418780   4.00   12.25   16579    8.31
  1304  47520 418780   5.00   12.26   16583    8.31
  1304  47520 418780   6.00   12.27   16582    8.30
  1304  47520 418780   7.00   12.21   16577    8.30
  1304  47520 418780   8.00   12.22   16581    8.29
  1304  47520 418780   9.00   12.23   16585    8.28
  1304  47520 418780  10.00   12.22   16582    8.28
  1304  47520 418780  11.00   12.27   16601    8.27
  1304  47520 418780  12.00   12.33   16678    8.24
  1304  47520 418780  13.00   12.35   16692    8.22
