# MEETVAARTUIG : M.S. ARGUS
# MEETDATUM    : 09-12-2003 08:57:20
# MEETGEBIED   : GREVELINGEN
# STARTPUNT    : Brouwersdam
# EINDPUNT     : Grevelingendam
# PROJECTCODE  : E7501X
# OPDRACHTGEVER: ZLXXAXAMDBG
# BEHEERDER    : ZLXXAXAMDBG
# BEMONST. INST:
# WAARNEMER(S) : G.J.Bakker.
#
* 20031209
$ 9999 [0000000000000]
>TIJD      uumm                    
>X         coordinaat              
>Y         coordinaat              
>SENSHTE   Diepte set        m     
>ECHOS     Echoset           mtrs  
>Echo      Echoschip         M     
>Temp       Temperatuur       oC            : 5  1.0  11  1.0
>pH        Zuurgraad         dimsls
>O2        Zuurstof          mg/l  
>%O2        Zuurstof%         %     
>GELBH     Geleidendheid     mS/cm 
>SALNTT    Saliniteit        dimsl 
>CL-       Chloride          mg/l          :18000  125  13  250
 -0857  47475 418857   0.97   0.40   0.00   6.30   8.00   9.44    94  32.08  32.14  18243
  0857  47472 418858   1.98  10.85  15.60   6.33   8.00   9.43    94  32.11  32.15  18246
  0858  47473 418861   2.96  11.25   3.00   6.32   8.01   9.44    94  32.09  32.14  18238
  0858  47478 418858   4.05  10.00   0.00   6.32   8.00   9.42    94  32.10  32.15  18245
  0858  47482 418854   5.14   9.05   0.00   6.31   8.02   9.42    94  32.10  32.16  18250
  0859  47486 418851   5.99   7.90  13.30   6.32   8.02   9.42    94  32.11  32.16  18251
  0859  47490 418848   6.97   6.60  12.10   6.34   8.02   9.40    94  32.12  32.15  18246
  0859  47492 418847   8.00   5.40  11.50   6.34   8.00   9.41    94  32.12  32.15  18246
  0859  47493 418846   9.06   4.15   0.00   6.33   8.01   9.40    94  32.12  32.16  18252
  0900  47493 418846  10.09   3.15   0.00   6.31   8.01   9.40    94  32.08  32.13  18237
  0900  47490 418847  10.99   2.55  12.00   6.31   8.02   9.40    94  32.09  32.14  18244
  0901  47480 418854  12.08   2.15   0.00   6.31   8.02   9.39    94  32.10  32.16  18250
  0901  47474 418859  13.02   1.05  15.50   6.34   8.02   9.38    94  32.13  32.16  18253
 -0906  47967 418371   1.08  15.70  18.60   6.33   8.03   9.41    94  32.10  32.14  18239
  0906  47979 418355   2.00  51.30   0.00   6.33   8.04   9.41    94  32.09  32.13  18233
  0906  47983 418350   3.05   1.75   0.00   6.34   8.02   9.41    94  32.09  32.12  18227
  0907  47985 418347   4.06   1.65   0.00   6.34   8.04   9.41    94  32.10  32.13  18234
  0907  47986 418343   5.03  12.70  18.60   6.34   8.04   9.40    94  32.11  32.14  18240
  0907  47982 418343   5.95  11.75   0.00   6.35   8.04   9.39    94  32.13  32.15  18247
  0908  47979 418342   7.08  10.80   0.00   6.34   8.03   9.38    94  32.11  32.14  18240
  0908  47976 418342   8.06   9.95  19.50   6.34   8.04   9.37    94  32.11  32.14  18240
  0908  47974 418342   9.02   9.10  19.60   6.34   8.04   9.37    94  32.11  32.14  18240
  0908  47971 418342  10.06   8.10  19.60   6.34   8.05   9.36    93  32.12  32.15  18246
  0909  47969 418340  11.03   7.10  19.60   6.34   8.04   9.37    94  32.12  32.15  18246
  0909  47968 418340  12.05   6.15  19.30   6.35   8.04   9.36    93  32.12  32.14  18241
  0909  47966 418339  12.98  51.30   0.00   6.35   8.02   9.36    93  32.12  32.14  18241
  0909  47965 418339  13.98  51.30   0.00   6.34   8.03   9.38    94  32.12  32.15  18246
  0910  47963 418338  15.03  51.30  19.00   6.34   8.04   9.36    93  32.13  32.16  18253
  0910  47961 418338  16.03  45.70  19.10   6.35   8.04   9.35    93  32.13  32.15  18247
  0910  47960 418337  17.05  51.30  19.20   6.36   8.02   9.35    93  32.14  32.15  18248
 -0916  48710 418212   1.02  43.45  46.90   6.31   8.05   9.42    94  32.06  32.11  18224
  0916  48731 418219   2.04  42.65  46.90   6.31   8.03   9.39    94  32.08  32.13  18237
  0916  48734 418221   2.99  41.65  46.80   6.33   8.04   9.39    94  32.08  32.11  18226
  0917  48738 418224   3.99  40.65  46.70   6.35   8.05   9.39    94  32.10  32.12  18228
  0917  48741 418226   4.96  39.70  46.70   6.36   8.05   9.37    94  32.12  32.13  18235
  0917  48743 418229   6.01  38.75  46.50   6.37   8.05   9.37    94  32.13  32.13  18236
  0917  48744 418230   7.07  37.65  46.70   6.38   8.06   9.38    94  32.14  32.13  18237
  0918  48742 418231   8.00  36.85  46.50   6.38   8.05   9.38    94  32.14  32.13  18237
  0918  48742 418231   9.08  35.75  46.70   6.39   8.05   9.36    94  32.15  32.14  18238
  0918  48741 418231  10.02  34.75  46.60   6.41   8.04   9.35    94  32.17  32.14  18240
  0918  48740 418231  11.01  33.80  46.50   6.44   8.05   9.35    94  32.21  32.15  18249
  0919  48738 418231  12.01  32.85  46.60   6.46   8.03   9.34    93  32.22  32.15  18245
  0919  48737 418231  12.96  31.90  46.60   6.47   8.02   9.32    93  32.24  32.16  18252
  0919  48736 418231  14.09  30.90  46.60   6.50   8.04   9.31    93  32.27  32.16  18255
  0919  48735 418231  14.94  30.00  46.60   6.50   8.05   9.30    93  32.27  32.16  18255
  0920  48733 418231  16.05  29.10  46.60   6.50   8.04   9.30    93  32.28  32.18  18261
  0920  48729 418231  17.01  28.05  46.50   6.50   8.02   9.28    93  32.29  32.19  18268
  0921  48728 418232  18.08  27.15  46.40   6.50   8.05   9.28    93  32.28  32.18  18261
  0921  48727 418232  19.02  26.10  46.40   6.50   8.04   9.28    93  32.29  32.19  18268
  0921  48724 418230  19.99  25.10  46.40   6.50   8.04   9.27    93  32.28  32.18  18261
  0922  48723 418230  20.99  24.20  46.50   6.49   8.05   9.26    93  32.28  32.19  18267
  0922  48722 418229  22.09  23.35  46.50   6.49   8.04   9.26    93  32.27  32.17  18260
  0922  48720 418229  22.99  22.25  46.50   6.49   8.02   9.28    93  32.27  32.17  18260
  0922  48719 418228  24.00  21.25  46.40   6.49   8.04   9.27    93  32.28  32.19  18267
  0923  48718 418228  25.02  20.35  46.40   6.50   8.04   9.26    93  32.29  32.19  18268
  0923  48718 418224  26.22  19.25  46.50   6.51   8.05   9.24    93  32.31  32.20  18275
  0923  48720 418222  27.02  18.40  46.70   6.52   8.04   9.24    93  32.31  32.19  18270
  0924  48721 418221  28.08  17.35  46.60   6.52   8.03   9.23    92  32.31  32.19  18270
  0924  48722 418222  28.99  16.40  46.50   6.54   8.05   9.21    92  32.35  32.22  18284
  0924  48725 418224  29.99  15.60  46.50   6.57   8.03   9.20    92  32.37  32.21  18280
  0924  48727 418224  30.97  14.60  46.60   6.56   8.03   9.19    92  32.37  32.22  18286
  0925  48729 418225  32.08  13.45  46.60   6.55   8.03   9.17    92  32.36  32.22  18285
  0925  48731 418225  33.05  12.45  46.50   6.55   8.04   9.17    92  32.36  32.22  18285
  0925  48733 418226  34.11  11.40  46.40   6.58   8.04   9.16    92  32.39  32.22  18288
  0925  48734 418227  34.87  10.55  46.50   6.60   8.03   9.16    92  32.42  32.24  18296
  0926  48729 418232  35.97   9.50  46.20   6.72   8.03   9.08    92  32.55  32.27  18313
  0926  48722 418237  37.22   8.10  45.80   6.75   8.03   8.94    90  32.58  32.27  18316
  0927  48721 418238  38.03   7.30  45.90   6.77   8.02   8.89    90  32.60  32.27  18318
  0927  48721 418239  39.01   6.35   0.00   6.80   8.02   8.85    89  32.63  32.28  18320
  0927  48721 418240  40.03   5.40  45.00   6.81   8.01   8.84    89  32.65  32.29  18327
  0928  48721 418240  41.03   4.45   0.00   6.83   8.03   8.82    89  32.67  32.29  18329
  0929  48734 418234  42.04   3.70  46.30   8.00   7.94   6.87    72  34.04  32.68  18549
  0931  48737 418235  42.98   2.60  46.40   8.21   7.91   6.28    66  34.28  32.74  18583
  0933  48732 418240  44.01   1.50  45.90   8.31   7.84   5.08    53  34.41  32.78  18609
  0934  48730 418241  45.03   0.50  46.30   8.32   7.81   5.08    53  34.42  32.78  18609
 -0941  49706 418281   1.10  16.35  19.00   6.55   8.05   9.32    94  32.33  32.18  18266
  0941  49735 418278   2.05  15.65   0.00   6.57   8.06   9.31    93  32.33  32.16  18255
  0942  49738 418278   3.02  14.70   0.00   6.57   8.07   9.31    93  32.20  32.02  18172
  0942  49738 418279   4.07  13.65   0.00   6.57   8.06   9.29    93  32.31  32.14  18242
  0942  49737 418279   5.03  12.75   0.00   6.57   8.04   9.28    93  32.30  32.13  18236
  0942  49737 418279   6.03  11.80   4.00   6.57   8.05   9.28    93  32.31  32.14  18242
  0943  49737 418279   7.10  10.75  19.20   6.57   8.06   9.27    93  32.35  32.19  18268
  0943  49737 418279   8.05   9.85  19.30   6.56   8.05   9.27    93  32.34  32.19  18267
  0943  49738 418278   8.99   8.95   0.00   6.56   8.06   9.27    93  32.33  32.17  18260
  0943  49741 418278   9.94   8.25  19.20   6.54   8.05   9.28    93  32.33  32.19  18271
  0944  49745 418279  11.05   7.00  19.20   6.54   8.07   9.27    93  32.32  32.18  18265
  0944  49747 418278  11.98   6.20   0.00   6.54   8.05   9.28    93  32.31  32.17  18259
  0944  49749 418278  12.93   5.20  19.10   6.54   8.06   9.28    93  32.32  32.18  18265
  0944  49748 418280  14.06   4.10  19.10   6.54   8.04   9.27    93  32.32  32.18  18265
  0945  49747 418281  14.95   3.20   0.00   6.53   8.07   9.27    93  32.32  32.19  18270
  0945  49746 418281  15.97   2.20   0.00   6.53   8.06   9.26    93  32.32  32.19  18270
  0945  49746 418281  16.97   1.15   0.00   6.53   8.06   9.26    93  32.32  32.19  18270
  0946  49745 418281  17.84  51.30  19.00   6.53   8.05   9.27    93  32.32  32.19  18270
 -0951  50703 418381   1.04  51.25  19.00   6.65   8.06   9.25    93  32.42  32.19  18269
  0951  50728 418379   2.14   1.60  30.20   6.66   8.05   9.25    93  32.40  32.16  18250
  0951  50722 418382   3.08  24.65   0.00   6.65   8.05   9.24    93  32.40  32.17  18256
  0951  50714 418385   4.01  23.40   0.00   6.66   8.07   9.23    93  32.41  32.17  18257
  0952  50709 418386   4.99  22.30  29.40   6.66   8.04   9.23    93  32.42  32.18  18263
  0952  50705 418388   5.96  21.25   0.00   6.66   8.05   9.22    93  32.42  32.18  18263
  0952  50709 418388   7.05  20.30  29.30   6.67   8.05   9.21    93  32.42  32.17  18258
  0953  50712 418388   8.05  19.40  29.40   6.66   8.06   9.21    93  32.43  32.19  18269
  0953  50716 418389   8.97  18.55  29.70   6.67   8.04   9.21    93  32.43  32.18  18264
  0953  50719 418389  10.01  17.60  29.80   6.66   8.06   9.21    92  32.42  32.18  18263
  0953  50723 418390  10.96  16.80   0.00   6.66   8.04   9.21    92  32.43  32.19  18269
  0954  50726 418391  11.99  15.95  29.60   6.63   8.07   9.22    93  32.40  32.19  18267
  0954  50729 418392  13.01  15.05  29.70   6.63   8.03   9.21    92  32.39  32.17  18260
  0954  50731 418392  13.99  14.10  29.70   6.64   8.05   9.21    92  32.41  32.19  18268
  0954  50735 418394  15.01  12.85  29.80   6.65   8.06   9.22    93  32.42  32.19  18269
  0955  50739 418396  16.11  11.75  29.90   6.57   8.06   9.23    93  32.35  32.19  18268
  0955  50741 418396  16.99  11.10  29.80   6.57   8.07   9.22    92  32.35  32.19  18268
  0955  50742 418399  18.07   9.70  29.70   6.28   8.06   9.31    93  32.08  32.16  18254
  0955  50742 418400  19.01   8.80  29.80   6.25   8.06   9.32    93  32.05  32.16  18251
  0956  50742 418401  20.05   7.75  29.70   6.25   8.05   9.33    93  32.04  32.15  18244
  0956  50742 418403  20.97   6.75  29.60   6.25   8.03   9.33    93  32.04  32.15  18244
  0956  50742 418403  22.03   5.80  29.70   6.23   8.05   9.33    93  32.04  32.16  18256
  0957  50742 418404  23.02   5.00  29.70   6.23   8.06   9.35    93  32.04  32.16  18256
  0957  50741 418404  24.05   4.25  29.40   6.26   8.05   9.34    93  32.06  32.16  18252
  0957  50740 418405  24.97   3.85  29.10   6.35   8.06   9.30    93  32.17  32.20  18273
  0958  50741 418408  26.02   2.60  28.90   6.79   8.04   9.10    92  32.61  32.27  18313
  0959  50742 418404  26.95  18.80   0.00   7.02   8.05   8.86    90  32.91  32.38  18377
  0959  50740 418402  28.07  38.30  29.70   7.06   8.05   8.78    89  32.95  32.38  18381
 -1004  51576 418537   1.08  34.40   0.00   6.28   8.06   9.36    93  32.05  32.13  18234
  1004  51593 418535   2.09  51.30   0.00   6.27   8.06   9.36    93  32.05  32.14  18240
  1005  51587 418542   3.14  33.10   0.00   6.27   8.06   9.37    93  32.05  32.14  18240
  1005  51581 418548   3.99  32.75   0.00   6.28   8.07   9.37    93  32.06  32.14  18241
  1005  51576 418552   4.97  32.05   0.00   6.29   8.07   9.37    93  32.07  32.14  18242
  1005  51571 418556   5.99  31.00  38.10   6.28   8.07   9.37    93  32.06  32.14  18241
  1006  51567 418560   7.05  28.75  38.50   6.29   8.07   9.36    93  32.07  32.14  18242
  1006  51564 418562   8.01  27.30  38.50   6.29   8.07   9.36    93  32.07  32.14  18242
  1006  51561 418564   9.03  25.60  38.60   6.29   8.06   9.36    93  32.07  32.14  18242
  1006  51558 418566  10.05  24.30  38.90   6.28   8.07   9.36    93  32.07  32.15  18247
  1007  51554 418568  10.98  23.25  38.50   6.29   8.04   9.35    93  32.07  32.14  18242
  1007  51550 418570  12.06  21.95  37.90   6.28   8.06   9.35    93  32.07  32.15  18247
  1007  51549 418572  13.09  20.75  36.90   6.29   8.06   9.35    93  32.08  32.15  18248
  1007  51549 418573  14.00  19.85  37.50   6.29   8.07   9.34    93  32.08  32.15  18248
  1008  51549 418573  15.00  18.80  36.90   6.29   8.06   9.34    93  32.07  32.14  18242
  1008  51550 418573  16.10  17.75  37.00   6.28   8.07   9.34    93  32.07  32.15  18247
  1008  51555 418572  17.05  17.25  38.30   6.28   8.06   9.35    93  32.07  32.15  18247
  1009  51560 418572  18.02  16.75  38.70   6.29   8.07   9.35    93  32.07  32.14  18242
  1009  51563 418571  19.04  16.00  38.70   6.14   8.06   9.38    93  31.94  32.14  18241
  1009  51568 418569  20.01  15.50  38.60   6.03   8.05   9.39    93  31.84  32.13  18237
  1010  51571 418567  20.99  14.95  38.60   6.01   8.05   9.37    93  31.82  32.13  18235
  1010  51573 418566  21.98  14.40  38.50   6.00   8.05   9.37    93  31.80  32.12  18227
  1010  51575 418566  23.00  13.85  38.40   5.94   8.06   9.38    93  31.74  32.10  18221
  1011  51577 418566  23.99  13.25  38.30   5.93   8.05   9.39    93  31.73  32.10  18220
  1011  51580 418566  25.07  12.45  38.10   5.92   8.06   9.37    93  31.74  32.12  18232
  1011  51585 418566  25.95  11.45   0.00   5.94   8.05   9.37    93  31.75  32.12  18228
  1012  51592 418566  27.00  10.40   0.00   5.95   8.06   9.36    92  31.77  32.13  18235
  1012  51598 418567  28.04   9.20  36.70   5.96   8.05   9.34    92  31.80  32.15  18249
  1012  51602 418568  29.02   8.15   0.00   5.97   8.06   9.30    92  31.80  32.14  18244
  1013  51601 418569  30.03   7.20   0.00   5.99   8.06   9.25    92  31.83  32.16  18252
  1016  51588 418573  31.01   6.15  38.20   7.53   8.04   8.08    83  33.68  32.73  18583
  1016  51578 418577  32.08   4.45  38.50   7.84   8.04   8.03    83  33.76  32.53  18463
  1017  51572 418579  33.01   3.15  38.40   7.87   8.03   7.94    82  33.84  32.58  18496
  1017  51567 418581  34.03  51.25  38.40   8.05   8.02   7.85    82  34.07  32.66  18540
  1018  51559 418581  35.13  51.25  37.40   8.19   8.03   7.61    79  34.19  32.66  18538
 -1029  52943 420314   0.98   9.85  11.70   5.87   8.04   9.43    93  31.65  32.07  18201
  1029  52954 420314   1.86   9.20   0.00   5.85   8.06   9.47    93  31.61  32.04  18186
  1030  52921 420314   3.11   7.95  11.80   5.88   8.07   9.47    94  31.66  32.07  18202
  1030  52909 420305   4.03   7.00   0.00   5.95   8.07   9.46    94  31.75  32.11  18222
  1031  52898 420292   5.01   5.90  11.70   6.04   8.07   9.41    93  31.81  32.09  18212
  1031  52893 420283   6.02   4.95  11.70   6.07   8.06   9.38    93  31.87  32.13  18234
  1032  52893 420282   6.93   4.05   0.00   6.09   8.07   9.38    93  31.89  32.13  18236
  1032  52902 420280   7.96   2.95  11.70   6.10   8.06   9.37    93  31.90  32.13  18237
  1032  52911 420281   9.05   1.90  11.70   6.11   8.06   9.37    93  31.92  32.14  18244
  1033  52925 420283  10.06   0.90  11.60   6.10   8.06   9.36    93  31.90  32.13  18237
 -1039  53690 421052   1.09  51.25   0.00   5.79   8.08   9.58    94  31.55  32.03  18181
  1039  53698 421061   2.04  14.90   0.00   5.79   8.08   9.61    94  31.55  32.03  18181
  1039  53698 421064   3.04  14.00   0.00   5.81   8.08   9.60    94  31.58  32.05  18189
  1039  53699 421068   4.03  13.10   0.00   5.79   8.08   9.61    94  31.56  32.05  18187
  1040  53699 421070   5.03  12.10   0.00   5.81   8.08   9.59    94  31.58  32.05  18189
  1040  53696 421073   6.03  11.10   0.00   5.83   8.08   9.59    94  31.61  32.06  18198
  1040  53693 421076   6.97  10.20   0.00   5.87   8.07   9.55    94  31.63  32.05  18188
  1040  53691 421077   8.05   9.15   0.00   5.88   8.08   9.52    94  31.68  32.09  18215
  1041  53689 421079   9.00   8.30  18.00   5.89   8.07   9.50    94  31.69  32.10  18216
  1041  53686 421080  10.02   7.25  18.10   5.89   8.08   9.49    94  31.69  32.10  18216
  1041  53684 421081  11.02   6.45   0.00   5.88   8.08   9.48    94  31.69  32.11  18222
  1042  53687 421083  12.01   5.25  18.10   5.89   8.07   9.48    94  31.69  32.10  18216
  1042  53692 421083  13.07   4.50  18.00   5.89   8.07   9.47    94  31.69  32.10  18216
  1042  53696 421082  13.98   3.40  18.00   5.92   8.08   9.47    94  31.72  32.10  18219
  1043  53700 421081  14.98   2.35  18.00   5.95   8.07   9.45    93  31.76  32.12  18229
  1043  53704 421079  15.95   1.45  18.00   6.01   8.04   9.43    93  31.82  32.13  18235
  1043  53707 421077  17.04   0.40  17.90   6.07   8.06   9.41    93  31.89  32.15  18247
 -1051  55183 421378   1.02  19.05  21.30   5.77   8.08   9.54    94  31.50  32.00  18159
  1051  55190 421379   2.05  18.05   0.00   5.76   8.07   9.54    94  31.49  32.00  18158
  1051  55191 421380   3.01  17.20   0.00   5.77   8.07   9.53    94  31.50  32.00  18159
  1052  55193 421380   4.11  16.15   0.00   5.77   8.08   9.51    94  31.50  32.00  18159
  1052  55194 421380   4.98  15.25   7.60   5.77   8.08   9.51    94  31.51  32.01  18165
  1052  55195 421380   6.05  14.25   5.60   5.77   8.07   9.50    94  31.52  32.02  18172
  1053  55197 421380   7.08  13.25   3.30   5.79   8.07   9.50    94  31.55  32.03  18181
  1053  55199 421378   7.96  12.35  21.40   5.79   8.05   9.50    94  31.56  32.05  18187
  1053  55201 421376   9.03  11.30  21.50   5.80   8.07   9.49    94  31.57  32.05  18188
  1053  55204 421375  10.06  10.35  21.40   5.83   8.06   9.49    94  31.61  32.06  18198
  1054  55206 421374  11.05   9.35  21.40   5.83   8.07   9.49    94  31.61  32.06  18198
  1054  55209 421373  12.05   8.40   0.00   5.90   8.07   9.46    93  31.69  32.09  18211
  1054  55211 421373  13.00   7.50  21.40   5.86   8.07   9.47    93  31.66  32.09  18214
  1054  55215 421374  13.98   6.55  21.40   5.86   8.08   9.47    93  31.67  32.10  18220
  1055  55215 421373  15.07   5.55  21.40   5.85   8.05   9.45    93  31.66  32.10  18219
  1055  55214 421373  16.00   4.65  21.40   5.84   8.08   9.45    93  31.66  32.11  18225
  1055  55212 421373  17.02   3.60   0.00   5.81   8.07   9.46    93  31.63  32.11  18222
  1056  55210 421373  18.00   2.65   0.00   5.79   8.07   9.45    93  31.61  32.10  18220
  1056  55208 421373  19.03   1.65  21.40   5.74   8.08   9.46    93  31.56  32.09  18215
  1056  55206 421373  19.99   0.50  21.40   5.67   8.07   9.47    93  31.50  32.09  18214
 -1103  56274 420543   1.15  11.55  13.50   5.88   8.07   9.57    94  31.63  32.04  18183
  1103  56291 420526   1.99  10.90  13.50   5.88   8.05   9.58    94  31.54  31.94  18124
  1103  56289 420526   3.00   0.45   0.00   5.88   8.08   9.57    94  31.55  31.95  18131
  1104  56288 420526   4.02   8.90   0.00   5.88   8.07   9.57    94  31.57  31.97  18144
  1104  56288 420525   4.98   8.00   0.00   5.89   8.08   9.56    94  31.59  31.98  18151
  1104  56287 420525   6.06   6.95   0.00   5.89   8.08   9.55    94  31.61  32.01  18164
  1104  56286 420525   7.01   5.90   0.00   5.87   8.07   9.54    94  31.61  32.03  18175
  1105  56286 420524   8.03   4.90   3.30   5.80   8.07   9.54    94  31.56  32.04  18181
  1105  56285 420523   9.03   3.90   0.00   5.75   8.07   9.54    94  31.53  32.05  18190
  1105  56284 420521  10.01   2.90  13.20   5.71   8.08   9.55    94  31.51  32.07  18199
  1105  56282 420520  11.00   1.90   1.90   5.70   8.05   9.54    94  31.50  32.06  18198
  1106  56281 420519  12.04   0.85  12.90   5.70   8.07   9.54    94  31.50  32.06  18198
 -1115  57605 418961   0.98   0.65   0.00   5.83   8.07   9.52    94  31.55  32.00  18158
  1116  57622 418943   2.02  14.05   0.00   5.81   8.07   9.51    94  31.53  31.99  18156
  1116  57627 418937   3.02  13.50  16.80   5.81   8.07   9.50    94  31.53  31.99  18156
  1116  57629 418932   4.08   0.45   0.00   5.81   8.07   9.49    94  31.53  31.99  18156
  1117  57631 418928   5.04  11.75  17.00   5.82   8.07   9.49    94  31.54  31.99  18157
  1117  57634 418924   6.02  10.75  16.90   5.81   8.05   9.50    94  31.54  32.00  18163
  1117  57635 418920   6.99   9.85  16.90   5.81   8.07   9.50    94  31.54  32.00  18163
  1117  57637 418916   7.98   8.40   0.00   5.83   8.08   9.50    94  31.56  32.01  18165
  1118  57637 418914   9.09   7.10  17.00   5.83   8.07   9.50    94  31.55  32.00  18158
  1118  57637 418908  10.01   5.95   0.00   5.97   8.07   9.45    94  31.72  32.05  18192
  1119  57638 418903  11.06   4.95   0.00   5.80   8.07   9.48    93  31.56  32.04  18181
  1119  57638 418900  11.99   4.40   0.00   5.78   8.08   9.47    93  31.53  32.02  18173
  1119  57634 418901  13.03   3.05  17.20   5.68   8.07   9.47    93  31.43  32.00  18163
  1120  57629 418910  14.01   2.75   0.00   5.64   8.08   9.49    93  31.41  32.02  18172
  1120  57626 418915  15.00   2.05  16.90   5.60   8.08   9.49    93  31.38  32.02  18175
  1120  57622 418921  16.11  51.25   0.00   5.44   8.09   9.53    93  31.29  32.07  18204
 -1128  57952 417208   1.00  19.20   0.00   6.00   8.07   9.39    93  31.64  31.94  18123
  1129  57956 417184   2.01  18.20   0.00   6.00   8.07   9.44    93  31.58  31.87  18084
  1129  57957 417176   2.85   1.20   0.00   6.00   8.07   9.42    93  31.59  31.88  18091
  1130  57960 417152   4.24   0.40  20.50   6.00   8.07   9.42    93  31.60  31.89  18097
  1130  57960 417147   4.98  14.60  20.50   6.00   8.07   9.42    93  31.62  31.91  18110
  1131  57961 417160   5.98  14.10   0.00   5.99   8.07   9.42    93  31.62  31.92  18116
  1131  57960 417165   7.03  13.10   3.60   6.00   8.08   9.42    93  31.63  31.93  18117
  1131  57958 417171   8.03  12.35  20.90   6.00   8.08   9.40    93  31.64  31.94  18123
  1132  57956 417175   9.09  11.30   0.00   6.03   8.07   9.40    93  31.70  31.98  18146
  1132  57953 417179   9.97  10.50  21.20   6.04   8.08   9.38    93  31.72  31.99  18153
  1132  57951 417182  11.00   9.40   0.00   6.03   8.05   9.39    93  31.71  31.99  18152
  1133  57949 417184  11.99   8.45  21.00   5.97   8.07   9.41    93  31.67  32.00  18159
  1133  57947 417186  13.03   7.35   0.00   5.80   8.08   9.42    93  31.51  31.98  18149
  1133  57945 417188  14.00   6.35  21.00   5.76   8.06   9.39    92  31.49  32.00  18158
  1134  57943 417190  15.01   5.30  20.70   5.77   8.08   9.40    92  31.52  32.02  18172
  1135  57940 417201  15.98   3.75  20.90   5.68   8.11   9.69    95  31.46  32.04  18183
  1135  57940 417202  16.98   2.70  20.80   5.67   8.10   9.73    96  31.46  32.05  18188
  1135  57941 417200  18.00   1.85   0.00   5.54   8.10   9.77    96  31.35  32.05  18188
  1136  57942 417198  19.07   0.90  20.80   5.48   8.10   9.78    96  31.31  32.06  18195
 -1150  59327 414143   1.00   1.30  24.90   5.99   8.06   9.42    93  31.70  32.01  18168
  1150  59335 414130   2.01   1.25   0.00   5.99   8.08   9.44    93  31.66  31.97  18142
  1151  59334 414131   2.98  21.05   0.00   5.99   8.08   9.43    93  31.67  31.98  18148
  1151  59334 414133   4.12  19.85   0.00   5.99   8.05   9.42    93  31.67  31.98  18148
  1151  59334 414134   4.99  19.00   0.00   5.99   8.07   9.42    93  31.67  31.98  18148
  1151  59334 414134   6.01  18.05   0.00   5.98   8.07   9.42    93  31.68  32.00  18160
  1152  59333 414134   7.05  17.00   3.10   5.99   8.07   9.39    93  31.69  32.00  18161
  1152  59332 414134   7.95  16.05   0.00   5.99   8.05   9.39    93  31.68  31.99  18155
  1152  59331 414134   9.05  15.10   3.90   5.98   8.05   9.39    93  31.68  32.00  18160
  1152  59330 414134   9.98  14.00   0.00   5.96   8.08   9.39    93  31.67  32.01  18165
  1153  59329 414136  11.03  12.90   0.00   5.95   8.07   9.37    93  31.67  32.02  18170
  1153  59327 414136  12.02  11.85  25.00   5.98   8.08   9.36    93  31.71  32.03  18180
  1153  59326 414136  13.03  10.90  24.80   5.99   8.07   9.37    93  31.72  32.04  18181
  1154  59324 414136  14.03   9.85  24.40   5.99   8.09   9.41    93  31.72  32.04  18181
  1154  59322 414135  14.95   8.75  24.50   5.92   8.07   9.43    93  31.66  32.03  18180
  1154  59320 414134  15.97   7.75  24.60   5.90   8.08   9.44    93  31.66  32.05  18191
  1155  59318 414132  17.05   6.55  24.50   5.88   8.09   9.46    93  31.64  32.05  18189
  1155  59316 414131  17.93   5.70  24.40   5.81   8.09   9.48    93  31.59  32.06  18196
  1155  59313 414129  18.94  51.25  24.20   5.71   8.08   9.51    94  31.49  32.04  18186
  1156  59311 414129  20.24   3.10  24.20   5.64   8.07   9.51    93  31.43  32.04  18185
  1156  59309 414129  20.92   2.30  24.20   5.56   8.07   9.51    93  31.36  32.04  18184
  1157  59311 414127  22.00  51.30  24.20   5.46   8.06   9.44    92  31.27  32.03  18180
  1157  59312 414126  22.88  51.25  24.30   5.44   8.06   9.42    92  31.25  32.03  18178
 -1207  61209 413051   1.09  51.25  10.60   5.79   8.06   9.48    93  31.42  31.89  18096
  1207  61219 413045   2.01   7.85   0.00   5.79   8.07   9.51    94  31.37  31.83  18063
  1208  61219 413046   2.96   6.95   0.00   5.79   8.06   9.51    94  31.39  31.85  18076
  1208  61219 413047   4.04   5.80   0.00   5.79   8.06   9.50    93  31.40  31.87  18083
  1208  61219 413047   5.00   4.90   2.70   5.79   8.06   9.50    93  31.41  31.88  18089
  1208  61219 413046   6.06   3.90   0.00   5.79   8.06   9.48    93  31.43  31.90  18102
  1209  61219 413045   7.00   2.95   2.80   5.79   8.06   9.47    93  31.44  31.91  18109
  1209  61219 413043   8.05   1.90   2.70   5.80   8.06   9.47    93  31.46  31.92  18116
  1209  61219 413042   9.06   0.90   2.40   5.80   8.06   9.46    93  31.47  31.93  18123
 -1230  62297 412264   1.01  16.50   0.00   5.69   8.06   9.49    93  31.43  31.99  18157
  1231  62305 412257   2.05  15.40   0.00   5.68   8.04   9.50    93  31.43  32.00  18163
  1231  62307 412252   3.06  14.35   0.00   5.68   8.08   9.50    93  31.43  32.00  18163
  1231  62309 412249   4.04  13.30   0.00   5.67   8.07   9.49    93  31.43  32.01  18169
  1232  62310 412247   5.03  12.35   0.00   5.67   8.04   9.49    93  31.43  32.01  18169
  1232  62313 412244   6.05  11.30   0.00   5.67   8.07   9.50    93  31.42  32.00  18162
  1232  62315 412243   7.01  10.40   0.00   5.68   8.04   9.50    93  31.43  32.00  18163
  1233  62317 412241   8.19   9.15  18.40   5.67   8.08   9.50    93  31.43  32.01  18169
  1233  62318 412241   9.21   8.15  18.40   5.64   8.08   9.51    93  31.41  32.02  18172
  1233  62319 412239   9.96   7.45   0.00   5.61   8.06   9.53    93  31.38  32.01  18169
  1233  62317 412237  10.86   6.60   0.00   5.59   8.08   9.53    93  31.37  32.02  18174
  1234  62305 412237  12.00   5.50   0.00   5.56   8.06   9.53    93  31.35  32.03  18177
  1234  62296 412238  13.10   4.40  18.00   5.51   8.07   9.53    93  31.31  32.03  18179
  1234  62292 412239  14.11   3.40  17.90   5.50   8.07   9.52    93  31.30  32.03  18178
  1235  62289 412237  15.06   2.50   0.00   5.49   8.06   9.53    93  31.30  32.04  18183
  1235  62287 412234  16.16   1.30   0.00   5.48   8.07   9.54    93  31.29  32.04  18182
  1235  62284 412230  17.05  51.25   0.00   5.49   8.07   9.54    93  31.29  32.03  18177
 -1248  65244 412123   1.07  51.25  16.20   5.52   8.06   9.53    93  31.30  32.01  18166
  1249  65254 412122   2.02  13.35   0.00   5.52   8.05   9.53    93  31.26  31.96  18140
  1249  65255 412122   3.03  12.35   0.00   5.51   8.06   9.52    93  31.25  31.96  18139
  1249  65255 412123   4.03  11.40   0.00   5.51   8.07   9.52    93  31.27  31.98  18152
  1249  65256 412124   5.00  10.45   3.90   5.50   8.06   9.52    93  31.27  31.99  18158
  1250  65257 412125   5.97   9.55   0.00   5.49   8.06   9.53    93  31.26  31.99  18157
  1250  65258 412125   6.99   8.50  16.30   5.45   8.05   9.52    93  31.23  32.00  18159
  1250  65260 412125   8.05   7.50  16.30   5.43   8.05   9.52    93  31.23  32.02  18170
  1250  65261 412125   9.08   6.45  16.30   5.42   8.06   9.51    93  31.23  32.03  18176
  1251  65262 412125  10.03   5.60  16.20   5.43   8.05   9.49    93  31.23  32.02  18170
  1251  65263 412126  11.00   4.60  16.20   5.43   8.06   9.48    93  31.25  32.04  18184
  1251  65263 412126  11.96   3.65  16.20   5.43   8.05   9.47    92  31.25  32.04  18184
  1252  65262 412126  13.07   2.60  16.20   5.42   8.05   9.46    92  31.25  32.05  18189
  1252  65261 412126  14.03   1.65   0.00   5.42   8.07   9.46    92  31.24  32.04  18183
  1252  65260 412126  14.95   0.75  16.20   5.41   8.06   9.46    92  31.24  32.05  18188
 -1258  66320 411642   1.00  51.25   8.70   5.55   8.06   9.44    92  30.94  31.57  17913
  1258  66330 411632   2.04   5.70   0.00   5.54   8.06   9.43    92  31.12  31.79  18037
  1258  66330 411629   3.13   0.40   0.00   5.54   8.05   9.41    92  31.20  31.88  18090
  1259  66331 411626   4.05   3.35   0.00   5.54   8.06   9.41    92  31.20  31.88  18090
  1259  66331 411623   5.06   2.35   0.00   5.55   8.06   9.40    92  31.22  31.89  18097
  1259  66331 411620   6.07   1.45   8.60   5.54   8.02   9.39    92  31.23  31.91  18109
  1259  66331 411618   6.96  51.25   8.50   5.54   8.06   9.39    92  31.24  31.92  18116
 -1305  67337 411368   1.16   1.15  13.00   5.72   8.04   9.44    93  31.14  31.64  17951
  1305  67344 411366   2.01  10.30   0.00   5.72   8.05   9.43    93  31.25  31.76  18023
  1305  67343 411366   2.99   9.35   0.00   5.70   8.05   9.41    92  31.26  31.79  18041
  1306  67343 411366   4.06   8.25   0.00   5.68   8.05   9.40    92  31.26  31.81  18052
  1306  67343 411365   4.99   7.40   0.00   5.66   8.06   9.41    92  31.26  31.83  18063
  1306  67344 411363   6.06   6.35   0.00   5.66   8.05   9.40    92  31.28  31.85  18076
  1306  67345 411362   6.97   5.45   2.90   5.66   8.03   9.39    92  31.29  31.86  18082
  1307  67345 411360   8.08   4.35   2.50   5.64   8.05   9.39    92  31.29  31.88  18093
  1307  67346 411359   9.03   3.40   0.00   5.61   8.03   9.39    92  31.28  31.90  18103
  1307  67345 411358  10.03   2.40   2.40   5.60   8.05   9.39    92  31.28  31.91  18109
  1307  67345 411357  11.05   1.35  13.00   5.60   8.02   9.38    92  31.29  31.92  18115
  1307  67345 411356  11.96   0.40   4.50   5.60   8.06   9.38    92  31.30  31.93  18122
 -1315  68825 411251   0.97   0.40  12.90   5.93   8.05   9.25    92  31.67  32.04  18181
  1315  68840 411251   2.01   9.95  12.80   5.93   8.04   9.25    91  31.59  31.95  18129
  1315  68843 411249   3.00   1.15   0.00   5.94   8.04   9.24    91  31.59  31.94  18124
  1315  68846 411247   4.04   0.40  12.40   5.93   8.03   9.23    91  31.60  31.96  18136
  1315  68849 411246   5.09   0.50  12.10   5.93   8.04   9.23    91  31.60  31.96  18136
  1316  68851 411245   6.05   6.20  11.90   5.92   8.03   9.23    91  31.61  31.98  18148
  1316  68853 411244   6.99   5.20  11.70   5.91   8.01   9.22    91  31.60  31.98  18147
  1316  68855 411243   8.05   4.15   0.00   5.91   8.03   9.21    91  31.61  31.99  18153
  1316  68856 411241   9.03   3.20   0.00   5.92   8.05   9.21    91  31.62  31.99  18154
  1317  68855 411239  10.03   2.30  11.50   5.91   8.03   9.21    91  31.61  31.99  18153
  1317  68853 411236  11.03   1.35  11.80   5.89   8.04   9.20    91  31.60  32.00  18158
  1317  68851 411234  11.99   0.40   4.40   5.90   8.04   9.20    91  31.61  32.00  18159
 -1321  69273 410966   1.05   5.50   6.80   5.82   8.03   9.24    91  31.57  32.03  18177
  1321  69275 410949   2.06   4.25   0.00   5.82   8.05   9.21    91  31.58  32.04  18183
  1322  69275 410950   3.01   3.40   0.00   5.82   8.03   9.20    91  31.58  32.04  18183
  1322  69275 410951   4.01   2.25   7.00   5.82   8.03   9.20    91  31.57  32.03  18177
  1322  69275 410951   5.01   1.20   7.10   5.81   8.04   9.19    91  31.57  32.04  18182
  1322  69274 410950   5.81   0.40   7.20   5.60   8.05   9.22    90  31.38  32.02  18175
