# M.S. ARGUS
# 19-12-2000 06:41:51
# PROJECTCODE: E7501X
# STARTPUNT: GREVELINGENDAM
# EINDPUNT: BROUWERSDAM
# OPDRACHTGEVER: ZLXXAXWMDBG
# BEHEERDER: ZLXXAXWMDBG
# BEMONST. INST.: ZLXXAXMVSGN
# TLU        oC    4.8
# LUCHTDK    hPa    1017
# WINDSHD    m/s    6.1
# WINDRTG    gradn    68
# BEWKGD     /8    7
* 20001219
$ -9999 [000000000000000]
> TIJD
> X-COORD
> Y-COORD
>SENSHTE   Diepte set        m
>ECHOS     Echoset           mtrs
>Echo      Echoschip         M
>Temp       Temperatuur       oC                     :6   0.5     11   0.5
>pH        Zuurgraad         dimsls
>O2        Zuurstof          mg/l
>%O2        Zuurstof%         %
>GELBH     Geleidendheid     ms/cm
>SALNTT    Saliniteit        dimsls
>CL-       Chloride          mg/l
>MEX       MEX               %
>FLME      Flur ME           ugr/l
 -640  69282 410951   0.93   5.87   6.60   6.19   7.89   9.34     92  29.54  29.43  16669      1   0.36
  640  69274 410952   1.85   5.08   6.60   6.20   7.89   9.31     91  29.54  29.43  16671      2   0.35
  640  69275 410950   3.06   3.75   6.60   6.21   7.89   9.30     91  29.56  29.44  16674      2   0.37
  641  69277 410949   3.96   2.61   6.50   6.22   7.89   9.32     92  29.56  29.44  16672      2   0.37
  641  69279 410948   4.98   1.45   6.60   6.24   7.89   9.30     91  29.59  29.45  16679      2   0.39
  642  69280 410946   5.87   0.36   6.40   6.22   7.89   9.22     91  29.58  29.45  16681      2   0.36
 -647  68863 411263   0.95   0.44   0.00   5.98   7.91   9.57     93  29.32  29.37  16637      2   0.43
  648  68849 411265   1.94   8.59   0.00   5.96   7.91   9.56     93  29.30  29.37  16634      2   0.43
  648  68843 411264   3.01   8.15  10.90   6.00   7.91   9.54     93  29.35  29.38  16642      2   0.45
  648  68841 411261   3.98   7.55  11.60   6.07   7.91   9.51     93  29.42  29.41  16655      2   0.43
  649  68843 411259   4.83   6.85  12.00   6.08   7.91   9.49     93  29.43  29.41  16658      2   0.43
  650  68845 411250   5.92   6.30  12.80   6.13   7.91   9.46     93  29.47  29.41  16659      2   0.43
  650  68845 411244   7.04   3.83  12.80   6.17   7.91   9.37     92  29.54  29.45  16682      2   0.40
  651  68844 411243   8.09   4.45  12.80   6.30   7.91   9.37     92  29.66  29.47  16694      2   0.37
  651  68842 411242   9.10   3.48  13.00   6.43   7.90   9.29     92  29.80  29.51  16716      2   0.38
  651  68841 411241  10.09   2.39  13.00   6.39   7.90   9.26     91  29.77  29.52  16719      2   0.40
  651  68841 411242  10.98   1.47  13.00   6.42   7.90   9.24     91  29.82  29.54  16730      2   0.38
  652  68840 411243  11.93   0.45  13.10   6.46   7.90   9.20     91  29.86  29.55  16737      2   0.38
 -701  67359 411368   0.92   1.77  13.00   6.15   7.91   9.58     94  29.52  29.45  16681      2   0.49
  701  67350 411366   1.95  10.67  13.00   6.14   7.91   9.59     94  29.52  29.45  16682      2   0.52
  701  67346 411363   3.11   9.42  13.00   6.15   7.91   9.58     94  29.52  29.45  16682      2   0.50
  702  67345 411359   4.13   8.45  13.00   6.14   7.91   9.58     94  29.52  29.46  16683      2   0.48
  702  67344 411355   4.98   7.46  12.90   6.15   7.91   9.57     94  29.52  29.45  16682      2   0.52
  702  67344 411351   6.01   6.43  12.90   6.14   7.91   9.56     94  29.52  29.46  16684      2   0.50
  702  67344 411348   7.11   5.32  12.90   6.15   7.92   9.57     94  29.53  29.46  16684      2   0.49
  703  67344 411343   7.97   4.41  12.90   6.15   7.92   9.57     94  29.52  29.45  16680      2   0.49
  703  67342 411338   8.99   3.34  12.90   6.15   7.92   9.57     94  29.53  29.46  16685      2   0.52
  704  67339 411336   9.97   2.28  12.90   6.18   7.92   9.56     94  29.55  29.46  16687      2   0.51
  704  67333 411333  10.97   1.37  12.90   6.25   7.91   9.51     94  29.62  29.47  16693      2   0.47
  705  67326 411329  11.92   0.48  12.90   6.59   7.90   9.31     92  29.99  29.58  16755      2   0.42
 -712  66327 411619   0.90   0.48   3.70   6.14   7.91   9.56     94  29.50  29.44  16676      2   0.48
  713  66319 411633   1.97   0.46   8.10   6.14   7.91   9.56     94  29.50  29.44  16675      2   0.48
  713  66315 411633   3.09   4.50   8.10   6.13   7.91   9.55     94  29.50  29.44  16675      2   0.54
  713  66313 411632   3.96   3.36   7.90   6.12   7.92   9.55     94  29.49  29.44  16672      2   0.49
  714  66314 411625   4.98   2.08   8.10   6.13   7.92   9.53     93  29.49  29.44  16674      2   0.50
  714  66318 411622   5.89   1.35   8.30   6.12   7.92   9.53     93  29.49  29.44  16674      2   0.50
  714  66325 411621   6.89   0.56   8.60   6.12   7.92   9.51     93  29.49  29.44  16673      3   0.77
 -723  65297 412090   0.91   0.86  14.50   6.13   7.91   9.54     93  29.47  29.41  16658      2   0.46
  723  65284 412081   1.93  12.01  14.30   6.12   7.91   9.53     93  29.46  29.41  16657      2   0.45
  724  65278 412080   3.19  10.27  14.20   6.17   7.91   9.53     93  29.54  29.45  16680      2   0.44
  724  65268 412079   3.98   9.28  14.20   6.21   7.91   9.50     93  29.56  29.44  16675      2   0.46
  724  65263 412079   4.90   8.07  14.20   6.34   7.91   9.48     93  29.68  29.46  16684      2   0.45
  725  65261 412079   6.06   6.72  14.00   6.34   7.91   9.45     93  29.70  29.48  16700      2   0.45
  725  65261 412082   7.03   6.16  14.00   6.44   7.91   9.43     93  29.81  29.51  16715      2   0.45
  725  65264 412087   7.99   5.36  14.40   6.48   7.91   9.42     93  29.85  29.52  16720      2   0.43
  726  65271 412097   9.03   5.04  15.10   6.57   7.91   9.39     93  29.93  29.53  16726      2   0.44
  726  65273 412100   9.94   4.48  15.10   6.60   7.91   9.37     93  29.97  29.55  16736      2   0.47
  726  65272 412102  11.01   3.51  15.50   6.60   7.91   9.36     93  29.96  29.55  16737      2   0.45
  727  65270 412103  12.08   2.51  15.60   6.61   7.91   9.36     93  29.98  29.55  16737      2   0.43
  727  65268 412104  13.17   1.45  15.60   6.62   7.91   9.35     93  29.99  29.56  16741      2   0.43
  727  65265 412106  13.90   0.75  15.60   6.62   7.91   9.34     93  30.00  29.56  16744      2   0.44
 -742  62313 412248   0.84   0.75  18.40   7.11   7.91   9.26     93  30.45  29.63  16783      2   0.43
  742  62308 412260   1.97  16.15  18.40   7.11   7.91   9.27     93  30.45  29.63  16784      2   0.43
  742  62304 412264   2.98  15.15   0.00   7.11   7.91   9.26     93  30.45  29.63  16782      2   0.44
  743  62297 412266   4.07  13.99   4.90   7.11   7.91   9.26     93  30.45  29.63  16784      2   0.43
  743  62293 412264   4.89  12.98   6.40   7.11   7.91   9.27     93  30.45  29.63  16783      2   0.43
  743  62294 412263   6.00  11.86   6.90   7.11   7.91   9.26     93  30.45  29.63  16784      2   0.43
  744  62298 412261   6.98  10.95   0.00   7.11   7.91   9.24     93  30.45  29.63  16783      2   0.47
  744  62300 412261   7.97   9.95  18.50   7.11   7.91   9.23     93  30.45  29.63  16784      2   0.43
  744  62303 412263   9.03   8.95  18.50   7.11   7.91   9.23     93  30.45  29.63  16781      2   0.44
  744  62305 412263  10.10   7.81   3.40   7.11   7.91   9.24     93  30.45  29.63  16785      2   0.44
  745  62305 412265  10.96   6.92   6.10   7.11   7.91   9.23     93  30.45  29.63  16783      2   0.44
  746  62300 412266  12.07   5.80  18.60   7.12   7.91   9.23     93  30.46  29.63  16784      2   0.47
  746  62296 412266  13.04   4.76  18.50   7.11   7.91   9.24     93  30.46  29.64  16787      2   0.48
  746  62291 412266  14.05   3.72  18.50   7.10   7.91   9.23     93  30.45  29.64  16789      2   0.44
  747  62289 412265  15.03   2.76  18.40   7.11   7.91   9.23     93  30.45  29.63  16785      2   0.43
  747  62288 412264  16.16   1.53  18.50   7.09   7.91   9.23     93  30.44  29.64  16790      2   0.44
  747  62286 412263  16.88   0.72  18.40   7.02   7.91   9.24     93  30.38  29.64  16786      2   0.40
 -755  61215 413024   1.01   9.01  18.40   7.20   7.90   9.19     92  30.53  29.64  16788      2   0.40
  756  61216 413031   2.07   8.00  10.60   7.20   7.90   9.18     92  30.52  29.64  16786      2   0.38
  756  61217 413034   3.00   7.00  10.60   7.19   7.90   9.17     92  30.52  29.64  16788      2   0.41
  756  61216 413038   4.09   5.87  10.60   7.16   7.90   9.18     92  30.50  29.65  16792      2   0.43
  756  61217 413042   5.06   4.93  10.60   7.13   7.90   9.19     92  30.47  29.64  16786      2   0.41
  756  61217 413045   6.01   4.00  10.60   7.17   7.91   9.19     92  30.50  29.63  16784      2   0.45
  757  61217 413051   6.95   3.02  10.60   7.03   7.91   9.21     92  30.39  29.63  16785      2   0.42
  757  61216 413055   8.06   1.94  10.60   6.94   7.91   9.22     92  30.33  29.64  16790      2   0.42
  757  61216 413056   9.11   0.87  10.60   6.94   7.91   9.22     92  30.31  29.63  16783      2   0.39
 -809  59319 414128   1.06  22.64  24.90   7.25   7.90   9.20     93  30.48  29.55  16735      2   0.44
  809  59322 414142   2.07  21.93  25.00   7.24   7.90   9.21     93  30.48  29.55  16733      2   0.44
  809  59321 414146   3.03  20.92  25.00   7.25   7.90   9.21     93  30.48  29.55  16736      2   0.45
  809  59319 414149   4.07  20.14  25.00   7.25   7.90   9.19     93  30.49  29.55  16734      2   0.44
  810  59317 414151   4.94  19.16  24.80   7.26   7.90   9.21     93  30.54  29.60  16762      2   0.43
  810  59316 414153   6.16  17.83  25.00   7.26   7.90   9.20     93  30.54  29.60  16767      2   0.40
  810  59315 414154   7.11  17.01  24.70   7.27   7.90   9.19     93  30.57  29.63  16781      2   0.40
  810  59313 414155   8.08  16.06  24.80   7.26   7.90   9.19     93  30.58  29.64  16785      2   0.42
  811  59311 414156   8.96  15.08  24.90   7.27   7.90   9.19     93  30.58  29.63  16784      2   0.42
  811  59309 414156   9.92  14.14  24.80   7.27   7.90   9.18     93  30.58  29.64  16786      2   0.43
  811  59306 414156  11.07  12.80  24.80   7.26   7.90   9.19     93  30.58  29.64  16785      2   0.43
  811  59304 414156  11.98  11.74  24.70   7.26   7.90   9.18     93  30.58  29.64  16788      2   0.42
  811  59301 414156  13.14  10.42  24.70   7.25   7.90   9.19     93  30.57  29.64  16787      2   0.41
  812  59298 414156  14.14   9.30  24.60   7.25   7.90   9.17     92  30.57  29.64  16788      2   0.41
  812  59297 414156  15.12   8.26  24.60   7.24   7.90   9.18     92  30.56  29.64  16787      2   0.43
  812  59296 414157  16.16   7.25  24.60   7.24   7.90   9.17     92  30.56  29.64  16788      2   0.47
  812  59294 414157  17.11   6.17   0.00   7.22   7.90   9.17     92  30.54  29.64  16788      2   0.42
  813  59292 414159  18.07   5.14  24.50   7.20   7.90   9.17     92  30.54  29.65  16792      2   0.41
  813  59292 414160  18.92   4.32  24.50   7.21   7.90   9.17     92  30.53  29.64  16788      2   0.43
  813  59295 414163  20.11   3.34  24.60   7.16   7.90   9.17     92  30.50  29.64  16791      2   0.42
  813  59296 414164  20.95   2.68  24.60   7.14   7.90   9.16     92  30.49  29.65  16793      2   0.42
  814  59297 414164  22.00   1.65  24.70   7.14   7.90   9.13     92  30.49  29.64  16790      2   0.45
  814  59298 414163  23.05   0.62  24.60   7.12   7.89   9.14     92  30.47  29.64  16790      2   0.46
 -831  57946 417235   0.96  18.82  20.90   7.14   7.90   9.25     93  30.47  29.63  16784      2   0.48
  831  57949 417234   2.00  17.82  21.00   7.14   7.90   9.25     93  30.48  29.64  16786      2   0.45
  831  57954 417230   2.93  16.99  21.00   7.14   7.90   9.25     93  30.48  29.64  16786      2   0.47
  832  57958 417227   4.03  16.27  21.00   7.14   7.90   9.24     93  30.47  29.64  16786      2   0.46
  832  57962 417223   5.09  15.46  21.10   7.14   7.91   9.24     93  30.47  29.63  16785      2   0.44
  832  57965 417219   6.11  14.39  21.30   7.14   7.91   9.24     93  30.47  29.64  16786      2   0.44
  833  57967 417215   7.11  13.42  21.30   7.13   7.91   9.24     93  30.48  29.64  16788      2   0.44
  833  57970 417211   7.93  12.50  21.50   7.13   7.91   9.22     93  30.47  29.64  16786      2   0.46
  833  57970 417209   9.01  11.35  21.40   7.13   7.91   9.23     93  30.47  29.64  16786      2   0.44
  834  57970 417208  10.02  10.34  21.40   7.13   7.91   9.24     93  30.47  29.63  16785      2   0.46
  834  57968 417208  10.95   9.74  21.50   7.13   7.91   9.24     93  30.47  29.64  16787      2   0.44
  834  57966 417207  12.10   8.55  21.50   7.13   7.91   9.22     93  30.47  29.64  16787      2   0.46
  834  57964 417207  12.96   7.71  21.50   7.13   7.91   9.21     93  30.47  29.64  16787      2   0.44
  835  57961 417206  14.00   6.57  21.10   7.13   7.91   9.22     93  30.47  29.64  16787      0   0.44
  835  57957 417206  14.91   5.74  21.20   7.13   7.91   9.22     93  30.47  29.64  16787      2   0.47
  835  57954 417208  16.03   4.34  21.20   7.24   7.90   9.18     93  30.64  29.72  16833      2   0.41
  836  57949 417218  16.92   2.98  21.10   7.59   7.89   8.85     90  31.17  29.99  16988      2   0.34
  837  57947 417225  18.09   1.80  20.90   7.63   7.90   8.80     90  31.22  30.01  17002      2   0.36
  837  57946 417229  18.98   0.69  20.90   7.67   7.89   8.76     89  31.32  30.07  17038      2   0.34
 -847  57613 418955   0.88  16.38   4.20   7.14   7.90   9.26     93  30.47  29.63  16781      2   0.49
  848  57613 418958   2.15  15.22   6.30   7.15   7.90   9.27     93  30.47  29.63  16781      2   0.48
  848  57614 418959   3.01  14.51   0.00   7.14   7.90   9.27     93  30.47  29.63  16782      2   0.48
  848  57615 418959   4.13  13.39  16.90   7.14   7.90   9.28     93  30.47  29.63  16781      2   0.53
  848  57616 418959   5.05  12.36  16.90   7.13   7.90   9.27     93  30.47  29.63  16782      2   0.50
  848  57617 418958   6.17  11.15  17.00   7.13   7.90   9.27     93  30.47  29.63  16784      2   0.48
  849  57617 418957   7.06  10.13  17.00   7.12   7.90   9.27     93  30.46  29.63  16783      2   0.47
  849  57618 418956   7.91   9.14  16.90   7.09   7.91   9.27     93  30.43  29.63  16781      2   0.49
  849  57620 418954   8.94   7.77  17.20   7.03   7.91   9.30     93  30.40  29.64  16789      2   0.48
  849  57622 418951  10.10   6.42  17.90   6.93   7.92   9.35     93  30.28  29.61  16772      2   0.47
  850  57624 418950  10.94   5.48  17.70   6.84   7.92   9.41     94  30.23  29.63  16782      2   0.53
  851  57629 418945  12.11   4.39  17.00   7.33   7.90   9.15     93  30.86  29.89  16931      2   0.40
  852  57626 418942  13.10   3.52  16.90   7.90   7.89   8.64     89  31.68  30.26  17146      2   0.35
  853  57625 418942  14.16   2.49  17.00   7.90   7.89   8.62     89  31.66  30.23  17129      2   0.33
  853  57619 418942  15.11   1.88  17.50   8.22   7.89   8.49     88  32.14  30.47  17270      2   0.27
  853  57617 418942  15.96   1.26  17.60   8.24   7.89   8.47     88  32.19  30.51  17290      2   0.37
 -904  56259 420517   0.99  10.72  12.90   7.17   7.90   9.28     93  30.49  29.62  16779      2   0.42
  904  56266 420529   2.01  10.12  13.20   7.17   7.90   9.29     93  30.49  29.63  16779      2   0.44
  905  56268 420532   2.97   9.43  13.30   7.18   7.90   9.29     93  30.50  29.62  16779      2   0.43
  905  56269 420534   4.16   8.37  13.40   7.17   7.90   9.29     93  30.50  29.63  16783      2   0.44
  905  56270 420536   4.92   7.65  13.40   7.18   7.90   9.28     93  30.50  29.63  16779      2   0.43
  905  56271 420538   6.20   6.40  13.50   7.17   7.91   9.28     93  30.50  29.63  16780      2   0.42
  906  56271 420538   7.21   5.54  13.60   7.18   7.91   9.28     93  30.50  29.63  16779      2   0.43
  906  56271 420538   8.02   4.68  13.50   7.17   7.91   9.27     93  30.50  29.63  16783      2   0.42
  906  56271 420539   8.93   3.82  13.50   7.17   7.91   9.26     93  30.51  29.64  16788      2   0.47
  906  56271 420540  10.11   2.63  13.50   7.22   7.90   9.24     93  30.56  29.65  16795      2   0.40
  908  56263 420544  10.94   1.49  13.50   8.05   7.88   8.47     87  31.91  30.38  17213      2   0.22
  908  56256 420546  11.98   0.38  13.40   8.26   7.88   8.35     87  32.26  30.56  17320      2   0.22
 -922  55192 421388   0.95  20.16  13.40   7.15   7.89   9.31     94  30.44  29.59  16757      2   0.46
  922  55195 421387   1.97  19.04  21.50   7.15   7.90   9.30     93  30.44  29.59  16756      2   0.47
  923  55195 421385   2.90  18.11  21.50   7.15   7.89   9.31     94  30.44  29.59  16757      2   0.48
  923  55196 421384   4.03  16.98  21.50   7.15   7.90   9.31     94  30.44  29.59  16757      2   0.47
  923  55196 421382   5.04  15.85  21.40   7.14   7.90   9.30     93  30.44  29.59  16759      2   0.46
  923  55195 421381   6.00  14.82  21.40   7.14   7.90   9.32     94  30.43  29.59  16759      2   0.46
  924  55195 421380   7.04  13.78  21.30   7.14   7.90   9.31     93  30.44  29.59  16759      2   0.47
  924  55194 421379   8.05  12.72  21.20   7.15   7.90   9.30     93  30.44  29.59  16758      2   0.47
  924  55194 421377   9.08  11.57  21.20   7.13   7.90   9.31     93  30.43  29.59  16760      2   0.47
  924  55193 421375   9.99  10.63  21.20   7.08   7.90   9.32     93  30.40  29.60  16763      2   0.47
  925  55192 421373  10.98   9.46  21.00   7.06   7.90   9.32     93  30.39  29.61  16770      2   0.45
  925  55190 421370  12.03   8.35  20.90   7.20   7.89   9.23     93  30.62  29.73  16839      2   0.32
  926  55181 421367  13.09   6.86  20.70   8.15   7.88   8.54     88  32.21  30.61  17346      2   0.21
  927  55181 421368  14.01   5.98  20.90   8.16   7.89   8.53     88  32.24  30.62  17354      2   0.17
  927  55180 421371  15.00   5.11  20.90   8.28   7.89   8.50     88  32.39  30.68  17387      2   0.17
  927  55182 421374  16.05   4.22  21.00   8.34   7.89   8.47     88  32.52  30.76  17434      2   0.19
  928  55184 421379  17.07   3.26  21.20   8.40   7.89   8.43     88  32.60  30.79  17452      2   0.18
  928  55184 421383  17.94   2.54  21.30   8.52   6.91   8.36     87  32.75  30.84  17482      2   0.22
  928  55183 421386  19.00   1.56  21.30   8.52   7.89   8.36     87  32.78  30.87  17501      2   0.20
  929  55180 421391  19.99   0.51  21.60   8.59   7.88   8.31     87  32.87  30.92  17525      2   0.27
 -939  53730 421062   0.98  16.41  17.60   7.18   7.89   9.30     94  30.47  29.59  16759      2   0.46
  939  53724 421059   2.11  15.27  17.60   7.18   7.89   9.30     94  30.47  29.59  16758      2   0.46
  939  53720 421058   3.15  14.24  17.60   7.18   7.89   9.30     93  30.47  29.59  16758      2   0.44
  940  53716 421058   4.14  13.19  17.60   7.18   7.89   9.30     94  30.47  29.59  16759      2   0.42
  940  53713 421058   5.11  12.20  17.60   7.18   7.89   9.30     94  30.47  29.59  16759      2   0.44
  940  53708 421058   6.14  11.26  17.70   7.18   7.89   9.29     93  30.47  29.59  16760      2   0.47
  940  53709 421059   6.99  10.39  17.70   7.18   7.90   9.29     93  30.47  29.59  16760      2   0.45
  940  53709 421059   8.17   9.11  17.70   7.18   7.90   9.30     93  30.47  29.59  16761      2   0.44
  941  53710 421060   9.02   8.27  17.70   7.18   7.90   9.30     93  30.47  29.60  16763      2   0.42
  941  53710 421061   9.92   7.40  17.70   7.18   7.90   9.28     93  30.49  29.61  16772      2   0.44
  941  53710 421062  10.96   6.36  17.70   7.21   7.90   9.27     93  30.52  29.62  16778      2   0.43
  941  53709 421062  12.00   5.30  17.70   7.17   7.90   9.26     93  30.52  29.65  16794      2   0.40
  942  53708 421063  13.08   4.24  17.80   7.11   7.90   9.26     93  30.46  29.64  16789      2   0.40
  942  53704 421063  14.12   3.19  17.80   6.94   7.90   9.29     93  30.31  29.63  16784      2   0.38
  942  53703 421064  14.93   2.40  17.80   6.88   7.90   9.32     93  30.26  29.63  16784      2   0.38
  943  53708 421065  15.98   1.28  17.80   7.62   7.88   9.09     93  31.28  30.08  17040      2   0.30
  944  53714 421069  16.91   0.41  17.80   8.06   7.87   8.49     88  32.15  30.62  17354      2   0.20
 -957  52927 420311   0.93  10.51  11.70   7.21   7.89   9.25     93  30.39  29.48  16697      2   0.43
  957  52925 420317   1.94   9.47  11.80   7.21   7.89   9.26     93  30.40  29.49  16701      2   0.42
  957  52924 420320   2.93   8.56  11.80   7.21   7.89   9.25     93  30.39  29.48  16697      2   0.44
  958  52925 420323   4.12   7.30  11.80   7.21   7.89   9.26     93  30.40  29.49  16699      2   0.48
  958  52926 420325   4.91   6.51  11.80   7.21   7.89   9.27     93  30.41  29.50  16708      2   0.43
  958  52927 420325   5.96   5.43  11.80   7.23   7.89   9.25     93  30.42  29.50  16706      2   0.43
  959  52926 420322   6.96   4.51  11.80   7.23   7.89   9.25     93  30.43  29.50  16708      2   0.43
  959  52927 420316   8.15   3.16  11.80   7.24   7.89   9.23     93  30.47  29.54  16730      2   0.44
  959  52927 420311   8.96   2.46  11.80   7.18   7.90   9.24     93  30.45  29.57  16747      2   0.42
 1000  52928 420306   9.97   1.26  11.70   7.16   7.90   9.25     93  30.43  29.57  16749      2   0.41
 1001  52932 420292  10.88   0.41  11.50   7.73   7.86   8.48     87  31.49  30.21  17119     17   0.22
-1014  51562 418574   0.97  34.64   6.40   7.04   7.88   9.19     92  30.38  29.62  16774      2   0.39
 1014  51563 418573   2.07  33.55   6.40   7.07   7.88   9.19     92  30.40  29.62  16775      2   0.42
 1015  51562 418572   3.05  32.48   4.90   7.08   7.88   9.18     92  30.42  29.63  16780      2   0.43
 1015  51559 418569   3.98  31.14   4.80   7.16   7.88   9.17     92  30.53  29.67  16805      2   0.35
 1016  51556 418567   5.01  29.90   6.60   7.29   7.89   9.14     92  30.66  29.70  16824      2   0.36
 1016  51549 418561   5.93  28.38   0.00   7.46   7.90   9.10     92  30.87  29.78  16871      2   0.37
 1017  51544 418554   7.01  26.87   0.00   7.72   7.90   9.06     93  31.27  29.99  16987      3   0.31
 1017  51541 418551   7.91  25.55   0.00   7.79   7.90   9.04     92  31.43  30.10  17053      3   0.30
 1018  51537 418549   9.06  23.92  37.90   7.89   7.90   8.99     92  31.71  30.30  17169      3   0.29
 1019  51538 418550  10.11  22.96  37.90   7.97   7.90   8.96     92  31.89  30.43  17243      3   0.31
 1019  51537 418552  10.98  22.03  38.00   8.06   7.90   8.93     92  32.11  30.57  17325      2   0.23
 1019  51539 418556  12.09  21.23  38.00   8.36   7.89   8.82     92  32.63  30.87  17496      2   0.22
 1020  51540 418562  12.88  20.54  36.70   8.44   7.89   8.71     91  32.79  30.96  17549      2   0.23
 1020  51540 418567  14.07  19.38  35.90   8.44   7.89   8.68     91  32.79  30.96  17548      2   0.20
 1020  51540 418572  15.24  18.26  35.70   8.46   7.89   8.66     90  32.83  30.98  17562      2   0.17
 1021  51542 418575  15.96  17.71   0.00   8.47   7.89   8.62     90  32.85  30.99  17568      2   0.22
 1021  51542 418577  17.25  16.48   0.00   8.49   7.89   8.60     90  32.86  30.99  17568      2   0.21
 1021  51545 418580  18.02  15.96   0.00   8.51   7.89   8.57     90  32.90  31.01  17578      2   0.20
 1021  51547 418582  19.12  15.07   0.00   8.51   7.89   8.56     90  32.91  31.02  17583      2   0.19
 1021  51549 418584  20.00  14.40  36.30   8.51   7.89   8.54     89  32.90  31.01  17582      2   0.18
 1022  51550 418585  21.16  13.35  36.40   8.51   7.89   8.55     89  32.90  31.01  17580      2   0.17
 1022  51552 418586  22.02  12.71   0.00   8.51   7.89   8.53     89  32.90  31.01  17581      2   0.18
 1022  51556 418586  23.11  11.85   0.00   8.51   7.89   8.54     89  32.91  31.02  17584      2   0.17
 1022  51559 418586  24.04  11.18   0.00   8.51   7.89   8.53     89  32.91  31.02  17585      2   0.21
 1023  51562 418585  25.19  10.39   0.00   8.52   7.89   8.52     89  32.92  31.02  17586      2   0.17
 1023  51565 418584  26.14   9.54   0.00   8.52   7.89   8.51     89  32.93  31.03  17589      2   0.20
 1023  51567 418583  27.05   8.88   0.00   8.53   7.89   8.49     89  32.93  31.03  17592      2   0.19
 1024  51568 418583  28.09   7.85  37.70   8.53   7.89   8.48     89  32.94  31.03  17593      2   0.20
 1024  51568 418583  29.00   6.86  37.70   8.53   7.89   8.47     89  32.94  31.03  17593      2   0.17
 1024  51567 418583  29.99   5.78  37.70   8.53   7.89   8.46     89  32.94  31.03  17594      2   0.19
 1024  51566 418582  31.06   4.68  37.60   8.53   7.89   8.46     89  32.94  31.04  17595      2   0.18
 1025  51566 418582  30.50   3.82  37.80   8.53   7.89   8.46     89  32.94  31.04  17597      2   0.22
 1025  51571 418584  33.10   2.99  37.80   8.53   7.89   8.45     88  32.94  31.04  17596      2   0.18
 1025  51577 418585  34.00   2.37  38.00   8.53   7.89   8.44     88  32.95  31.04  17597      2   0.21
 1026  51580 418585  35.18   1.36  38.00   8.53   7.89   8.42     88  32.95  31.04  17599      2   0.19
 1026  51582 418585  36.03   0.64  38.10   8.53   7.89   8.41     88  32.95  31.04  17598      2   0.23
-1037  50719 418408   1.05   5.96   3.30   7.42   7.91   9.29     94  30.71  29.64  16788      3   0.39
 1038  50729 418406   1.95   0.69   7.70   7.45   7.91   9.28     94  30.76  29.68  16808      3   0.40
 1038  50727 418406   3.15  24.88   7.70   7.43   7.91   9.26     94  30.72  29.65  16793      3   0.39
 1038  50725 418404   3.97  24.08   6.20   7.43   7.91   9.27     94  30.73  29.66  16799      3   0.43
 1039  50722 418402   5.05  22.99  28.70   7.42   7.92   9.27     94  30.72  29.65  16793      3   0.39
 1039  50716 418403   5.97  21.92  28.60   7.44   7.91   9.25     94  30.75  29.67  16807      3   0.41
 1039  50714 418405   6.85  20.98  28.50   7.44   7.92   9.24     94  30.76  29.68  16809      3   0.34
 1040  50711 418407   8.12  19.65  28.40   7.49   7.91   9.20     93  30.91  29.80  16880      3   0.33
 1040  50715 418410   8.92  18.66  28.40   7.78   7.91   9.08     93  31.41  30.08  17043      3   0.32
 1041  50722 418414   9.98  17.54  28.50   8.14   7.90   8.93     92  32.26  30.66  17378      2   0.24
 1041  50729 418417  11.05  16.38  28.50   8.16   7.91   8.86     92  32.31  30.69  17397      2   0.20
 1041  50732 418418  12.05  15.30  28.90   8.07   7.91   8.89     92  32.10  30.56  17319      2   0.22
 1042  50735 418417  13.25  14.34  29.00   7.86   7.92   8.95     92  31.64  30.26  17146      2   0.30
 1042  50738 418415  14.06  13.59  29.00   8.20   7.91   8.85     92  32.30  30.66  17375      2   0.23
 1042  50740 418413  15.03  12.74  29.10   8.33   7.91   8.79     92  32.62  30.87  17498      2   0.20
 1043  50740 418412  16.04  11.85  29.20   8.43   7.91   8.74     91  32.76  30.94  17537      2   0.20
 1043  50741 418410  17.12  10.82  29.30   8.45   7.91   8.68     91  32.81  30.97  17557      2   0.18
 1043  50739 418408  18.15   9.77  29.30   8.46   7.91   8.64     90  32.82  30.98  17561      2   0.21
 1043  50738 418406  19.10   8.81  29.40   8.46   7.91   8.63     90  32.83  30.98  17562      2   0.23
 1044  50736 418404  19.94   7.95  29.40   8.46   7.91   8.61     90  32.83  30.98  17561      2   0.18
 1044  50735 418402  21.05   6.89  29.40   8.45   7.91   8.60     90  32.83  31.00  17573      2   0.21
 1044  50734 418401  22.15   5.85  29.40   8.46   7.91   8.59     90  32.85  31.01  17580      2   0.22
 1045  50733 418400  23.12   4.93  29.40   8.46   7.91   8.55     89  32.86  31.01  17578      2   0.24
 1045  50732 418400  24.22   3.95  29.30   8.49   7.91   8.54     89  32.88  31.01  17580      2   0.22
 1045  50731 418400  25.08   3.07  29.30   8.49   7.91   8.52     89  32.90  31.02  17587      2   0.24
 1045  50729 418400  26.12   1.96  29.20   8.51   7.91   8.52     89  32.91  31.03  17591      2   0.19
 1045  50728 418401  27.03   0.96  29.20   8.50   7.91   8.48     89  32.92  31.04  17594      2   0.20
-1054  49727 418282   0.88  17.33  18.90   7.35   7.91   9.28     94  30.59  29.58  16752      2   0.38
 1055  49732 418276   1.95  16.34  19.20   7.35   7.91   9.27     94  30.59  29.58  16755      2   0.40
 1055  49732 418276   2.89  15.44  19.30   7.35   7.92   9.27     94  30.59  29.58  16755      2   0.41
 1055  49735 418276   3.98  14.36  19.30   7.35   7.92   9.27     94  30.60  29.59  16756      2   0.36
 1055  49736 418276   5.06  13.28  19.40   7.35   7.92   9.27     94  30.60  29.59  16756      2   0.36
 1056  49739 418276   5.96  12.52  19.20   7.35   7.92   9.27     94  30.60  29.59  16757      2   0.37
 1056  49742 418278   6.98  11.47  19.20   7.35   7.92   9.27     94  30.60  29.59  16757      2   0.42
 1057  49743 418279   7.93  10.50  19.10   7.36   7.92   9.26     93  30.61  29.59  16760      2   0.39
 1057  49746 418280   9.09   9.22  19.00   7.40   7.92   9.26     94  30.67  29.62  16775      3   0.37
 1057  49747 418283  10.11   8.18  19.00   7.41   7.92   9.26     94  30.70  29.63  16784      3   0.39
 1058  49741 418286  11.08   7.21  18.90   7.83   7.91   9.04     93  31.58  30.21  17116      3   0.33
 1059  49735 418290  12.08   6.09  18.90   8.07   7.91   8.89     92  32.13  30.59  17336      2   0.25
 1059  49732 418292  13.00   5.06  18.80   8.16   7.91   8.84     92  32.32  30.71  17404      2   0.22
 1059  49731 418293  14.08   4.00  18.80   8.17   7.91   8.84     92  32.34  30.72  17412      2   0.25
 1059  49729 418294  14.88   3.23  18.80   8.27   7.91   8.80     91  32.50  30.81  17462      2   0.21
 1100  49723 418294  16.03   1.83  18.80   8.38   7.91   8.65     90  32.75  30.97  17555      2   0.21
 1100  49719 418293  17.08   0.77  18.70   8.42   7.91   8.60     90  32.81  31.01  17577      2   0.23
-1110  48743 418230   1.01  41.54  46.50   7.33   7.92   9.34     94  30.56  29.56  16742      3   0.40
 1111  48738 418226   1.96  44.19  46.50   7.32   7.92   9.72     94  24.60  23.28  13119      3   0.39
 1113  48738 418226   3.18  42.98  46.60   7.33   7.92   9.30     94  30.56  29.56  16744      3   0.44
 1113  48738 418226   4.12  42.02  46.60   7.33   7.92   9.31     94  30.56  29.57  16744      3   0.41
 1113  48737 418228   4.99  41.16  46.50   7.32   7.92   9.32     94  30.55  29.56  16741      3   0.42
 1114  48736 418228   6.06  40.07  46.50   7.32   7.92   9.32     94  30.55  29.56  16741      3   0.41
 1114  48740 418230   6.91  39.13  46.50   7.34   7.92   9.33     94  30.60  29.59  16758      3   0.36
 1114  48745 418232   8.03  38.02  46.40   7.36   7.92   9.31     94  30.63  29.61  16771      3   0.36
 1114  48749 418233   8.88  36.63  46.40   7.45   7.92   9.26     94  30.86  29.78  16869      4   0.39
 1115  48752 418234   9.88  36.13  46.60   7.41   7.92   9.26     94  30.78  29.73  16838      3   0.37
 1115  48753 418235  11.01  35.01  46.50   7.48   7.92   9.25     94  30.88  29.77  16865      4   0.39
 1116  48753 418234  12.02  33.99  46.50   7.89   7.91   9.08     93  31.69  30.28  17157      4   0.39
 1117  48749 418231  13.08  32.91  46.50   7.90   7.92   8.96     92  31.79  30.38  17213      4   0.33
 1117  48748 418230  13.90  14.16  46.50   7.90   7.92   8.96     92  31.78  30.37  17210      4   0.35
 1117  48743 418229  15.00  10.75  46.60   8.01   7.91   8.90     92  32.08  30.59  17335      3   0.29
 1118  48738 418226  15.99  30.05  46.60   8.22   7.91   8.76     91  32.52  30.86  17496      2   0.24
 1118  48735 418224  16.92  29.14  46.60   8.25   7.90   8.70     90  32.61  30.94  17538      2   0.28
 1118  48734 418221  17.96  28.11  46.60   8.28   7.90   8.65     90  32.65  30.95  17545      2   0.23
 1119  48734 418219  19.05  27.11  46.60   8.30   7.90   8.63     90  32.67  30.96  17550      2   0.19
 1119  48735 418218  20.05  11.79  46.60   8.31   7.90   8.62     90  32.68  30.96  17550      2   0.23
 1119  48735 418216  20.90  25.25  46.60   8.34   7.90   8.59     89  32.72  30.98  17560      2   0.21
 1119  48735 418215  22.14  24.05  46.60   8.35   7.90   8.57     89  32.73  30.98  17562      2   0.23
 1120  48734 418213  22.99  23.20  46.60   8.36   7.90   8.55     89  32.75  30.98  17565      2   0.20
 1120  48733 418213  24.09  22.01  46.60   8.36   7.91   8.55     89  32.76  30.99  17571      2   0.25
 1120  48733 418214  25.17  20.93  46.70   8.38   7.90   8.54     89  32.78  31.00  17573      2   0.20
 1121  48734 418215  26.13  20.00  46.70   8.41   7.90   8.52     89  32.82  31.02  17582      2   0.22
 1121  48734 418216  27.20  18.91  46.60   8.41   7.90   8.53     89  32.83  31.02  17586      2   0.23
 1121  48734 418217  28.09  17.89  46.60   8.42   7.90   8.51     89  32.83  31.03  17588      2   0.20
 1121  48734 418218  29.15  16.98  46.70   8.42   7.90   8.50     89  32.84  31.03  17589      2   0.20
 1122  48737 418220  30.05  16.03  46.70   8.42   7.90   8.49     89  32.84  31.03  17592      2   0.24
 1122  48739 418222  30.99  15.06  46.60   8.42   7.90   8.47     88  32.84  31.04  17594      2   0.20
 1122  48739 418224  32.26  13.73  46.60   8.42   7.90   8.46     88  32.85  31.04  17596      2   0.20
 1123  48738 418226  32.97  13.07  46.60   8.42   7.90   8.44     88  32.85  31.04  17596      2   0.23
 1123  48738 418226  34.00  12.03  46.50   8.42   7.90   8.43     88  32.85  31.04  17596      2   0.24
 1124  48739 418226  35.09  10.78  46.60   8.42   7.90   8.44     88  32.85  31.04  17599      2   0.21
 1125  48739 418228  36.05   9.93  46.60   8.42   7.90   8.43     88  32.85  31.04  17598      2   0.20
 1125  48742 418229  37.11   8.81  46.60   8.42   7.90   8.42     88  32.85  31.04  17597      2   0.21
 1125  48743 418230  38.10   7.81  46.60   8.42   7.90   8.43     88  32.85  31.04  17600      2   0.20
 1125  48745 418230  39.14   6.78  46.60   8.42   7.90   8.43     88  32.85  31.04  17599      2   0.19
 1126  48745 418230  40.03   5.80  46.50   8.42   7.90   8.42     88  32.86  31.04  17600      2   0.22
 1126  48745 418231  41.10   4.66  46.60   8.42   7.90   8.43     88  32.86  31.05  17600      2   0.21
 1127  48743 418231  42.00   3.89  46.50   8.42   7.90   8.42     88  32.86  31.05  17601      2   0.29
 1127  48743 418231  43.12   2.72  46.50   8.42   7.90   8.43     88  32.86  31.05  17601      2   0.20
 1128  48743 418231  44.08   1.73  46.50   8.42   7.90   8.42     88  32.86  31.05  17604      2   0.25
 1128  48744 418231  45.03   0.86  46.50   8.42   7.90   8.41     88  32.86  31.05  17604      2   0.22
-1136  47917 418358   1.01   0.97  18.70   7.23   7.92   9.37     94  30.43  29.52  16716      3   0.46
 1136  47930 418358   1.97  16.41  18.70   7.23   7.92   9.37     94  30.43  29.52  16716      3   0.42
 1137  47946 418358   2.96  13.50  18.80   7.25   7.92   9.35     94  30.48  29.54  16728      3   0.42
 1137  47962 418355   4.06  14.08  18.90   7.24   7.92   9.33     94  30.46  29.53  16723      3   0.45
 1138  47965 418354   5.04  12.84  18.80   7.27   7.93   9.32     94  30.50  29.55  16738      3   0.39
 1138  47968 418354   5.99  11.92  18.80   7.28   7.93   9.32     94  30.53  29.57  16746      3   0.39
 1138  47971 418354   6.92  10.89  18.80   7.29   7.93   9.31     94  30.53  29.56  16744      3   0.39
 1139  47975 418354   8.04   9.89  18.70   7.32   7.93   9.30     94  30.57  29.59  16756      3   0.43
 1140  47977 418354   9.15   8.86  18.50   7.36   7.93   9.28     94  30.66  29.64  16787      3   0.38
 1140  47973 418354  10.08   7.64  18.70   7.51   7.93   9.23     94  30.97  29.85  16907      4   0.36
 1141  47968 418354  11.00   6.83   0.00   7.69   7.92   9.11     93  31.33  30.07  17035      4   0.33
 1141  47960 418355  12.09   6.24  19.00   7.79   7.92   9.02     92  31.54  30.21  17116      3   0.34
 1142  47955 418354  13.04   4.88  18.80   7.81   7.93   9.00     92  31.57  30.23  17129      3   0.34
 1142  47951 418354  14.16   3.76  18.70   7.85   7.92   8.99     92  31.66  30.28  17159      3   0.31
 1142  47949 418354  15.11   2.86  18.70   7.91   7.92   8.95     92  31.82  30.40  17226      3   0.30
 1143  47946 418354  15.93   2.46  18.80   7.92   7.92   8.91     92  31.96  30.55  17313      3   0.27
 1143  47944 418355  17.09   1.28  18.80   7.97   7.92   8.88     92  32.11  30.66  17377      2   0.32
 1143  47943 418356  18.02   0.48  18.90   8.04   7.92   8.78     91  32.17  30.66  17375      2   0.25
-1150  47480 418863   0.94  12.93  13.20   7.68   7.93   9.26     95  31.42  30.17  17095      4   0.41
 1150  47477 418863   1.98  12.18  13.30   7.64   7.93   9.24     94  31.32  30.11  17058      4   0.43
 1150  47477 418861   3.10  11.44  13.10   7.54   7.93   9.27     94  31.11  29.97  16978      4   0.44
 1151  47477 418859   4.04  10.46  13.10   6.18   7.93   9.83     98  31.18  31.26  17728      4   0.45
 1151  47477 418857   4.96   9.65  13.10   7.71   7.93   9.21     94  31.41  30.14  17079      4   0.39
 1151  47475 418857   6.01   9.05  13.40   7.68   7.94   9.24     94  31.39  30.14  17079      4   0.40
 1152  47474 418858   6.91   8.44  13.50   7.74   7.94   9.21     94  31.51  30.22  17125      4   0.43
 1152  47472 418858   8.12   7.49  13.80   7.78   7.93   9.19     94  31.59  30.27  17152      4   0.47
 1152  47470 418859   9.12   6.65  13.80   7.77   7.94   9.19     94  31.57  30.26  17148      5   0.36
 1152  47468 418860  10.04   5.84  14.20   7.78   7.94   9.19     94  31.59  30.27  17152      5   0.41
 1153  47469 418862  11.13   4.67  14.10   7.80   7.94   9.19     94  31.65  30.31  17177      5   0.39
 1153  47471 418862  11.95   3.53  13.60   7.81   7.94   9.18     94  31.67  30.33  17187      5   0.35
 1153  47472 418863  13.12   2.32  13.40   7.81   7.94   9.18     94  31.66  30.33  17184      5   0.36
 1154  47472 418866  14.13   1.04  13.70   7.84   7.94   9.17     94  31.72  30.36  17205      5   0.36
