# MEETVAARTUIG :
# MEETDATUM    : 2022-08-08 00:00:00
# MEETGEBIED   : GREVELINGEN
# STARTPUNT    : bruinnisse
# EINDPUNT     : bruinnisse
# PROJECTCODE  : GTS
# OPDRACHTGEVER: ZLXXAXAMDBG
# BEHEERDER    : ZLXXAXBMDBG
# BEMONST. INST:
# WAARNEMER(S) : bernaards
#
* 20220808
$ 9999 [000000000000000]
>TIJD      uumm                    
>X         coordinaat              
>Y         coordinaat              
>SENSHTE   Diepte set        m     
>Echms     Echoset           mtrs  
>Temp      Temperatuur       oC    
>pH        Zuurgraad         dimsls
>O2        Zuurstof          mg/l  
>%O2       Zuurstof%         %     
>GELBH     Geleidendheid     mS/cm 
>GEL20     Gel20             ???   
>SALNTT    Saliniteit        dimsl 
>CL-       Chloride          mg/l  
>CHFLYSI   Chlorofyl         ugr/l 
>TURBID    Troebelheid       NTU   
 -2359  47466 418850   1.00   9999   9999   9999   9999  9999   9999  9999   9999   9999   9999   9999
  2359  47466 418850  15.96   9999   9999   9999   9999  9999   9999  9999   9999   9999   9999   9999
 -1134  47975 418344   0.94  15.06  21.68   8.02   8.48   114  44.38  4284  30.88  17455   1.96   0.40
  1135  47956 418343   1.96  14.48  21.56   8.02   8.63   116  44.27  4285  30.89  17460   1.97   0.44
  1135  47946 418343   2.97  14.66  21.53   8.02   8.51   114  44.25  4285  30.89  17461   2.10   0.38
  1136  47941 418346   4.02  12.69  21.52   8.02   8.45   113  44.24  4285  30.89  17460   2.20   0.65
  1137  47943 418353   5.01  12.33  21.49   7.97   7.54   101  44.18  4282  30.86  17445   1.81   0.52
  1138  47962 418340   5.98  11.60  21.19   7.91   6.98    93  44.02  4293  30.95  17500   1.98   0.68
  1139  47967 418344   7.06  10.18  21.51   7.97   7.50   100  44.59  4320  31.17  17623   1.75   0.61
  1140  47970 418343   8.02   9.31  21.55   7.97   7.55   101  44.69  4326  31.22  17651   2.53   0.57
  1140  47971 418344   9.03   8.43  21.61   7.98   7.57   102  44.81  4332  31.27  17680   1.82   0.56
  1141  47964 418347  10.06   7.09  21.48   7.96   7.53   101  44.61  4325  31.21  17645   1.69   0.66
  1142  47952 418342  11.05   6.49  21.63   7.98   7.56   102  44.89  4338  31.31  17706   1.52   0.72
  1143  47944 418338  12.06   5.96  21.36   7.95   7.22    97  44.68  4342  31.34  17724   1.74   0.63
  1144  47947 418349  13.06   4.36  21.09   7.91   6.45    86  44.68  4366  31.54  17840   1.03   0.85
  1144  47945 418352  14.01   3.28  21.10   7.91   6.34    85  44.68  4366  31.54  17839   0.91   0.92
  1146  47949 418357  15.02   1.88  20.90   7.86   5.69    76  44.53  4369  31.57  17857   0.74   0.79
  1146  47954 418354  16.01   1.16  20.60   7.83   5.30    70  44.19  4363  31.52  17830   0.66   0.81
 -1100  48779 418187   1.04  43.04  21.53   7.99   8.43   113  44.25  4285  30.89  17461   1.72   0.45
  1101  48778 418184   1.99  42.49  21.50   7.99   8.52   114  44.21  4284  30.88  17455   2.09   0.44
  1102  48784 418186   2.98  41.02  21.51   7.99   8.35   112  44.22  4284  30.88  17455   1.79   0.38
  1102  48786 418186   4.08  39.89  21.47   7.99   8.41   112  44.18  4284  30.88  17455   2.39   0.46
  1103  48786 418186   5.05  36.96  21.45   7.98   8.39   112  44.16  4283  30.87  17453   2.08   0.32
  1104  48785 418179   5.98  38.26  21.45   7.98   8.21   110  44.16  4284  30.88  17455   2.43   0.51
  1104  48776 418178   6.99  36.90  21.44   7.96   7.96   106  44.16  4284  30.88  17457   2.34   0.43
  1105  48769 418177   8.04  35.89  21.34   7.94   7.39    99  44.11  4288  30.91  17476   2.18   0.48
  1106  48780 418179   9.03  34.97  21.51   7.98   7.78   104  44.68  4329  31.24  17663   1.97   0.68
  1107  48778 418178   9.97  34.52  21.48   7.96   7.48   100  44.75  4339  31.32  17709   1.83   0.68
  1108  48780 418178  10.98  33.10  21.34   7.95   7.20    96  44.75  4351  31.42  17768   1.73   0.71
  1109  48780 418180  12.03  22.19  21.25   7.92   6.85    92  44.74  4358  31.47  17801   1.12   0.59
  1109  48780 418180  13.00  10.41  21.23   7.93   6.75    90  44.72  4358  31.48  17803   1.22   0.70
  1111  48783 418174  14.01  30.45  20.87   7.86   5.99    80  44.47  4367  31.54  17844   0.75   0.81
  1112  48777 418164  14.97  29.04  20.72   7.84   5.64    75  44.31  4365  31.53  17836   0.70   0.81
  1112  48776 418167  15.99  28.05  20.53   7.82   5.14    68  44.06  4358  31.47  17804   0.90   0.61
  1113  48774 418171  17.02  27.33  19.58   7.75   4.13    53  43.06  4345  31.37  17749   0.68   0.86
  1115  48775 418168  18.04  26.27  18.56   7.66   2.90    37  42.03  4335  31.30  17711   0.95   0.53
  1116  48773 418161  18.99  25.44  16.88   7.54   1.21    15  40.21  4303  31.04  17568   0.66   0.42
  1118  48759 418154  20.00  24.15  15.05   7.49   0.25     3  38.43  4286  30.91  17499   0.54   2.60
  1118  48756 418155  21.02  23.05  14.54   7.48   0.20     2  37.83  4268  30.77  17419   0.22   2.37
  1119  48755 418156  22.01  22.05  14.27   7.47   0.19     2  37.53  4261  30.71  17386   0.30   1.95
  1119  48756 418157  23.00  21.08  13.96   7.47   0.19     2  37.21  4255  30.67  17363   0.24   1.77
  1119  48749 418155  24.01  19.97  13.70   7.45   0.18     2  36.94  4250  30.62  17341   0.27   1.32
  1120  48743 418153  25.04  18.84  13.59   7.45   0.16     2  36.81  4247  30.60  17325   0.20   1.46
  1121  48740 418160  25.95  18.42  13.39   7.44   0.14     2  36.64  4246  30.59  17324   0.19   1.16
  1121  48743 418166  27.05  17.24  13.15   7.43   0.13     2  36.39  4242  30.56  17303   0.32   0.91
  1121  48744 418168  27.94  17.05  12.99   7.43   0.14     2  36.26  4242  30.56  17307   0.22   0.73
  1122  48749 418169  29.07  15.93  12.86   7.42   0.15     2  36.12  4239  30.54  17294   0.24   0.45
  1122  48752 418169  30.04  14.45  12.63   7.41   0.16     2  35.91  4237  30.52  17284   0.24   0.36
  1123  48756 418168  31.02  13.79  12.42   7.41   0.14     2  35.75  4239  30.54  17296   0.23   0.29
  1123  48755 418166  31.98  12.74  12.06   7.39   0.13     1  35.48  4244  30.58  17320   0.19   0.14
  1124  48752 418165  33.01  11.38  11.57   7.36   0.12     1  34.95  4231  30.47  17260   0.26   0.26
  1124  48748 418165  34.06  10.50  11.43   7.35   0.11     1  34.82  4229  30.46  17254   0.27   0.19
  1124  48751 418169  35.02   9.75  11.26   7.33   0.10     1  34.66  4228  30.45  17247   0.36   0.20
  1125  48752 418172  35.96   8.76  11.00   7.32   0.11     1  34.44  4226  30.44  17243   0.29   0.18
  1125  48753 418173  36.99   8.00  10.84   7.30   0.12     1  34.28  4225  30.43  17235   0.16   0.30
  1125  48753 418175  38.02   6.88  10.78   7.30   0.12     1  34.23  4224  30.42  17233   0.26   0.24
  1126  48754 418176  39.05   5.89  10.76   7.29   0.13     1  34.21  4224  30.42  17231   0.24   0.26
  1126  48755 418175  40.03   4.81  10.74   7.29   0.13     1  34.19  4223  30.41  17228   0.24   0.22
  1126  48756 418175  41.01   3.63  10.70   7.29   0.12     1  34.15  4223  30.41  17226   0.23   0.33
  1127  48757 418174  41.96   2.96  10.70   7.29   0.11     1  34.15  4223  30.41  17226   0.22   0.25
  1127  48759 418174  43.01   1.74  10.65   7.28   0.11     1  34.12  4223  30.41  17227   0.22   0.35
  1128  48761 418172  44.03   0.80  10.65   7.28   0.10     1  34.11  4222  30.41  17226   0.25   0.33
 -1029  49759 418274   0.97   0.00  21.56   7.99   8.42   113  44.26  4283  30.87  17451   1.43   0.45
  1030  49738 418266   2.01   0.00  21.56   7.99   8.34   112  44.26  4284  30.87  17453   2.21   0.48
  1030  49740 418264   3.03  17.75  21.51   7.98   8.40   113  44.22  4284  30.88  17455   2.36   0.54
  1031  49732 418267   4.04  16.16  21.48   7.98   8.35   112  44.20  4285  30.89  17460   2.75   0.49
  1031  49731 418266   5.03  15.33  21.45   7.98   8.25   110  44.17  4285  30.89  17461   2.51   0.45
  1032  49735 418267   6.02  14.36  21.45   7.98   8.45   113  44.17  4285  30.88  17458   2.59   0.42
  1032  49735 418264   7.01  13.24  21.44   7.98   8.26   110  44.16  4285  30.88  17459   2.70   0.46
  1034  49719 418264   8.02   0.00  21.43   7.95   7.23    97  44.71  4338  31.32  17709   1.75   0.69
  1034  49725 418261   9.08  13.06  21.40   7.95   7.42    99  44.70  4341  31.34  17721   1.52   0.70
  1035  49719 418258  10.04   0.00  21.40   7.96   7.58   102  44.80  4350  31.41  17764   1.60   0.77
  1036  49725 418254  11.01   0.00  21.21   7.93   6.85    92  44.72  4359  31.48  17806   1.23   0.54
  1037  49727 418252  12.02   0.00  21.17   7.92   6.89    92  44.68  4359  31.49  17809   1.48   0.75
  1038  49722 418248  13.02   9.16  20.99   7.87   6.09    81  44.56  4364  31.52  17832   0.99   0.54
  1039  49719 418253  14.03   8.08  20.82   7.85   5.75    76  44.38  4361  31.50  17820   0.68   0.83
  1040  49715 418253  14.99   8.91  20.44   7.81   5.41    71  43.93  4352  31.43  17779   1.04   0.74
  1041  49718 418248  15.99   6.41  19.99   7.77   4.62    60  43.41  4342  31.35  17733   0.51   0.43
  1042  49718 418254  17.02   4.85  18.76   7.68   3.24    41  42.15  4329  31.24  17679   0.50   0.55
  1043  49714 418253  18.05   3.48  17.70   7.60   2.14    27  40.98  4306  31.07  17580   0.63   0.45
  1044  49718 418253  18.97   0.00  17.39   7.57   1.62    20  40.62  4298  31.00  17542   0.69   0.55
  1046  49714 418253  20.03   1.41  15.42   7.49   0.30     4  38.64  4273  30.80  17438   0.28   1.65
  1046  49716 418251  21.03   0.00  14.99   7.49   0.23     3  38.27  4274  30.81  17444   0.69   1.81
 -2359  50728 418380   1.00   9999   9999   9999   9999  9999   9999  9999   9999   9999   9999   9999
  2359  50728 418380  27.01   9999   9999   9999   9999  9999   9999  9999   9999   9999   9999   9999
 -2359  51572 418570   1.00   9999   9999   9999   9999  9999   9999  9999   9999   9999   9999   9999
  2359  51572 418570  37.00   9999   9999   9999   9999  9999   9999  9999   9999   9999   9999   9999
 -2359  52940 420290   1.00   9999   9999   9999   9999  9999   9999  9999   9999   9999   9999   9999
  2359  52940 420290  10.00   9999   9999   9999   9999  9999   9999  9999   9999   9999   9999   9999
 -1223  53698 421050   1.02  16.05  21.61   8.01   8.73   117  44.23  4277  30.82  17420   2.55   0.55
  1224  53690 421047   2.08  14.90  21.46   8.00   8.56   114  44.12  4278  30.83  17429   2.83   0.36
  1225  53713 421048   3.02   0.00  21.20   7.98   8.23   109  43.84  4274  30.80  17410   3.03   0.58
  1226  53716 421038   3.96  12.90  21.40   7.99   8.42   112  44.01  4274  30.80  17408   2.80   0.61
  1226  53729 421033   5.04  11.73  21.34   7.99   8.26   110  43.94  4272  30.78  17400   3.08   0.48
  1227  53737 421051   5.99   7.85  21.11   7.90   7.36    98  43.77  4276  30.82  17421   2.52   0.57
  1228  53737 421054   6.97  10.25  21.03   7.88   7.07    94  43.69  4276  30.81  17419   1.74   0.32
  1228  53739 421055   8.01   9.19  21.04   7.88   7.15    95  43.69  4275  30.80  17415   1.60   0.44
  1229  53732 421052   8.98   8.29  21.08   7.86   6.81    90  43.76  4278  30.83  17430   2.24   0.43
  1230  53720 421051  10.03   7.31  21.09   7.84   6.56    87  43.78  4279  30.84  17435   1.96   0.41
  1230  53719 421051  10.99   6.40  21.10   7.84   6.57    87  43.82  4281  30.86  17445   2.10   0.38
  1231  53717 421047  12.06   5.28  21.14   7.87   6.68    89  43.92  4289  30.92  17480   2.31   0.34
  1231  53710 421042  13.00   4.31  21.07   7.82   5.74    76  44.15  4317  31.15  17612   1.87   0.29
  1232  53707 421041  14.02   3.39  21.13   7.83   5.56    74  44.47  4343  31.35  17731   0.46   0.13
  1232  53707 421040  15.07   2.40  21.04   7.83   5.56    74  44.48  4352  31.43  17775   0.48   0.17
  1233  53708 421033  16.04   1.23  21.00   7.82   5.34    71  44.44  4352  31.43  17775   0.45   0.33
  1234  53697 421051  17.02   0.75  20.95   7.81   5.18    69  44.40  4352  31.43  17775   0.52   0.23
 -2359  55190 421380   1.00   9999   9999   9999   9999  9999   9999  9999   9999   9999   9999   9999
  2359  55190 421380  20.00   9999   9999   9999   9999  9999   9999  9999   9999   9999   9999   9999
 -1246  56249 420550   1.04  11.50  21.60   7.92   7.44   100  44.13  4268  30.75  17378   1.92   0.43
  1247  56255 420535   1.99  10.50  21.51   7.92   7.31    98  44.05  4268  30.75  17379   2.75   0.42
  1248  56262 420521   3.00   1.06  21.25   7.90   7.21    96  43.81  4267  30.74  17377   3.05   0.43
  1249  56270 420516   4.06   8.33  21.59   7.92   7.33    98  44.11  4267  30.74  17375   1.71   0.52
  1249  56274 420508   5.01   7.36  21.07   7.90   7.08    94  43.64  4267  30.74  17380   3.66   0.35
  1250  56270 420510   5.99   6.38  21.04   7.90   7.20    95  43.62  4267  30.74  17379   4.26   0.43
  1251  56274 420497   7.03   4.96  20.92   7.84   6.37    84  43.53  4269  30.76  17391   2.80   0.49
  1252  56266 420499   8.02   3.99  20.95   7.88   7.09    94  43.58  4272  30.78  17402   3.02   0.49
  1253  56265 420499   8.99   2.73  20.96   7.85   6.52    86  43.64  4277  30.83  17428   2.34   0.42
  1253  56266 420504   9.99   1.65  20.98   7.83   6.32    84  43.73  4284  30.88  17457   1.87   0.37
  1254  56272 420508  11.07   0.75  20.99   7.82   5.99    79  43.88  4298  30.99  17522   1.42   0.27
 -2359  57620 418940   1.00   9999   9999   9999   9999  9999   9999  9999   9999   9999   9999   9999
  2359  57620 418940  16.05   9999   9999   9999   9999  9999   9999  9999   9999   9999   9999   9999
 -0941  57962 417185   1.06  19.20  21.88   7.96   7.68   103  44.37  4266  30.74  17371   2.40   0.59
  0941  57967 417188   1.98  18.29  21.87   7.96   7.57   102  44.37  4267  30.74  17372   2.93   0.56
  0942  57970 417191   2.99  17.31  21.87   7.96   7.71   104  44.36  4266  30.73  17371   2.68   0.67
  0942  57958 417200   4.04  16.54  21.86   7.96   7.62   103  44.36  4267  30.74  17372   2.75   0.59
  0944  57960 417198   4.98  15.78  21.85   7.95   7.38    99  44.35  4267  30.74  17372   3.06   0.66
  0945  57963 417193   5.97  14.79  21.83   7.92   7.12    96  44.35  4268  30.75  17379   2.77   0.65
  0945  57954 417199   7.07  13.33  21.63   7.86   6.23    84  44.19  4270  30.77  17391   1.74   0.47
  0946  57964 417200   8.03  12.66  21.59   7.87   6.77    91  44.21  4276  30.81  17418   2.05   0.51
  0947  57965 417197   8.99  11.80  21.42   7.83   6.20    83  44.05  4276  30.81  17417   1.39   0.51
  0948  57955 417191  10.04  10.48  21.14   7.77   5.61    75  43.76  4272  30.78  17402   0.82   0.34
  0949  57954 417190  10.96   9.49  21.11   7.76   5.44    72  43.74  4273  30.79  17405   0.84   0.30
  0949  57957 417190  12.00   8.85  21.08   7.76   5.42    72  43.72  4273  30.79  17408   0.87   0.29
  0950  57961 417188  12.99   7.75  21.08   7.76   5.43    72  43.71  4273  30.79  17405   0.85   0.40
  0950  57957 417192  14.02   6.68  21.00   7.75   5.22    69  43.67  4276  30.81  17421   0.89   0.37
  0951  57957 417191  15.04   5.74  20.93   7.76   5.26    70  43.68  4283  30.87  17453   0.99   0.28
  0951  57963 417191  16.02   4.86  20.82   7.75   5.21    69  43.68  4293  30.95  17500   1.39   0.34
  0952  57967 417185  17.01   3.76  20.71   7.74   4.76    63  43.74  4309  31.08  17575   0.68   0.22
  0952  57970 417187  18.03   2.85  20.70   7.74   4.72    62  43.74  4310  31.09  17580   0.64   0.31
  0953  57970 417185  19.00   1.80  20.69   7.74   4.76    63  43.74  4311  31.10  17586   0.57   0.22
  0953  57968 417182  20.04   0.86  20.67   7.73   4.71    62  43.74  4313  31.11  17593   0.79   0.26
 -0900  59072 414891   1.06  18.19  21.90   7.97   7.78   105  44.40  4267  30.74  17376   2.07   0.52
  0900  59076 414884   1.99  17.24  21.90   7.97   7.69   104  44.40  4268  30.74  17376   2.42   0.59
  0901  59083 414872   3.05  16.28  21.90   7.97   7.65   103  44.40  4267  30.74  17376   2.30   0.67
  0902  59095 414876   4.02  14.78  21.90   7.97   7.80   105  44.40  4268  30.74  17376   2.42   0.61
  0903  59093 414878   4.97  13.56  21.89   7.97   7.70   104  44.40  4268  30.74  17376   2.01   0.36
  0904  59079 414886   5.96  13.36  21.85   7.96   7.49   101  44.36  4268  30.74  17377   2.29   0.55
  0906  59060 414893   6.99  12.55  21.82   7.95   7.60   102  44.33  4268  30.74  17377   2.43   0.53
  0908  59067 414907   8.05  11.00  21.55   7.85   6.14    82  44.13  4272  30.78  17398   1.00   0.40
  0908  59064 414907   8.97  10.30  21.53   7.85   6.21    83  44.10  4271  30.77  17395   1.18   0.42
  0909  59072 414908  10.07   8.83  21.51   7.85   5.81    78  44.17  4280  30.84  17435   0.86   0.37
  0909  59072 414907  10.98   7.98  21.50   7.86   5.91    79  44.17  4280  30.85  17438   0.89   0.51
  0909  59072 414904  12.03   6.95  21.47   7.86   5.87    79  44.15  4281  30.86  17443   0.91   0.39
  0910  59071 414901  13.01   6.10  21.32   7.85   5.80    77  44.01  4281  30.85  17441   1.20   0.45
  0912  59070 414903  13.98   5.48  21.23   7.83   5.64    75  43.92  4281  30.85  17441   0.71   0.54
  0913  59072 414899  14.98   4.49  21.04   7.78   4.97    66  43.75  4280  30.85  17439   0.50   0.42
  0913  59071 414896  15.94   3.58  21.00   7.77   4.96    66  43.70  4279  30.84  17436   0.52   0.47
  0914  59071 414875  16.97   2.99  20.72   7.69   4.39    58  43.44  4279  30.84  17436   0.51   0.31
  0915  59076 414862  18.08   1.89  20.68   7.70   4.42    58  43.50  4289  30.92  17481   0.57   0.29
  0915  59085 414856  18.98   0.96  20.66   7.70   4.40    58  43.52  4292  30.94  17496   0.41   0.31
 -0834  61251 413040   1.02   9.16  22.03   7.97   7.72   104  44.57  4273  30.78  17399   2.45   0.47
  0834  61245 413041   1.01   9.14  22.03   7.97   7.71   104  44.57  4272  30.78  17397   2.50   0.44
  0835  61239 413045   2.00   8.14  22.03   7.97   7.63   103  44.57  4273  30.78  17399   2.66   0.32
  0836  61232 413042   3.05   7.19  22.03   7.96   7.57   102  44.58  4272  30.78  17398   2.36   0.45
  0836  61224 413037   4.04   6.16  22.03   7.96   7.67   104  44.58  4273  30.79  17400   2.42   0.49
  0837  61218 413032   5.02   5.20  22.03   7.96   7.47   101  44.58  4273  30.79  17403   2.34   0.52
  0838  61214 413030   6.06   4.11  22.02   7.96   7.47   101  44.58  4274  30.80  17406   2.51   0.66
  0838  61212 413027   7.04   3.19  22.02   7.96   7.56   102  44.58  4274  30.80  17406   2.32   0.55
  0839  61209 413021   8.02   2.16  22.00   7.97   7.52   102  44.57  4275  30.80  17408   2.12   0.63
 -2359  62300 412250   1.00   9999   9999   9999   9999  9999   9999  9999   9999   9999   9999   9999
  2359  62300 412250  17.00   9999   9999   9999   9999  9999   9999  9999   9999   9999   9999   9999
 -0806  65265 412077   1.05  12.49  22.06   7.93   6.85    93  44.41  4254  30.64  17313   2.33   0.30
  0806  65267 412076   2.02  11.45  22.06   7.94   6.89    93  44.41  4254  30.64  17313   2.31   0.34
  0808  65269 412078   2.99  10.70  21.99   7.90   6.43    87  44.34  4254  30.63  17312   2.11   0.42
  0809  65266 412074   4.01   9.51  22.06   7.93   6.92    93  44.41  4254  30.63  17312   2.28   0.44
  0810  65270 412067   5.05   8.50  21.96   7.89   6.11    82  44.32  4254  30.63  17312   1.53   0.43
  0811  65281 412064   5.99   7.54  22.00   7.86   5.94    80  44.39  4257  30.66  17326   1.83   0.37
  0812  65283 412067   7.03   6.58  22.04   7.85   5.74    78  44.47  4261  30.69  17345   1.05   0.56
  0812  65281 412069   8.05   5.69  22.05   7.84   5.70    77  44.50  4263  30.71  17356   1.36   0.42
  0813  65279 412072   8.98   4.79  22.05   7.84   5.61    76  44.51  4264  30.71  17359   1.26   0.41
  0813  65276 412075  10.05   3.88  22.05   7.84   5.65    76  44.51  4265  30.72  17364   1.05   0.42
  0814  65266 412079  11.03   3.16  22.13   7.91   6.60    89  44.68  4274  30.79  17403   1.57   0.46
  0815  65261 412077  12.02   2.10  22.12   7.92   6.69    91  44.71  4278  30.82  17422   2.44   0.66
  0816  65255 412084  13.03   1.45  22.10   7.90   6.33    86  44.72  4280  30.84  17433   1.57   0.43
 -2359  66330 411630   1.00   9999   9999   9999   9999  9999   9999  9999   9999   9999   9999   9999
  2359  66330 411630   7.00   9999   9999   9999   9999  9999   9999  9999   9999   9999   9999   9999
 -0742  67378 411355   0.97  11.33  22.06   8.02   7.73   105  44.38  4251  30.61  17299   3.13   0.51
  0743  67360 411356   1.98  10.55  22.06   8.01   7.79   106  44.38  4251  30.61  17299   3.29   0.56
  0743  67355 411354   2.97   9.55  22.06   8.01   7.73   105  44.38  4251  30.61  17299   3.50   0.56
  0744  67353 411350   3.97   8.66  22.06   8.01   7.56   103  44.38  4251  30.61  17299   4.02   0.56
  0744  67350 411349   5.03   7.66  22.06   8.01   7.67   104  44.38  4251  30.61  17299   3.20   0.59
  0745  67343 411340   6.00   6.73  22.06   8.01   7.77   105  44.38  4251  30.61  17299   3.83   0.51
  0745  67336 411334   6.98   5.61  22.05   8.02   7.65   104  44.37  4251  30.61  17297   3.29   0.41
  0746  67327 411329   8.05   4.59  22.06   8.02   7.85   107  44.37  4251  30.61  17297   3.56   0.60
  0746  67318 411328   9.05   3.61  22.05   8.02   7.67   104  44.37  4251  30.61  17298   2.93   0.48
  0747  67323 411347  10.00   2.78  21.93   7.92   6.43    87  44.28  4253  30.63  17309   3.07   0.42
  0748  67327 411354  10.98   1.81  21.81   7.89   5.79    78  44.19  4255  30.64  17319   3.47   0.62
  0749  67327 411359  12.01   0.81  21.82   7.88   5.68    77  44.22  4257  30.66  17327   2.06   0.39
 -0727  69266 410988   1.04   5.45  22.03   7.96   7.16    97  44.38  4254  30.63  17312   2.47   0.49
  0727  69270 410959   1.98   1.41  22.02   7.96   7.12    97  44.37  4254  30.64  17313   2.31   0.32
  0728  69270 410955   2.95   2.83  22.02   7.96   7.05    96  44.38  4254  30.63  17312   2.61   0.28
  0729  69270 410948   3.95   1.48  22.02   7.96   7.03    95  44.38  4254  30.64  17314   2.52   0.47
  0730  69272 410928   4.98   3.53  22.00   7.92   6.39    87  44.40  4259  30.68  17337   2.02   0.34
  0730  69285 410917   6.07   3.11  22.01   7.95   6.68    91  44.39  4257  30.66  17325   2.28   0.36
  0731  69299 410910   7.01   2.17  21.99   7.85   5.65    77  44.51  4269  30.76  17385   1.18   0.24
  0732  69304 410916   7.98   1.56  21.78   7.84   5.22    71  44.41  4278  30.83  17426   1.03   0.29
  0733  69292 410924   8.99   0.00  21.77   7.82   4.93    67  44.41  4280  30.84  17433   0.89   0.43
 -0727  69266 410988   1.04   5.45  22.03   7.96   7.16    97  44.38  4254  30.63  17312   2.47   0.49
  0727  69270 410959   1.98   1.41  22.02   7.96   7.12    97  44.37  4254  30.64  17313   2.31   0.32
  0728  69270 410955   2.95   2.83  22.02   7.96   7.05    96  44.38  4254  30.63  17312   2.61   0.28
  0729  69270 410948   3.95   1.48  22.02   7.96   7.03    95  44.38  4254  30.64  17314   2.52   0.47
  0730  69272 410928   4.98   3.53  22.00   7.92   6.39    87  44.40  4259  30.68  17337   2.02   0.34
  0730  69285 410917   6.07   3.11  22.01   7.95   6.68    91  44.39  4257  30.66  17325   2.28   0.36
  0731  69299 410910   7.01   2.17  21.99   7.85   5.65    77  44.51  4269  30.76  17385   1.18   0.24
  0732  69304 410916   7.98   1.56  21.78   7.84   5.22    71  44.41  4278  30.83  17426   1.03   0.29
  0733  69292 410924   8.99   0.00  21.77   7.82   4.93    67  44.41  4280  30.84  17433   0.89   0.43
