# MEETVAARTUIG : M.S. ARGUS
# MEETDATUM    : 09-09-2008 06:45:16
# MEETGEBIED   : GREVELINGEN
# STARTPUNT    : Grevelingendam
# EINDPUNT     : Brouwersdam
# PROJECTCODE  : E7501X
# OPDRACHTGEVER: ZLXXAXAMDBG
# BEHEERDER    : ZLXXAXAMDBG
# BEMONST. INST:
# WAARNEMER(S) : Gerrit Bakker
#
* 20080909
$ 9999 [00000000000]
>TIJD      uumm                    
>X         coordinaat              
>Y         coordinaat              
>SENSHTE   Diepte set        m     
>ECHOS     Echoset           mtrs  
>Temp       Temperatuur       oC        : 11  1.0  11  1.0
>O2        Zuurstof          mg/l  
>%O2        Zuurstof%         %     
>GELBH     Geleidendheid     mS/cm 
>SALNTT    Saliniteit        dimsl 
>CL-       Chloride          mg/l      : 16500  125  13  125
 -0645  69269 410953   1.16   4.75  16.44   7.72    94  38.50  29.92  16910
  0645  69277 410944   2.03   3.61  16.44   7.72    94  38.50  29.90  16907
  0645  69279 410941   3.00   2.45  16.48   7.70    94  38.68  30.02  16982
  0646  69281 410940   4.04   1.45  16.52   7.66    94  38.65  29.94  16951
  0646  69283 410942   5.05   0.45  16.67   7.61    94  38.96  30.10  17042
 -0651  68847 411250   1.04  51.30  16.36   7.79    95  38.18  29.68  16785
  0651  68835 411259   2.00  51.30  16.36   7.91    96  38.15  29.66  16770
  0651  68830 411261   3.06   7.65  16.36   7.91    97  38.46  29.92  16925
  0652  68830 411262   3.94   0.40  16.45   7.89    97  38.63  30.00  16971
  0653  68838 411264   4.95   5.35  16.58   7.11    87  38.85  30.10  17024
  0653  68839 411262   5.98   4.40  16.63   7.15    88  38.93  30.13  17042
  0654  68844 411253   6.99   4.05  16.81   6.46    80  38.92  29.98  16958
  0655  68843 411253   7.99   3.25  16.81   6.40    79  39.33  30.34  17162
  0655  68843 411252   9.05   2.55  16.82   6.35    78  38.95  30.00  16969
  0656  68840 411250  10.07   1.75  17.20   6.18    77  40.38  30.94  17509
  0656  68839 411250  11.02   0.85  17.33   6.14    77  40.79  31.19  17653
 -0703  67358 411357   0.93  51.30  16.32   8.09    99  38.55  30.03  16988
  0704  67338 411358   2.03  51.25  16.33   8.06    98  38.58  30.05  16999
  0704  67333 411361   2.98   9.15  16.33   8.05    98  38.57  30.04  16994
  0704  67332 411359   4.08   8.10  16.36   8.03    98  38.62  30.06  17006
  0704  67334 411360   5.07   7.15  16.41   7.99    98  38.69  30.09  17019
  0705  67338 411364   6.04   6.15  16.49   7.94    97  38.31  29.70  16794
  0705  67345 411366   7.02   5.30  16.59   7.63    94  39.03  30.24  17109
  0707  67339 411361   8.06   4.25  16.66   7.06    87  39.19  30.33  17158
  0707  67338 411363   9.02   3.25  16.82   7.10    88  39.41  30.40  17197
  0707  67337 411367  10.04   2.35  16.83   6.94    86  39.45  30.42  17213
  0708  67336 411365  10.89   1.60  16.89   6.87    85  39.57  30.48  17246
  0710  67336 411363  11.97   0.55  17.41   2.31    29  40.96  31.27  17701
 -0716  66332 411630   1.07   6.85  16.31   7.77    95  38.62  30.10  17028
  0716  66328 411634   2.04   5.65  16.35   7.76    95  38.70  30.14  17050
  0716  66326 411637   3.02  51.25  16.35   7.76    95  38.73  30.17  17065
  0717  66325 411637   4.04   3.75  16.34   7.76    95  38.73  30.17  17069
  0717  66329 411638   5.03   2.80  16.35   7.75    95  38.76  30.19  17080
  0718  66333 411635   6.10  51.25  16.35   7.71    94  38.77  30.20  17085
  0718  66334 411634   7.07   1.05  16.37   7.70    94  38.82  30.23  17101
 -0724  65278 412094   0.97  13.00  16.51   7.79    96  38.93  30.22  17095
  0725  65272 412094   1.84  11.85  16.49   7.83    96  38.04  29.47  16660
  0725  65269 412092   3.03   0.40  16.50   7.81    96  38.93  30.23  17099
  0725  65266 412094   4.07  10.00  16.50   7.80    96  38.92  30.22  17094
  0725  65267 412095   5.06   9.10  16.52   7.79    96  38.96  30.24  17105
  0726  65269 412094   6.04   8.10  16.53   7.82    96  38.16  29.54  16702
  0726  65271 412091   7.02   6.90  16.55   7.79    96  39.01  30.26  17117
  0727  65272 412087   8.08   5.60  16.66   7.47    92  39.18  30.32  17153
  0727  65263 412090   9.04   4.75  16.64   7.40    91  39.16  30.32  17152
  0728  65262 412091  10.01   3.95  16.73   7.25    90  39.31  30.38  17187
  0728  65264 412090  11.01   3.00  16.72   7.20    89  39.30  30.38  17187
  0729  65272 412088  12.99   0.95  16.81   6.89    85  39.43  30.42  17212
 -0743  62323 412250   1.05  15.90  16.66   7.52    93  39.24  30.37  17183
  0743  62306 412246   1.97  14.85  16.65   7.56    93  38.12  29.42  16631
  0743  62299 412243   3.09  13.75  16.65   7.51    92  39.24  30.38  17188
  0743  62296 412242   4.02  12.75  16.66   7.50    92  39.24  30.37  17183
  0744  62294 412240   5.07  11.80  16.66   7.50    92  39.24  30.37  17183
  0744  62296 412240   5.94  10.90  16.66   7.47    92  39.25  30.38  17188
  0744  62303 412242   6.98  10.10  16.65   7.52    92  38.14  29.43  16641
  0744  62307 412244   8.06   9.10  16.65   7.47    92  39.24  30.38  17188
  0745  62304 412253   9.01   8.30  16.96   5.74    71  39.82  30.64  17339
  0746  62305 412253  10.08   7.30  17.00   5.73    71  39.92  30.70  17371
  0746  62304 412254  11.02   6.35  17.13   5.74    71  39.02  29.83  16869
  0748  62302 412256  12.04   5.45  17.62   1.77    22  41.70  31.74  17970
  0749  62302 412255  13.08   4.50  17.66   1.74    22  41.80  31.79  18001
  0749  62305 412250  14.03   3.50  17.76   1.35    17  42.04  31.92  18074
  0750  62304 412247  15.04   2.55  17.82   1.12    14  42.25  32.05  18149
  0750  62302 412251  16.07   1.60  17.81   1.02    13  41.04  31.03  17561
  0751  62301 412253  16.96   0.60  17.78   1.01    13  42.31  32.13  18197
 -0758  61213 413061   1.04   8.60  16.67   7.33    90  39.24  30.36  17179
  0758  61217 413057   2.08   7.60  16.67   7.32    90  39.28  30.40  17199
  0758  61220 413054   2.96   6.65  16.67   7.36    90  38.02  29.32  16573
  0758  61224 413051   4.07   5.75  16.67   7.30    90  39.28  30.40  17199
  0759  61224 413051   5.01   4.85  16.67   7.29    90  39.29  30.41  17204
  0759  61223 413050   6.09   3.85  16.66   7.28    90  39.28  30.41  17203
  0759  61222 413051   7.01   2.95  16.67   7.27    90  39.28  30.40  17199
  0759  61221 413051   7.99   1.85  16.67   7.26    90  39.29  30.41  17204
  0800  61221 413052   8.97   1.10  16.67   7.24    89  39.30  30.42  17209
 -1348  59316 414154   0.96  22.25  17.12   7.28    91  39.67  30.39  17194
  1348  59319 414145   2.01  21.15  17.08   7.26    90  39.65  30.41  17202
  1348  59318 414139   2.99  20.00  17.05   7.23    90  39.64  30.42  17210
  1348  59319 414134   3.96  19.10  17.00   7.19    89  39.61  30.43  17217
  1350  59324 414135   5.05  18.20  16.92   6.03    75  39.73  30.60  17312
  1350  59324 414136   5.99  17.25  16.93   6.09    76  39.74  30.60  17312
  1351  59320 414141   7.09  16.35  17.48   5.58    70  41.21  31.43  17793
  1351  59318 414144   8.06  15.30  17.40   5.60    70  41.00  31.31  17725
  1351  59318 414145   9.03  14.45  17.53   5.57    70  41.52  31.65  17923
  1351  59315 414146   9.98  13.45  17.66   2.86    36  41.98  31.94  18090
  1352  59315 414125  10.91  12.10  17.74   2.22    28  42.23  32.09  18176
  1353  59315 414119  12.03  10.95  17.74   2.11    27  42.26  32.12  18191
  1353  59314 414117  13.03  51.25  17.73   2.11    27  42.27  32.14  18200
  1353  59307 414121  14.03   8.85  17.71   2.31    29  42.30  32.18  18224
  1353  59301 414126  15.08   7.80  17.72   2.33    30  42.30  32.17  18220
  1354  59301 414132  16.05   6.95  17.72   2.32    30  42.37  32.23  18254
  1354  59301 414136  17.00   6.00  17.74   2.32    30  42.40  32.24  18260
  1354  59301 414140  17.98   5.20  17.76   2.29    29  42.43  32.25  18265
  1354  59301 414141  19.08   4.25  17.76   2.27    29  42.44  32.26  18270
  1355  59302 414139  20.04  51.25  17.77   2.27    29  42.51  32.31  18300
  1355  59303 414136  21.09  51.25  17.77   2.30    29  42.53  32.32  18310
  1355  59301 414128  21.99  51.25  17.77   2.33    30  42.54  32.33  18315
 -1324  57963 417225   0.94  18.55  16.88   7.99    99  39.32  30.27  17126
  1325  57963 417203   2.00  17.55  16.85   7.96    99  39.28  30.26  17119
  1325  57960 417195   3.06   0.40  16.89   7.95    98  39.31  30.26  17117
  1325  57957 417190   4.04  15.65  16.87   7.94    98  39.29  30.26  17116
  1325  57957 417185   5.03  14.75  16.87   7.92    98  39.30  30.26  17121
  1326  57956 417184   6.05  13.80  16.72   7.95    98  39.18  30.27  17127
  1326  57955 417188   7.00  12.95  17.06   7.83    98  40.22  30.91  17492
  1326  57951 417203   8.03  11.95  16.85   5.76    72  39.72  30.64  17338
  1328  57949 417212   9.02  10.85  17.13   4.40    55  40.36  30.97  17531
  1328  57950 417208  10.04   9.75  17.19   4.39    55  40.61  31.14  17627
  1329  57955 417189  11.10   9.10  17.43   3.59    45  41.55  31.76  17983
  1330  57957 417193  11.96   8.15  17.49   3.38    43  41.83  31.95  18094
  1330  57956 417197  13.05   7.15  17.54   3.36    43  42.19  32.22  18249
  1330  57952 417211  14.03   6.20  17.53   3.77    48  42.40  32.40  18358
  1331  57952 417214  15.04   5.20  17.53   3.77    48  42.41  32.41  18363
  1331  57953 417210  16.05   4.25  17.53   3.77    48  42.59  32.57  18452
  1331  57954 417196  17.00   3.45  17.54   3.99    51  42.64  32.60  18472
  1332  57955 417188  17.99   2.45  17.54   4.03    51  42.64  32.60  18472
  1332  57956 417186  19.01  51.25  17.54   4.06    52  42.64  32.60  18472
  1332  57957 417186  20.06   0.50  17.54   4.07    52  42.66  32.62  18482
 -1310  57611 418950   0.98  15.00  16.76   8.94   110  39.14  30.21  17089
  1310  57621 418941   2.03  14.25  16.73   8.94   110  39.11  30.21  17088
  1310  57627 418938   3.07  12.85  16.72   8.93   110  39.09  30.20  17082
  1311  57632 418933   3.98  11.65  16.73   8.93   110  39.11  30.21  17088
  1311  57635 418931   5.12  10.45  16.68   8.94   110  39.08  30.22  17095
  1311  57634 418927   5.95   9.65  16.68   8.94   110  39.08  30.22  17095
  1311  57633 418929   7.01   8.60  16.67   8.84   109  39.06  30.21  17089
  1312  57622 418937   8.01   8.50  16.55   8.09   100  39.03  30.27  17127
  1312  57621 418940   9.00   7.45  16.55   8.04    99  39.03  30.27  17127
  1314  57621 418927  10.00   6.90  17.44   3.49    44  41.60  31.79  18003
  1314  57619 418928  11.05   5.60  17.55   3.50    44  42.36  32.35  18328
  1315  57602 418943  11.97   4.80  17.54   4.50    57  42.83  32.76  18566
  1315  57602 418945  12.99   3.70  17.54   4.52    58  42.84  32.77  18571
  1316  57600 418942  14.03   2.75  17.53   4.52    58  42.84  32.78  18576
  1316  57600 418940  15.07   1.55  17.53   4.52    58  42.85  32.79  18581
  1316  57602 418937  16.07   1.25  17.53   4.52    58  42.84  32.78  18576
 -1254  56253 420512   1.04  10.15  16.83   8.61   106  39.25  30.25  17113
  1255  56259 420504   2.02   9.10  16.83   8.63   107  39.25  30.25  17113
  1255  56269 420502   3.02   8.40  16.77   8.64   107  39.20  30.25  17115
  1255  56277 420502   4.03   7.75  16.73   8.61   106  39.16  30.25  17113
  1256  56283 420509   4.98   7.35  16.74   8.45   104  39.18  30.26  17118
  1256  56285 420517   5.97   6.60  16.66   8.47   104  39.11  30.26  17118
  1256  56287 420521   7.07   5.75  16.61   8.30   102  39.07  30.26  17121
  1257  56288 420533   7.99   5.15  16.59   7.99    98  39.06  30.27  17124
  1259  56274 420505   9.00   3.00  17.37   4.17    53  42.31  32.46  18388
  1259  56275 420505   9.97   2.05  17.37   4.19    53  42.35  32.49  18408
  1259  56272 420512  11.07   1.20  17.42   4.34    55  42.72  32.77  18568
 -1240  55179 421387   1.00  18.63  16.83   9.20   114  39.26  30.26  17118
  1240  55192 421386   1.93  17.99  16.80   9.19   114  39.23  30.26  17117
  1240  55199 421391   3.04  17.10  16.70   9.16   113  39.13  30.24  17110
  1240  55210 421396   4.08  16.54  16.55   8.76   108  39.03  30.27  17125
  1241  55213 421396   5.01  15.65  16.53   8.76   108  39.02  30.28  17130
  1241  55216 421391   6.04  14.51  16.52   8.77   108  39.02  30.29  17137
  1241  55218 421376   7.05  13.11  16.51   8.33   102  39.02  30.30  17140
  1241  55215 421371   7.91  12.01  16.51   8.28   102  39.04  30.32  17152
  1243  55188 421387   9.03  11.32  17.37   5.02    64  42.34  32.49  18405
  1243  55183 421396   9.93  10.46  17.39   4.89    62  42.40  32.52  18424
  1244  55180 421395  11.01   9.35  17.33   4.83    61  42.56  32.70  18530
  1244  55182 421388  12.04   8.20  17.33   4.87    62  42.61  32.75  18556
  1245  55189 421373  12.99   6.98  17.32   5.08    64  42.65  32.79  18581
  1245  55191 421371  13.99   5.93  17.31   5.11    65  42.68  32.82  18600
  1245  55198 421365  14.98   4.99  17.31   5.13    65  42.67  32.82  18597
  1245  55197 421374  15.97   4.25  17.30   5.14    65  42.69  32.84  18610
  1246  55197 421375  17.06   3.23  17.29   5.14    65  42.69  32.84  18613
  1246  55197 421377  18.09   2.32  17.29   5.14    65  42.71  32.86  18625
  1246  55194 421381  19.00   1.74  17.28   5.16    65  42.71  32.86  18626
  1247  55190 421386  19.89  51.25  17.27   5.18    66  42.71  32.88  18634
 -1225  53731 421062   0.99  15.30  16.73   7.95    98  39.14  30.23  17103
  1225  53725 421049   2.03  51.25  16.74   7.94    98  39.13  30.22  17093
  1225  53717 421047   3.05  13.20  16.66   7.95    98  39.07  30.23  17098
  1226  53710 421049   3.99  12.45  16.62   7.97    98  39.06  30.25  17111
  1226  53705 421050   5.05  11.45  16.59   7.98    98  39.04  30.25  17114
  1226  53701 421052   6.02  10.40  16.58   7.97    98  39.03  30.25  17114
  1226  53698 421054   6.97   9.55  16.56   8.02    99  39.03  30.27  17123
  1226  53696 421056   7.92   8.65  16.57   8.00    98  39.19  30.40  17198
  1228  53714 421063   9.06   7.75  16.99   6.23    78  40.48  31.19  17653
  1229  53729 421065  10.06   6.80  17.20   5.69    72  41.87  32.21  18248
  1230  53729 421076  11.00   6.00  17.39   4.92    62  42.57  32.66  18508
  1230  53725 421076  11.98   5.20  17.35   4.94    63  42.65  32.76  18566
  1230  53721 421070  12.91   4.20  17.34   5.06    64  42.64  32.76  18566
  1231  53723 421064  14.10   2.70  17.29   5.07    64  42.61  32.78  18575
  1231  53728 421056  15.01   1.90  17.27   5.07    64  42.62  32.80  18590
  1231  53731 421052  16.01   0.80  17.26   5.28    67  42.62  32.81  18594
 -1004  52941 420277   1.12   9.35  16.63   8.36   103  39.11  30.28  17132
  1005  52941 420283   2.01   8.45  16.61   8.34   103  39.10  30.29  17135
  1005  52940 420283   3.04   7.50  16.58   8.32   102  39.09  30.30  17144
  1005  52938 420283   3.97   6.65  16.58   8.26   102  39.09  30.30  17144
  1005  52938 420285   4.98   5.70  16.58   8.24   102  39.09  30.30  17144
  1006  52940 420290   5.97   4.75  16.58   8.24   102  39.09  30.30  17144
  1006  52942 420294   7.03   3.75  16.58   8.10   100  39.09  30.30  17144
  1008  52949 420292   8.03   2.75  16.97   6.33    79  40.33  31.07  17588
  1009  52936 420289   9.01   1.80  17.26   5.52    70  42.01  32.29  18290
  1010  52937 420270  10.06   0.75  17.33   4.96    63  42.49  32.64  18496
 -1020  51578 418581   1.13  51.25  16.62   8.29   102  39.09  30.27  17126
  1021  51567 418570   2.02  33.85  16.64   8.27   102  39.16  30.32  17152
  1021  51561 418563   3.02  33.05  16.66   8.27   102  39.15  30.29  17138
  1022  51575 418551   4.02  31.35  16.67   7.97    98  39.42  30.52  17269
  1022  51584 418551   5.00  29.65  16.74   7.93    98  39.62  30.64  17337
  1022  51590 418554   6.02  51.25  16.82   7.87    98  39.81  30.74  17396
  1022  51591 418556   7.07  51.25  16.93   7.83    98  40.17  30.97  17526
  1024  51573 418566   8.00  28.35  17.10   6.00    75  41.39  31.88  18056
  1024  51568 418571   9.04  27.20  17.18   5.90    74  42.27  32.57  18457
  1025  51571 418570  10.01  26.35  17.24   5.83    74  42.42  32.65  18504
  1025  51576 418570  11.02  25.35  17.27   5.72    72  42.55  32.74  18555
  1025  51577 418570  11.98  24.45  17.22   5.74    73  42.51  32.75  18558
  1025  51577 418570  12.98  23.30  17.25   5.76    73  42.61  32.81  18594
  1026  51575 418570  14.05  22.60  17.30   5.76    73  42.69  32.84  18610
  1026  51574 418571  15.04  43.45  17.26   5.73    73  42.71  32.89  18639
  1027  51573 418572  16.00  20.55  17.23   5.97    76  42.70  32.90  18649
  1027  51573 418570  17.07  19.70  17.16   6.02    76  42.67  32.93  18667
  1027  51573 418568  17.94  18.75  17.11   6.05    76  42.64  32.95  18676
  1028  51570 418564  18.97  17.90  17.07   6.24    79  42.63  32.97  18690
  1028  51571 418567  20.06  16.80  17.06   6.28    79  42.63  32.98  18695
  1028  51574 418568  21.02  15.85  17.02   6.31    80  42.61  33.00  18704
  1028  51579 418568  22.13  14.65  17.02   6.34    80  42.62  33.01  18709
  1029  51579 418568  23.03  13.75  17.01   6.38    80  42.61  33.01  18709
  1029  51573 418569  23.91  13.10  17.00   6.40    81  42.61  33.01  18714
  1029  51577 418567  25.02  11.85  17.00   6.40    81  42.61  33.01  18714
  1030  51582 418564  26.03  10.75  17.00   6.39    81  42.61  33.01  18714
  1030  51583 418563  27.01   9.90  17.00   6.40    81  42.62  33.02  18719
  1030  51579 418564  28.13   9.10  17.00   6.39    81  42.62  33.02  18719
  1030  51576 418564  29.12   8.20  17.00   6.39    81  42.61  33.01  18714
  1031  51573 418565  30.05   7.25  16.99   6.39    81  42.62  33.03  18723
  1031  51567 418571  31.03   6.35  16.99   6.35    80  42.62  33.03  18723
  1031  51571 418569  32.04   5.45  16.99   6.35    80  42.62  33.03  18723
  1032  51572 418568  32.99  51.25  16.99   6.33    80  42.62  33.03  18723
  1032  51572 418569  34.01   3.50  16.99   6.32    80  42.62  33.03  18723
  1032  51571 418569  35.05   2.60  16.99   6.32    80  42.62  33.03  18723
  1033  51572 418571  36.01   1.60  16.98   6.30    80  42.62  33.04  18728
  1033  51572 418572  37.00  51.25  16.98   6.29    79  42.61  33.03  18723
 -1039  50749 418384   0.96  26.95  16.70   8.08   100  39.20  30.31  17146
  1039  50731 418380   1.99  25.80  16.69   8.03    99  39.24  30.35  17170
  1039  50726 418380   3.06   0.45  16.70   8.03    99  39.37  30.45  17230
  1039  50724 418380   4.03   0.40  16.94   7.96    99  40.10  30.90  17487
  1040  50724 418379   5.05  23.00  16.91   7.93    99  40.22  31.02  17560
  1040  50732 418385   6.03  21.80  16.98   6.92    86  40.72  31.40  17777
  1041  50730 418385   7.03  20.75  17.08   6.87    86  41.67  32.14  18205
  1041  50726 418382   8.02  19.95  17.01   6.88    86  41.95  32.44  18378
  1041  50724 418382   9.00  19.00  16.97   6.62    83  41.99  32.50  18417
  1041  50724 418381   9.98  18.15  16.99   6.55    82  41.95  32.45  18387
  1042  50726 418381  11.03  17.00  17.00   6.49    82  41.99  32.48  18402
  1042  50731 418382  12.06  16.05  17.06   6.39    81  42.27  32.67  18514
  1042  50729 418386  13.06  14.85  17.17   6.19    78  42.61  32.88  18632
  1043  50729 418386  13.94  14.05  17.16   6.17    78  42.64  32.91  18652
  1043  50729 418387  15.03  12.90  17.13   6.18    78  42.63  32.92  18661
  1043  50729 418387  16.09  11.80  17.11   6.19    78  42.63  32.94  18671
  1043  50728 418387  16.98  10.90  17.10   6.17    78  42.63  32.95  18676
  1044  50727 418386  18.07   9.95  17.09   6.16    78  42.62  32.95  18675
  1044  50726 418385  19.07   9.10  17.05   6.18    78  42.60  32.96  18685
  1044  50724 418383  19.95   8.25  17.03   6.27    79  42.61  32.99  18699
  1044  50726 418381  21.01   7.45  17.03   6.31    80  42.61  32.99  18699
  1044  50728 418382  22.05   6.40  17.01   6.34    80  42.60  33.00  18704
  1045  50729 418382  23.08  51.25  16.98   6.36    80  42.60  33.02  18718
  1045  50729 418382  23.99   4.60  16.97   6.37    80  42.61  33.04  18728
  1045  50729 418383  25.00   3.55  16.97   6.38    80  42.60  33.03  18723
  1045  50728 418382  26.00  51.25  16.97   6.38    80  42.61  33.04  18728
  1046  50728 418381  27.00   2.05  16.96   6.37    80  42.62  33.06  18738
  1046  50728 418381  28.02   0.85  16.95   6.38    80  42.61  33.05  18738
 -1052  49746 418266   1.01  51.25  16.82   8.25   102  39.54  30.51  17262
  1052  49732 418266   2.06  51.25  16.83   8.25   102  39.55  30.51  17262
  1052  49725 418267   3.02  15.60  16.80   8.23   102  39.51  30.50  17256
  1052  49719 418269   3.96  14.60  16.78   8.21   102  39.50  30.50  17260
  1053  49715 418274   4.97  12.75  16.78   8.13   101  39.89  30.84  17454
  1054  49730 418279   6.03  11.65  17.06   6.88    86  41.08  31.65  17920
  1054  49734 418281   7.06  10.40  17.07   6.91    87  41.61  32.09  18179
  1055  49729 418288   8.01   9.60  17.00   6.45    81  42.06  32.54  18437
  1055  49730 418291   9.06   8.65  17.00   6.40    81  42.26  32.71  18538
  1055  49731 418291  10.07   7.60  16.99   6.39    80  42.28  32.74  18553
  1056  49728 418291  11.03   6.80  17.00   6.39    80  42.31  32.75  18563
  1056  49728 418291  11.96   5.75  17.00   6.39    80  42.35  32.79  18583
  1056  49729 418290  13.10   4.75  17.01   6.39    80  42.36  32.79  18583
  1056  49730 418289  14.03   3.95  16.99   6.44    81  42.38  32.82  18603
  1056  49731 418288  15.04   2.95  17.01   6.46    82  42.45  32.87  18628
  1057  49732 418286  16.07  51.25  16.98   6.45    81  42.49  32.93  18663
  1057  49733 418285  17.03   1.20  16.96   6.46    82  42.52  32.97  18688
 -1106  48797 418182   1.04  51.25  16.71   8.21   101  39.35  30.43  17216
  1106  48787 418180   2.07  41.10  16.71   8.21   101  39.33  30.41  17206
  1107  48779 418179   2.97  40.30  16.71   8.20   101  39.34  30.42  17211
  1107  48774 418179   3.98  39.20  16.64   8.19   101  39.29  30.43  17217
  1107  48769 418181   5.10  38.40  16.71   8.03   100  39.82  30.83  17450
  1109  48774 418196   6.09  37.55  16.68   6.71    84  41.16  32.02  18136
  1110  48778 418193   6.99  36.60  16.82   7.26    90  40.70  31.51  17840
  1110  48779 418193   8.00  35.75  16.84   7.26    90  40.58  31.39  17771
  1110  48779 418191   9.04  34.75  16.86   6.94    87  41.57  32.23  18258
  1111  48779 418189  10.08  33.70  16.75   6.96    87  41.82  32.53  18435
  1111  48778 418189  10.98  32.75  16.73   6.95    87  41.89  32.61  18480
  1111  48778 418188  12.02  31.85  16.82   6.93    87  42.12  32.74  18553
  1112  48776 418189  13.07  30.85  16.88   6.73    85  42.27  32.82  18600
  1112  48774 418190  13.99  30.00  16.89   6.68    84  42.29  32.83  18605
  1112  48774 418190  14.99  29.05  16.89   6.65    84  42.32  32.85  18620
  1112  48773 418190  16.04  28.05  16.89   6.64    84  42.34  32.87  18631
  1112  48772 418190  17.07  27.10  16.89   6.63    84  42.38  32.90  18651
  1113  48770 418191  18.01  26.05  16.88   6.62    83  42.42  32.95  18676
  1113  48770 418192  19.05  25.25  16.88   6.59    83  42.44  32.97  18686
  1113  48771 418193  20.06  24.20  16.87   6.58    83  42.45  32.98  18696
  1113  48773 418194  20.98  23.25  16.87   6.59    83  42.47  33.00  18706
  1114  48776 418193  21.95  22.30  16.87   6.58    83  42.47  33.00  18706
  1114  48777 418193  23.10  21.40  16.87   6.57    83  42.48  33.01  18711
  1114  48778 418192  23.95  20.55  16.87   6.56    83  42.49  33.02  18716
  1114  48779 418192  24.96  19.45  16.88   6.54    82  42.54  33.05  18736
  1114  48779 418191  26.06  18.40  16.88   6.53    82  42.55  33.06  18741
  1114  48780 418191  27.09  17.55  16.88   6.53    82  42.57  33.08  18751
  1115  48781 418191  28.03  16.50  16.89   6.55    82  42.58  33.08  18751
  1115  48781 418192  28.99  15.85  16.89   6.54    82  42.59  33.09  18756
  1115  48781 418193  30.02  14.80  16.89   6.54    82  42.58  33.08  18751
  1115  48780 418194  31.09  13.75  16.89   6.52    82  42.59  33.09  18756
  1116  48776 418194  32.01  12.85  16.89   6.52    82  42.60  33.10  18762
  1116  48772 418194  33.04  12.05  16.89   6.52    82  42.61  33.10  18767
  1116  48771 418194  34.03  11.00  16.90   6.52    82  42.62  33.10  18767
  1116  48770 418193  35.06  10.00  16.90   6.51    82  42.62  33.10  18767
  1116  48770 418192  36.01   9.15  16.90   6.51    82  42.63  33.11  18772
  1117  48772 418194  37.03   8.15  16.90   6.51    82  42.63  33.11  18772
  1117  48773 418195  38.00   7.20  16.90   6.51    82  42.62  33.10  18767
  1117  48772 418197  39.09   6.20  16.90   6.50    82  42.63  33.11  18772
  1117  48769 418199  40.30   4.85  16.90   6.48    82  42.64  33.12  18777
  1118  48764 418204  41.02   4.25  16.90   6.47    82  42.64  33.12  18777
  1118  48766 418205  41.97   3.40  16.91   6.47    82  42.64  33.11  18772
  1118  48769 418204  43.06   2.40  16.90   6.46    81  42.65  33.13  18782
  1118  48774 418202  44.04   1.35  16.90   6.45    81  42.65  33.13  18782
  1118  48777 418199  44.88   0.50  16.90   6.43    81  42.66  33.14  18787
 -1126  47941 418376   1.00  15.35  16.70   8.20   101  39.37  30.45  17230
  1127  47961 418364   1.97  14.50  16.72   8.20   101  39.38  30.45  17226
  1127  47964 418360   2.95  51.25  16.73   8.20   101  39.39  30.45  17227
  1127  47966 418357   3.98  13.25  16.73   8.21   102  39.41  30.47  17237
  1127  47967 418355   4.94  12.30  16.64   8.21   101  39.38  30.51  17262
  1128  47957 418355   6.06  10.95  16.63   7.83    97  40.63  31.60  17893
  1128  47955 418357   7.06   9.95  16.63   7.82    97  40.38  31.38  17767
  1128  47954 418358   8.05   9.00  16.63   7.79    97  40.58  31.55  17867
  1129  47966 418357   9.08   8.45  16.75   7.32    91  41.39  32.16  18219
  1129  47966 418358   9.96   7.60  16.75   7.27    91  41.42  32.19  18234
  1130  47965 418369  11.04   6.15  16.81   6.92    87  41.68  32.36  18336
  1130  47963 418379  12.10   4.55  16.90   6.81    86  42.10  32.65  18505
  1131  47961 418381  13.05   3.55  16.92   6.81    86  42.14  32.67  18516
  1131  47962 418381  13.99   2.55  16.97   6.80    86  42.31  32.78  18577
  1131  47964 418378  15.05   2.15  16.95   6.57    83  42.31  32.80  18587
  1131  47967 418366  15.96   1.85  16.91   6.53    82  42.32  32.84  18611
  1132  47967 418355  17.10   0.65  16.90   6.51    82  42.32  32.84  18616
 -1136  47477 418841   0.97  51.25  16.71   8.21   102  39.37  30.45  17226
  1137  47466 418843   2.04  12.70  16.72   8.20   101  39.38  30.45  17226
  1137  47461 418846   3.06  12.05  16.73   8.18   101  39.70  30.71  17381
  1138  47462 418849   4.01  11.10  16.78   7.73    97  42.60  33.19  18815
  1138  47464 418848   4.99   9.95  16.78   7.70    97  42.61  33.20  18820
  1138  47467 418848   6.19   8.60  16.78   7.66    96  42.68  33.26  18855
  1138  47468 418848   7.03   7.85  16.78   7.63    96  42.74  33.31  18886
  1139  47467 418848   7.97   6.85  16.78   7.61    96  42.76  33.33  18896
  1139  47465 418850   8.97   6.35  16.79   7.58    96  42.76  33.32  18891
  1139  47463 418852  10.01   5.35  16.80   7.57    95  42.93  33.46  18972
  1139  47460 418855  10.97   4.55  16.79   7.55    95  42.73  33.29  18876
  1140  47459 418857  12.03   3.50  16.81   7.54    95  42.93  33.45  18967
  1140  47460 418857  13.03   2.55  16.81   7.53    95  42.93  33.45  18967
  1140  47464 418855  13.96   1.60  16.81   7.50    95  42.94  33.46  18972
  1140  47467 418851  15.06   0.45  16.82   7.48    94  42.96  33.47  18977
