# MEETVAARTUIG :
# MEETDATUM    : 2018-08-01 00:00:00
# MEETGEBIED   : GREVELINGEN
# STARTPUNT    : Grevelingen
# EINDPUNT     : Grevelingen
# PROJECTCODE  : E7501X
# OPDRACHTGEVER: ZLXXAXAMDBG
# BEHEERDER    : ZLXXAXBMDBG
# BEMONST. INST:
# WAARNEMER(S) : k. de vlaam
#
* 20180801
$ 9999 [000000000000000]
>TIJD      uumm                    
>X         coordinaat              
>Y         coordinaat              
>SENSHTE   Diepte set        m     
>Echms     Echoset           mtrs  
>Temp      Temperatuur       oC        : 8  1.0  11  1.0
>pH        Zuurgraad         dimsls
>O2        Zuurstof          mg/l  
>%O2       Zuurstof%         %     
>GELBH     Geleidendheid     mS/cm 
>GEL20     Gel20             ???   
>SALNTT    Saliniteit        dimsl 
>CL-       Chloride          mg/l      : 16250  125  13  125
>CHFLYSI   Chlorofyl         ugr/l 
>TURBID    Troebelheid       NTU   
 -2359  47466 418850   1.00   9999   9999   9999   9999  9999   9999  9999   9999   9999   9999   9999
  2359  47466 418850  15.96   9999   9999   9999   9999  9999   9999  9999   9999   9999   9999   9999
 -2359  47960 418357   1.00   9999   9999   9999   9999  9999   9999  9999   9999   9999   9999   9999
  2359  47960 418357  16.06   9999   9999   9999   9999  9999   9999  9999   9999   9999   9999   9999
 -0924  48758 418177   0.98  43.22  22.36   8.23   6.81    93  44.69  4255  30.64  17314   3.20   0.70
  0924  48756 418176   2.02  18.01  22.35   8.22   6.80    93  44.69  4256  30.65  17318   3.20   0.70
  0925  48754 418177   3.04  41.21  22.35   8.22   6.75    93  44.70  4256  30.65  17322   3.20   0.70
  0925  48754 418176   3.95   0.00  22.32   8.22   6.71    92  44.71  4260  30.68  17339   2.90   0.70
  0926  48755 418177   4.91  39.38  22.25   8.22   6.48    89  44.73  4268  30.75  17377   2.40   0.90
  0927  48751 418169   5.97   0.00  22.08   8.20   6.04    83  44.72  4282  30.86  17442   2.00   0.90
  0928  48750 418170   6.95  19.73  21.95   8.20   5.96    81  44.66  4288  30.91  17470   1.80   1.30
  0928  48751 418168   8.00  36.17  21.87   8.20   5.92    81  44.91  4319  31.16  17615   1.70   1.70
  0929  48752 418167   9.02   0.00  21.79   8.21   6.10    83  45.02  4337  31.30  17698   1.60   2.90
  0929  48744 418164   9.99  10.95  21.73   8.21   6.14    84  45.04  4344  31.36  17733   1.50   3.20
  0930  48735 418163  11.00  32.65  21.61   8.21   6.10    83  44.99  4350  31.41  17761   1.50   3.60
  0930  48733 418160  11.97  16.65  21.54   8.21   6.01    82  45.01  4358  31.47  17800   1.40   4.10
  0931  48736 418157  12.97  26.34  21.48   8.21   5.96    81  44.98  4361  31.49  17812   1.50   4.90
  0931  48740 418155  14.03  29.55  21.40   8.20   5.88    80  44.94  4364  31.52  17828   1.40   4.60
  0932  48741 418153  15.03  29.18  21.36   8.20   5.85    79  45.01  4374  31.61  17877   1.50   5.40
  0933  48744 418154  15.98  27.65  19.35   8.09   3.62    47  42.93  4353  31.44  17788   1.10   8.60
  0936  48748 418147  16.96  26.72  13.72   7.89   0.45     5  37.32  4292  30.96  17534   0.20  15.90
  0937  48752 418147  18.01  26.38  11.93   7.84   0.37     4  35.63  4275  30.83  17466   0.20   8.10
  0937  48752 418148  18.98  25.50  11.22   7.81   0.34     4  35.03  4276  30.84  17473   0.10   4.20
  0937  48750 418149  19.91  23.88  10.80   7.79   0.32     4  34.69  4279  30.86  17485  -0.10   2.70
  0938  48750 418151  20.96  22.87  10.64   7.78   0.31     3  34.55  4278  30.86  17484   0.30   2.20
  0938  48749 418151  21.96  22.20  10.64   7.77   0.30     3  34.50  4272  30.81  17455   0.20   1.90
  0938  48749 418151  22.98  21.04  10.34   7.76   0.30     3  34.27  4275  30.83  17471   0.10   1.50
  0938  48748 418153  23.92  20.07  10.27   7.75   0.29     3  34.23  4277  30.85  17482   0.00   1.20
  0938  48748 418154  24.99   0.00  10.22   7.74   0.28     3  34.20  4279  30.86  17489   0.10   1.10
  0938  48748 418154  25.97  18.19  10.19   7.74   0.28     3  34.16  4277  30.85  17481   0.10   0.70
  0938  48749 418155  26.98  17.25  10.15   7.73   0.27     3  34.13  4278  30.85  17483   0.10   0.60
  0939  48749 418155  27.99  16.24  10.11   7.73   0.27     3  34.09  4277  30.85  17480   0.20   0.50
  0939  48749 418155  28.98  15.24  10.06   7.73   0.26     3  34.05  4277  30.85  17482   0.20   0.50
  0939  48749 418155  29.99  14.94  10.03   7.72   0.26     3  34.04  4279  30.86  17491   0.20   0.50
  0939  48749 418155  30.95  13.33   9.97   7.72   0.25     3  33.98  4278  30.86  17486   0.00   0.50
  0939  48750 418156  31.98  12.40   9.91   7.71   0.25     3  33.93  4278  30.86  17486   0.10   1.00
  0939  48750 418156  32.99  11.38   9.90   7.71   0.25     3  33.93  4279  30.86  17491   0.10   0.60
  0939  48751 418156  33.97  10.36   9.88   7.71   0.24     3  33.91  4279  30.86  17490   0.20   0.40
  0940  48751 418156  34.98   9.94   9.86   7.71   0.24     3  33.89  4278  30.86  17488   0.00   0.20
  0940  48751 418156  35.97   8.45   9.82   7.70   0.24     3  33.86  4279  30.86  17490   0.00   0.20
  0940  48751 418157  36.98   7.53   9.80   7.70   0.23     2  33.85  4280  30.87  17494   0.00   0.10
  0940  48751 418159  37.95   6.49   9.79   7.70   0.23     2  33.84  4279  30.87  17493  -0.10   0.20
  0940  48751 418160  38.97   4.34   9.78   7.69   0.23     2  33.83  4279  30.87  17493  -0.20   0.10
  0940  48750 418160  39.99   4.53   9.75   7.69   0.23     2  33.81  4280  30.87  17496   0.10   0.00
  0940  48750 418159  40.94   3.51   9.74   7.69   0.22     2  33.80  4280  30.87  17495   0.00  -0.10
  0941  48750 418159  41.99   2.63   9.72   7.69   0.22     2  33.79  4280  30.88  17499  -0.10  -0.10
  0941  48750 418159  42.98   1.56   9.68   7.69   0.22     2  33.74  4278  30.86  17490   0.10  -0.10
 -2359  49730 418270   1.00   9999   9999   9999   9999  9999   9999  9999   9999   9999   9999   9999
  2359  49730 418270  17.00   9999   9999   9999   9999  9999   9999  9999   9999   9999   9999   9999
 -2359  50728 418380   1.00   9999   9999   9999   9999  9999   9999  9999   9999   9999   9999   9999
  2359  50728 418380  27.01   9999   9999   9999   9999  9999   9999  9999   9999   9999   9999   9999
 -2359  51572 418570   1.00   9999   9999   9999   9999  9999   9999  9999   9999   9999   9999   9999
  2359  51572 418570  37.00   9999   9999   9999   9999  9999   9999  9999   9999   9999   9999   9999
 -2359  52940 420290   1.00   9999   9999   9999   9999  9999   9999  9999   9999   9999   9999   9999
  2359  52940 420290  10.00   9999   9999   9999   9999  9999   9999  9999   9999   9999   9999   9999
 -2359  53710 421060   1.00   9999   9999   9999   9999  9999   9999  9999   9999   9999   9999   9999
  2359  53710 421060  16.03   9999   9999   9999   9999  9999   9999  9999   9999   9999   9999   9999
 -2359  55190 421380   1.00   9999   9999   9999   9999  9999   9999  9999   9999   9999   9999   9999
  2359  55190 421380  20.00   9999   9999   9999   9999  9999   9999  9999   9999   9999   9999   9999
 -2359  56280 420520   1.00   9999   9999   9999   9999  9999   9999  9999   9999   9999   9999   9999
  2359  56280 420520  12.02   9999   9999   9999   9999  9999   9999  9999   9999   9999   9999   9999
 -2359  57620 418940   1.00   9999   9999   9999   9999  9999   9999  9999   9999   9999   9999   9999
  2359  57620 418940  16.05   9999   9999   9999   9999  9999   9999  9999   9999   9999   9999   9999
 -2359  57960 417200   1.00   9999   9999   9999   9999  9999   9999  9999   9999   9999   9999   9999
  2359  57960 417200  19.92   9999   9999   9999   9999  9999   9999  9999   9999   9999   9999   9999
 -0818  59093 414902   1.03  17.75  22.76   8.19   6.24    86  44.96  4246  30.57  17269   2.00   0.50
  0818  59094 414902   1.92  16.89  22.76   8.19   6.23    86  44.96  4246  30.57  17269   1.80   0.40
  0819  59096 414901   3.04  15.65  22.76   8.19   6.22    86  44.96  4246  30.57  17269   1.90   0.50
  0819  59098 414901   3.99  14.81  22.76   8.19   6.22    86  44.96  4246  30.57  17269   1.70   0.50
  0819  59101 414901   4.96  13.75  22.75   8.19   6.19    85  44.96  4246  30.57  17273   1.70   0.40
  0820  59102 414899   5.95  12.66  22.75   8.19   6.19    85  44.95  4245  30.56  17269   1.90   0.40
  0820  59105 414900   6.97  11.50  22.75   8.19   6.16    85  44.95  4245  30.56  17269   1.80   0.40
  0820  59106 414901   7.94  10.70  22.75   8.19   6.16    85  44.96  4246  30.57  17273   1.70   0.40
  0821  59107 414902   8.94   9.63  22.75   8.19   6.15    85  44.95  4245  30.56  17269   1.80   0.40
  0821  59108 414904   9.93   8.78  22.74   8.19   6.11    84  44.94  4245  30.56  17268   1.50   0.50
  0821  59105 414906  10.93   7.46  22.74   8.19   6.08    84  44.94  4245  30.56  17268   1.70   0.40
  0822  59105 414902  11.98   6.16  22.59   8.16   5.58    77  44.79  4244  30.55  17264   1.50   0.40
  0824  59120 414908  12.99   4.83  22.47   8.14   5.03    69  44.67  4243  30.55  17260   1.60   0.40
  0825  59122 414905  13.98   3.70  22.29   8.11   4.26    58  44.47  4240  30.52  17245   1.30   0.30
  0827  59117 414921  14.98   3.03  22.05   8.08   3.60    49  44.22  4237  30.50  17232   0.90   0.20
  0829  59110 414911  16.00   2.53  21.55   8.03   2.39    32  43.72  4232  30.46  17214   0.10   0.10
  0830  59110 414904  16.95   2.23  21.33   8.01   2.10    28  43.46  4226  30.41  17188   0.00   0.10
  0831  59115 414907  17.97   0.75  21.10   8.00   1.78    24  43.23  4224  30.40  17179  -0.10  -0.10
 -2359  61220 413050   1.00   9999   9999   9999   9999  9999   9999  9999   9999   9999   9999   9999
  2359  61220 413050   8.95   9999   9999   9999   9999  9999   9999  9999   9999   9999   9999   9999
 -2359  62300 412250   1.00   9999   9999   9999   9999  9999   9999  9999   9999   9999   9999   9999
  2359  62300 412250  17.00   9999   9999   9999   9999  9999   9999  9999   9999   9999   9999   9999
 -0741  65272 412121   1.04  14.40  23.30   8.15   5.77    80  45.68  4267  30.73  17364   1.00   0.30
  0741  65260 412122   2.03  12.88  23.31   8.15   5.77    81  45.69  4267  30.73  17364   1.00   0.20
  0741  65256 412116   2.99  11.69  23.30   8.15   5.77    80  45.69  4268  30.74  17368   1.00   0.30
  0742  65256 412120   3.98  10.96  23.30   8.14   5.75    80  45.68  4267  30.73  17364   0.70   0.20
  0742  65255 412114   4.98   4.99  23.30   8.14   5.74    80  45.68  4267  30.73  17364   0.70   0.10
  0742  65254 412111   6.05   8.26  23.30   8.14   5.74    80  45.68  4267  30.73  17364   0.90   0.20
  0743  65253 412106   7.05   7.10  23.29   8.14   5.75    80  45.67  4267  30.73  17363   0.90   0.30
  0743  65254 412107   8.02   6.21  23.29   8.14   5.74    80  45.65  4265  30.72  17355   0.80   0.20
  0744  65256 412109   9.06   5.46  23.29   8.14   5.73    80  45.67  4267  30.73  17363   1.00   0.10
  0744  65257 412111   9.95   4.69  23.27   8.14   5.71    80  45.65  4266  30.73  17363   0.90   0.30
  0745  65261 412110  11.00   3.81  23.26   8.13   5.47    76  45.65  4267  30.74  17367   0.90   0.30
  0745  65262 412111  11.98   2.85  23.27   8.13   5.47    76  45.65  4266  30.73  17363   0.80   0.20
  0746  65267 412116  12.88   2.39  23.26   8.13   5.39    75  45.66  4268  30.75  17371   0.90   0.30
  0747  65272 412113  13.90   1.15  23.25   8.12   5.34    74  45.64  4267  30.74  17367   0.70   0.30
 -2359  66330 411630   1.00   9999   9999   9999   9999  9999   9999  9999   9999   9999   9999   9999
  2359  66330 411630   7.00   9999   9999   9999   9999  9999   9999  9999   9999   9999   9999   9999
 -2359  67340 411360   1.00   9999   9999   9999   9999  9999   9999  9999   9999   9999   9999   9999
  2359  67340 411360  11.97   9999   9999   9999   9999  9999   9999  9999   9999   9999   9999   9999
 -2359  68840 411250   1.00   9999   9999   9999   9999  9999   9999  9999   9999   9999   9999   9999
  2359  68840 411250  10.94   9999   9999   9999   9999  9999   9999  9999   9999   9999   9999   9999
 -2359  69280 410950   1.00   9999   9999   9999   9999  9999   9999  9999   9999   9999   9999   9999
  2359  69280 410950   4.79   9999   9999   9999   9999  9999   9999  9999   9999   9999   9999   9999
