# MEETVAARTUIG :
# MEETDATUM    : 2017-09-14 00:00:00
# MEETGEBIED   : GREVELINGEN
# STARTPUNT    : Grevelingen
# EINDPUNT     : Grevelingen
# PROJECTCODE  : E7501X
# OPDRACHTGEVER: ZLXXAXAMDBG
# BEHEERDER    : ZLXXAXBMDBG
# BEMONST. INST:
# WAARNEMER(S) : K. de Vlaam
#
* 20170914
$ 9999 [000000000000000]
>TIJD      uumm                    
>X         coordinaat              
>Y         coordinaat              
>SENSHTE   Diepte set        m     
>Echms     Echoset           mtrs  
>Temp      Temperatuur       oC        : 10  1.0  11  1.0
>pH        Zuurgraad         dimsls
>O2        Zuurstof          mg/l  
>%O2       Zuurstof%         %     
>GELBH     Geleidendheid     mS/cm 
>GEL20     Gel20             ???   
>SALNTT    Saliniteit        dimsl 
>CL-       Chloride          mg/l      : 16500  125  13  125
>CHFLYSI   Chlorofyl         ugr/l 
>TURBID    Troebelheid       NTU   
 -2359  47466 418850   1.00   9999   9999   9999   9999  9999   9999  9999   9999   9999   9999   9999
  2359  47466 418850  15.96   9999   9999   9999   9999  9999   9999  9999   9999   9999   9999   9999
 -1308  47952 418365   0.99   0.75  16.93   7.93   6.72    85  41.82  4470  32.39  18350   0.50   0.70
  1309  47961 418356   2.00   0.75  16.93   7.93   6.69    85  41.82  4470  32.39  18350   0.50   0.70
  1309  47963 418356   3.00   1.34  16.94   7.93   6.67    85  41.87  4475  32.42  18371   0.40   0.80
  1309  47965 418358   4.02  13.64  16.95   7.93   6.66    84  41.90  4477  32.44  18381   0.40   0.70
  1309  47967 418358   4.99  12.63  16.96   7.93   6.62    84  41.96  4482  32.48  18406   0.60   0.80
  1310  47973 418369   6.03  10.99  16.98   7.93   6.48    82  41.97  4481  32.48  18402   0.60   1.10
  1310  47976 418371   6.99  10.26  16.98   7.93   6.49    82  41.95  4479  32.46  18392   0.60   0.90
  1310  47979 418372   8.00   8.61  16.98   7.93   6.49    82  41.97  4481  32.48  18402   0.60   0.90
  1310  47980 418372   8.98   8.00  16.98   7.93   6.49    82  41.97  4481  32.48  18402   0.50   0.90
  1310  47979 418374   9.99   6.59  16.99   7.93   6.48    82  42.03  4487  32.52  18427   0.40   0.90
  1311  47978 418374  11.00   5.95  16.99   7.93   6.46    82  42.05  4489  32.54  18437   0.40   1.00
  1311  47975 418374  11.95   5.28  17.00   7.93   6.45    82  42.07  4490  32.55  18442   0.50   1.00
  1311  47967 418374  12.99   3.61  16.98   7.93   6.40    81  42.09  4494  32.58  18462   0.50   1.30
  1311  47962 418374  14.00   2.85  16.97   7.93   6.39    81  42.08  4494  32.58  18462   0.70   1.40
  1311  47955 418373  14.99   2.15  16.87   7.93   6.39    81  42.00  4495  32.59  18469   0.60   1.80
  1311  47951 418370  16.00   1.45  16.76   7.94   6.41    81  42.08  4515  32.75  18562   0.60   2.80
 -1220  48772 418207   1.05  43.56  16.69   7.92   6.91    87  41.02  4408  31.89  18061   0.60   0.10
  1220  48779 418202   1.99  43.03  16.68   7.92   6.90    87  41.02  4409  31.89  18065   0.50   0.10
  1220  48782 418198   3.00  41.57  16.69   7.92   6.88    87  41.03  4409  31.90  18066   0.40   0.00
  1221  48781 418192   4.00  40.31  16.70   7.92   6.86    86  41.05  4410  31.90  18071   0.40   0.00
  1221  48774 418187   5.00  39.21  16.69   7.91   6.86    86  41.05  4411  31.91  18076   0.60   0.10
  1222  48768 418173   6.03  38.12  16.67   7.91   6.81    86  41.05  4413  31.93  18085   0.40   0.10
  1222  48771 418170   7.01  36.90  16.66   7.91   6.81    86  41.03  4412  31.92  18080   0.40   0.10
  1222  48771 418170   7.99  36.17  16.76   7.91   6.77    86  41.28  4429  32.06  18159   0.40   0.00
  1223  48763 418195   9.00  35.59  17.12   7.91   6.35    81  42.02  4473  32.41  18361   0.40   0.50
  1224  48774 418201  10.00  34.49  17.09   7.91   6.30    80  41.97  4470  32.39  18350   0.40   0.50
  1224  48777 418205  11.01  33.47  17.11   7.91   6.28    80  41.99  4470  32.39  18351   0.40   0.50
  1225  48766 418220  11.99  32.45  17.01   7.91   6.29    80  41.85  4465  32.35  18328   0.40   0.40
  1225  48760 418229  13.00  31.20  17.18   7.91   6.25    80  42.12  4477  32.45  18383   0.20   0.50
  1226  48767 418238  13.98  30.33  17.17   7.92   6.21    79  42.18  4485  32.50  18417   0.40   0.40
  1231  48800 418201  14.01  31.12  17.18   7.92   6.16    79  42.23  4489  32.54  18437   0.30   0.60
  1239  48772 418226  16.01  28.35  17.21   7.91   6.67    85  42.38  4502  32.64  18498   0.30   0.60
  1239  48771 418226  17.02  27.40  17.23   7.91   6.57    84  42.43  4505  32.67  18514   0.40   0.60
  1239  48771 418226  17.99  26.95  17.25   7.91   6.51    83  42.48  4509  32.70  18529   0.40   0.70
  1239  48769 418225  18.99  25.59  17.26   7.92   6.44    82  42.53  4513  32.73  18549   0.50   0.90
  1239  48768 418222  20.01  20.77  17.19   7.93   6.17    79  42.62  4529  32.87  18628   0.30   1.40
  1239  48768 418222  20.98  20.83  17.19   7.93   6.13    78  42.62  4529  32.87  18628   0.30   1.40
  1239  48768 418221  21.99  20.80  17.19   7.93   6.11    78  42.62  4529  32.87  18628   0.30   1.50
  1239  48767 418220  23.00  20.83  17.18   7.93   6.06    78  42.63  4532  32.88  18637   0.40   1.60
  1239  48767 418218  23.97  20.87  17.18   7.93   6.04    77  42.63  4532  32.88  18637   0.30   1.70
  1239  48767 418216  24.94  20.04  17.18   7.93   6.00    77  42.63  4532  32.88  18637   0.40   1.70
  1240  48766 418215  25.95  19.14  17.17   7.93   5.97    76  42.63  4533  32.89  18642   0.50   1.80
  1240  48765 418209  27.01  16.83  17.13   7.94   5.90    76  42.62  4536  32.92  18656   0.50   1.90
  1240  48764 418208  28.00  16.96  17.13   7.94   5.90    76  42.62  4536  32.92  18656   0.50   1.90
  1240  48761 418202  28.98  17.98  17.14   7.94   5.89    75  42.63  4536  32.92  18657   0.30   2.00
  1240  48759 418198  29.91  16.79  17.14   7.94   5.87    75  42.63  4536  32.92  18657   0.40   2.20
  1255  48789 418202  31.02  13.81  17.12   7.94   5.89    75  42.61  4535  32.92  18656   0.50   1.80
  1255  48788 418200  32.01  12.66  17.05   7.94   5.89    75  42.53  4534  32.90  18649   0.50   2.10
  1255  48787 418199  32.99  11.98  17.01   7.94   5.91    75  42.49  4534  32.90  18648   0.50   2.30
  1255  48788 418198  33.98  11.36  17.01   7.94   5.92    75  42.49  4534  32.90  18648   0.40   2.40
  1256  48793 418194  34.96   9.89  16.99   7.94   5.96    76  42.47  4534  32.90  18648   0.40   2.60
  1256  48794 418196  35.98   9.65  16.99   7.94   5.97    76  42.47  4534  32.90  18648   0.50   2.80
  1257  48793 418202  37.01   6.49  16.97   7.95   5.95    76  42.46  4535  32.91  18653   0.50   2.80
  1258  48784 418201  38.03   5.18  16.98   7.95   5.93    76  42.47  4535  32.91  18653   0.50   2.80
  1258  48782 418198  39.04   4.34  16.96   7.95   5.93    76  42.45  4534  32.91  18652   0.40   3.00
  1258  48781 418194  40.03   3.38  16.96   7.95   5.94    76  42.45  4534  32.91  18652   0.40   2.90
  1259  48779 418186  41.01   2.11  16.96   7.95   5.95    76  42.46  4536  32.92  18657   0.60   3.40
  1259  48772 418187  42.05   1.29  16.93   7.95   5.97    76  42.41  4533  32.90  18647   0.40   3.30
 -1149  49758 418273   0.97  17.89  16.54   7.94   7.21    90  40.71  4390  31.74  17974   0.70   0.20
  1149  49734 418272   2.05  17.40  16.55   7.94   7.16    90  40.72  4390  31.74  17975   0.70   0.10
  1149  49728 418270   3.01  16.80  16.55   7.94   7.14    90  40.73  4391  31.75  17980   0.60   0.00
  1150  49725 418266   4.00  16.05  16.56   7.94   7.14    90  40.73  4390  31.74  17975   0.70   0.10
  1150  49726 418264   5.01  15.79  16.56   7.93   7.12    89  40.73  4390  31.74  17975   0.50   0.10
  1150  49729 418260   5.99  16.75  16.56   7.93   7.11    89  40.74  4391  31.75  17980   0.50   0.10
  1152  49742 418251   7.03  16.86  16.55   7.93   7.09    89  40.74  4392  31.76  17985   0.60   0.00
  1152  49741 418250   7.97  17.13  16.56   7.93   7.04    88  40.79  4396  31.79  18005   0.50   0.00
  1154  49730 418259   9.03  12.50  16.56   7.93   7.04    88  40.76  4393  31.76  17990   0.70   0.10
  1154  49730 418268  10.03   9.73  16.61   7.92   7.00    88  40.92  4405  31.86  18048   0.50   0.10
  1154  49738 418279  10.97   7.40  16.55   7.92   6.85    86  41.06  4426  32.03  18146   0.20   0.40
  1155  49748 418285  12.00   6.29  16.50   7.91   6.80    85  41.06  4431  32.07  18170   0.30   0.10
  1155  49759 418293  12.95   5.68  16.54   7.91   6.69    84  41.09  4430  32.07  18166   0.20   0.00
  1156  49762 418292  14.00   4.00  16.86   7.92   6.35    80  41.58  4451  32.24  18263   0.60   0.30
  1158  49737 418257  14.98   7.91  17.25   7.92   6.11    78  42.22  4481  32.47  18399   0.30   0.60
  1159  49764 418240  15.97   0.00  17.33   7.92   5.85    75  42.46  4499  32.62  18481   0.40   0.80
  1159  49757 418238  17.00   9.16  17.33   7.92   5.81    74  42.47  4500  32.62  18486   0.40   1.20
  1201  49721 418261  17.98   3.06  17.31   7.93   5.74    74  42.54  4509  32.70  18531   0.40   1.40
  1201  49725 418270  18.97   0.00  17.30   7.93   5.73    73  42.54  4510  32.71  18535   0.40   1.30
  1202  49725 418270  19.98   0.00  17.30   7.93   5.72    73  42.54  4510  32.71  18535   0.40   1.30
 -2359  50728 418380   1.00   9999   9999   9999   9999  9999   9999  9999   9999   9999   9999   9999
  2359  50728 418380  27.01   9999   9999   9999   9999  9999   9999  9999   9999   9999   9999   9999
 -1113  51576 418556   0.96  35.93  16.09   7.93   7.48    93  39.63  4316  31.15  17636   0.50  -0.10
  1113  51559 418549   1.99  35.44  16.16   7.93   7.50    93  39.71  4318  31.16  17644   0.60  -0.10
  1113  51555 418552   2.99  34.13  16.16   7.93   7.52    93  39.71  4318  31.16  17644   0.60  -0.10
  1114  51553 418561   4.01  33.37  16.15   7.93   7.48    93  39.70  4318  31.16  17644   0.50   0.00
  1114  51547 418573   4.97  31.13  16.11   7.93   7.46    92  39.66  4318  31.16  17642   0.60  -0.10
  1114  51551 418579   6.02  29.37  16.11   7.93   7.44    92  39.65  4317  31.15  17637   0.50  -0.10
  1115  51559 418584   6.97  29.47  16.13   7.93   7.42    92  39.68  4318  31.16  17643   0.40  -0.10
  1115  51568 418586   7.99  28.69  16.09   7.93   7.41    92  39.62  4315  31.14  17631   0.40  -0.10
  1115  51577 418587   9.00  27.83  16.09   7.92   7.39    92  39.64  4318  31.16  17641   0.50  -0.20
  1116  51577 418583  10.01  26.89  16.12   7.92   7.35    91  39.69  4320  31.18  17652   0.60  -0.10
  1116  51566 418564  10.94  26.57  16.32   7.92   7.16    89  40.05  4340  31.34  17743   0.30   0.10
  1117  51563 418556  11.99  25.44  16.35   7.91   7.16    89  40.15  4348  31.40  17780   0.40   0.00
  1118  51545 418565  12.99  21.97  17.22   7.90   6.36    81  41.87  4447  32.20  18239   0.40   0.40
  1119  51559 418572  13.98  24.37  17.29   7.91   6.28    80  42.09  4463  32.33  18316   0.40   0.40
  1119  51571 418574  15.00  22.98  17.31   7.91   6.22    80  42.15  4468  32.37  18336   0.40   0.40
  1119  51576 418574  16.01  21.20  17.32   7.91   6.19    79  42.21  4473  32.41  18362   0.30   0.40
  1120  51569 418571  16.99  19.67  17.30   7.92   6.04    77  42.30  4485  32.50  18416   0.50   0.70
  1120  51556 418568  17.98  18.23  17.31   7.92   5.95    76  42.41  4495  32.59  18466   0.60   0.80
  1121  51557 418567  19.01  17.43  17.30   7.92   5.93    76  42.42  4497  32.61  18476   0.40   0.80
  1121  51570 418565  20.01  17.64  17.30   7.92   5.91    76  42.45  4500  32.63  18491   0.50   1.10
  1122  51575 418562  21.00  16.28  17.29   7.92   5.91    76  42.48  4505  32.67  18510   0.40   1.10
  1122  51568 418556  22.00  15.41  17.29   7.93   5.87    75  42.51  4508  32.69  18525   0.40   1.10
  1123  51557 418557  22.98  14.86  17.32   7.93   5.76    74  42.57  4511  32.72  18541   0.40   1.20
  1123  51565 418557  23.97  13.73  17.32   7.93   5.72    73  42.57  4511  32.72  18541   0.30   1.30
  1123  51570 418558  25.01  12.51  17.32   7.93   5.69    73  42.59  4513  32.74  18551   0.30   1.30
  1124  51567 418557  26.02  11.56  17.32   7.93   5.66    73  42.61  4515  32.75  18561   0.40   1.20
  1124  51568 418557  27.00  10.61  17.32   7.93   5.63    72  42.61  4515  32.75  18561   0.30   1.40
  1124  51575 418555  27.98   9.64  17.32   7.93   5.60    72  42.63  4518  32.77  18571   0.50   1.40
  1125  51582 418553  29.01   8.18  17.29   7.93   5.59    72  42.62  4519  32.79  18580   0.40   1.50
  1125  51581 418551  30.03   7.69  17.29   7.93   5.60    72  42.61  4518  32.78  18575   0.40   1.50
  1126  51574 418577  30.99   5.20  17.26   7.93   5.60    72  42.60  4520  32.79  18584   0.40   1.60
  1126  51582 418586  32.02   4.01  17.25   7.93   5.60    72  42.59  4520  32.79  18584   0.50   1.80
  1126  51583 418582  33.01   3.08  17.24   7.93   5.60    72  42.59  4520  32.79  18584   0.30   1.80
  1126  51582 418586  34.02   2.11  17.24   7.93   5.60    72  42.59  4520  32.79  18584   0.50   1.80
  1127  51583 418582  35.01   1.08  17.23   7.93   5.60    72  42.59  4520  32.79  18584   0.30   1.80
 -1057  52933 420290   0.98  10.38  15.93   7.92   7.52    93  39.12  4276  30.83  17450   0.30  -0.10
  1057  52934 420300   2.02   0.76  15.93   7.92   7.48    92  39.12  4276  30.83  17450   0.30  -0.10
  1058  52947 420303   2.99   8.40  15.92   7.92   7.47    92  39.12  4277  30.84  17454   0.30  -0.20
  1058  52965 420302   4.02   7.13  15.92   7.92   7.47    92  39.11  4276  30.83  17449   0.40  -0.20
  1058  52967 420302   5.00   6.11  15.92   7.92   7.46    92  39.12  4277  30.84  17454   0.50  -0.20
  1059  52961 420297   5.99   5.24  15.92   7.92   7.46    92  39.12  4277  30.84  17454   0.40  -0.10
  1059  52944 420295   6.99   4.30  15.93   7.92   7.44    92  39.14  4278  30.84  17460   0.50  -0.30
  1100  52935 420289   8.03   3.13  15.93   7.92   7.42    92  39.13  4277  30.84  17455   0.30  -0.20
  1100  52937 420287   9.00   2.21  15.93   7.92   7.41    92  39.13  4277  30.84  17455   0.40  -0.10
  1100  52944 420284  10.00   1.19  15.93   7.92   7.40    91  39.13  4277  30.84  17455   0.40  -0.20
 -1040  53733 421047   1.00   0.00  16.09   7.93   7.59    94  39.25  4275  30.82  17443   0.40   0.00
  1041  53717 421038   2.00  14.71  16.09   7.92   7.55    94  39.25  4275  30.82  17443   0.50   0.00
  1041  53715 421040   3.01  13.80  16.09   7.92   7.52    93  39.25  4275  30.82  17443   0.50   0.00
  1042  53720 421054   4.02  13.06  16.09   7.92   7.49    93  39.25  4275  30.82  17443   0.60  -0.10
  1043  53719 421057   4.99  12.28  16.09   7.92   7.49    93  39.25  4275  30.82  17443   0.50   0.10
  1043  53715 421059   6.00  11.23  16.10   7.92   7.46    92  39.25  4274  30.81  17439   0.40   0.10
  1043  53714 421061   7.02  10.08  16.10   7.91   7.46    92  39.25  4274  30.81  17439   0.50   0.00
  1044  53719 421064   8.01   9.35  16.09   7.91   7.45    92  39.25  4275  30.82  17443   0.50   0.00
  1044  53727 421065   9.01   8.33  16.09   7.91   7.44    92  39.25  4275  30.82  17443   0.50   0.00
  1044  53734 421064   9.95   7.41  16.09   7.91   7.43    92  39.25  4275  30.82  17443   0.50  -0.10
  1045  53735 421057  10.99   6.29  16.09   7.91   7.41    92  39.25  4275  30.82  17443   0.40  -0.10
  1045  53713 421042  12.00   5.09  16.10   7.91   7.40    92  39.25  4274  30.81  17439   0.30   0.10
  1046  53701 421035  12.98   4.16  16.10   7.91   7.40    92  39.25  4274  30.81  17439   0.30   0.00
  1047  53711 421032  13.99   3.08  16.09   7.91   7.39    92  39.25  4275  30.82  17443   0.40  -0.10
  1047  53726 421031  15.00   1.53  16.09   7.91   7.37    91  39.25  4275  30.82  17443   0.40   0.00
  1048  53732 421036  15.95   1.04  16.09   7.91   7.36    91  39.25  4275  30.82  17443   0.40   0.00
 -2359  55190 421380   1.00   9999   9999   9999   9999  9999   9999  9999   9999   9999   9999   9999
  2359  55190 421380  20.00   9999   9999   9999   9999  9999   9999  9999   9999   9999   9999   9999
 -1019  56308 420501   1.01  11.85  15.76   7.91   7.45    92  38.95  4274  30.81  17440   0.50  -0.10
  1019  56278 420505   1.97  10.63  15.75   7.91   7.43    91  38.94  4274  30.81  17440   0.50  -0.20
  1020  56274 420507   2.98   9.30  15.74   7.91   7.41    91  38.94  4275  30.82  17444   0.50   0.00
  1020  56273 420509   4.03   8.36  15.74   7.91   7.39    91  38.94  4275  30.82  17444   0.40  -0.10
  1021  56279 420521   4.99   7.94  15.75   7.90   7.36    90  38.94  4274  30.81  17440   0.30  -0.10
  1021  56284 420525   6.01   7.08  15.75   7.90   7.35    90  38.95  4275  30.82  17445   0.30  -0.10
  1021  56294 420527   7.01   6.40  15.76   7.90   7.36    90  38.95  4274  30.81  17440   0.40  -0.20
  1022  56298 420530   7.99   5.70  15.76   7.90   7.36    90  38.96  4275  30.82  17446   0.40  -0.10
  1022  56297 420537   9.01   4.68  15.77   7.90   7.33    90  38.96  4274  30.81  17441   0.50  -0.10
  1022  56297 420540   9.98   3.78  15.76   7.90   7.32    90  38.96  4275  30.82  17446   0.40  -0.20
  1023  56300 420544  11.01   2.75  15.75   7.90   7.31    90  38.95  4275  30.82  17445   0.30  -0.10
  1023  56303 420549  12.00   1.90  15.74   7.90   7.30    90  38.95  4276  30.83  17450   0.30  -0.20
  1025  56293 420524  13.02   0.00  15.71   7.89   7.26    89  38.91  4275  30.81  17443   0.40  -0.20
 -2359  57620 418940   1.00   9999   9999   9999   9999  9999   9999  9999   9999   9999   9999   9999
  2359  57620 418940  16.05   9999   9999   9999   9999  9999   9999  9999   9999   9999   9999   9999
 -0950  57989 417187   1.02   0.75  16.42   7.90   7.27    91  39.43  4263  30.72  17385   0.40  -0.20
  0950  57991 417197   1.97   0.79  16.42   7.90   7.27    91  39.43  4263  30.72  17385   0.40  -0.20
  0950  57987 417202   2.99   0.75  16.42   7.90   7.28    91  39.43  4263  30.72  17385   0.40  -0.20
  0951  57983 417204   4.01  16.38  16.42   7.90   7.27    91  39.43  4263  30.72  17385   0.30  -0.30
  0951  57975 417203   4.95  15.90  16.41   7.90   7.25    90  39.42  4263  30.72  17385   0.40  -0.40
  0951  57968 417200   6.00  14.46  16.41   7.90   7.25    90  39.43  4264  30.73  17390   0.40  -0.40
  0952  57964 417197   6.99  13.49  16.41   7.90   7.24    90  39.42  4263  30.72  17385   0.30  -0.50
  0952  57955 417194   7.99  12.69  16.40   7.90   7.24    90  39.41  4263  30.72  17384   0.40  -0.40
  0952  57947 417191   9.00  11.68  16.38   7.90   7.25    90  39.40  4264  30.72  17388   0.40  -0.40
  0953  57944 417188   9.95  10.58  16.40   7.90   7.23    90  39.41  4263  30.72  17384   0.20  -0.40
  0953  57957 417181  11.00   9.71  16.41   7.90   7.22    90  39.43  4264  30.73  17390   0.50  -0.30
  0954  57970 417174  12.00   8.55  16.40   7.90   7.22    90  39.42  4264  30.73  17389   0.40  -0.20
  0954  57972 417179  12.99   7.66  16.41   7.90   7.20    90  39.42  4263  30.72  17385   0.40  -0.30
  0955  57958 417192  13.99   6.83  16.39   7.90   7.20    90  39.41  4264  30.72  17389   0.40  -0.40
  0956  57961 417200  15.00   5.63  16.40   7.90   7.19    90  39.43  4265  30.73  17394   0.30  -0.30
  0956  57963 417204  16.00   4.66  16.40   7.90   7.18    90  39.42  4264  30.73  17389   0.40  -0.30
  0956  57965 417207  17.00   3.76  16.42   7.90   7.18    90  39.44  4264  30.73  17390   0.40  -0.40
  0957  57965 417209  18.01   2.81  16.40   7.90   7.17    89  39.41  4263  30.72  17384   0.50  -0.40
  0957  57964 417210  19.02   1.75  16.35   7.90   7.17    89  39.37  4263  30.72  17386   0.50  -0.40
  0957  57963 417210  19.97   1.05  16.36   7.90   7.17    89  39.38  4263  30.72  17387   0.40  -0.30
 -0925  59116 414885   1.00  16.98  16.14   7.92   7.48    93  38.95  4238  30.52  17269   0.70   0.00
  0925  59111 414891   1.97   0.75  16.15   7.92   7.47    92  38.96  4238  30.52  17270   0.60   0.10
  0925  59109 414895   2.99   1.04  16.20   7.92   7.46    92  39.02  4239  30.53  17277   0.60   0.00
  0925  59110 414898   4.00  13.96  16.17   7.92   7.45    92  38.99  4239  30.53  17276   0.40   0.10
  0926  59113 414901   5.00  12.60  16.17   7.92   7.43    92  38.99  4239  30.53  17276   0.50   0.00
  0926  59113 414902   5.99  11.78  16.16   7.92   7.42    92  38.98  4239  30.53  17275   0.40   0.00
  0926  59106 414903   7.01  10.88  16.18   7.92   7.41    92  39.00  4239  30.53  17276   0.60   0.00
  0927  59102 414903   7.98  10.34  16.18   7.92   7.40    92  38.99  4238  30.52  17271   0.60   0.00
  0927  59100 414903   9.01   9.39  16.17   7.92   7.41    92  38.99  4239  30.53  17276   0.40   0.00
  0927  59099 414903   9.99   8.60  16.17   7.92   7.40    92  38.99  4239  30.53  17276   0.30  -0.10
  0928  59100 414903  11.00   7.44  16.16   7.92   7.39    92  38.98  4239  30.53  17275   0.60   0.00
  0928  59102 414903  12.00   6.40  16.18   7.92   7.38    92  39.01  4240  30.54  17281   0.50  -0.10
  0928  59103 414903  13.01   5.26  16.20   7.92   7.37    91  39.02  4239  30.53  17277   0.50  -0.10
  0929  59100 414900  13.97   4.94  16.20   7.92   7.35    91  39.04  4242  30.55  17288   0.50   0.10
  0929  59095 414896  15.02   4.05  16.21   7.92   7.35    91  39.04  4241  30.54  17283   0.40  -0.20
  0930  59089 414890  15.99   3.45  16.20   7.92   7.36    91  39.03  4241  30.54  17283   0.50   0.00
  0930  59088 414888  16.99   2.80  16.17   7.92   7.35    91  38.99  4239  30.53  17276   0.50  -0.10
  0930  59087 414885  18.00   1.70  16.21   7.92   7.34    91  39.04  4241  30.54  17283   0.40   0.00
  0930  59087 414883  18.99   0.79  16.23   7.92   7.32    91  39.08  4243  30.56  17294   0.40  -0.10
 -0905  61246 413041   0.97   9.29  16.15   7.92   7.42    92  38.94  4236  30.50  17260   0.50  -0.20
  0906  61228 413053   1.98   8.38  16.15   7.92   7.41    92  38.93  4234  30.49  17254   0.50  -0.20
  0906  61225 413058   3.00   7.28  16.13   7.92   7.39    92  38.91  4234  30.49  17253   0.50  -0.10
  0906  61235 413057   4.00   6.25  16.14   7.92   7.39    92  38.93  4235  30.50  17259   0.40  -0.20
  0907  61242 413057   5.01   5.29  16.17   7.92   7.38    92  38.96  4236  30.50  17261   0.30  -0.20
  0907  61242 413058   5.99   4.38  16.17   7.92   7.37    91  38.96  4236  30.50  17261   0.30  -0.20
  0907  61239 413061   6.99   3.38  16.18   7.92   7.36    91  38.97  4236  30.50  17261   0.30  -0.20
  0908  61237 413064   7.98   2.29  16.20   7.92   7.35    91  39.00  4237  30.51  17267   0.40  -0.20
  0908  61238 413066   9.00   1.34  16.21   7.92   7.34    91  39.01  4237  30.52  17268   0.30  -0.20
  0908  61238 413068  10.00   0.00  16.25   7.92   7.31    91  39.07  4240  30.54  17280   0.40  -0.20
 -2359  62300 412250   1.00   9999   9999   9999   9999  9999   9999  9999   9999   9999   9999   9999
  2359  62300 412250  17.00   9999   9999   9999   9999  9999   9999  9999   9999   9999   9999   9999
 -0838  65263 412078   0.97   1.08  15.62   7.90   7.34    90  38.35  4222  30.39  17198   0.50   0.40
  0839  65265 412081   2.00   1.04  15.63   7.90   7.34    90  38.37  4223  30.40  17203   0.60   0.50
  0839  65268 412083   3.02  10.64  15.63   7.90   7.33    90  38.38  4224  30.41  17209   0.50   0.50
  0839  65270 412085   3.97   9.88  15.65   7.89   7.31    90  38.41  4225  30.42  17215   0.50   0.70
  0839  65274 412088   5.00   9.00  15.65   7.89   7.29    89  38.41  4225  30.42  17215   0.50   0.60
  0840  65279 412092   6.01   8.46  15.65   7.89   7.27    89  38.41  4225  30.42  17215   0.50   0.70
  0840  65279 412095   7.00   7.75  15.65   7.89   7.26    89  38.41  4225  30.42  17215   0.50   0.80
  0840  65276 412097   7.99   6.80  15.65   7.89   7.26    89  38.42  4226  30.43  17220   0.40   0.80
  0841  65267 412097   9.02   5.64  15.65   7.89   7.25    89  38.43  4228  30.44  17225   0.40   0.70
  0841  65262 412097   9.98   4.53  15.65   7.89   7.25    89  38.43  4228  30.44  17225   0.50   0.70
  0841  65258 412097  10.99   3.41  15.66   7.89   7.24    89  38.44  4228  30.44  17226   0.50   0.70
  0841  65255 412097  12.00   2.33  15.67   7.89   7.24    89  38.45  4228  30.44  17226   0.40   0.70
  0842  65254 412099  12.98   1.50  15.68   7.89   7.25    89  38.46  4228  30.44  17227   0.40   0.70
  0842  65257 412102  13.99   1.03  15.68   7.89   7.23    89  38.46  4228  30.44  17227   0.40   0.60
 -2359  66330 411630   1.00   9999   9999   9999   9999  9999   9999  9999   9999   9999   9999   9999
  2359  66330 411630   7.00   9999   9999   9999   9999  9999   9999  9999   9999   9999   9999   9999
 -0822  67352 411388   1.02   1.28  15.62   7.88   7.35    90  38.43  4230  30.46  17239   0.60   0.90
  0823  67334 411376   1.99  10.78  15.64   7.88   7.33    90  38.44  4230  30.45  17235   0.40   0.80
  0823  67332 411367   2.97   9.71  15.65   7.88   7.33    90  38.46  4231  30.46  17240   0.40   0.80
  0823  67331 411361   4.00   8.69  15.64   7.89   7.35    90  38.45  4231  30.46  17240   0.30   0.90
  0823  67332 411356   4.98   7.73  15.65   7.89   7.34    90  38.47  4232  30.47  17245   0.50   1.00
  0823  67333 411353   6.01   6.63  15.67   7.89   7.34    90  38.48  4231  30.47  17242   0.50   1.00
  0824  67335 411353   6.99   5.74  15.66   7.89   7.33    90  38.48  4232  30.47  17246   0.60   1.10
  0824  67339 411356   7.98   4.75  15.67   7.89   7.33    90  38.49  4232  30.47  17247   0.50   1.10
  0824  67343 411361   9.00   3.81  15.69   7.89   7.31    90  38.52  4234  30.49  17253   0.60   1.10
  0824  67346 411364   9.99   2.79  15.74   7.88   7.28    89  38.59  4237  30.51  17266   0.60   1.00
  0825  67348 411363  11.02   1.74  15.75   7.88   7.26    89  38.62  4239  30.53  17277   0.50   0.90
  0825  67348 411361  11.99   0.79  15.77   7.88   7.24    89  38.66  4241  30.55  17288   0.50   1.00
 -2359  68840 411250   1.00   9999   9999   9999   9999  9999   9999  9999   9999   9999   9999   9999
  2359  68840 411250  10.94   9999   9999   9999   9999  9999   9999  9999   9999   9999   9999   9999
 -0805  69308 410951   0.98   4.16  14.87   7.85   7.10    86  37.41  4190  30.14  17054   0.76   0.40
  0805  69299 410934   2.03   3.29  14.93   7.85   7.07    85  37.52  4196  30.19  17082   0.70   0.60
  0805  69300 410933   3.03   2.09  14.98   7.85   7.06    85  37.57  4197  30.19  17085   0.60   0.69
  0805  69302 410932   3.98   1.05  15.07   7.85   7.05    85  37.72  4205  30.26  17122   0.70   0.80
  0807  69298 410954   4.99   0.78  15.12   7.84   6.97    84  37.83  4212  30.31  17155   0.89   3.69
