# MEETVAARTUIG : M.S. ARGUS
# MEETDATUM    : 24-04-2006 10:15:45
# MEETGEBIED   : GREVELINGEN
# STARTPUNT    : Brouwersdam
# EINDPUNT     : Grevelingendam
# PROJECTCODE  : E7501X
# OPDRACHTGEVER: ZLXXAXAMDBG
# BEHEERDER    : ZLXXAXAMDBG
# BEMONST. INST:
# WAARNEMER(S) : G.J.Bakker
#
* 20060424
$ 9999 [000000000000]
>TIJD      uumm                    
>X         coordinaat              
>Y         coordinaat              
>SENSHTE   Diepte set        m     
>ECHOS     Echoset           mtrs  
>Echo      Echoschip         M     
>Temp       Temperatuur       oC              : 1  1.0  11  1.0
>O2        Zuurstof          mg/l  
>%O2        Zuurstof%         %     
>GELBH     Geleidendheid     mS/cm 
>SALNTT    Saliniteit        dimsl 
>CL-       Chloride          mg/l            : 16750  125  13  125
 -1016  47471 418835   1.07   9.35  15.30   9.91  10.74   114  32.72  29.64  16781
  1016  47461 418839   2.03   9.15  16.20   9.94  10.77   115  32.74  29.63  16778
  1016  47462 418839   2.98   8.30  16.30   9.95  10.75   115  32.76  29.65  16785
  1017  47461 418839   4.06   7.35  16.50   9.91  10.76   115  32.73  29.65  16787
  1017  47460 418837   4.95   6.75  16.50   9.92  10.76   115  32.73  29.64  16782
  1017  47462 418833   6.07   5.60  15.80  10.00  10.74   115  32.81  29.66  16790
  1017  47466 418830   6.96   4.65  14.50   9.94  10.77   115  32.75  29.64  16784
  1018  47473 418831   8.02   3.55  13.40   9.91  10.76   115  32.73  29.65  16787
  1018  47484 418838   9.02   2.75  12.20   9.92  10.73   114  32.73  29.64  16782
  1019  47488 418849  10.03   3.45  11.70   9.95  10.72   114  32.76  29.65  16785
  1019  47487 418851  11.15   3.35   0.00   9.93  10.73   114  32.74  29.64  16783
  1020  47478 418857  12.00   3.40  13.90  10.00  10.71   114  32.81  29.66  16790
  1020  47476 418857  13.02   2.40  14.40   9.96  10.72   114  32.76  29.64  16780
  1020  47472 418857  14.10   1.55  15.10   9.94  10.71   114  32.75  29.64  16784
  1020  47470 418857  15.00   0.70  15.60   9.92  10.71   114  32.74  29.65  16788
 -1026  47975 418353   1.08   0.40  18.40  10.57  11.22   121  33.27  29.65  16784
  1026  47976 418348   2.00  15.55   3.50  10.54  11.26   122  33.25  29.65  16787
  1026  47975 418346   2.95  15.15   0.00  10.54  11.26   122  33.27  29.67  16798
  1027  47973 418340   3.99  14.25   2.30  10.58  11.24   122  33.33  29.70  16814
  1027  47974 418342   4.89  13.25   2.30  10.50  11.23   121  33.27  29.70  16817
  1028  47974 418342   5.98  12.20   2.20  10.35  11.17   120  33.14  29.70  16814
  1028  47972 418344   7.02  10.90   0.00  10.14  10.83   116  33.00  29.73  16833
  1029  47961 418348   8.03  10.10   2.10  10.18  10.50   113  33.08  29.78  16860
  1030  47959 418350   9.01   9.20   0.00  10.22  10.48   112  33.21  29.87  16916
  1030  47959 418350   9.98   8.20   0.00  10.17  10.44   112  33.13  29.84  16894
  1031  47951 418357  11.04   7.00  18.30  10.05  10.36   111  33.09  29.89  16929
  1032  47933 418360  12.04   6.05   0.00   9.94  10.07   108  33.31  30.21  17110
  1033  47963 418368  13.03   4.00  17.80   9.48   9.81   104  33.05  30.33  17183
  1034  47964 418366  14.05   3.15  18.10   9.35   9.59   101  32.98  30.37  17206
  1034  47960 418365  15.01   2.15  17.80   9.09   9.62   101  32.80  30.41  17228
  1035  47958 418363  15.99   1.20  17.80   8.95   9.61   101  32.67  30.39  17220
  1036  47956 418354  16.95   0.70  18.30   8.84   9.23    96  32.60  30.41  17233
 -1041  48767 418194   1.00  51.25  46.60  10.64  11.40   123  33.10  29.42  16654
  1041  48772 418188   2.02  51.25  46.50  10.59  11.42   123  33.30  29.66  16792
  1041  48771 418188   3.01  41.45   2.40  10.43  11.45   123  33.20  29.69  16810
  1042  48770 418184   4.05  40.30   0.00  10.56  11.28   122  33.30  29.69  16806
  1042  48770 418184   5.01  39.40   2.10  10.55  11.32   122  33.31  29.70  16817
  1043  48785 418188   6.00  38.50   2.30  10.56  11.37   123  33.31  29.70  16812
  1043  48788 418188   7.02  37.50   2.00  10.42  11.37   122  33.23  29.73  16832
  1045  48783 418188   8.04  36.50  46.40  10.31  10.40   112  33.19  29.78  16862
  1045  48782 418186   9.06  35.55   0.00  10.25  10.48   112  33.15  29.79  16867
  1045  48780 418188   9.98  34.70  46.50  10.20  10.46   112  33.14  29.82  16886
  1047  48774 418193  11.05  33.85  46.60   9.91  10.06   107  33.17  30.09  17043
  1047  48773 418193  12.06  32.80  46.60   9.82   9.98   106  33.21  30.21  17110
  1049  48766 418199  13.02  31.85   0.00   9.38   9.68   102  33.00  30.36  17203
  1049  48765 418199  14.07  30.80   0.00   9.30   9.66   102  32.95  30.38  17213
  1049  48764 418199  15.02  29.90  46.60   9.17   9.63   101  32.86  30.40  17224
  1050  48770 418197  16.02  28.95  46.60   8.63   9.44    98  32.60  30.60  17338
  1052  48772 418197  17.10  27.90  46.60   8.56   8.91    92  32.39  30.44  17247
  1052  48776 418197  18.04  27.05  46.60   8.39   8.88    92  32.22  30.41  17229
  1054  48778 418197  19.04  26.00  46.50   8.03   8.14    84  32.02  30.51  17290
  1054  48774 418197  20.04  25.10  46.60   7.95   8.17    84  31.98  30.54  17306
  1055  48772 418208  21.05  24.10   2.00   7.74   7.71    79  31.86  30.59  17339
  1056  48771 418210  21.95  23.20   0.00   7.70   7.69    78  31.83  30.60  17341
  1056  48772 418210  23.08  22.15   0.00   7.64   7.69    78  31.80  30.62  17353
  1056  48772 418212  24.03  21.30  46.50   7.60   7.66    78  31.78  30.63  17361
  1057  48772 418208  25.03  20.25  46.60   7.59   7.59    77  31.78  30.64  17367
  1057  48772 418210  26.05  19.20  46.60   7.58   7.55    77  31.79  30.66  17378
  1057  48771 418210  26.94  18.35  46.60   7.57   7.54    77  31.78  30.66  17377
  1057  48769 418210  27.90  17.40  46.60   7.53   7.54    77  31.76  30.67  17385
  1058  48765 418210  28.96  16.35  46.70   7.51   7.52    76  31.76  30.69  17395
  1058  48767 418210  29.98  15.45  46.60   7.44   7.51    76  31.73  30.72  17413
  1058  48773 418208  30.97  14.55  46.60   7.42   7.45    76  31.73  30.74  17423
  1059  48778 418208  32.04  13.45  46.60   7.39   7.39    75  31.72  30.75  17432
  1059  48782 418208  32.97  12.60  46.60   7.38   7.33    74  31.72  30.76  17438
  1059  48784 418206  34.05  11.50  46.50   7.35   7.30    74  31.72  30.79  17453
  1100  48787 418206  34.97  10.75  46.60   7.34   7.24    73  31.72  30.80  17458
  1100  48788 418206  35.96   9.65  46.50   7.34   7.21    73  31.71  30.79  17452
  1100  48790 418204  37.00   8.60  46.60   7.33   7.15    72  31.71  30.79  17457
  1101  48791 418202  38.06   7.65  46.50   7.33   7.02    71  31.71  30.79  17457
  1101  48791 418202  39.04   6.80  46.60   7.33   6.96    70  31.71  30.79  17457
  1102  48791 418200  40.02   5.85  46.50   7.33   6.92    70  31.71  30.79  17457
  1102  48791 418200  41.18   4.50  46.50   7.33   6.90    70  31.71  30.79  17457
  1102  48789 418199  42.08   3.65  46.60   7.33   6.87    70  31.71  30.79  17457
  1102  48787 418199  43.01   2.90  46.50   7.32   6.81    69  31.71  30.80  17462
  1103  48786 418197  44.14   1.75  46.60   7.32   6.79    69  31.71  30.80  17462
  1103  48784 418197  45.04  51.25  46.50   7.32   6.73    68  31.71  30.80  17462
 -1112  49749 418279   1.03   0.50   0.00  10.76  11.64   126  33.51  29.73  16831
  1112  49744 418275   1.91  51.25   0.00  10.72  11.60   126  33.47  29.72  16827
  1112  49742 418271   3.00  15.80   4.40  10.69  11.58   126  33.45  29.73  16830
  1113  49739 418270   3.98  15.60   0.00  10.69  11.56   125  33.45  29.73  16830
  1113  49735 418268   5.05  14.80   2.30  10.64  11.55   125  33.42  29.74  16837
  1115  49741 418262   5.96  15.25   0.00  10.54  10.70   116  33.37  29.77  16856
  1115  49741 418262   7.00  51.25   0.00  10.49  10.69   115  33.33  29.77  16856
  1116  49740 418262   8.06  51.25   0.00  10.31  10.73   115  33.21  29.80  16873
  1118  49730 418259   9.06  12.65  23.50  10.09  10.00   107  33.27  30.04  17014
  1118  49730 418260  10.00  11.75  23.40  10.04   9.99   107  33.29  30.10  17049
  1118  49731 418260  11.01  10.70   4.00   9.98   9.99   107  33.30  30.16  17084
  1118  49734 418262  11.99  51.25   0.00   9.67  10.03   107  33.21  30.33  17183
  1119  49734 418264  13.00  51.25  22.00   9.57   9.99   106  33.13  30.34  17186
  1120  49733 418268  14.33  51.25  21.10   9.39   9.84   104  33.06  30.42  17233
  1121  49726 418264  15.04   5.45  20.90   9.21   9.54   100  32.88  30.39  17216
  1122  49727 418262  15.98   4.35  21.50   8.95   9.30    97  32.67  30.39  17220
  1122  49727 418264  17.02   3.30  21.40   8.82   9.28    97  32.59  30.42  17237
  1124  49734 418262  17.99   3.00  22.90   8.46   8.85    92  32.33  30.46  17261
  1125  49731 418257  19.02   2.85  24.00   8.30   8.48    88  32.21  30.47  17269
  1126  49729 418257  19.95   2.05  23.50   7.99   8.53    88  32.05  30.58  17328
  1127  49738 418258  21.07  51.25   1.90   7.90   8.12    83  31.96  30.56  17319
 -1133  50744 418382   1.00  51.25  30.00  11.00  11.54   126  33.75  29.77  16854
  1133  50749 418380   2.05  51.25  30.10  10.97  11.50   125  33.74  29.78  16863
  1134  50753 418374   2.98  25.75  30.40  10.90  11.24   122  33.69  29.79  16867
  1135  50748 418369   4.07  24.85  30.30  10.69  10.85   118  33.52  29.80  16870
  1137  50738 418375   5.04  23.65   2.30  10.43   9.99   108  33.33  29.82  16885
  1137  50735 418373   5.99  22.75  30.20  10.38   9.99   108  33.31  29.84  16897
  1137  50731 418369   7.06  21.65  30.10  10.20   9.99   107  33.25  29.93  16949
  1138  50727 418369   8.05  20.55  30.10  10.15   9.98   107  33.33  30.05  17019
  1138  50723 418370   8.97  19.80   2.20  10.16   9.97   107  33.46  30.17  17090
  1138  50726 418373  10.00  18.65  30.10  10.03   9.99   107  33.45  30.27  17147
  1139  50729 418379  11.01  17.45  29.90   9.33  10.01   106  32.88  30.28  17156
  1140  50728 418381  12.02  16.55  29.80   9.30   9.68   102  32.89  30.32  17177
  1140  50728 418379  13.05  51.25  29.80   9.33   9.64   102  32.93  30.34  17186
  1141  50729 418379  14.03  14.40  29.90   9.16   9.56   101  32.81  30.36  17199
  1142  50730 418377  15.02  13.45  30.00   9.04   9.54   100  32.77  30.42  17235
  1142  50730 418375  16.04  12.60  30.10   8.78   9.52   100  32.57  30.43  17245
  1143  50728 418369  16.96  11.85  30.10   8.76   9.12    95  32.50  30.38  17213
  1143  50726 418369  18.14  10.65  30.10   8.68   9.12    95  32.44  30.39  17217
  1145  50732 418371  19.02  10.10  30.10   8.17   8.56    88  32.08  30.45  17255
  1145  50733 418373  19.97   9.10  30.10   8.12   8.52    88  32.06  30.47  17268
  1146  50731 418373  21.00   7.95  30.00   7.95   8.40    86  31.98  30.54  17306
  1147  50731 418377  22.03   6.85  29.90   7.85   8.08    83  31.92  30.56  17320
  1148  50731 418377  23.04   5.80  30.00   7.83   8.03    82  31.91  30.57  17324
  1148  50731 418377  24.08   4.75  30.00   7.78   8.01    82  31.89  30.59  17337
  1148  50731 418379  25.08   3.90  29.90   7.77   7.92    81  31.88  30.59  17336
  1149  50731 418377  25.97   2.95  29.90   7.73   7.90    81  31.86  30.60  17344
  1149  50731 418379  26.93   2.05  29.90   7.69   7.88    80  31.84  30.62  17352
  1149  50730 418377  27.97   1.00  30.00   7.59   7.86    80  31.80  30.66  17379
 -1155  51564 418562   1.08  35.45  38.30  11.09  10.94   120  33.85  29.80  16868
  1156  51581 418574   2.03  34.20  38.20  11.04  11.02   120  33.81  29.80  16869
  1156  51582 418576   3.03  33.05  38.30  10.94  11.05   121  33.71  29.78  16860
  1158  51572 418575   4.06  30.75  38.20  10.63  10.54   114  33.50  29.83  16887
  1158  51570 418575   5.07  30.25   2.10  10.52  10.54   114  33.41  29.83  16888
  1200  51580 418582   6.06  29.45  38.20  10.19  10.11   109  33.31  30.00  16989
  1200  51580 418582   7.00  28.75  38.00  10.19  10.07   108  33.30  29.99  16983
  1200  51577 418582   7.97  27.20  37.90  10.14  10.05   108  33.48  30.21  17111
  1201  51574 418580   9.06  26.20  38.00   9.84  10.09   108  33.28  30.26  17141
  1202  51569 418576   9.98  24.65  37.90   9.35   9.67   102  32.90  30.29  17158
  1202  51570 418576  11.09  23.70  37.90   9.28   9.66   102  32.87  30.32  17175
  1203  51571 418575  12.15  51.25  38.10   9.25   9.65   102  32.84  30.31  17172
  1203  51571 418575  12.90  22.10  38.10   9.19   9.64   102  32.80  30.32  17178
  1203  51571 418575  14.03  21.50  38.20   8.84   9.66   101  32.65  30.47  17263
  1205  51573 418573  15.03  20.55  38.30   8.68   9.07    94  32.45  30.40  17223
  1205  51574 418573  16.03  19.85  38.30   8.57   9.09    94  32.40  30.44  17248
  1206  51574 418573  16.99  19.15  38.30   8.48   8.97    93  32.33  30.44  17251
  1207  51580 418578  17.98  18.50  38.20   8.22   8.59    89  32.16  30.49  17279
  1208  51580 418580  18.98  17.50  38.10   8.23   8.55    88  32.15  30.47  17268
  1209  51563 418578  20.03  14.40  37.30   7.87   8.10    83  31.94  30.56  17322
  1210  51563 418578  20.99  13.65  37.40   7.84   8.07    83  31.92  30.57  17325
  1210  51565 418578  22.01  12.80  37.50   7.75   8.05    82  31.86  30.58  17334
  1210  51569 418580  22.95  12.20   0.00   7.69   7.98    81  31.84  30.62  17352
  1211  51573 418575  24.02  11.85  38.30   7.55   7.71    78  31.77  30.66  17381
  1212  51574 418573  24.94  11.05  38.30   7.54   7.66    78  31.76  30.66  17380
  1212  51574 418571  26.00  10.65  38.30   7.52   7.63    78  31.75  30.67  17384
  1212  51573 418569  27.01  10.25  38.30   7.51   7.58    77  31.75  30.68  17389
  1213  51572 418567  28.07   9.45  38.30   7.51   7.53    77  31.75  30.68  17389
  1213  51572 418567  28.98   8.55  38.40   7.51   7.47    76  31.75  30.68  17389
  1214  51572 418567  30.00   7.85  38.50   7.51   7.43    76  31.75  30.68  17389
  1214  51573 418569  31.01   6.70  38.40   7.50   7.42    75  31.75  30.69  17394
  1214  51572 418571  32.03   5.55  38.30   7.47   7.37    75  31.75  30.71  17410
  1215  51566 418575  33.01   2.25  37.90   7.46   7.05    72  31.74  30.71  17409
  1216  51570 418576  34.05  51.25  38.00   7.36   7.05    72  31.72  30.78  17448
  1218  51572 418576  35.03  51.25  38.20   7.31   4.90    50  31.71  30.81  17468
 -1229  52931 420288   1.08   9.70  11.40  10.96  10.08   110  33.75  29.80  16873
  1230  52934 420292   2.02   8.80  11.40  10.94  10.07   110  33.73  29.80  16871
  1230  52936 420292   3.07   7.75  11.50  10.84  10.08   110  33.66  29.81  16879
  1230  52939 420292   4.01   6.85  11.40  10.76  10.11   110  33.57  29.79  16865
  1231  52944 420296   5.00   5.90  11.40  10.60  10.32   112  33.45  29.80  16873
  1231  52940 420296   6.13   4.80  11.40  10.55  10.35   112  33.41  29.80  16874
  1232  52937 420296   7.03   3.95  11.40  10.54  10.38   112  33.40  29.80  16873
  1232  52935 420296   8.07   3.00  11.50  10.53  10.37   112  33.40  29.81  16878
  1232  52935 420296   8.96   2.15  11.50  10.52  10.37   112  33.40  29.82  16882
  1234  52938 420296  10.00   1.10  11.40  10.10   9.29   100  33.11  29.87  16916
 -1240  53707 421059   1.03  51.25  17.60  11.12   9.70   106  33.84  29.76  16848
  1241  53723 421064   2.02  51.25  17.70  11.06   9.69   106  33.81  29.78  16860
  1241  53719 421068   2.97  13.90   0.00  10.89   9.74   106  33.68  29.79  16866
  1242  53705 421070   4.03  12.95  17.80  10.89   9.89   108  33.68  29.79  16866
  1242  53701 421072   4.99  12.05  17.90  10.78   9.92   108  33.60  29.80  16873
  1243  53705 421070   6.05  11.00   2.50  10.70  10.03   109  33.53  29.80  16871
  1243  53710 421066   7.01  10.15  17.80  10.66   9.99   108  33.49  29.79  16867
  1243  53712 421065   7.97   9.15  17.80  10.51   9.99   108  33.37  29.80  16870
  1244  53713 421063   9.02   8.15  17.70  10.31   9.97   107  33.23  29.82  16885
  1245  53714 421057  10.06   6.85  17.50  10.37   9.48   102  33.24  29.78  16862
  1245  53715 421053  11.02   5.90  17.50  10.31   9.51   102  33.20  29.79  16868
  1245  53717 421051  11.97   4.95  17.50  10.19   9.49   102  33.15  29.84  16896
  1246  53721 421053  12.98   3.90  17.50  10.17   9.53   102  33.16  29.87  16911
  1246  53723 421055  14.06   2.85  17.50  10.12   9.54   102  33.12  29.87  16912
  1247  53709 421050  15.00   1.95   0.00   9.52   9.20    98  32.94  30.19  17098
  1247  53711 421052  16.07   0.95   0.00   9.43   9.21    98  32.90  30.22  17119
 -1255  55193 421382   1.03  18.95  21.40  11.15   9.97   109  33.88  29.78  16857
  1255  55210 421383   2.02  18.25  21.60  11.05  10.01   110  33.80  29.78  16859
  1255  55212 421385   3.09  17.25  21.60  11.04  10.00   109  33.79  29.78  16858
  1256  55187 421380   4.01  15.90  21.20  10.75   9.90   108  33.55  29.78  16859
  1257  55187 421380   5.01  14.95  21.20  10.70   9.89   107  33.51  29.78  16860
  1257  55189 421378   6.09  13.85  21.20  10.60   9.88   107  33.44  29.79  16867
  1258  55196 421378   7.02  12.95  21.30  10.43   9.59   104  33.30  29.79  16868
  1258  55197 421378   7.99  12.10  21.30  10.38   9.56   103  33.27  29.80  16874
  1259  55198 421378   8.98  11.10  21.30  10.13   9.48   102  33.09  29.83  16890
  1300  55189 421378  10.03  10.00  21.20  10.16   9.51   102  33.14  29.85  16905
  1300  55188 421378  11.04   9.15  21.20  10.16   9.51   102  33.14  29.85  16905
  1302  55191 421385  12.00   8.35  21.40   9.79   8.93    95  32.99  30.01  16996
  1303  55189 421384  13.01   7.45  21.30   9.36   9.00    95  32.83  30.21  17112
  1304  55188 421384  14.05   6.40  21.30   9.17   9.08    96  32.70  30.24  17129
  1304  55192 421380  14.99   5.50  21.40   9.08   9.13    96  32.64  30.25  17137
  1304  55193 421380  16.04   4.40  21.30   9.04   9.12    96  32.64  30.28  17157
  1305  55191 421378  16.94   3.40  21.20   9.01   9.09    95  32.63  30.30  17166
  1305  55189 421376  18.01   2.25  21.10   9.02   9.09    95  32.64  30.30  17167
  1305  55188 421374  19.07   1.15  21.00   9.02   9.10    96  32.64  30.30  17167
 -1313  56282 420522   1.08  10.75  13.30  11.32  10.25   113  34.01  29.76  16850
  1314  56280 420513   2.06   9.25   3.50  10.80  10.15   110  33.59  29.78  16858
  1314  56281 420513   3.04   8.45   3.20  10.63  10.11   110  33.48  29.81  16876
  1315  56286 420520   4.06   7.70  13.40  11.04   9.81   107  33.85  29.84  16892
  1315  56280 420522   5.03   6.60  13.30  10.43   9.94   107  33.31  29.80  16874
  1316  56270 420515   6.00   5.10  12.70  10.43   9.67   104  33.31  29.80  16874
  1316  56267 420515   6.99   4.10  12.50  10.42   9.65   104  33.31  29.81  16878
  1317  56268 420515   7.99   3.20  12.60  10.41   9.62   104  33.30  29.81  16877
  1318  56281 420520   9.00   2.95  13.20  10.27   9.42   101  33.22  29.84  16898
  1318  56281 420522   9.99   2.00  13.20  10.31   9.43   102  33.24  29.83  16891
  1320  56279 420524  11.03   1.10  13.20   9.34   8.96    95  32.75  30.14  17075
 -1330  57612 418953   0.95   0.40  17.40  11.64  10.13   112  34.29  29.78  16857
  1331  57615 418934   1.93  14.35  17.50  11.61  10.16   112  34.28  29.79  16865
  1331  57618 418932   2.85  13.65  17.50  11.57  10.17   112  34.25  29.80  16867
  1331  57620 418932   4.09  12.65  17.40  11.56  10.18   113  34.24  29.79  16866
  1332  57620 418932   4.99  11.50  17.30  11.01  10.31   113  33.85  29.86  16906
  1333  57622 418932   6.01  10.35  17.20  11.31   9.98   110  34.03  29.79  16866
  1334  57621 418934   7.03  10.00  17.40  10.45   9.98   108  33.33  29.80  16876
  1335  57613 418940   8.03   8.70  17.50  10.58   9.51   103  33.43  29.80  16871
  1335  57611 418942   9.07   7.65  17.40  10.53   9.54   103  33.39  29.80  16872
  1335  57614 418942  10.02   7.10  17.40  10.49   9.54   103  33.35  29.79  16868
  1335  57617 418942  11.05   6.25  17.30  10.38   9.53   103  33.25  29.78  16863
  1336  57619 418941  12.03   5.20   2.00   9.48   9.52   101  32.83  30.11  17053
  1337  57622 418940  13.06   3.80  17.50   9.08   9.18    96  32.61  30.22  17120
  1337  57622 418940  14.02   2.75  17.30   9.07   9.14    96  32.59  30.21  17113
  1337  57623 418938  15.07   1.80  17.20   9.00   9.15    96  32.54  30.22  17118
  1338  57625 418936  15.94   1.50  17.00   9.01   8.93    94  32.55  30.22  17119
  1338  57624 418934  16.85   0.55  17.00   9.01   8.90    93  32.55  30.22  17119
 -1348  57963 417199   1.03  18.30   0.00  11.74  10.35   115  34.38  29.78  16860
  1349  57956 417212   2.00  17.55   0.00  11.56  10.38   115  34.31  29.86  16906
  1349  57957 417208   2.92  16.60  21.10  11.60  10.39   115  34.26  29.78  16859
  1350  57959 417201   3.99  15.80   0.00  11.61  10.40   115  34.27  29.78  16860
  1350  57958 417199   5.06  14.65   2.80  10.87  10.23   111  33.69  29.82  16882
  1352  57965 417204   6.01  14.05  21.10  10.76   9.47   103  33.58  29.80  16871
  1353  57965 417204   7.01  13.00  21.10  10.80   9.45   103  33.61  29.80  16869
  1353  57962 417204   7.98  12.00  21.10  10.55   9.49   103  33.40  29.79  16868
  1354  57958 417201   9.02  10.95  21.00  10.35   9.31   100  33.27  29.83  16889
  1354  57958 417199   9.98  10.00  20.90  10.34   9.29   100  33.25  29.82  16882
  1354  57962 417199  11.02   9.15  20.90  10.31   9.30   100  33.22  29.81  16879
  1354  57965 417201  12.05   8.40  20.80  10.28   9.29   100  33.21  29.82  16888
  1355  57969 417201  13.04   7.45  21.00  10.18   9.28   100  33.15  29.85  16901
  1356  57972 417199  14.02   6.40  21.20  10.10   9.14    98  33.10  29.86  16910
  1356  57972 417199  15.04   5.35  21.20  10.08   9.10    97  33.08  29.86  16908
  1356  57971 417199  16.17   4.25  21.10   9.99   9.10    97  33.03  29.88  16923
  1356  57971 417199  17.09   3.45  21.00   9.89   9.09    97  32.98  29.92  16942
  1357  57969 417197  18.05   2.45  20.70   9.29   9.06    95  32.69  30.12  17064
  1358  57962 417195  19.00   1.35  20.80   9.22   8.95    94  32.64  30.13  17068
  1358  57962 417193  19.91  45.75  20.80   9.20   8.89    94  32.63  30.14  17072
 -1414  59326 414135   1.01  21.80   0.00  12.35  10.54   118  34.92  29.81  16875
  1415  59312 414131   2.00  20.50   2.80  11.49  10.58   117  34.24  29.85  16899
  1415  59301 414132   3.05  19.15  23.80  11.54  10.24   113  34.25  29.82  16881
  1416  59306 414131   4.00  18.35  23.90  11.59  10.21   113  34.27  29.80  16869
  1417  59309 414133   5.01  17.55  24.20  11.42  10.05   111  34.10  29.77  16854
  1418  59319 414137   5.98  16.90  24.50  11.35   9.78   108  34.09  29.82  16881
  1418  59320 414137   7.03  15.90  24.50  11.35   9.76   107  34.09  29.82  16881
  1418  59316 414139   8.07  14.80  24.50  11.32   9.76   107  34.06  29.81  16878
  1419  59304 414139   9.09  13.40  24.10  10.53   9.38   102  33.43  29.84  16895
  1420  59306 414137   9.97  12.90  24.00  10.32   8.96    96  33.26  29.84  16897
  1420  59309 414137  11.06  11.75  24.20  10.29   8.92    96  33.23  29.84  16894
  1421  59313 414135  12.03  10.90  24.30  10.21   8.91    96  33.17  29.84  16898
  1422  59320 414133  13.05  10.05  24.60  10.12   8.81    94  33.12  29.87  16912
  1422  59321 414133  14.01  51.25  24.50  10.05   8.79    94  33.06  29.86  16911
  1423  59321 414129  15.02   8.30  24.40   9.78   8.53    91  32.88  29.91  16937
  1424  59317 414129  16.05   7.00  24.30   9.74   8.51    90  32.87  29.93  16950
  1424  59315 414129  17.00   6.00  24.20   9.73   8.51    90  32.88  29.95  16961
  1424  59310 414126  18.05   4.80  23.90   9.69   8.64    92  32.88  29.98  16980
  1425  59308 414126  19.08   3.75  23.90   9.68   8.67    92  32.86  29.97  16973
  1425  59312 414126  20.12   2.80  24.00   9.57   8.69    92  32.81  30.01  16998
  1426  59317 414128  20.99   2.10  24.30   9.52   8.67    92  32.78  30.02  17004
  1426  59320 414126  22.07   1.05  24.40   9.49   8.67    92  32.77  30.04  17013
 -1437  61222 413059   1.02   0.50  10.50  12.40   9.98   112  34.89  29.75  16835
  1437  61231 413057   2.00   0.45  10.50  12.36   9.98   112  34.87  29.76  16843
  1437  61230 413055   3.00   6.75   0.00  12.44   9.96   112  34.97  29.79  16861
  1438  61222 413053   4.00   5.85   0.00  11.88  10.32   115  34.56  29.85  16895
  1440  61219 413049   5.02   4.85   1.90  11.62   9.66   107  34.34  29.84  16894
  1440  61223 413047   5.86   3.95   0.00  11.63   9.63   107  34.34  29.83  16889
  1440  61226 413047   7.07   2.80   0.00  11.62   9.64   107  34.33  29.83  16889
  1441  61228 413047   8.03   1.95  10.50  11.61   9.59   106  34.33  29.84  16893
  1441  61228 413045   9.03   1.00  10.50  11.60   9.52   105  34.32  29.84  16892
 -1448  62294 412254   1.08  16.05   0.00  12.38   9.46   106  34.97  29.84  16889
  1449  62305 412247   2.02  51.25   0.00  12.42   9.44   106  34.97  29.81  16870
  1449  62306 412247   3.26  13.80   0.00  12.40   9.44   106  34.96  29.81  16874
  1450  62308 412245   4.02  12.95   0.00  12.21   9.48   106  34.80  29.81  16874
  1450  62310 412243   5.07  11.95   1.90  12.29   9.47   106  34.86  29.80  16870
  1450  62311 412243   6.06  11.05   0.00  12.26   9.49   106  34.84  29.81  16873
  1451  62310 412243   7.02  10.05  18.20  12.25   9.50   107  34.83  29.81  16872
  1451  62310 412245   7.95   9.20  18.20  12.21   9.51   107  34.80  29.81  16874
  1452  62307 412245   9.02   8.20   0.00  11.73   9.57   106  34.46  29.87  16909
  1452  62305 412247  10.06   7.15  18.20  11.60   9.54   106  34.33  29.85  16898
  1453  62301 412252  10.97   6.50   0.00  11.44   8.96    99  34.19  29.84  16895
  1454  62298 412256  12.01   5.40   2.00  11.36   8.97    99  34.09  29.81  16876
  1455  62295 412254  12.97   4.55   1.90  11.04   8.22    90  33.85  29.84  16892
  1456  62301 412252  13.97   3.55  18.20  10.65   8.22    89  33.56  29.87  16912
  1457  62304 412247  15.04   2.30  18.20  10.23   7.71    83  33.18  29.84  16894
  1458  62303 412247  16.03   1.30  18.10  10.19   7.69    83  33.15  29.84  16896
  1458  62304 412247  16.74   0.60  18.20  10.16   7.71    83  33.12  29.83  16893
 -1512  65264 412132   1.04  13.95  16.00  12.36   9.88   111  34.73  29.63  16766
  1512  65260 412136   1.96  12.95   1.90  12.36   9.84   111  34.74  29.64  16772
  1512  65254 412136   3.05  11.65   0.00  12.08   9.88   110  34.61  29.73  16830
  1513  65248 412134   3.99  10.65  16.10  12.23   9.74   109  34.66  29.66  16788
  1513  65243 412134   5.05   9.45  16.10  12.11   9.78   109  34.62  29.72  16821
  1514  65249 412121   6.05   9.10  15.90  11.90   9.47   106  34.52  29.79  16863
  1514  65251 412117   6.99   8.15  15.80  11.89   9.47   105  34.51  29.79  16863
  1515  65256 412108   8.02   6.25  15.40  11.88   9.48   106  34.50  29.79  16862
  1515  65257 412108   9.07   4.95  15.30  11.85   9.46   105  34.49  29.80  16870
  1515  65257 412104   9.98   4.00  15.20  11.83   9.45   105  34.48  29.81  16874
  1516  65259 412106  11.07   2.75  15.40  11.11   9.42   103  33.92  29.85  16898
  1517  65252 412119  11.96   3.30   0.00  11.16   8.53    94  33.97  29.86  16903
  1517  65249 412119  12.88   2.40  15.90  11.12   8.53    94  33.93  29.85  16899
  1518  65247 412119  14.05   1.25  15.90  11.11   8.53    93  33.91  29.84  16893
  1518  65245 412121  15.03   0.40  16.00  11.06   8.52    93  33.88  29.85  16899
 -1525  66321 411644   1.08   6.30   8.30  12.75   9.77   111  35.08  29.65  16778
  1526  66335 411638   2.00   5.50   8.60  12.84   9.75   111  35.12  29.62  16759
  1526  66339 411638   2.98   4.60   8.80  12.80   9.76   111  35.09  29.62  16761
  1526  66338 411634   4.03   3.65   0.00  11.99   9.85   110  34.52  29.72  16822
  1529  66327 411627   5.02   2.30   8.50  11.64   8.87    98  34.31  29.80  16868
  1529  66324 411625   6.02   1.10   8.30  11.58   8.90    98  34.27  29.81  16874
 -1535  67329 411368   1.02  11.20   0.00  12.45   9.53   107  34.86  29.68  16796
  1535  67334 411359   2.04  10.15   2.40  12.07   9.26   103  34.57  29.70  16812
  1536  67340 411353   3.00   9.10  12.90  12.30   9.27   104  34.81  29.75  16838
  1537  67343 411351   4.00   8.15  12.80  12.22   9.35   105  34.68  29.69  16803
  1537  67346 411349   5.01   7.20  12.80  12.05   9.43   105  34.54  29.69  16805
  1539  67338 411353   5.97   6.25  12.90  11.55   8.69    96  34.26  29.82  16882
  1539  67338 411355   7.03   5.30  12.90  11.50   8.67    96  34.23  29.83  16889
  1539  67339 411361   8.06   4.30  12.90  11.47   8.66    96  34.21  29.84  16892
  1540  67342 411364   8.96   3.40  12.90  11.46   8.63    95  34.19  29.83  16885
  1540  67343 411368  10.01   2.40  12.90  11.44   8.58    95  34.18  29.83  16889
  1540  67342 411370  11.04   1.40  13.00  11.39   8.57    94  34.12  29.82  16879
  1540  67338 411372  11.91   0.60  13.00  11.27   8.53    94  34.02  29.82  16879
 -1548  68818 411252   0.98  51.25  12.70  12.36   8.66    97  34.80  29.69  16805
  1548  68831 411244   2.03   0.40  12.90  12.27   8.57    96  34.77  29.73  16830
  1549  68834 411242   3.06   0.45  12.80  12.16   8.58    96  34.69  29.75  16837
  1549  68837 411242   4.05   7.75  12.90  12.28   8.55    96  34.76  29.72  16820
  1550  68843 411246   4.98   7.05  12.70  11.82   8.19    91  34.40  29.74  16834
  1550  68843 411248   5.98   6.10  12.70  11.59   8.26    91  34.12  29.65  16785
  1551  68831 411248   7.02   5.10   2.10  11.46   7.92    87  34.07  29.71  16818
  1552  68835 411255   8.04   3.70  12.20  11.30   7.75    85  34.03  29.80  16871
  1552  68836 411257   9.09   2.65  12.00  11.31   7.69    85  34.04  29.80  16872
  1553  68837 411257   9.98   1.90  11.90  11.28   7.70    85  34.02  29.81  16874
  1553  68836 411259  11.00   0.95  11.70  11.25   7.62    84  34.00  29.81  16877
 -1558  69269 410947   1.00   5.45   6.50  12.11   8.07    90  34.67  29.77  16849
  1558  69277 410949   1.97   4.65   6.60  12.05   8.10    90  34.61  29.76  16843
  1559  69277 410953   3.06   3.75   6.70  11.65   7.71    85  34.29  29.77  16852
  1559  69274 410955   4.03   2.90   6.70  11.64   7.71    85  34.29  29.78  16857
  1600  69276 410953   5.02   1.95   6.60  11.59   7.70    85  34.25  29.78  16858
  1601  69281 410951   6.02   0.60   6.60  11.52   7.19    79  34.20  29.79  16863
