# MEETVAARTUIG :
# MEETDATUM    : 2017-11-08 00:00:00
# MEETGEBIED   : GREVELINGEN
# STARTPUNT    : Grevelingen
# EINDPUNT     : Grevelingen
# PROJECTCODE  : E7501X
# OPDRACHTGEVER: ZLXXAXAMDBG
# BEHEERDER    : ZLXXAXBMDBG
# BEMONST. INST:
# WAARNEMER(S) : K de Vlaam
#
* 20171108
$ 9999 [000000000000000]
>TIJD      uumm                    
>X         coordinaat              
>Y         coordinaat              
>SENSHTE   Diepte set        m     
>Echms     Echoset           mtrs  
>Temp      Temperatuur       oC        : 10  1.0  11  1.0
>pH        Zuurgraad         dimsls
>O2        Zuurstof          mg/l  
>%O2       Zuurstof%         %     
>GELBH     Geleidendheid     mS/cm 
>GEL20     Gel20             ???   
>SALNTT    Saliniteit        dimsl 
>CL-       Chloride          mg/l      : 16500  125  13  125
>CHFLYSI   Chlorofyl         ugr/l 
>TURBID    Troebelheid       NTU   
 -2359  47466 418850   1.00   9999   9999   9999   9999  9999   9999  9999   9999   9999   9999   9999
  2359  47466 418850  15.96   9999   9999   9999   9999  9999   9999  9999   9999   9999   9999   9999
 -1211  47981 418355   1.00  16.41  10.81   7.96   8.65    94  34.81  4292  30.97  17549   0.70   0.50
  1211  47967 418356   2.01  15.68  10.81   7.96   8.66    94  34.82  4294  30.98  17555   0.70   0.40
  1212  47959 418356   3.00  14.54  10.82   7.96   8.65    94  34.84  4295  30.99  17561   0.60   0.60
  1212  47956 418356   3.96  13.71  10.84   7.95   8.63    94  34.87  4297  31.00  17569   0.50   0.90
  1213  47953 418358   4.99  12.99  10.85   7.95   8.61    94  34.88  4297  31.00  17570   0.40   1.00
  1213  47954 418362   6.00  11.15  10.83   7.96   8.59    94  34.85  4295  30.99  17562   0.60   1.00
  1214  47955 418363   7.00  10.05  10.84   7.96   8.59    94  34.86  4295  30.99  17563   0.60   0.80
  1214  47956 418365   7.99   8.98  10.87   7.96   8.57    94  34.91  4298  31.02  17577   0.40   1.40
  1215  47958 418364   9.04   7.86  10.88   7.96   8.55    93  34.92  4298  31.02  17578   0.50   1.40
  1216  47957 418364  10.00   6.78  10.97   7.95   8.52    93  35.07  4307  31.09  17619   0.40   2.20
  1217  47951 418363  11.00   6.03  11.76   7.94   8.09    90  36.14  4354  31.47  17834   0.40   4.90
  1218  47952 418361  11.95   5.06  11.85   7.94   7.70    86  36.31  4365  31.55  17885   0.20   4.60
  1218  47954 418360  12.98   4.08  11.92   7.94   7.71    86  36.37  4365  31.55  17884   0.10   4.50
  1219  47955 418359  14.06   3.00  12.14   7.93   7.61    86  36.70  4382  31.68  17959   0.20   3.00
  1219  47954 418357  15.00   2.03  13.01   7.91   7.18    83  38.05  4450  32.23  18273   0.10   1.50
  1220  47953 418357  16.00   1.19  13.22   7.91   6.95    80  38.23  4449  32.22  18267   0.20   1.60
 -1139  48678 418209   1.00   0.00  10.85   7.96   8.68    95  34.85  4293  30.97  17552   0.60   0.10
  1139  48689 418227   1.97  42.36  10.85   7.96   8.69    95  34.86  4294  30.98  17558   0.60   0.20
  1139  48696 418231   2.94  40.82  10.85   7.96   8.67    95  34.86  4294  30.98  17558   0.50   0.30
  1140  48708 418238   4.00  39.07  10.85   7.96   8.65    94  34.87  4295  30.99  17564   0.50   0.50
  1141  48710 418240   5.00  38.14  10.88   7.96   8.62    94  34.92  4298  31.02  17578   0.40   1.00
  1141  48720 418242   5.96  37.13  10.91   7.96   8.59    94  34.96  4300  31.03  17586   0.50   1.70
  1142  48725 418244   7.00  36.13  10.91   7.96   8.55    93  34.97  4301  31.04  17591   0.40   1.90
  1142  48723 418245   8.00  34.38  10.91   7.96   8.54    93  34.97  4301  31.04  17591   0.30   2.00
  1142  48720 418245   8.96  33.63  10.91   7.96   8.53    93  34.98  4303  31.05  17597   0.40   2.20
  1143  48716 418246  10.00  32.39  11.42   7.95   8.30    92  35.66  4332  31.29  17732   0.40   4.30
  1143  48719 418246  11.01  31.50  11.68   7.94   8.19    91  36.08  4356  31.47  17840   0.30   4.80
  1143  48721 418246  12.01  30.64  11.74   7.95   8.04    90  36.19  4363  31.53  17872   0.50   5.70
  1144  48719 418245  13.02  29.50  11.86   7.95   7.89    88  36.32  4366  31.55  17886   0.40   5.40
  1144  48717 418245  14.01  28.22  12.60   7.93   7.65    87  37.31  4406  31.88  18070   0.20   3.70
  1146  48722 418243  15.00  28.38  13.15   7.91   6.77    78  38.15  4447  32.20  18258   0.00   1.30
  1147  48723 418242  15.97   0.00  13.19   7.91   6.67    77  38.22  4451  32.24  18277   0.10   1.30
  1147  48724 418242  16.98  26.90  13.21   7.91   6.69    77  38.26  4453  32.26  18288   0.10   1.20
  1148  48722 418240  18.00  25.77  13.42   7.90   6.61    77  38.55  4465  32.35  18342   0.20   1.10
  1149  48720 418239  19.01  24.73  13.57   7.90   6.42    75  38.81  4479  32.46  18408   0.20   1.00
  1150  48723 418238  20.02  24.12  13.70   7.89   6.08    71  39.04  4492  32.57  18468   0.30   0.60
  1150  48721 418236  21.02  23.04  13.78   7.89   5.88    69  39.15  4496  32.60  18488   0.10   0.80
  1151  48717 418235  21.99  22.13  13.80   7.88   5.81    68  39.19  4499  32.62  18499   0.00   0.70
  1151  48719 418235  23.01  21.32  13.85   7.88   5.73    67  39.27  4503  32.65  18517   0.10   0.50
  1152  48720 418234  23.99  20.44  13.87   7.88   5.66    66  39.30  4504  32.67  18524   0.20   0.60
  1153  48721 418233  24.99  19.47  13.88   7.88   5.61    66  39.33  4506  32.68  18535   0.10   0.30
  1153  48720 418232  26.00  18.35  13.90   7.88   5.57    65  39.36  4508  32.70  18541   0.10   0.40
  1154  48720 418230  27.01  17.14  13.99   7.87   5.54    65  39.51  4515  32.76  18577   0.20   0.30
  1154  48719 418229  28.02  16.36  14.00   7.87   5.51    65  39.52  4515  32.76  18577   0.10   0.30
  1155  48715 418226  29.01  15.61  14.03   7.87   5.46    64  39.59  4520  32.80  18600   0.10   0.80
  1156  48715 418224  30.00  14.61  14.06   7.87   5.44    64  39.65  4524  32.83  18617   0.10   0.60
  1156  48725 418229  31.00  13.93  14.07   7.86   5.36    63  39.69  4528  32.86  18633   0.10   0.30
  1157  48732 418231  32.01  12.88  14.07   7.86   5.28    62  39.72  4531  32.88  18649   0.10   0.40
  1158  48726 418228  33.00   7.95  14.07   7.85   5.15    61  39.77  4537  32.93  18676   0.10   0.40
  1158  48725 418228  34.01  10.75  14.07   7.84   5.11    60  39.77  4537  32.93  18676   0.10   0.40
  1158  48723 418227  35.00   9.88  14.07   7.84   5.09    60  39.78  4538  32.94  18682   0.10   0.60
  1159  48719 418225  36.01   8.79  14.06   7.84   5.01    59  39.78  4539  32.95  18687   0.00   0.80
  1159  48711 418221  37.01   7.60  14.06   7.83   4.90    58  39.80  4541  32.97  18697  -0.10   0.80
  1200  48706 418219  37.99   7.00  14.06   7.83   4.84    57  39.80  4541  32.97  18697   0.00   0.30
  1200  48705 418218  38.98   6.48  14.06   7.82   4.84    57  39.80  4541  32.97  18697   0.00   0.40
  1200  48704 418218  39.95   4.94  14.06   7.82   4.84    57  39.80  4541  32.97  18697   0.00   0.60
  1200  48706 418219  41.01   3.61  14.06   7.82   4.83    57  39.81  4542  32.97  18703   0.00   0.30
  1200  48706 418219  42.00   2.61  14.06   7.82   4.83    57  39.81  4542  32.97  18703   0.00   0.30
  1200  48706 418219  43.01   1.61  14.06   7.82   4.83    57  39.81  4542  32.97  18703   0.00   0.30
 -1122  49771 418266   1.00  17.53  10.86   7.95   8.67    94  34.81  4287  30.93  17525   0.60  -0.20
  1122  49762 418264   1.99  17.31  10.86   7.95   8.66    94  34.83  4290  30.95  17536   0.50  -0.20
  1122  49753 418262   2.99  18.22  10.86   7.95   8.67    94  34.78  4283  30.90  17507   0.40  -0.10
  1123  49742 418261   4.00  18.63  10.87   7.95   8.65    94  34.70  4272  30.81  17457   0.40   0.00
  1123  49735 418260   5.00  18.06  10.92   7.95   8.63    94  34.75  4273  30.82  17461   0.50   0.30
  1123  49730 418260   5.98  15.45  10.92   7.95   8.61    94  34.86  4287  30.93  17524   0.40   0.40
  1124  49716 418264   7.01  12.88  11.01   7.95   8.56    94  35.06  4302  31.05  17593   0.40   0.90
  1124  49709 418267   8.00  11.05  11.03   7.95   8.47    93  35.12  4307  31.09  17618   0.30   1.60
  1124  49706 418271   9.01   9.23  11.03   7.95   8.42    92  35.12  4307  31.09  17618   0.40   2.20
  1125  49711 418284  10.00   7.68  11.77   7.94   8.23    92  36.11  4350  31.43  17812   0.20   2.60
  1126  49718 418291  10.98   6.63  11.89   7.93   8.04    90  36.21  4349  31.42  17809   0.20   2.20
  1126  49728 418292  11.99   6.05  12.05   7.93   7.92    89  36.36  4350  31.43  17814   0.30   1.40
  1126  49733 418292  12.99   4.96  12.10   7.93   7.85    88  36.43  4354  31.46  17829   0.30   1.00
  1127  49733 418292  13.99   4.14  12.16   7.92   7.84    88  36.55  4362  31.52  17866   0.20   0.90
  1128  49734 418289  14.99   3.33  12.90   7.91   7.28    83  37.72  4423  32.01  18147   0.10   0.50
  1128  49733 418287  16.00   1.91  13.57   7.89   6.88    80  38.81  4479  32.46  18408   0.20   0.10
  1129  49733 418286  17.01   1.19  13.74   7.89   6.49    76  39.06  4490  32.55  18459   0.20   0.10
 -2359  50728 418380   1.00   9999   9999   9999   9999  9999   9999  9999   9999   9999   9999   9999
  2359  50728 418380  27.01   9999   9999   9999   9999  9999   9999  9999   9999   9999   9999   9999
 -1051  51591 418584   0.99  36.38  10.77   7.93   9.00    98  34.75  4289  30.94  17535   0.50  -0.20
  1052  51572 418561   1.99  36.05  10.76   7.93   8.84    96  34.75  4290  30.95  17539   0.50  -0.60
  1052  51565 418553   2.99  34.44  10.76   7.93   8.77    96  34.75  4290  30.95  17539   0.40  -0.60
  1053  51563 418547   4.00  32.59  10.77   7.93   8.75    95  34.77  4292  30.96  17546   0.40  -0.60
  1053  51562 418543   5.00  31.54  10.77   7.93   8.72    95  34.79  4294  30.98  17557   0.30  -0.60
  1053  51559 418541   5.94  30.82  10.77   7.93   8.69    95  34.80  4295  30.99  17563   0.10  -0.60
  1054  51555 418542   7.00  29.85  10.77   7.93   8.64    94  34.80  4295  30.99  17563   0.30  -0.60
  1054  51551 418547   7.99  29.18  10.77   7.93   8.62    94  34.79  4294  30.98  17557   0.30  -0.60
  1055  51545 418563   8.99  25.65  10.75   7.93   8.52    93  34.82  4300  31.03  17585   0.20  -0.40
  1055  51553 418579  10.00  25.19  11.55   7.92   8.35    93  35.82  4338  31.33  17758   0.20   0.50
  1056  51560 418585  11.00  24.79  11.69   7.92   8.24    92  36.01  4346  31.40  17796   0.10   0.40
  1057  51560 418585  12.01  23.83  11.76   7.92   8.16    91  36.10  4350  31.43  17812   0.20   0.30
  1057  51564 418583  13.00  23.03  11.86   7.92   8.10    90  36.22  4354  31.46  17830   0.10   0.10
  1058  51567 418575  14.03  22.60  12.44   7.91   7.67    87  37.08  4395  31.79  18022   0.20   0.10
  1059  51567 418567  15.00  22.62  13.02   7.91   7.25    83  37.90  4431  32.08  18186   0.00   0.20
  1100  51572 418562  16.03  21.24  13.14   7.91   7.05    81  38.07  4438  32.14  18220   0.10   0.50
  1101  51569 418556  17.00  20.42  13.57   7.90   6.80    79  38.73  4470  32.39  18365   0.00   0.00
  1102  51571 418551  18.03  19.45  13.85   7.89   6.40    75  39.19  4493  32.58  18474  -0.10  -0.20
  1103  51573 418553  19.01  18.23  13.92   7.89   6.35    75  39.28  4496  32.60  18488   0.00  -0.10
  1103  51573 418556  20.00  17.16  13.93   7.89   6.33    74  39.30  4498  32.61  18494   0.10  -0.20
  1103  51573 418561  21.00  16.36  13.97   7.89   6.32    74  39.37  4501  32.64  18511   0.10  -0.30
  1104  51572 418565  22.00  14.99  14.01   7.90   6.28    74  39.42  4503  32.66  18518   0.10  -0.30
  1104  51571 418565  23.00  14.79  14.00   7.90   6.26    74  39.42  4504  32.67  18523  -0.10  -0.30
  1104  51570 418566  24.00  13.74  14.04   7.90   6.23    73  39.49  4508  32.70  18541   0.00  -0.30
  1105  51570 418570  25.03  12.59  14.06   7.89   6.11    72  39.55  4513  32.73  18563   0.10  -0.40
  1105  51570 418575  26.00  11.25  14.10   7.89   6.02    71  39.62  4516  32.77  18581   0.20  -0.30
  1106  51569 418578  27.00   9.53  14.13   7.89   5.87    69  39.67  4519  32.79  18593   0.10  -0.30
  1107  51562 418577  28.01   8.09  14.14   7.88   5.73    68  39.70  4521  32.80  18604   0.00  -0.40
  1107  51559 418576  29.00   7.05  14.15   7.88   5.69    67  39.72  4523  32.81  18610   0.00  -0.30
  1108  51559 418576  30.01   6.53  14.16   7.87   5.57    66  39.74  4524  32.82  18615   0.00  -0.30
  1108  51559 418576  31.00   5.38  14.16   7.87   5.55    66  39.74  4524  32.82  18615   0.00  -0.30
  1108  51560 418576  32.02   4.25  14.16   7.87   5.52    65  39.75  4525  32.83  18621   0.10  -0.30
  1109  51561 418575  33.01   3.70  14.16   7.87   5.47    65  39.75  4525  32.83  18621   0.00  -0.40
  1110  51561 418574  34.03   2.85  14.16   7.87   5.42    64  39.75  4525  32.83  18621   0.10  -0.30
  1110  51566 418574  35.00   2.38  14.17   7.86   5.39    64  39.76  4525  32.83  18621   0.10  -0.20
  1111  51567 418573  35.99   1.63  14.17   7.86   5.35    63  39.76  4525  32.83  18621  -0.10  -0.20
 -1035  52956 420294   1.00  10.00  10.84   7.94   8.64    94  34.75  4282  30.88  17500   0.40  -0.60
  1036  52944 420287   2.04   9.04  10.84   7.94   8.64    94  34.75  4282  30.88  17500   0.30  -0.70
  1036  52942 420282   3.00   7.73  10.84   7.94   8.64    94  34.74  4281  30.87  17494   0.40  -0.60
  1037  52938 420278   3.99   7.19  10.84   7.94   8.62    94  34.75  4282  30.88  17500   0.20  -0.60
  1037  52935 420281   4.99   1.20  10.85   7.94   8.61    94  34.76  4282  30.89  17501   0.20  -0.70
  1037  52933 420282   5.95   1.06  10.85   7.94   8.60    94  34.76  4282  30.89  17501   0.40  -0.70
  1037  52932 420284   6.97   4.20  10.86   7.94   8.58    94  34.77  4282  30.89  17502   0.40  -0.70
  1038  52929 420286   8.01   3.18  10.88   7.94   8.58    94  34.84  4289  30.94  17532   0.20  -0.70
  1038  52929 420289   9.00   2.01  10.85   7.95   8.59    94  34.84  4292  30.96  17547   0.30  -0.60
  1040  52932 420298   9.99   1.29  11.55   7.92   8.06    90  35.80  4335  31.31  17747   0.10  -0.50
 -1023  53738 421059   0.97  16.19  10.98   7.93   8.66    95  34.88  4283  30.89  17506   0.40  -0.60
  1023  53727 421059   2.02  15.24  10.99   7.93   8.65    95  34.89  4283  30.90  17506   0.40  -0.60
  1023  53715 421057   3.01  14.13  10.98   7.93   8.62    94  34.88  4283  30.89  17506   0.40  -0.60
  1024  53712 421055   4.00  13.06  10.98   7.93   8.59    94  34.88  4283  30.89  17506   0.40  -0.60
  1024  53708 421053   5.01  12.14  10.98   7.93   8.58    94  34.88  4283  30.89  17506   0.10  -0.60
  1024  53706 421051   5.98  11.29  10.97   7.93   8.57    94  34.87  4283  30.89  17505   0.30  -0.60
  1025  53705 421048   7.00   9.90  10.97   7.93   8.55    94  34.87  4283  30.89  17505   0.30  -0.60
  1025  53704 421046   7.99   9.28  10.94   7.93   8.52    93  34.85  4284  30.90  17508   0.30  -0.60
  1026  53701 421054   9.01   8.40  10.91   7.93   8.50    93  34.82  4283  30.89  17506   0.20  -0.60
  1026  53700 421058  10.00   7.16  10.97   7.92   8.50    93  34.90  4287  30.92  17522   0.30  -0.50
  1026  53700 421060  10.99   6.34  11.00   7.93   8.48    93  34.96  4291  30.96  17541   0.00  -0.50
  1027  53699 421063  11.99   5.15  10.96   7.93   8.46    93  34.92  4290  30.95  17538   0.20  -0.30
  1027  53699 421064  12.97   4.56  11.03   7.92   8.43    92  35.02  4295  30.99  17561   0.30  -0.30
  1027  53698 421066  13.98   3.59  11.24   7.92   8.32    92  35.32  4310  31.11  17628   0.20  -0.30
  1027  53698 421067  14.99   2.40  11.43   7.91   8.24    91  35.56  4319  31.18  17670   0.20  -0.30
  1028  53697 421067  15.97   1.29  11.81   7.90   8.05    90  36.16  4352  31.44  17821   0.10  -0.20
 -2359  55190 421380   1.00   9999   9999   9999   9999  9999   9999  9999   9999   9999   9999   9999
  2359  55190 421380  20.00   9999   9999   9999   9999  9999   9999  9999   9999   9999   9999   9999
 -1005  56277 420502   1.00  11.30  10.76   7.94   8.81    96  34.61  4273  30.81  17459   0.20  -0.70
  1006  56274 420520   2.00  10.41  10.77   7.94   8.81    96  34.63  4274  30.83  17466   0.30  -0.60
  1006  56274 420522   3.00   9.64  10.77   7.94   8.80    96  34.63  4274  30.83  17466   0.30  -0.60
  1006  56272 420522   4.01   8.49  10.77   7.94   8.79    96  34.63  4274  30.83  17466   0.20  -0.60
  1007  56270 420522   5.00   7.65  10.77   7.94   8.78    96  34.63  4274  30.83  17466   0.30  -0.70
  1007  56269 420521   6.03   6.73  10.77   7.94   8.77    96  34.63  4274  30.83  17466   0.10  -0.60
  1007  56268 420521   6.99   5.79  10.77   7.95   8.76    95  34.63  4274  30.83  17466   0.20  -0.60
  1007  56267 420521   7.99   4.81  10.76   7.95   8.75    95  34.63  4275  30.83  17471   0.30  -0.70
  1008  56265 420520   8.98   3.73  10.77   7.95   8.74    95  34.63  4274  30.83  17466   0.30  -0.70
  1008  56265 420521  10.00   2.41  10.79   7.95   8.74    95  34.68  4278  30.86  17485   0.20  -0.70
  1008  56265 420522  11.00   1.71  10.84   7.95   8.74    95  34.79  4287  30.92  17523   0.20  -0.70
  1009  56265 420525  12.01   0.98  11.09   7.95   8.66    95  35.12  4301  31.04  17588   0.20  -0.60
 -2359  57620 418940   1.00   9999   9999   9999   9999  9999   9999  9999   9999   9999   9999   9999
  2359  57620 418940  16.05   9999   9999   9999   9999  9999   9999  9999   9999   9999   9999   9999
 -0940  57967 417176   1.00  19.33  10.98   7.95   8.62    94  34.70  4261  30.72  17403   0.30  -0.60
  0940  57962 417185   2.01  18.49  10.99   7.95   8.61    94  34.71  4261  30.72  17404   0.30  -0.70
  0941  57960 417187   3.01  17.50  10.99   7.95   8.60    94  34.72  4262  30.73  17409   0.40  -0.70
  0941  57957 417189   3.97  16.64  10.98   7.95   8.59    94  34.71  4262  30.73  17409   0.40  -0.70
  0942  57952 417195   5.00  15.53  10.98   7.95   8.58    94  34.71  4262  30.73  17409   0.40  -0.70
  0942  57951 417196   6.00  14.63  10.99   7.95   8.58    94  34.71  4261  30.72  17404   0.30  -0.70
  0942  57950 417196   7.00  13.59  10.99   7.95   8.57    94  34.71  4261  30.72  17404   0.30  -0.70
  0943  57948 417197   7.99  12.74  10.99   7.95   8.57    94  34.72  4262  30.73  17409   0.40  -0.60
  0943  57951 417201   8.99  11.65  11.01   7.95   8.56    94  34.75  4264  30.74  17417   0.30  -0.60
  0943  57954 417205  10.01  10.48  11.01   7.95   8.56    94  34.78  4268  30.77  17434   0.30   0.10
  0944  57956 417206  11.02   9.60  11.01   7.95   8.55    94  34.79  4269  30.78  17440   0.20  -0.40
  0944  57955 417206  11.96   8.70  11.00   7.95   8.54    93  34.78  4269  30.78  17439   0.10  -0.60
  0944  57952 417203  12.95   7.74  10.83   7.95   8.56    93  34.63  4268  30.77  17436   0.20  -0.60
  0944  57950 417200  13.99   6.70  10.89   7.95   8.58    94  34.72  4273  30.81  17458   0.20  -0.60
  0945  57946 417196  15.00   5.34  10.92   7.96   8.59    94  34.76  4275  30.83  17467   0.20  -0.60
  0945  57946 417195  15.98   4.76  10.92   7.96   8.61    94  34.76  4275  30.83  17467   0.20  -0.60
  0945  57947 417195  17.00   3.65  10.91   7.96   8.62    94  34.76  4276  30.84  17471   0.20  -0.60
  0946  57948 417195  18.00   2.51  10.91   7.96   8.61    94  34.76  4276  30.84  17471   0.40  -0.50
  0946  57949 417194  19.00   1.76  10.90   7.96   8.61    94  34.76  4277  30.84  17476   0.30  -0.50
  0947  57952 417197  19.97   0.78  10.90   7.96   8.61    94  34.76  4277  30.84  17476   0.00  -0.50
 -0919  59094 414898   1.01  17.91  10.98   7.95   8.55    94  34.71  4262  30.73  17409   0.20  -0.60
  0919  59094 414895   1.99  16.89  10.98   7.95   8.55    94  34.72  4263  30.74  17414   0.30  -0.60
  0920  59093 414894   3.03  15.96  11.00   7.95   8.55    94  34.73  4263  30.73  17410   0.30  -0.50
  0920  59093 414893   4.00  14.95  11.00   7.95   8.55    94  34.74  4264  30.74  17416   0.40  -0.60
  0920  59093 414893   4.97  13.93  11.01   7.95   8.53    93  34.74  4263  30.73  17411   0.50  -0.60
  0921  59092 414897   6.01  12.69  10.99   7.95   8.52    93  34.72  4262  30.73  17409   0.10  -0.60
  0921  59092 414901   7.00  11.51  11.00   7.95   8.51    93  34.73  4263  30.73  17410   0.30  -0.70
  0921  59091 414902   8.01  10.70  11.02   7.95   8.51    93  34.75  4263  30.73  17412   0.20  -0.60
  0922  59091 414900   9.00   9.58  11.02   7.95   8.50    93  34.76  4264  30.74  17418   0.20  -0.60
  0922  59090 414896  10.00   8.89  11.03   7.94   8.48    93  34.76  4263  30.73  17413   0.10  -0.60
  0922  59090 414892  10.95   8.08  11.05   7.94   8.44    92  34.79  4265  30.75  17420   0.10  -0.60
  0922  59090 414891  12.01   6.88  11.09   7.94   8.42    92  34.85  4268  30.77  17435   0.10  -0.60
  0923  59090 414892  13.02   5.80  11.08   7.94   8.36    92  34.84  4268  30.77  17434   0.10  -0.40
  0923  59091 414896  14.00   4.38  11.15   7.94   8.32    91  34.93  4271  30.80  17451   0.20  -0.50
  0924  59092 414900  15.01   3.63  11.19   7.93   8.28    91  34.98  4273  30.82  17460   0.30  -0.60
  0924  59092 414901  16.00   2.65  11.21   7.93   8.24    91  35.00  4274  30.82  17461   0.20  -0.50
  0925  59093 414901  17.01   1.39  11.07   7.93   8.23    90  34.87  4272  30.81  17456   0.20  -0.50
 -0859  61239 413038   0.99   9.36  10.79   7.96   8.70    95  34.50  4256  30.68  17382   0.30  -0.60
  0900  61231 413043   2.02   8.23  10.79   7.96   8.69    95  34.50  4256  30.68  17382   0.10  -0.60
  0900  61229 413044   3.00   7.08  10.79   7.95   8.69    95  34.51  4257  30.69  17387   0.10  -0.60
  0900  61226 413045   3.99   6.34  10.79   7.96   8.69    95  34.50  4256  30.68  17382   0.30  -0.60
  0901  61223 413046   5.00   5.05  10.79   7.96   8.68    94  34.51  4257  30.69  17387   0.20  -0.60
  0901  61223 413045   6.01   3.78  10.79   7.96   8.67    94  34.51  4257  30.69  17387   0.20  -0.60
  0901  61222 413045   7.02   3.08  10.79   7.96   8.67    94  34.50  4256  30.68  17382   0.30  -0.60
  0902  61221 413045   8.00   2.04  10.79   7.96   8.67    94  34.50  4256  30.68  17382   0.20  -0.60
  0902  61220 413046   9.00   1.13  10.79   7.96   8.67    94  34.50  4256  30.68  17382   0.50  -0.60
 -2359  62300 412250   1.00   9999   9999   9999   9999  9999   9999  9999   9999   9999   9999   9999
  2359  62300 412250  17.00   9999   9999   9999   9999  9999   9999  9999   9999   9999   9999   9999
 -0830  65267 412087   1.02  12.58  10.24   7.98   9.09    98  33.95  4245  30.60  17335   0.10  -0.70
  0831  65271 412082   2.00  11.45  10.24   7.98   9.08    98  33.95  4245  30.60  17335   0.10  -0.70
  0831  65269 412082   3.00  10.64  10.23   7.98   9.06    97  33.95  4247  30.60  17339   0.20  -0.70
  0832  65264 412083   4.01   9.46  10.21   7.98   9.02    97  33.94  4247  30.61  17344   0.10  -0.70
  0833  65267 412076   5.03   8.35  10.21   7.98   8.97    96  33.94  4247  30.61  17344   0.30  -0.70
  0833  65267 412074   6.01   7.15  10.21   7.98   8.97    96  33.94  4247  30.61  17344   0.20  -0.70
  0833  65264 412076   7.00   6.24  10.20   7.98   8.97    96  33.93  4247  30.61  17343   0.10  -0.70
  0834  65259 412081   8.03   5.23  10.20   7.98   8.96    96  33.93  4247  30.61  17343   0.20  -0.70
  0834  65258 412080   9.00   4.25  10.20   7.98   8.95    96  33.93  4247  30.61  17343   0.30  -0.70
  0834  65259 412077  10.00   3.41  10.19   7.98   8.92    96  33.92  4247  30.61  17342   0.20  -0.70
  0835  65258 412077  11.03   2.03  10.18   7.98   8.90    96  33.92  4248  30.62  17347   0.20  -0.70
  0835  65257 412082  12.00   1.46  10.16   7.98   8.88    95  33.91  4249  30.62  17351   0.30  -0.70
  0836  65255 412082  12.95   0.78  10.16   7.98   8.86    95  33.90  4248  30.61  17345   0.20  -0.70
 -2359  66330 411630   1.00   9999   9999   9999   9999  9999   9999  9999   9999   9999   9999   9999
  2359  66330 411630   7.00   9999   9999   9999   9999  9999   9999  9999   9999   9999   9999   9999
 -0814  67369 411348   0.96  11.56  10.58   7.95   8.71    94  34.28  4251  30.64  17358   0.20  -0.70
  0814  67336 411348   2.01  10.56  10.57   7.95   8.70    94  34.27  4251  30.64  17357   0.30  -0.70
  0815  67328 411348   2.95   9.71  10.57   7.95   8.70    94  34.27  4251  30.64  17357   0.30  -0.70
  0815  67325 411347   3.98   8.70  10.56   7.95   8.69    94  34.26  4251  30.64  17356   0.30  -0.70
  0815  67322 411345   5.00   7.60  10.57   7.95   8.68    94  34.27  4251  30.64  17357   0.20  -0.70
  0815  67318 411346   6.02   6.70  10.57   7.95   8.68    94  34.27  4251  30.64  17357   0.20  -0.70
  0816  67315 411351   7.00   5.69  10.56   7.95   8.68    94  34.26  4251  30.64  17356   0.20  -0.70
  0816  67314 411364   7.96   4.93  10.56   7.95   8.66    94  34.26  4251  30.64  17356   0.10  -0.70
  0817  67318 411382   9.00   3.81  10.53   7.95   8.65    94  34.23  4250  30.63  17354   0.30  -0.70
  0817  67319 411387  10.01   2.73  10.51   7.96   8.66    94  34.21  4250  30.63  17352   0.30  -0.70
  0817  67317 411389  11.01   1.73  10.50   7.96   8.66    94  34.21  4251  30.64  17357   0.30  -0.70
  0818  67318 411391  12.02   0.75  10.52   7.96   8.64    94  34.23  4251  30.64  17359   0.30  -0.70
 -2359  68840 411250   1.00   9999   9999   9999   9999  9999   9999  9999   9999   9999   9999   9999
  2359  68840 411250  10.94   9999   9999   9999   9999  9999   9999  9999   9999   9999   9999   9999
 -0802  69276 410962   1.03   2.65  11.29   7.91   8.31    92  35.37  4311  31.11  17632   0.30  -0.60
  0802  69283 410958   2.00   0.85  11.48   7.91   8.23    91  35.67  4327  31.25  17708   0.12  -0.60
  0803  69284 410959   2.96   0.82  11.48   7.91   8.20    91  35.67  4327  31.25  17708   0.20  -0.60
  0803  69285 410959   3.95   0.75  11.34   7.91   8.20    91  35.51  4322  31.21  17686   0.20  -0.50
  0803  69286 410960   5.02   0.94  11.43   7.91   8.18    91  35.60  4324  31.22  17691   0.10  -0.50
