# MEETVAARTUIG :
# MEETDATUM    : 2019-04-25 00:00:00
# MEETGEBIED   : GREVELINGEN
# STARTPUNT    : Bruinisse
# EINDPUNT     : Bruinisse
# PROJECTCODE  : Grev vert
# OPDRACHTGEVER: RIKZMON_CHEMIE
# BEHEERDER    : RIKZITSMDBG
# BEMONST. INST:
# WAARNEMER(S) : Michel de wit
#
* 20190425
$ 9999 [000000000000000]
>TIJD      uumm                    
>X         coordinaat              
>Y         coordinaat              
>SENSHTE   Diepte set        m     
>Echms     Echoset           mtrs  
>Temp      Temperatuur       oC        : 4  1.0  11  1.0
>pH        Zuurgraad         dimsls
>O2        Zuurstof          mg/l  
>%O2       Zuurstof%         %     
>GELBH     Geleidendheid     mS/cm 
>GEL20     Gel20             ???   
>SALNTT    Saliniteit        dimsl 
>CL-       Chloride          mg/l      : 16750  125  13  125
>CHFLYSI   Chlorofyl         ugr/l 
>TURBID    Troebelheid       NTU   
 -2359  47466 418850   1.00   9999   9999   9999   9999  9999   9999  9999   9999   9999   9999   9999
  2359  47466 418850  15.96   9999   9999   9999   9999  9999   9999  9999   9999   9999   9999   9999
 -1043  47912 418339   1.04  17.88  13.80   8.57   9.71   114  36.80  4224  30.42  17220   1.50   0.10
  1044  47897 418334   2.13  17.20  13.80   8.56   9.74   115  36.81  4225  30.43  17225   1.40   0.10
  1044  47894 418333   3.14  16.31  13.80   8.56   9.73   115  36.80  4224  30.42  17220   1.70   0.10
  1045  47890 418336   4.06  14.89  13.68   8.57   9.73   115  36.77  4233  30.48  17259   2.00   0.20
  1045  47885 418340   5.30  13.39  13.60   8.57   9.75   115  36.77  4241  30.55  17296   2.20   0.40
  1045  47880 418346   5.99  12.73  13.49   8.58   9.79   115  36.76  4250  30.63  17342   2.50   0.70
  1046  47878 418350   6.97  11.54  13.35   8.58   9.88   116  36.74  4262  30.72  17397   4.20   1.50
  1046  47877 418350   8.21  10.43  13.30   8.59   9.89   116  36.73  4266  30.75  17415   6.00   1.80
  1047  47881 418345   9.16   9.70  13.20   8.59   9.93   116  36.73  4276  30.83  17463   7.50   2.40
  1047  47885 418338  10.15   8.89  13.21   8.59   9.96   116  36.74  4276  30.83  17463   8.00   2.20
  1048  47891 418327  11.25   8.61  13.06   8.59   9.98   116  36.67  4283  30.89  17496   8.80   2.30
  1048  47895 418324  12.05   8.20  12.98   8.59  10.00   116  36.67  4291  30.96  17535   8.30   2.70
  1048  47898 418319  13.26   7.03  12.83   8.59   9.97   116  36.65  4304  31.06  17595   8.30   2.60
  1049  47900 418312  13.98   0.00  12.83   8.60   9.98   116  36.67  4307  31.08  17606   8.70   3.20
  1049  47899 418308  15.09   5.25  12.79   8.60  10.00   116  36.67  4311  31.11  17626  13.10   4.20
  1050  47884 418325  16.01   4.11  12.40   8.56   9.75   112  36.38  4317  31.16  17654  10.50   4.60
 -0954  48739 418187   1.07  43.68  13.73   8.63   9.81   115  36.32  4176  30.03  16996  -5.30   0.40
  0954  48743 418183   2.06  42.78  13.75   8.62   9.82   115  36.32  4174  30.02  16987  -2.70  -0.10
  0955  48742 418181   3.05  41.87  13.70   8.63   9.83   115  36.32  4179  30.05  17010  -4.40  -0.10
  0955  48741 418181   4.04  40.72  13.63   8.63   9.85   115  36.30  4184  30.09  17032  -4.40   0.10
  0955  48743 418179   5.06  39.73  13.54   8.64   9.90   116  36.29  4191  30.15  17068  -4.10   0.40
  0956  48742 418183   6.07  38.73  13.42   8.65  10.00   117  36.29  4203  30.25  17123  -3.90   0.50
  0956  48740 418182   7.06  37.51  13.41   8.65  10.00   117  36.35  4211  30.31  17160  -3.00   0.60
  0957  48739 418182   8.04  36.65  13.35   8.66  10.00   117  36.35  4217  30.36  17187  -2.20   0.70
  0957  48743 418184   9.02  35.72  13.14   8.65  10.00   117  36.25  4226  30.43  17231  -1.70   0.50
  0958  48748 418185  10.06  34.82  13.11   8.66  10.10   117  36.21  4225  30.42  17224  -3.40   0.40
  0958  48747 418183  10.97  33.89  13.00   8.66  10.10   117  36.21  4236  30.51  17275  -0.90   1.20
  0958  48743 418179  11.95  32.75  12.93   8.67  10.10   117  36.18  4239  30.54  17292  -4.10   1.60
  0959  48740 418178  12.94  31.62  12.77   8.66  10.10   117  36.09  4245  30.58  17318  -4.40   2.40
  0959  48741 418179  13.99  30.73  12.38   8.63  10.00   115  35.76  4245  30.59  17322  -4.00   1.00
  1001  48743 418184  14.97  29.84  10.78   8.49   8.75    97  34.21  4221  30.40  17221  -3.50  -0.10
  1003  48741 418179  15.97  28.72   9.54   8.31   7.50    81  33.20  4225  30.43  17241  -2.30  -0.10
  1003  48742 418179  17.01  27.60   9.31   8.24   7.25    78  33.14  4241  30.57  17320  -4.10   2.10
  1006  48737 418182  17.97  26.67   8.58   7.95   4.48    47  32.85  4283  30.90  17515  -2.20  -0.50
  1008  48735 418184  18.95  25.73   8.34   7.80   3.23    34  32.76  4297  31.02  17583  -2.30  -0.50
  1010  48744 418183  19.97  24.77   8.18   7.71   2.53    26  32.69  4306  31.08  17622  -3.50   0.00
  1012  48747 418185  20.97  23.92   8.13   7.77   3.26    34  32.66  4307  31.10  17630  -4.70   0.10
  1013  48744 418189  21.98  22.88   8.07   7.82   3.52    37  32.63  4310  31.12  17643  -5.00   0.00
  1013  48744 418190  22.94  21.93   8.02   7.81   3.56    37  32.62  4314  31.15  17662  -4.00  -0.30
  1013  48748 418185  23.94  20.88   8.01   7.82   3.57    37  32.61  4314  31.15  17661  -4.00  -0.30
  1014  48749 418182  24.94  19.75   8.01   7.82   3.63    38  32.61  4314  31.15  17661  -3.20   0.00
  1014  48749 418183  26.00  18.82   7.99   7.81   3.60    38  32.61  4316  31.17  17672  -4.40  -0.40
  1015  48749 418185  26.94  17.83   7.98   7.80   3.52    37  32.60  4316  31.17  17671  -3.30  -0.10
  1015  48747 418186  28.03  16.61   7.97   7.78   3.42    36  32.60  4317  31.17  17676  -4.30  -0.20
  1016  48746 418186  29.19  15.54   7.95   7.77   3.36    35  32.59  4318  31.18  17680  -5.00  -0.50
  1017  48746 418183  30.08  14.54   7.87   7.72   2.80    29  32.57  4324  31.23  17710  -5.20  -0.40
  1018  48745 418185  31.06  13.74   7.84   7.72   2.72    28  32.56  4326  31.25  17719  -5.50  -0.40
  1018  48743 418187  32.01  12.60   7.84   7.72   2.69    28  32.56  4326  31.25  17719  -5.00  -0.50
  1019  48742 418187  33.10  11.55   7.81   7.70   2.59    27  32.55  4328  31.26  17729  -4.80  -0.30
  1021  48750 418181  34.03  10.58   7.79   7.66   2.08    22  32.55  4330  31.28  17739  -2.70  -0.60
  1023  48742 418188  35.10   9.61   7.75   7.57   1.10    11  32.54  4334  31.31  17754  -4.20   0.00
  1023  48742 418187  36.07   8.63   7.72   7.54   1.04    11  32.53  4336  31.32  17763  -4.20   0.20
  1025  48745 418181  36.94   7.50   7.70   7.51   0.51     5  32.53  4338  31.34  17774  -4.90   0.10
  1025  48743 418183  38.17   6.51   7.70   7.51   0.45     5  32.53  4338  31.34  17774  -4.80   0.30
  1026  48741 418187  39.05   5.51   7.70   7.51   0.42     4  32.53  4338  31.34  17774  -3.20   0.30
  1026  48742 418192  40.18   4.50   7.69   7.50   0.40     4  32.53  4339  31.35  17779  -4.80   0.30
 -1020  49742 418293   1.11  16.78  13.59   8.56   9.67   114  36.62  4224  30.42  17221   1.20   0.00
  1020  49722 418323   1.68  16.19  13.58   8.56   9.71   114  36.62  4225  30.43  17225   1.20   0.00
  1021  49719 418333   2.94  14.86  13.58   8.55   9.73   114  36.62  4225  30.43  17225   1.50   0.00
  1021  49715 418337   4.14  13.79  13.57   8.55   9.75   114  36.61  4225  30.42  17225   1.50   0.00
  1021  49713 418341   4.98  13.08  13.57   8.55   9.75   114  36.62  4226  30.43  17230   1.80   0.00
  1022  49716 418339   5.97  12.08  13.56   8.55   9.74   114  36.61  4226  30.43  17229   1.90   0.10
  1022  49718 418334   7.12  10.94  13.54   8.55   9.73   114  36.61  4228  30.45  17239   1.80   0.00
  1022  49718 418331   8.12   9.90  13.22   8.54   9.73   113  36.35  4230  30.46  17248   1.60   0.20
  1023  49704 418344   9.28   8.94  13.03   8.58  10.20   119  36.69  4289  30.93  17522   3.50   0.90
  1024  49701 418348  10.38   7.86  12.75   8.57  10.20   119  36.37  4280  30.86  17481   3.40   1.00
  1024  49694 418359  11.07   7.30  12.55   8.56  10.10   117  36.29  4290  30.95  17533   3.60   0.80
  1025  49689 418368  12.19   6.30  12.49   8.55  10.10   116  36.22  4288  30.93  17523   3.70   0.80
  1026  49678 418377  13.25   5.89  11.84   8.51   9.72   110  35.63  4285  30.91  17509   3.40   0.60
  1027  49693 418364  14.34   4.25  10.53   8.41   8.99    99  34.40  4271  30.80  17452   1.50   0.20
  1029  49711 418345  15.04   0.00  10.07   8.35   8.50    93  34.00  4270  30.79  17448   1.00   0.10
 -2359  50728 418380   1.00   9999   9999   9999   9999  9999   9999  9999   9999   9999   9999   9999
  2359  50728 418380  27.01   9999   9999   9999   9999  9999   9999  9999   9999   9999   9999   9999
 -2359  51572 418570   1.00   9999   9999   9999   9999  9999   9999  9999   9999   9999   9999   9999
  2359  51572 418570  37.00   9999   9999   9999   9999  9999   9999  9999   9999   9999   9999   9999
 -1000  52987 420351   0.95  10.46  13.80   8.54   9.32   110  36.76  4220  30.38  17198   1.70  -0.10
  1000  52962 420333   1.79   9.45  13.80   8.54   9.34   110  36.76  4220  30.38  17198   1.80  -0.10
  1000  52963 420330   2.95   8.43  13.80   8.54   9.35   110  36.76  4220  30.38  17198   1.60  -0.10
  1000  52964 420331   4.31   6.96  13.80   8.54   9.37   110  36.76  4220  30.38  17198   1.70  -0.10
  1001  52965 420335   4.96   6.43  13.79   8.54   9.37   110  36.75  4220  30.38  17198   1.80  -0.10
  1001  52961 420339   6.17   5.19  13.78   8.54   9.38   111  36.74  4219  30.38  17197   1.70  -0.10
  1001  52959 420344   7.14   4.34  13.76   8.53   9.38   111  36.73  4220  30.38  17201   1.60  -0.10
  1002  52955 420347   8.03   3.48  13.75   8.53   9.36   110  36.71  4219  30.37  17195   1.50  -0.10
 -0943  53710 421067   1.01  16.10  13.73   8.55   9.42   111  36.69  4219  30.37  17193   1.50   0.00
  0943  53691 421052   2.05  10.81  13.73   8.55   9.44   111  36.69  4219  30.37  17193   1.60   0.00
  0943  53689 421054   2.97  14.30  13.72   8.55   9.46   111  36.69  4220  30.38  17198   1.60  -0.10
  0944  53686 421056   4.09  13.09  13.72   8.55   9.45   111  36.69  4220  30.38  17198   1.70  -0.10
  0944  53684 421056   4.71  12.48  13.72   8.54   9.46   111  36.70  4221  30.39  17203   1.60  -0.10
  0945  53685 421059   5.92  11.35  13.72   8.54   9.43   111  36.70  4221  30.39  17203   1.50  -0.10
  0945  53682 421061   7.28   9.89  13.72   8.54   9.42   111  36.69  4220  30.38  17198   1.40  -0.10
  0945  53683 421061   8.04   9.21  13.71   8.54   9.38   110  36.70  4222  30.40  17208   1.50  -0.10
  0946  53685 421059   9.14   8.21  13.71   8.54   9.36   110  36.69  4221  30.39  17203   1.40  -0.10
  0946  53683 421069  10.06   7.45  13.69   8.54   9.36   110  36.68  4221  30.39  17206   1.40  -0.10
  0947  53676 421080  11.14   6.46  13.72   8.54   9.37   110  36.70  4221  30.39  17203   1.50  -0.10
  0947  53666 421084  12.22   5.51  13.69   8.54   9.38   110  36.68  4221  30.39  17206   1.40  -0.20
  0947  53678 421091  13.15   5.21  13.56   8.54   9.42   111  36.58  4223  30.40  17213   1.20  -0.10
  0952  53717 421027  14.02   2.64  13.48   8.53   9.35   110  36.52  4224  30.41  17218   1.10  -0.20
 -2359  55190 421380   1.00   9999   9999   9999   9999  9999   9999  9999   9999   9999   9999   9999
  2359  55190 421380  20.00   9999   9999   9999   9999  9999   9999  9999   9999   9999   9999   9999
 -0924  56396 420467   1.12  13.11  13.84   8.57   9.29   110  36.75  4215  30.34  17175   1.40  -0.10
  0924  56420 420445   2.02  12.10  13.84   8.57   9.35   110  36.75  4215  30.34  17175   1.40  -0.20
  0925  56421 420444   3.19  10.98  13.84   8.57   9.36   110  36.75  4215  30.34  17175   1.20  -0.20
  0925  56428 420443   4.17   9.98  13.83   8.56   9.36   110  36.75  4216  30.35  17179   1.30  -0.10
  0925  56439 420437   5.05   9.19  13.84   8.56   9.35   110  36.75  4215  30.34  17175   1.30  -0.20
  0926  56415 420440   5.96   8.11  13.82   8.56   9.35   110  36.74  4215  30.35  17178   1.20  -0.10
  0927  56405 420464   7.00   7.19  13.83   8.56   9.36   110  36.75  4216  30.35  17179   1.20  -0.20
  0927  56412 420466   7.99   6.31  13.81   8.55   9.34   110  36.74  4216  30.35  17183   1.20  -0.10
  0928  56416 420465   9.14   5.23  13.81   8.55   9.33   110  36.74  4216  30.35  17183   1.20  -0.10
  0928  56420 420466   9.98   4.55  13.79   8.55   9.32   110  36.72  4216  30.35  17182   1.20  -0.20
  0929  56431 420466  11.04   3.50  13.65   8.55   9.31   110  36.61  4217  30.36  17188   1.20  -0.20
 -2359  57620 418940   1.00   9999   9999   9999   9999  9999   9999  9999   9999   9999   9999   9999
  2359  57620 418940  16.05   9999   9999   9999   9999  9999   9999  9999   9999   9999   9999   9999
 -0859  57953 417184   0.91   0.00  13.62   8.57   9.30   109  36.57  4216  30.35  17180   1.40   0.10
  0859  57970 417177   2.01  18.33  13.63   8.56   9.36   110  36.59  4217  30.36  17186   1.50  -0.10
  0900  57976 417180   3.17  17.69  13.63   8.56   9.41   111  36.59  4217  30.36  17186   1.50   0.00
  0900  57979 417181   4.19   8.86  13.63   8.56   9.42   111  36.59  4217  30.36  17186   1.60  -0.10
  0900  57982 417182   5.13  10.59  13.63   8.55   9.44   111  36.59  4217  30.36  17186   1.50  -0.10
  0900  57983 417182   6.54  14.05  13.63   8.55   9.44   111  36.59  4217  30.36  17186   1.50   0.00
  0901  57981 417182   7.07   0.00  13.63   8.55   9.45   111  36.59  4217  30.36  17186   1.50   0.00
  0901  57986 417183   8.23  12.44  13.63   8.55   9.44   111  36.60  4218  30.37  17192   1.40   0.00
  0901  57992 417183   9.14  11.53  13.64   8.56   9.43   111  36.60  4217  30.36  17187   1.40   0.00
  0902  57992 417184  10.33  10.31  13.64   8.55   9.43   111  36.60  4217  30.36  17187   1.40  -0.10
  0902  57989 417186  11.02   9.71  13.63   8.55   9.41   111  36.60  4218  30.37  17192   1.40   0.00
  0902  57985 417189  12.24   8.44  13.64   8.55   9.41   111  36.61  4218  30.37  17192   1.40   0.00
  0903  57984 417191  13.15   7.54  13.63   8.55   9.39   110  36.59  4217  30.36  17186   1.40   0.00
  0904  57985 417198  14.20   5.54  12.58   8.49   9.05   104  35.82  4232  30.48  17261   0.70  -0.20
  0904  57987 417202  15.12   5.51  11.86   8.45   9.00   102  35.20  4231  30.48  17260   0.60  -0.20
  0906  58001 417219  16.30   3.79   9.96   8.26   7.71    84  33.75  4250  30.63  17356   0.40  -0.20
  0908  57997 417245  17.00   3.10   9.36   8.14   7.01    75  33.29  4255  30.68  17384   0.20  -0.40
 -0830  59100 414900   1.03  17.16  13.17   8.58   9.59   111  35.66  4154  29.86  16900  -4.90  -0.20
  0830  59098 414898   2.02  16.23  13.15   8.58   9.57   111  35.65  4155  29.87  16903  -3.20  -0.30
  0831  59096 414899   3.01  15.33  13.17   8.58   9.59   111  35.67  4156  29.87  16905  -4.10  -0.50
  0831  59096 414901   4.02  14.16  13.11   8.57   9.54   110  35.62  4156  29.87  16905  -3.20  -0.10
  0832  59097 414905   5.02  12.93  13.13   8.58   9.55   110  35.63  4155  29.86  16902  -4.90  -0.10
  0832  59100 414907   6.01  11.71  13.15   8.58   9.52   110  35.65  4155  29.87  16903  -4.00  -0.10
  0832  59103 414906   7.01  10.54  13.13   8.57   9.52   110  35.63  4155  29.86  16902  -3.80  -0.30
  0833  59105 414905   8.01   9.39  13.02   8.57   9.51   110  35.54  4155  29.87  16904  -4.10  -0.50
  0833  59109 414903   8.96   8.55  13.03   8.57   9.49   110  35.54  4154  29.86  16899  -3.90  -0.20
  0834  59111 414902  10.03   7.48  13.00   8.56   9.45   109  35.50  4152  29.84  16891  -4.50  -0.40
  0834  59106 414891  10.98   6.98  12.78   8.55   9.13   105  35.36  4158  29.89  16917  -4.40  -0.20
  0835  59106 414886  12.00   6.10  11.59   8.48   8.99   101  34.52  4176  30.04  17009  -5.40  -0.40
  0836  59112 414887  12.99   4.78  10.36   8.41   8.62    94  33.61  4191  30.16  17080  -4.00  -0.50
  0837  59111 414888  13.99   3.95  10.26   8.38   8.53    93  33.46  4182  30.09  17041  -3.40  -0.60
  0837  59107 414891  14.98   3.04   9.84   8.35   8.49    92  33.13  4184  30.11  17053  -4.90  -0.50
  0838  59095 414901  16.05   2.16   9.66   8.32   8.13    88  33.01  4188  30.14  17071  -3.50   0.20
  0839  59096 414897  17.05   1.25   9.63   8.31   8.10    87  32.99  4189  30.14  17074  -3.50  -0.10
 -0834  61354 412994   1.00   9.46  12.87   8.52   9.40   109  35.94  4217  30.36  17190   1.10  -0.10
  0834  61330 413006   2.07   8.50  12.87   8.52   9.41   109  35.94  4217  30.36  17190   1.30  -0.10
  0834  61330 413010   3.27   6.78  12.87   8.52   9.42   109  35.94  4217  30.36  17190   1.10  -0.10
  0835  61329 413017   3.92   6.26  12.87   8.52   9.42   109  35.94  4217  30.36  17190   1.00  -0.20
  0835  61325 413030   5.06   5.13  12.87   8.51   9.44   109  35.95  4218  30.37  17195   1.10  -0.10
  0835  61314 413040   6.03   4.14  12.87   8.51   9.44   109  35.95  4218  30.37  17195   1.00  -0.20
  0836  61302 413039   7.19   2.99  12.86   8.51   9.44   109  35.94  4218  30.37  17194   1.00  -0.10
  0836  61300 413045   8.16   1.83  12.85   8.51   9.44   109  35.94  4219  30.38  17199   1.10  -0.10
 -2359  62300 412250   1.00   9999   9999   9999   9999  9999   9999  9999   9999   9999   9999   9999
  2359  62300 412250  17.00   9999   9999   9999   9999  9999   9999  9999   9999   9999   9999   9999
 -0743  65247 412099   1.03  13.44  12.47   8.43   9.19   105  35.05  4152  29.84  16891  -3.00  -0.20
  0743  65246 412103   2.03  12.46  12.45   8.43   9.20   105  35.05  4154  29.86  16900  -4.30  -0.10
  0744  65247 412099   3.04  11.31  12.46   8.43   9.19   105  35.05  4153  29.85  16895  -4.60  -0.10
  0744  65248 412096   4.02  10.04  12.45   8.43   9.20   105  35.04  4153  29.85  16894  -3.10  -0.50
  0744  65249 412097   5.05   9.10  12.40   8.43   9.17   105  35.02  4155  29.87  16907  -4.50  -0.40
  0745  65250 412099   6.06   8.18  12.40   8.43   9.16   104  35.02  4155  29.87  16907  -3.60   0.00
  0745  65250 412100   7.04   7.24  12.25   8.43   9.13   104  34.90  4156  29.87  16910  -3.70  -0.20
  0745  65251 412099   8.03   6.13  11.19   8.39   9.10   101  34.09  4165  29.95  16956  -3.70  -0.40
  0746  65251 412098   9.00   5.10  10.59   8.37   8.94    98  33.75  4184  30.11  17049  -3.60  -0.40
  0746  65250 412100  10.07   4.20  10.43   8.36   8.87    97  33.54  4175  30.03  17006  -2.60  -0.50
  0747  65248 412102  11.06   3.33  10.29   8.35   8.76    96  33.42  4174  30.03  17004  -1.50  -0.30
  0747  65245 412104  12.02   2.36  10.20   8.34   8.54    93  33.34  4173  30.02  17001  -3.10  -0.60
  0748  65244 412103  13.01   1.24  10.17   8.33   8.45    92  33.31  4173  30.02  16998  -2.10  -0.80
 -2359  66330 411630   1.00   9999   9999   9999   9999  9999   9999  9999   9999   9999   9999   9999
  2359  66330 411630   7.00   9999   9999   9999   9999  9999   9999  9999   9999   9999   9999   9999
 -0757  67373 411364   0.95   0.75  11.88   8.44   9.39   107  35.04  4210  30.31  17161   1.30  -0.10
  0757  67339 411391   2.02   0.86  11.90   8.44   9.44   108  35.06  4210  30.31  17163   1.40  -0.10
  0758  67333 411391   2.95   9.99  11.89   8.43   9.46   108  35.06  4211  30.32  17168   1.60  -0.10
  0758  67332 411396   4.07   8.71  11.89   8.43   9.46   108  35.06  4211  30.32  17168   1.40  -0.10
  0759  67331 411398   5.14   7.74  11.90   8.43   9.46   108  35.08  4213  30.33  17174   1.40  -0.10
  0759  67329 411401   6.15   6.83  11.89   8.43   9.46   108  35.08  4214  30.34  17179   1.40  -0.10
  0759  67327 411406   7.08   5.83  11.29   8.39   9.40   106  34.59  4215  30.35  17191   1.30  -0.10
  0801  67302 411440   8.21   4.70  10.40   8.35   8.48    94  33.91  4224  30.42  17233   0.80  -0.20
  0801  67298 411445   8.89   4.16  10.36   8.35   8.43    93  33.88  4224  30.43  17235   0.80  -0.30
  0802  67280 411445  10.03   2.96  10.36   8.36   8.42    93  33.90  4227  30.45  17247   0.90  -0.20
  0802  67275 411445  11.02   2.11  10.29   8.35   8.44    93  33.82  4224  30.42  17235   0.80  -0.10
 -2359  68840 411250   1.00   9999   9999   9999   9999  9999   9999  9999   9999   9999   9999   9999
  2359  68840 411250  10.94   9999   9999   9999   9999  9999   9999  9999   9999   9999   9999   9999
 -0747  69173 411062   1.30   5.85  11.31   8.40   9.08   102  34.61  4216  30.36  17192   1.40   0.20
  0747  69167 411070   2.16   4.84  11.33   8.40   9.12   103  34.63  4216  30.36  17194   1.70   0.20
  0747  69181 411075   3.34   4.51  11.32   8.39   9.17   103  34.62  4216  30.36  17193   1.90   0.20
  0748  69189 411075   4.02   4.46  11.27   8.39   9.17   103  34.58  4216  30.36  17195   1.70   0.10
