# MEETVAARTUIG : M.S. ARGUS
# MEETDATUM    : 31-03-2003 07:50:12
# MEETGEBIED   : GREVELINGEN
# STARTPUNT    : GREVELINGENDAM
# EINDPUNT     : BROUWERSDAM
# PROJECTCODE  : E7501X
# OPDRACHTGEVER: ZLXXAXWMDBG
# BEHEERDER    : ZLXXAXWMDBG
# BEMONST. INST:
# WAARNEMER(S) : H.KORSTANJE/G,BAKKER
#
* 20030331
$ 9999 [0000000000000]
>TIJD      uumm                    
>X         coordinaat              
>Y         coordinaat              
>SENSHTE   Diepte set        m     
>ECHOS     Echoset           mtrs  
>Echo      Echoschip         M     
>Temp       Temperatuur       oC            : 2 1.0  11  1.0
>pH        Zuurgraad         dimsls
>O2        Zuurstof          mg/l  
>%O2        Zuurstof%         %     
>GELBH     Geleidendheid     mS/cm 
>SALNTT    Saliniteit        dimsl 
>CL-       Chloride          mg/l  
 -0750  69265 410951   0.96   5.83   7.70  10.04   8.31  10.96   116  32.96  29.77  16858
  0750  69268 410948   1.94   4.68   7.60  10.04   8.32  10.96   116  32.98  29.79  16869
  0751  69269 410948   2.99   3.52   7.60  10.05   8.32  11.00   117  32.99  29.79  16870
  0751  69269 410948   4.04   2.37   7.60   9.99   8.31  11.05   117  32.94  29.80  16874
  0753  69269 410952   4.98   1.49   7.80   9.85   8.31  10.19   108  32.81  29.78  16864
  0754  69269 410947   5.90   0.44   7.60   9.72   8.30  10.01   105  32.71  29.79  16869
 -0759  68829 411251   0.99  11.77  11.10  10.04   8.34  11.84   126  32.98  29.80  16872
  0759  68825 411253   2.03  10.45  11.00  10.04   8.34  11.88   126  32.98  29.80  16872
  0759  68823 411254   3.02   9.30   3.40  10.03   8.34  11.89   126  32.97  29.80  16872
  0759  68823 411256   4.03   8.09   2.00  10.00   8.34  11.89   126  32.95  29.80  16871
  0800  68823 411257   5.00   6.98  10.50  10.01   8.34  11.90   126  32.96  29.79  16870
  0800  68823 411259   6.07   5.94  10.10   9.92   8.33  11.94   126  32.88  29.79  16869
  0801  68824 411261   7.00   4.84  10.00   9.78   8.33  11.99   126  32.80  29.83  16891
  0801  68826 411263   8.01   3.52  10.00   7.22   8.11  13.01   130  31.21  30.36  17203
  0802  68828 411261   8.98   2.47   9.80   6.80   7.95  10.55   104  30.92  30.40  17231
  0806  68832 411250   9.87   2.04  10.70   6.40   7.86   6.14    60  30.53  30.34  17195
  0807  68834 411249  11.04   0.83  11.00   6.37   7.86   5.98    59  30.54  30.37  17214
 -0815  67344 411359   1.00  12.10  13.10   9.51   8.33  12.02   126  32.55  29.80  16873
  0815  67336 411367   1.99  56.38  13.20   9.52   8.33  12.01   126  32.55  29.80  16872
  0815  67333 411367   2.97  10.01  13.20   9.52   8.33  12.01   126  32.56  29.80  16872
  0816  67331 411367   4.12   8.58  13.20   9.52   8.33  12.01   126  32.56  29.80  16873
  0816  67328 411365   5.03   7.75   0.00   9.52   8.33  12.00   126  32.56  29.80  16874
  0816  67327 411364   5.98   6.71   0.00   9.52   8.33  12.00   126  32.56  29.80  16874
  0817  67325 411363   6.98   5.66  13.20   9.51   8.33  12.00   126  32.55  29.80  16874
  0817  67324 411361   8.02   4.57  13.20   9.51   8.33  11.98   126  32.55  29.80  16875
  0817  67324 411361   8.98   3.52  13.20   7.04   8.12  12.82   128  31.21  30.52  17297
  0822  67327 411371   9.84   2.53  13.20   6.45   8.01   8.03    79  30.59  30.36  17204
  0822  67332 411374  11.01   1.43  13.20   6.39   8.01   7.94    78  30.59  30.42  17239
  0823  67334 411375  12.00   0.44  13.20   6.39   8.01   7.94    78  30.60  30.42  17244
 -0830  66349 411636   1.09   7.48   0.00   9.94   8.37  12.10   128  32.89  29.79  16866
  0830  66337 411635   1.99   6.22   9.60   9.93   8.37  12.11   128  32.88  29.79  16866
  0831  66330 411635   2.99   5.06   9.40   9.93   8.37  12.12   128  32.88  29.79  16867
  0831  66325 411634   3.94   4.07   9.20   9.92   8.37  12.12   128  32.88  29.79  16868
  0832  66320 411633   5.07   2.70   9.00   9.74   8.34  12.06   127  32.75  29.80  16877
  0832  66319 411632   5.97   1.87   8.90   9.70   8.34  12.02   127  32.72  29.80  16877
  0833  66318 411629   7.06   0.44   8.60   9.33   8.30  12.07   126  32.43  29.83  16891
 -0839  65252 412124   1.05  15.45  15.90   9.56   8.35  12.01   126  32.58  29.79  16867
  0839  65238 412125   2.03  14.30  15.90   9.55   8.35  11.99   126  32.58  29.79  16867
  0840  65235 412125   3.01  13.15  15.80   9.55   8.35  12.00   126  32.57  29.79  16867
  0840  65231 412125   4.00  12.05  15.80   9.53   8.34  12.00   126  32.56  29.79  16869
  0840  65227 412124   5.01  10.89  15.00   9.50   8.34  11.99   126  32.53  29.79  16867
  0841  65219 412119   6.01   9.18   0.00   9.46   8.33  11.82   124  32.51  29.79  16870
  0841  65217 412117   7.03   8.19  15.80   9.44   8.33  11.85   124  32.47  29.78  16864
  0842  65215 412115   7.98   6.88  15.90   9.39   8.33  11.81   123  32.44  29.79  16868
  0843  65211 412111   9.01   5.66  15.90   8.63   8.28  12.01   124  32.05  30.03  17010
  0843  65210 412109  10.03   4.57  15.90   7.86   8.19  11.76   119  31.48  30.08  17043
  0846  65214 412124  10.90   4.12  15.80   6.54   8.03   8.41    83  30.63  30.33  17191
  0847  65218 412120  11.98   2.97  15.80   6.46   8.04   8.35    82  30.61  30.38  17216
  0847  65219 412118  13.02   1.65   0.00   6.42   8.03   8.35    82  30.61  30.42  17239
  0847  65220 412114  13.97   0.50  16.00   6.37   8.01   8.31    81  30.62  30.47  17268
 -0900  62297 412266   1.17  17.55  18.50   9.72   8.36  11.58   122  32.70  29.77  16858
  0901  62280 412270   1.95  16.61  18.50   9.72   8.36  11.57   122  32.70  29.77  16859
  0901  62282 412264   3.03  15.40   0.00   9.68   8.36  11.55   121  32.67  29.78  16862
  0902  62285 412261   4.00  14.41   5.10   9.68   8.36  11.52   121  32.67  29.78  16862
  0902  62286 412258   4.97  13.37  18.50   9.68   8.36  11.50   121  32.67  29.78  16862
  0902  62287 412254   6.00  12.21  18.50   9.68   8.37  11.50   121  32.67  29.78  16862
  0902  62291 412254   7.03  11.16  18.50   9.68   8.36  11.43   121  32.67  29.78  16862
  0903  62293 412255   7.96  10.23  18.50   9.67   8.36  11.42   121  32.66  29.78  16863
  0903  62297 412250   9.00   9.07  18.50   9.65   8.36  11.42   120  32.64  29.77  16856
  0904  62298 412247  10.04   7.98  18.50   7.32   8.27  12.51   126  31.57  30.66  17378
  0904  62298 412244  11.00   6.88  18.50   6.71   8.14  11.99   118  31.04  30.62  17359
  0908  62310 412230  11.95   5.66  18.40   6.37   8.02   8.33    82  30.66  30.51  17292
  0908  62311 412234  13.04   4.57  18.50   6.34   8.01   8.28    81  30.65  30.53  17306
  0909  62309 412243  14.01   3.63  18.50   6.31   8.00   8.12    80  30.70  30.61  17351
  0909  62308 412247  14.99   2.75  18.50   6.30   7.98   8.04    79  30.73  30.65  17376
  0911  62298 412256  16.03   1.65  18.60   6.31   7.97   7.69    75  30.76  30.68  17390
  0911  62296 412256  17.03   0.66  18.50   6.27   7.93   7.66    75  30.74  30.69  17396
 -0918  61208 413045   1.00   9.24  10.60   9.42   8.34  11.39   119  32.47  29.79  16869
  0919  61214 413055   2.03   8.19  10.50   9.42   8.34  11.40   119  32.47  29.79  16872
  0919  61216 413059   3.02   7.09  10.60   9.42   8.34  11.38   119  32.47  29.79  16869
  0919  61218 413066   4.01   6.00  10.50   9.40   8.34  11.38   119  32.45  29.79  16867
  0920  61221 413071   4.98   4.95  10.50   9.41   8.34  11.36   119  32.46  29.79  16870
  0920  61221 413073   6.09   3.74  10.50   9.41   8.34  11.34   119  32.47  29.79  16872
  0920  61222 413072   6.93   2.86  10.50   9.41   8.34  11.32   118  32.47  29.79  16872
  0921  61221 413070   8.07   1.65  10.50   9.40   8.34  11.31   118  32.46  29.80  16875
  0921  61219 413065   8.96   0.71  10.50   8.45   8.24  11.57   118  31.71  29.83  16893
 -0933  59299 414120   1.05  23.26  24.50   9.28   8.37  11.65   121  32.37  29.81  16882
  0933  59293 414132   2.00  22.28  24.50   9.28   8.37  11.65   121  32.37  29.81  16883
  0933  59293 414130   2.94  21.28   0.00   9.28   8.37  11.64   121  32.37  29.81  16883
  0934  59297 414126   4.05  20.13  24.40   9.27   8.37  11.60   121  32.37  29.82  16885
  0935  59299 414122   4.99  19.03  24.50   9.27   8.37  11.59   121  32.37  29.81  16884
  0935  59301 414124   6.05  18.04  24.50   9.29   8.37  11.57   121  32.39  29.82  16886
  0936  59305 414125   7.00  17.10  24.70   9.27   8.37  11.56   120  32.37  29.82  16888
  0936  59311 414123   8.04  16.17  24.70   9.28   8.37  11.56   120  32.38  29.82  16888
  0936  59312 414121   9.06  15.18  24.70   9.28   8.37  11.55   120  32.38  29.82  16888
  0937  59311 414119  10.10  14.02  24.70   9.22   8.36  11.58   120  32.34  29.83  16891
  0940  59311 414131  10.89  13.37  25.00   6.63   8.04   8.83    87  30.81  30.44  17256
  0943  59318 414132  11.99  12.48  24.90   6.33   8.00   8.07    79  30.70  30.59  17340
  0943  59320 414132  13.01  11.60  25.20   6.33   8.00   8.05    79  30.70  30.59  17342
  0943  59320 414134  14.03  10.45  25.30   6.31   8.00   8.01    78  30.71  30.62  17356
  0944  59322 414139  15.02   9.52  25.20   6.32   7.99   7.96    78  30.75  30.65  17378
  0944  59322 414141  16.04   8.69  25.30   6.34   7.99   7.93    78  30.78  30.67  17386
  0945  59322 414142  17.07   7.70  25.20   6.33   7.99   7.91    78  30.78  30.68  17391
  0946  59313 414150  18.04   6.43  25.20   6.31   7.97   7.72    76  30.78  30.69  17401
  0946  59309 414151  19.05   5.28  25.20   6.28   7.97   7.67    75  30.77  30.71  17410
  0949  59308 414133  19.98   3.69  24.90   6.08   7.87   5.80    57  30.64  30.75  17435
  0949  59308 414133  21.05   2.70  24.90   5.95   7.80   5.81    56  30.56  30.79  17455
  0952  59320 414138  22.00   2.14  25.30   5.84   7.72   4.05    39  30.49  30.80  17461
  0952  59325 414134  22.96   1.26  25.20   5.81   7.70   4.00    39  30.47  30.81  17468
  0954  59319 414135  23.73  56.38  25.20   5.76   7.65   3.16    31  30.39  30.76  17442
 -1011  57934 417215   0.98  19.52  20.50   9.18   8.36  11.50   120  32.31  29.83  16892
  1011  57931 417219   2.03  18.37   0.00   9.18   8.36  11.51   120  32.33  29.84  16900
  1011  57930 417218   3.03  17.16   0.00   9.18   8.36  11.50   120  32.33  29.84  16901
  1012  57931 417217   3.99  16.23   0.00   9.20   8.36  11.42   119  32.34  29.84  16902
  1012  57932 417218   5.00  15.29   0.00   9.19   8.36  11.47   119  32.33  29.84  16901
  1012  57932 417218   6.04  14.19   4.30   9.13   8.36  11.49   119  32.30  29.86  16910
  1013  57933 417218   6.99  13.20   3.40   7.68   8.22  11.90   120  31.71  30.49  17279
  1015  57962 417214   7.98  12.98  21.00   7.48   8.16  10.10   101  31.39  30.32  17180
  1015  57969 417211   8.98  12.05  21.10   7.49   8.15   9.96   100  31.48  30.41  17232
  1016  57966 417213  10.03  10.78  21.00   7.17   8.12   9.93    99  31.28  30.47  17271
  1018  57961 417219  10.96   9.68  20.80   7.04   8.08   8.83    88  31.18  30.48  17277
  1019  57959 417216  11.95   8.69  21.00   6.65   8.06   9.06    89  30.93  30.56  17322
  1020  57957 417216  13.04   7.48  20.90   6.63   8.05   8.83    87  30.93  30.57  17326
  1020  57960 417216  13.99   6.55  20.90   6.55   8.04   8.77    86  30.90  30.62  17355
  1020  57963 417212  15.04   5.45  21.00   6.55   8.04   8.70    86  30.91  30.63  17361
  1021  57964 417208  16.08   4.45  21.10   6.54   8.03   8.65    85  30.92  30.64  17371
  1021  57965 417204  17.04   3.57   0.00   6.54   8.03   8.60    85  30.93  30.66  17378
  1022  57967 417195  18.01   2.31  21.40   6.56   8.03   8.52    84  30.98  30.69  17399
  1022  57968 417189  19.03   1.10  21.30   6.56   8.03   8.48    84  30.99  30.70  17404
 -1032  57603 418957   1.04  16.61   0.00   8.60   8.32  11.24   115  31.95  29.95  16962
  1032  57597 418953   2.07  15.29   0.00   8.61   8.32  11.24   115  31.96  29.95  16963
  1032  57592 418943   2.99  13.91   0.00   8.60   8.33  11.24   115  31.95  29.95  16962
  1033  57589 418938   4.03  13.31  17.50   8.62   8.33  11.24   115  31.96  29.95  16962
  1034  57595 418942   5.00  12.05  17.70   8.40   8.32  11.26   115  31.89  30.05  17025
  1034  57607 418953   6.05  10.94  17.30   8.31   8.28  10.97   112  31.81  30.05  17023
  1035  57608 418958   7.07  10.28  17.20   8.07   8.25  10.80   110  31.65  30.09  17048
  1038  57602 418940   8.03   9.41  17.60   7.51   8.17   9.29    93  31.31  30.21  17117
  1038  57601 418942   9.01   8.52  17.80   6.99   8.11   9.45    94  30.96  30.29  17163
  1039  57599 418945  10.06   7.26  17.90   6.95   8.11   9.39    93  30.94  30.30  17171
  1039  57596 418948  11.10   5.72  17.30   6.47   8.06   9.38    92  30.81  30.58  17336
  1041  57593 418976  11.93   4.95  16.80   6.47   8.04   8.58    84  30.85  30.63  17366
  1041  57596 418970  13.00   3.36  16.80   6.60   8.03   8.51    84  31.04  30.72  17414
  1042  57595 418964  14.00   2.31  17.70   6.68   8.01   8.49    84  31.15  30.77  17443
  1043  57582 418928  15.05   2.37  17.70   6.68   8.01   8.22    81  31.15  30.77  17443
  1043  57582 418918  16.02   0.61  17.70   6.69   8.01   8.19    81  31.16  30.77  17446
 -1054  56292 420511   1.10  56.38  14.10   8.28   8.29  10.77   110  31.70  29.95  16967
  1054  56291 420519   1.98  11.22  14.10   8.27   8.29  10.78   110  31.69  29.96  16969
  1055  56290 420523   2.97  10.28   0.00   8.26   8.29  10.78   110  31.68  29.96  16970
  1055  56288 420526   3.99   9.18   4.80   8.25   8.29  10.79   110  31.67  29.96  16970
  1056  56289 420530   4.98   8.25  14.20   8.23   8.29  10.78   110  31.67  29.96  16973
  1057  56290 420533   5.96   7.26  14.30   8.03   8.24  10.80   110  31.81  30.29  17162
  1058  56289 420531   7.03   6.11  14.30   7.87   8.21  10.83   110  31.79  30.41  17231
  1058  56287 420530   7.99   5.06  14.20   7.62   8.19  10.86   109  31.57  30.39  17222
  1058  56286 420530   8.98   4.02  14.20   7.49   8.16  10.79   108  31.53  30.46  17262
  1101  56265 420503  10.00   1.21  13.10   6.61   8.05   8.69    86  30.89  30.55  17318
  1102  56255 420518  10.87   0.61  13.30   6.87   8.04   8.67    86  31.23  30.68  17394
 -1110  55211 421391   1.17  21.12  22.50   8.15   8.25  11.11   113  31.92  30.31  17172
  1110  55203 421389   2.02  20.08  22.40   8.15   8.25  11.10   113  31.93  30.31  17172
  1110  55198 421386   3.02  18.81  22.30   8.19   8.25  11.08   113  32.04  30.40  17224
  1111  55188 421377   4.11  17.22  21.90   8.33   8.25  11.13   114  32.12  30.35  17200
  1112  55192 421373   4.90  16.23  21.90   8.27   8.24  11.23   115  32.08  30.36  17203
  1112  55191 421370   5.96  15.02  21.80   8.29   8.24  11.24   115  32.08  30.35  17199
  1113  55191 421367   6.94  13.91  21.70   8.25   8.25  11.26   115  32.01  30.31  17174
  1116  55154 421395   8.02  12.92  21.90   7.11   8.14  10.04   100  31.23  30.46  17266
  1116  55154 421396   9.02  11.99  22.00   7.04   8.13  10.01   100  31.19  30.49  17283
  1119  55143 421394   9.98  10.73  21.60   6.62   8.05   9.02    89  30.99  30.64  17372
  1119  55148 421390  10.98   9.57  21.60   6.76   8.05   8.92    88  31.17  30.72  17413
  1120  55154 421385  12.03   8.52  21.60   6.79   8.04   8.89    88  31.24  30.77  17443
  1120  55158 421381  13.02   7.43  21.60   6.85   8.04   8.80    87  31.32  30.80  17459
  1121  55156 421383  14.15   6.27  21.60   6.82   8.04   8.81    87  31.33  30.85  17488
  1121  55156 421384  14.92   5.45  21.50   6.82   8.04   8.84    88  31.32  30.84  17482
  1121  55157 421384  15.87   4.57  21.60   6.79   8.04   8.88    88  31.34  30.87  17504
  1122  55163 421385  16.98   3.41  21.80   6.71   8.03   8.94    88  31.30  30.90  17522
  1122  55167 421387  18.07   2.47  21.90   6.64   8.00   8.94    88  31.25  30.92  17530
  1124  55179 421393  19.09   1.76  22.10   6.46   7.95   7.69    76  31.14  30.95  17552
  1126  55173 421376  19.85   0.44  21.60   6.41   7.91   6.44    63  31.10  30.96  17556
 -1134  53716 421074   0.95  17.10  18.30   9.30   8.36  11.59   121  32.51  29.94  16956
  1135  53705 421079   2.01  16.06  18.20   9.26   8.36  11.59   121  32.49  29.95  16961
  1135  53701 421075   3.00  14.85   0.00   8.56   8.25  11.79   121  32.45  30.49  17279
  1136  53695 421070   3.97  13.81  18.10   8.65   8.24  11.64   120  32.42  30.39  17217
  1136  53691 421065   5.01  12.59  18.10   8.34   8.22  11.75   120  32.28  30.51  17289
  1137  53691 421062   6.03  11.55  18.10   7.75   8.20  11.71   118  31.92  30.65  17373
  1139  53706 421057   6.99  10.28  18.00   7.31   8.14   9.59    96  31.38  30.46  17264
  1140  53711 421051   8.01   9.07  17.90   6.79   8.08   9.75    96  31.11  30.62  17359
  1141  53711 421064   9.02   8.25  18.10   6.85   8.07   9.35    93  31.18  30.65  17376
  1141  53710 421067  10.00   7.26  18.20   6.85   8.07   9.30    92  31.21  30.69  17397
  1142  53709 421071  11.03   6.22  18.10   6.81   8.06   9.25    92  31.21  30.72  17413
  1142  53708 421072  12.05   5.22  18.10   6.85   8.06   9.18    91  31.28  30.77  17442
  1142  53707 421071  12.99   4.18  18.10   6.89   8.05   9.10    90  31.36  30.81  17466
  1143  53706 421071  13.99   3.19  18.10   6.88   8.05   9.09    90  31.36  30.82  17472
  1143  53705 421069  14.98   2.09  18.20   6.88   8.06   9.10    90  31.38  30.83  17481
  1143  53705 421067  16.00   1.04  18.20   6.90   8.06   9.10    90  31.41  30.85  17492
 -1149  52942 420300   1.03  10.12  11.80   9.27   8.36  11.71   122  32.50  29.95  16963
  1149  52917 420292   1.95   9.18  11.80   9.22   8.36  11.74   122  32.48  29.96  16970
  1150  52912 420290   3.01   8.03   0.00   9.20   8.35  11.75   122  32.46  29.96  16971
  1150  52909 420284   4.02   6.98   0.00   8.63   8.27  11.89   122  32.50  30.49  17278
  1151  52923 420270   4.99   5.66  11.50   8.81   8.30  11.55   119  32.36  30.20  17107
  1152  52930 420265   6.03   4.62  11.40   8.44   8.22  11.71   120  32.38  30.53  17302
  1153  52949 420262   7.02   3.36  11.40   8.16   8.17  10.94   112  32.19  30.57  17326
  1155  52955 420299   8.00   2.53  11.70   6.93   8.06   9.39    93  31.37  30.78  17451
  1156  52955 420301   9.00   1.54  11.70   6.93   8.06   9.31    93  31.38  30.79  17458
  1156  52956 420302   9.94   0.61  11.70   6.93   8.06   9.23    92  31.39  30.80  17464
 -1207  51568 418573   1.01  37.62  37.20   9.36   8.37  11.18   117  32.46  29.83  16893
  1207  51562 418567   1.98  36.63  37.30   9.36   8.37  11.12   116  32.46  29.83  16893
  1208  51561 418566   3.04  35.92  37.10   9.36   8.37  11.10   116  32.45  29.83  16892
  1208  51559 418570   4.00  33.83   2.40   9.38   8.37  11.07   116  32.47  29.83  16890
  1209  51562 418574   5.05  32.61   3.50   8.96   8.33  11.18   116  32.42  30.13  17068
  1209  51565 418576   5.97  31.90  37.00   8.70   8.28  11.27   116  32.42  30.35  17196
  1210  51568 418581   7.05   4.40  36.90   8.36   8.22  11.41   117  32.33  30.55  17312
  1210  51569 418583   8.03  29.92  36.90   8.27   8.21  11.41   117  32.30  30.60  17341
  1210  51569 418584   8.96  28.93  37.00   8.23   8.20  11.39   116  32.27  30.60  17343
  1210  51569 418584   9.97  27.89   4.10   8.14   8.18  11.34   116  32.23  30.63  17362
  1212  51566 418581  11.05  26.67  36.80   7.93   8.15  10.72   109  32.08  30.67  17381
  1213  51566 418581  12.01  25.58  36.60   7.88   8.14  10.49   106  32.06  30.68  17387
  1213  51564 418582  13.02  24.53  36.40   7.84   8.13  10.40   105  32.02  30.67  17386
  1213  51563 418582  14.01  23.26  36.40   7.80   8.13  10.36   105  32.00  30.69  17393
  1215  51555 418576  15.05  21.51  36.60   7.38   8.10  10.02   101  31.73  30.77  17444
  1216  51552 418569  16.00  20.24  36.80   7.01   8.07   9.78    97  31.58  30.94  17543
  1217  51550 418571  17.03  18.86  36.20   6.88   8.06   9.75    97  31.51  30.98  17567
  1218  51538 418580  17.99  17.10  34.70   6.71   8.05   9.58    95  31.41  31.03  17593
  1218  51535 418581  18.97  15.67  34.60   6.62   8.05   9.55    94  31.37  31.06  17614
  1219  51530 418584  19.98  14.08  33.90   6.59   8.04   9.50    94  31.36  31.08  17624
  1219  51527 418585  21.01  12.54   0.00   6.57   8.04   9.45    93  31.34  31.08  17622
  1220  51532 418586  22.04  11.94  35.00   6.45   8.03   9.43    93  31.28  31.12  17649
  1221  51554 418584  22.99  13.20  36.20   6.39   8.02   9.16    90  31.24  31.13  17655
  1221  51558 418583  24.02  12.43  36.60   6.39   8.02   9.12    90  31.23  31.13  17653
  1222  51561 418581  25.02  11.66  36.90   6.39   8.02   9.09    89  31.24  31.13  17652
  1222  51564 418575  26.02  10.89  37.00   6.34   8.01   9.07    89  31.21  31.14  17662
  1223  51566 418569  27.04  10.94  37.30   6.33   8.01   9.02    89  31.20  31.14  17659
  1223  51566 418566  27.99  10.18  37.40   6.28   8.01   8.98    88  31.17  31.15  17664
  1224  51565 418563  29.01   9.46  37.50   6.24   8.00   8.89    87  31.14  31.16  17672
  1224  51565 418561  30.00   8.31  37.40   6.21   8.00   8.84    87  31.13  31.17  17677
  1224  51564 418562  31.05   7.20  37.30   6.19   8.00   8.81    86  31.11  31.17  17678
  1224  51562 418567  32.12   5.55  37.10   6.17   7.99   8.74    86  31.10  31.17  17680
  1225  51559 418570  32.99   3.36  37.00   6.16   7.99   8.65    85  31.09  31.18  17682
  1225  51557 418571  34.05   1.82  37.00   6.14   7.99   8.62    84  31.08  31.18  17685
  1225  51555 418572  34.99   0.61  37.10   6.12   7.98   8.59    84  31.07  31.19  17689
 -1231  50709 418375   1.03  28.55  28.60   9.50   8.37  11.54   121  32.63  29.89  16926
  1231  50702 418374   1.98  27.44  28.50   9.51   8.37  11.54   121  32.63  29.88  16923
  1231  50697 418374   3.00  26.24   2.60   9.46   8.37  11.56   121  32.60  29.89  16930
  1232  50693 418374   4.02  25.08   0.00   9.33   8.37  11.58   121  32.57  29.97  16972
  1232  50691 418374   5.04  23.98  28.50   9.16   8.36  11.63   121  32.54  30.08  17038
  1233  50687 418376   6.02  22.99  28.40   8.55   8.30  11.88   122  32.39  30.45  17255
  1233  50686 418378   7.02  21.94  28.40   8.43   8.29  11.91   122  32.35  30.51  17289
  1233  50685 418378   8.00  20.84  28.40   8.29   8.24  11.94   122  32.28  30.56  17316
  1234  50687 418379   9.03  19.85  28.50   8.15   8.19  11.75   120  32.24  30.64  17365
  1235  50718 418383  10.05  19.36  28.50   8.13   8.18  10.86   111  32.22  30.63  17358
  1235  50723 418382  11.04  18.48  28.50   8.14   8.18  10.89   111  32.22  30.62  17356
  1236  50727 418381  12.02  17.82  28.70   7.99   8.16  10.83   110  32.11  30.63  17361
  1237  50710 418382  13.00  15.84  28.40   7.79   8.13   9.91   100  31.90  30.59  17337
  1238  50707 418382  13.97  14.63  28.40   7.48   8.11  10.01   101  31.77  30.73  17417
  1240  50687 418395  14.99  13.03  27.70   7.19   8.08   9.52    95  31.59  30.79  17454
  1240  50685 418398  15.99  11.88  27.60   7.17   8.08   9.51    95  31.59  30.81  17466
  1241  50681 418396  17.03  10.84   3.50   6.99   8.06   9.48    94  31.55  30.92  17532
  1241  50680 418393  18.09   9.84   2.00   6.85   8.06   9.50    94  31.49  30.98  17569
  1241  50680 418390  19.01   8.91  28.00   6.77   8.05   9.52    94  31.45  31.02  17587
  1243  50693 418381  19.98   8.25  28.30   6.60   8.03   9.12    90  31.35  31.06  17611
  1243  50694 418380  20.98   7.15  28.40   6.55   8.03   9.14    90  31.33  31.08  17626
  1244  50697 418379  22.02   6.11  28.50   6.51   8.02   9.14    90  31.31  31.10  17636
  1244  50699 418376  23.02   5.22  28.60   6.48   8.02   9.12    90  31.28  31.10  17634
  1244  50699 418376  24.03   4.18  28.50   6.34   8.02   9.10    89  31.21  31.13  17657
  1245  50698 418375  25.02   3.19  28.50   6.30   8.01   9.02    89  31.18  31.15  17665
  1245  50695 418375  26.03   1.98  28.50   6.30   8.01   8.96    88  31.18  31.14  17662
  1246  50694 418374  26.97   1.10  28.50   6.28   8.01   8.93    88  31.16  31.15  17665
 -1252  49743 418274   0.84  17.71  18.60   9.54   8.38  11.80   124  32.68  29.90  16934
  1252  49728 418281   2.05  16.44  18.60   9.53   8.38  11.78   124  32.67  29.90  16935
  1252  49725 418283   3.01  15.34  18.50   9.51   8.38  11.78   123  32.66  29.91  16937
  1253  49725 418288   3.99  14.30  18.50   9.50   8.38  11.76   123  32.66  29.91  16939
  1253  49732 418295   4.99  13.15  18.50   8.78   8.37  12.18   126  32.59  30.45  17256
  1255  49736 418285   6.01  12.27  18.50   8.74   8.27  10.88   112  32.42  30.32  17176
  1256  49735 418280   7.04  11.16  18.60   8.89   8.32  11.16   116  32.41  30.18  17097
  1256  49733 418277   8.01  10.28  18.60   8.15   8.20  11.51   118  32.22  30.62  17352
  1257  49726 418271   8.89   9.41  18.70   7.94   8.16  11.01   112  32.10  30.67  17383
  1259  49720 418276  10.06   7.98  18.60   7.86   8.14  10.41   106  32.06  30.70  17402
  1259  49722 418277  10.99   6.98  18.50   7.80   8.13  10.36   105  32.02  30.71  17406
  1300  49724 418278  11.99   6.00  18.50   7.57   8.11  10.33   104  31.90  30.79  17452
  1300  49724 418283  13.05   4.78  18.50   7.53   8.11  10.03   101  31.85  30.77  17441
  1302  49715 418289  13.97   3.85  18.50   7.25   8.08   9.78    98  31.70  30.85  17492
  1302  49714 418283  15.01   2.70  18.50   7.24   8.08   9.71    97  31.70  30.86  17495
  1303  49715 418280  16.02   1.65  18.60   7.02   8.07   9.73    97  31.62  30.98  17564
  1303  49715 418280  16.98   0.71  18.60   6.69   8.04   9.69    96  31.47  31.10  17637
 -1310  48818 418196   1.07  47.03  46.60   9.63   8.38  11.52   121  32.72  29.87  16915
  1310  48806 418194   2.03  46.15  46.40   9.64   8.38  11.53   121  32.73  29.87  16915
  1311  48781 418200   3.01  45.26  46.50   9.60   8.38  11.55   121  32.69  29.87  16916
  1311  48779 418202   4.01  44.11  46.40   9.58   8.38  11.54   121  32.69  29.88  16919
  1311  48780 418201   5.04  43.17  46.40   9.53   8.38  11.58   121  32.64  29.88  16919
  1312  48780 418194   6.06  42.08  46.50   8.77   8.32  11.83   122  32.48  30.35  17194
  1313  48779 418201   7.00  41.03   3.40   8.53   8.28  11.97   123  32.40  30.47  17267
  1313  48778 418206   7.99  40.04   2.70   8.35   8.27  11.95   122  32.32  30.55  17312
  1316  48783 418188   8.99  38.94  46.60   8.31   8.25  10.95   112  32.30  30.56  17317
  1316  48780 418195  10.01  37.90  46.60   8.08   8.19  11.24   115  32.18  30.63  17361
  1318  48776 418199  10.99  36.96  46.40   7.95   8.17  10.69   109  32.11  30.68  17388
  1319  48778 418195  12.02  35.86  46.50   7.89   8.16  10.70   109  32.06  30.68  17386
  1320  48779 418193  13.02  34.81  46.50   7.78   8.14  10.70   108  32.03  30.74  17426
  1320  48778 418193  14.00  33.77  46.50   7.72   8.14  10.61   107  31.97  30.73  17419
  1321  48777 418192  14.98  32.78  46.60   7.11   8.08  10.51   105  31.67  30.95  17547
  1322  48778 418191  16.02  31.79  46.60   6.99   8.06   9.77    97  31.59  30.97  17559
  1323  48784 418203  17.03  30.64  46.30   6.58   8.02   9.15    90  31.34  31.07  17617
  1324  48786 418206  17.98  29.59  46.40   6.59   8.03   9.11    90  31.37  31.08  17626
  1325  48784 418208  19.03  28.55  46.40   6.46   8.02   9.09    90  31.28  31.10  17638
  1326  48783 418204  20.02  27.50  46.40   6.41   8.01   8.94    88  31.25  31.12  17649
  1326  48784 418200  21.03  26.45  46.40   6.42   8.01   8.89    88  31.26  31.12  17650
  1326  48784 418197  22.01  25.41  46.60   6.41   8.01   8.88    87  31.26  31.13  17651
  1327  48784 418195  23.00  24.42  46.50   6.42   8.01   8.84    87  31.26  31.13  17651
  1327  48784 418192  24.00  23.32  46.50   6.41   8.01   8.82    87  31.25  31.13  17652
  1327  48784 418190  25.15  22.22  46.50   6.34   8.00   8.83    87  31.22  31.15  17667
  1328  48782 418190  25.97  21.34  46.50   6.35   8.00   8.79    86  31.23  31.15  17667
  1328  48781 418190  27.04  20.19  46.60   6.30   8.00   8.77    86  31.19  31.16  17671
  1328  48780 418189  27.95  19.14  46.50   6.29   7.99   8.72    86  31.18  31.15  17665
  1329  48778 418192  29.05  18.09  46.70   6.26   7.99   8.69    85  31.17  31.17  17678
  1329  48775 418194  30.05  16.99  46.60   6.23   7.99   8.64    85  31.15  31.17  17679
  1329  48774 418195  31.02  16.06  46.50   6.21   7.99   8.61    84  31.14  31.18  17685
  1329  48774 418195  32.03  15.02  46.70   6.18   7.98   8.58    84  31.12  31.19  17688
  1330  48773 418194  32.99  13.91  46.50   6.17   7.98   8.52    83  31.11  31.19  17689
  1330  48773 418192  34.08  12.76  46.50   6.17   7.98   8.50    83  31.11  31.19  17690
  1330  48773 418189  35.00  11.94  46.70   6.14   7.98   8.46    83  31.10  31.20  17692
  1331  48772 418185  36.02  10.78  46.60   6.06   7.97   8.46    83  31.04  31.22  17705
  1331  48772 418184  37.04   9.79  46.70   6.06   7.97   8.40    82  31.04  31.22  17706
  1332  48771 418187  38.02   8.80  46.60   6.04   7.97   8.35    82  31.04  31.22  17709
  1332  48769 418192  39.09   7.53  46.60   6.04   7.97   8.32    81  31.04  31.23  17710
  1332  48768 418194  40.05   6.49  46.60   6.03   7.97   8.29    81  31.03  31.23  17711
  1333  48767 418196  40.94   5.45  46.50   6.02   7.97   8.27    81  31.03  31.23  17712
  1333  48765 418198  42.08   4.12  46.50   6.02   7.96   8.26    81  31.02  31.23  17714
  1333  48763 418199  43.04   3.03  46.50   6.01   7.96   8.20    80  31.02  31.23  17712
  1334  48765 418202  44.05   1.92  46.50   6.01   7.95   8.13    79  31.02  31.23  17715
  1334  48766 418201  45.00   0.99  46.30   6.00   7.95   8.10    79  31.01  31.24  17717
 -1340  47934 418350   1.16  16.66   0.00   9.52   8.38  11.85   124  32.69  29.93  16951
  1340  47945 418359   1.98  15.62  17.30   9.44   8.38  11.87   124  32.63  29.94  16956
  1341  47951 418362   3.00  14.85  17.20   9.50   8.38  11.85   124  32.65  29.91  16941
  1341  47953 418363   4.04  13.69  17.20   9.45   8.38  11.86   124  32.64  29.93  16953
  1341  47955 418364   4.99  12.65  17.20   9.49   8.38  11.85   124  32.67  29.94  16954
  1342  47958 418363   6.02  11.44  17.20   8.54   8.28  12.09   124  32.46  30.52  17296
  1342  47960 418361   7.07  10.28  17.40   8.47   8.27  11.85   122  32.39  30.51  17289
  1343  47960 418359   8.01   9.30  17.50   8.47   8.26  11.80   121  32.36  30.49  17275
  1343  47960 418357   9.04   8.31  17.40   8.45   8.26  11.74   121  32.35  30.49  17279
  1344  47961 418355   9.99   7.32  17.50   8.37   8.24  11.70   120  32.33  30.54  17307
  1344  47963 418354  11.04   6.32  17.50   8.02   8.20  11.61   118  32.15  30.65  17374
  1346  47958 418358  11.94   5.45  17.60   8.03   8.21  11.14   113  32.17  30.66  17377
  1346  47955 418355  13.05   4.68  17.60   7.92   8.17  11.11   113  32.10  30.69  17396
  1347  47947 418359  14.00   3.24  17.30   7.72   8.15  10.69   108  32.00  30.75  17433
  1348  47946 418359  14.97   2.14  17.40   7.60   8.12  10.49   106  31.92  30.79  17451
  1351  47961 418344  16.01   1.71  17.80   6.82   8.03   9.26    92  31.51  31.04  17600
  1351  47957 418356  16.93   0.44  17.70   6.67   8.02   9.19    91  31.43  31.08  17622
 -1356  47482 418845   0.97  15.40  16.70   8.62   8.34  12.59   130  32.51  30.51  17289
  1357  47455 418856   2.08  14.30  16.70   8.61   8.34  12.57   130  32.50  30.51  17291
  1357  47455 418852   3.03  13.48  16.90   8.65   8.34  12.63   130  32.50  30.48  17270
  1358  47454 418849   3.98  12.87  16.90   8.69   8.34  12.61   130  32.51  30.45  17256
  1358  47452 418844   5.04  12.21  16.90   8.63   8.34  12.57   130  32.50  30.49  17277
  1358  47447 418843   6.04  11.16  16.80   8.59   8.33  12.56   129  32.50  30.52  17294
  1359  47441 418841   6.94  10.23  16.40   8.63   8.34  12.58   130  32.50  30.49  17279
  1400  47442 418840   8.01   9.18  16.60   8.66   8.34  12.53   129  32.50  30.47  17263
  1400  47443 418838   9.02   8.09  16.80   8.82   8.35  12.47   129  32.53  30.36  17203
  1401  47446 418836  10.00   6.71  17.00   8.87   8.35  12.39   128  32.54  30.33  17182
  1401  47450 418837  11.05   5.55  17.00   8.61   8.34  12.46   128  32.50  30.51  17288
  1401  47453 418838  12.07   4.07  17.00   8.59   8.34  12.50   129  32.49  30.52  17292
  1402  47455 418838  13.08   2.91  17.00   8.61   8.34  12.50   129  32.50  30.51  17286
  1402  47455 418838  14.02   1.98  17.00   8.66   8.34  12.51   129  32.50  30.47  17266
  1403  47453 418840  15.09   1.38  17.00   8.74   8.34  12.40   129  32.52  30.42  17236
