# MEETVAARTUIG : M.S. ARGUS
# MEETDATUM    : 15-09-2004 06:54:04
# MEETGEBIED   : GREVELINGEN
# STARTPUNT    : Grevelingendam
# EINDPUNT     : Brouwersdam
# PROJECTCODE  : E7501X
# OPDRACHTGEVER: ZLXXAXAMDBG
# BEHEERDER    : ZLXXAXAMDBG
# BEMONST. INST:
# WAARNEMER(S) : Geert den Hartog
#
* 20040915
$ 9999 [0000000000000]
>TIJD      uumm                    
>X         coordinaat              
>Y         coordinaat              
>SENSHTE   Diepte set        m     
>ECHOS     Echoset           mtrs  
>Echo      Echoschip         M     
>Temp       Temperatuur       oC              : 12  1.0  11  1.0
>pH        Zuurgraad         dimsls
>O2        Zuurstof          mg/l  
>%O2        Zuurstof%         %     
>GELBH     Geleidendheid     mS/cm 
>SALNTT    Saliniteit        dimsl 
>CL-       Chloride          mg/l            : 17000  125  13  125
 -0654  69262 410946   1.03   4.70   2.00  15.78   7.99   7.39    90  39.42  31.21  17673
  0654  69276 410947   2.02   3.40   6.80  15.79   7.99   7.38    90  39.44  31.22  17678
  0654  69281 410951   2.96   2.35   6.70  15.77   7.99   7.37    90  39.40  31.20  17667
  0655  69281 410953   4.05   1.55   6.80  15.76   7.99   7.34    90  39.42  31.23  17682
  0655  69281 410953   5.05   0.45   6.90  15.76   7.99   7.34    90  39.40  31.21  17672
 -0659  68845 411231   0.98  10.45  12.70  15.96   8.03   7.59    93  39.59  31.22  17677
  0659  68819 411241   2.03   9.75  12.70  15.99   8.03   7.61    93  39.62  31.22  17678
  0659  68811 411244   3.09   8.70  12.80  16.00   8.03   7.62    94  39.62  31.21  17673
  0700  68805 411250   4.13   7.60  12.90  15.99   8.03   7.63    94  39.63  31.23  17683
  0700  68808 411256   5.11   6.65   0.00  15.99   8.03   7.63    94  39.62  31.22  17678
  0701  68823 411255   6.00   5.90  12.10  15.96   8.03   7.64    94  39.59  31.22  17677
  0701  68830 411255   7.01   4.85   2.40  15.94   8.03   7.62    93  39.55  31.20  17665
  0701  68836 411255   8.12   3.95   2.20  15.90   8.03   7.60    93  39.52  31.20  17669
  0702  68847 411255   9.18   2.45   0.00  15.85   8.03   7.59    93  39.48  31.21  17671
  0702  68853 411257  10.17   1.20   0.00  15.84   8.03   7.58    93  39.46  31.20  17666
  0703  68848 411218  11.10   0.90   0.00  15.83   8.03   7.52    92  39.43  31.18  17655
 -0711  67355 411357   0.96  10.75  12.90  16.22   8.02   7.49    92  39.82  31.22  17674
  0711  67323 411359   1.83   9.75  12.90  16.23   8.02   7.48    92  39.83  31.22  17674
  0712  67319 411359   2.87   8.85  13.00  16.23   8.02   7.47    92  39.83  31.22  17674
  0712  67327 411359   3.80   7.95   0.00  16.23   8.02   7.45    92  39.83  31.22  17674
  0712  67331 411359   4.82   6.95   0.00  16.23   8.02   7.45    92  39.83  31.22  17674
  0713  67331 411361   5.83   6.05  12.90  16.23   8.02   7.45    92  39.83  31.22  17674
  0713  67326 411363   7.00   5.10  12.90  16.23   8.02   7.46    92  39.83  31.22  17674
  0713  67323 411365   7.86   4.05  12.90  16.23   8.02   7.46    92  39.83  31.22  17674
  0714  67328 411367   8.85   3.15   0.00  16.21   8.02   7.45    92  39.82  31.22  17679
  0714  67335 411366   9.82   2.05   0.00  16.22   8.02   7.46    92  39.82  31.22  17674
  0714  67343 411368  10.81   1.25  13.00  16.17   8.02   7.48    92  39.78  31.22  17677
 -0721  66340 411632   0.98  51.25   8.50  16.26   8.01   7.25    90  39.84  31.20  17666
  0721  66326 411633   1.96   6.10   0.00  16.26   8.01   7.28    90  39.74  31.12  17615
  0721  66328 411633   3.10   5.35   2.80  16.26   8.01   7.28    90  39.75  31.12  17620
  0722  66333 411632   4.32   4.10   8.40  16.26   8.01   7.28    90  39.77  31.14  17630
  0722  66333 411631   5.11   3.20   8.50  16.26   8.01   7.29    90  39.78  31.15  17635
  0722  66333 411631   6.24   2.00   8.40  16.26   8.01   7.29    90  39.79  31.16  17641
  0723  66332 411631   7.19   1.10   8.50  16.26   8.01   7.29    90  39.80  31.17  17646
 -0729  65240 412119   1.11  13.60  15.80  16.46   8.02   7.40    92  40.01  31.19  17660
  0729  65232 412125   2.11  12.60   0.00  16.47   8.02   7.41    92  39.99  31.17  17646
  0730  65242 412121   2.84  11.80   0.00  16.46   8.02   7.40    92  39.98  31.17  17645
  0730  65260 412119   4.14  10.75  16.00  16.46   8.02   7.39    92  40.00  31.19  17655
  0731  65251 412126   5.14   9.90   0.00  16.47   8.02   7.40    92  40.02  31.20  17661
  0731  65249 412130   6.07   8.75   0.00  16.50   8.02   7.40    92  40.06  31.21  17667
  0732  65248 412130   7.10   7.80  16.10  16.49   8.02   7.40    92  40.05  31.21  17667
  0732  65251 412128   8.18   6.90   0.00  16.49   8.02   7.40    92  40.05  31.21  17667
  0732  65248 412123   9.14   6.10  16.10  16.46   8.02   7.41    92  40.03  31.21  17670
  0733  65240 412121  10.00   5.30  15.90  16.46   8.02   7.39    92  40.03  31.21  17670
  0733  65242 412121  10.99   4.30  16.00  16.46   8.02   7.38    92  40.03  31.21  17670
  0734  65248 412121  12.18   3.05  16.00  16.46   8.02   7.39    92  40.03  31.21  17670
  0734  65251 412121  13.10   2.30  16.10  16.46   8.02   7.39    92  40.03  31.21  17670
  0734  65251 412123  13.99   1.40  16.10  16.46   8.02   7.39    92  40.03  31.21  17670
  0735  65251 412125  15.16   0.55  16.00  16.46   8.02   7.39    92  40.03  31.21  17670
 -0747  62311 412241   0.98  51.25  16.00  17.02   8.04   7.49    94  40.50  31.18  17651
  0748  62278 412243   2.15  14.60  17.80  17.02   8.04   7.56    94  40.18  30.91  17492
  0748  62286 412241   3.08  13.70   0.00  17.02   8.05   7.53    94  40.23  30.95  17517
  0748  62292 412241   4.07  12.70   0.00  17.02   8.05   7.50    94  40.27  30.98  17537
  0749  62292 412243   4.92  11.95   0.00  17.02   8.05   7.49    94  40.34  31.04  17571
  0749  62285 412247   6.09  10.90   2.00  17.02   8.05   7.49    94  40.54  31.22  17671
  0749  62282 412253   7.11   9.95   0.00  17.02   8.05   7.49    94  40.58  31.25  17691
  0750  62289 412256   7.95   9.30   0.00  17.02   8.05   7.48    94  40.59  31.26  17696
  0750  62299 412258   9.12   8.15   0.00  17.00   8.05   7.47    94  40.58  31.27  17700
  0750  62309 412260  10.25   7.10  18.20  17.02   8.05   7.47    94  40.60  31.27  17701
  0751  62314 412259  11.02   6.60  18.20  17.02   8.05   7.48    94  40.60  31.27  17701
  0751  62316 412258  12.06   5.50   1.90  17.02   8.05   7.47    94  40.60  31.27  17701
  0751  62313 412258  13.29   4.15  18.20  17.00   8.05   7.47    94  40.59  31.27  17705
  0751  62312 412252  14.06   3.55   0.00  17.01   8.05   7.47    94  40.60  31.28  17705
  0752  62313 412250  15.02   2.70  18.20  16.97   8.05   7.48    94  40.57  31.28  17708
  0752  62307 412245  15.92   1.65   0.00  16.97   8.05   7.47    94  40.57  31.28  17708
  0753  62305 412245  16.94   0.65  18.10  16.89   8.05   7.46    93  40.50  31.28  17710
 -0759  61226 413025   0.94   8.50  10.40  17.01   8.05   7.52    94  40.60  31.28  17705
  0759  61203 413059   2.00  51.25  10.30  17.01   8.05   7.54    94  40.37  31.08  17591
  0800  61209 413070   3.21   6.30  10.30  17.01   8.05   7.54    94  40.60  31.28  17705
  0800  61225 413068   4.01   5.60   0.00  17.01   8.05   7.52    94  40.60  31.28  17705
  0800  61240 413062   4.97   4.80   0.00  17.02   8.05   7.52    94  40.61  31.28  17706
  0801  61248 413060   5.00   4.75  10.50  17.02   8.05   7.49    94  40.61  31.28  17706
  0801  61248 413049   6.89   2.95  10.50  17.02   8.04   7.46    94  40.61  31.28  17706
  0802  61241 413045   7.83   2.20  10.50  17.02   8.04   7.47    94  40.61  31.28  17706
  0802  61235 413044   8.97   1.00  10.50  17.02   8.04   7.47    94  40.61  31.28  17706
 -0812  59318 414113   0.94  51.25  23.60  17.19   7.99   6.86    86  40.82  31.32  17733
  0812  59305 414122   2.00   0.40  23.40  17.19   7.99   6.88    86  40.80  31.31  17723
  0812  59299 414128   3.07   0.40  23.30  17.19   7.99   6.90    87  40.77  31.28  17708
  0813  59299 414132   4.11  18.60  23.50  17.18   7.99   6.90    87  40.76  31.28  17708
  0813  59301 414135   5.02  17.80  23.60  17.18   7.99   6.89    87  40.76  31.28  17708
  0813  59304 414137   5.98  17.20   0.00  17.19   7.99   6.89    87  40.79  31.30  17718
  0813  59310 414141   7.06  16.30  24.10  17.20   7.99   6.87    86  40.81  31.31  17723
  0814  59314 414142   8.08  15.45  24.20  17.18   7.99   6.86    86  40.80  31.32  17727
  0814  59311 414142   9.03  14.55  24.30  17.19   7.99   6.89    87  40.81  31.32  17728
  0814  59308 414143   9.99  13.55  24.30  17.20   7.99   6.87    86  40.83  31.33  17733
  0815  59307 414143  10.87  12.60   1.90  17.21   7.98   6.81    86  40.85  31.33  17739
  0815  59306 414143  11.96  11.65   0.00  17.22   7.98   6.79    85  40.86  31.34  17739
  0816  59308 414143  13.07  10.55  24.00  17.21   7.98   6.66    84  40.86  31.34  17744
  0816  59310 414141  13.96   9.70  24.10  17.21   7.98   6.65    84  40.85  31.33  17739
  0816  59312 414141  14.87   9.05  24.10  17.24   7.97   6.65    84  40.90  31.35  17750
  0817  59320 414144  15.99   7.95  24.50  17.50   7.95   6.21    79  41.25  31.45  17805
  0817  59322 414144  17.05   7.25  24.50  17.68   7.94   6.20    79  41.53  31.55  17861
  0819  59311 414135  18.02   5.85  23.90  17.82   7.88   5.17    66  41.79  31.66  17925
  0820  59315 414133  18.99   4.85  24.10  18.10   7.83   4.39    56  42.29  31.86  18042
  0820  59320 414133  20.03   4.00  24.20  18.29   7.81   4.39    57  42.65  32.02  18131
  0821  59314 414135  20.96   3.15  24.00  18.33   7.72   2.74    36  42.89  32.19  18229
  0821  59309 414133  22.05   1.90  23.90  18.32   7.71   2.75    36  42.90  32.21  18238
  0822  59312 414128  22.93   0.95  23.80  18.28   7.69   2.34    30  42.90  32.24  18257
 -0836  57988 417187   1.02  18.55  20.70  17.07   8.02   7.42    93  40.64  31.26  17698
  0837  57956 417214   2.32   1.10  20.60  17.07   8.02   7.42    93  40.64  31.26  17698
  0837  57954 417218   3.17   0.40  20.60  17.06   8.02   7.42    93  40.61  31.25  17688
  0837  57959 417219   3.83  15.95   0.00  17.07   8.02   7.41    93  40.63  31.25  17693
  0838  57965 417215   5.09  14.60   2.20  17.07   8.02   7.40    93  40.64  31.26  17698
  0838  57970 417208   6.07  12.95   0.00  17.07   8.02   7.39    93  40.65  31.27  17703
  0838  57971 417199   7.06  12.20   0.00  17.08   8.02   7.38    92  40.66  31.27  17703
  0839  57970 417193   8.16  11.35   2.30  17.07   8.02   7.37    92  40.66  31.28  17708
  0839  57967 417188   8.96  10.55   2.10  17.07   8.02   7.34    92  40.65  31.27  17703
  0839  57965 417186  10.17   9.35  20.40  17.07   8.01   7.35    92  40.66  31.28  17708
  0840  57956 417188  11.13   8.50  20.70  17.07   8.01   7.27    91  40.68  31.30  17718
  0840  57955 417192  12.13   7.35   2.80  17.07   8.01   7.24    91  40.69  31.31  17723
  0840  57957 417193  12.98   6.40  20.70  17.08   8.00   7.18    90  40.70  31.31  17723
  0841  57959 417191  14.08   5.50  20.70  17.08   8.00   7.15    90  40.70  31.31  17723
  0841  57960 417197  14.97   4.60   1.90  17.10   8.00   7.06    88  40.74  31.33  17734
  0843  57962 417201  15.97   4.15  20.80  17.52   7.90   5.29    67  41.47  31.62  17904
  0844  57962 417197  17.07   2.55  20.70  17.87   7.83   4.46    57  42.03  31.82  18020
  0845  57960 417197  18.10   1.60  20.80  17.94   7.81   4.22    54  42.16  31.88  18051
  0845  57962 417197  19.18   0.50   2.10  17.95   7.80   4.21    54  42.19  31.90  18062
 -0857  57639 418932   1.16  13.95  16.50  16.57   8.00   7.39    92  40.16  31.24  17685
  0857  57620 418916   1.92  14.00   0.00  16.58   8.00   7.39    92  40.17  31.24  17686
  0857  57617 418912   3.00  13.35   0.00  16.60   8.00   7.39    92  40.19  31.24  17687
  0857  57615 418914   3.89  12.60   0.00  16.61   8.00   7.39    92  40.20  31.24  17687
  0858  57616 418923   5.12  10.45  17.60  16.59   8.00   7.41    92  40.18  31.24  17686
  0858  57624 418932   5.96   9.55  17.60  16.58   8.00   7.41    92  40.17  31.24  17686
  0859  57646 418937   6.94   8.05   0.00  16.57   8.00   7.38    92  40.17  31.25  17690
  0859  57654 418937   8.05   6.20   2.20  16.56   8.00   7.38    92  40.16  31.25  17690
  0859  57653 418939   9.01   5.00   0.00  16.55   8.00   7.37    91  40.15  31.25  17690
  0900  57642 418941  10.04   4.50  16.00  16.56   8.00   7.36    91  40.16  31.25  17690
  0900  57629 418939  11.12   4.20  17.20  16.56   8.00   7.36    91  40.16  31.25  17690
  0900  57621 418936  12.10   3.75  17.40  16.56   8.00   7.36    91  40.17  31.25  17695
  0900  57622 418932  13.25   3.00  16.90  16.56   8.00   7.35    91  40.16  31.25  17690
  0901  57626 418928  14.03   2.05   1.90  16.56   8.00   7.34    91  40.16  31.25  17690
  0901  57629 418923  14.98   1.00   1.90  16.55   8.00   7.34    91  40.16  31.25  17695
 -0912  56263 420533   0.92  11.30  13.00  16.65   7.99   7.40    92  40.23  31.24  17684
  0912  56263 420526   2.31   9.75  13.00  16.66   7.99   7.40    92  40.24  31.24  17685
  0912  56265 420517   3.37   8.65   1.90  16.66   7.99   7.40    92  40.24  31.24  17685
  0912  56267 420511   3.99   7.85   2.20  16.66   7.99   7.40    92  40.24  31.24  17685
  0913  56265 420509   4.70   6.65   0.00  16.66   7.99   7.39    92  40.24  31.24  17685
  0913  56253 420511   5.86   5.10   0.00  16.66   7.99   7.39    92  40.24  31.24  17685
  0914  56244 420515   6.94   3.45   0.00  16.66   7.99   7.39    92  40.24  31.24  17685
  0914  56243 420511   7.97   2.15   0.00  16.66   7.99   7.39    92  40.24  31.24  17685
  0914  56246 420511   9.03   1.05   0.00  16.65   7.99   7.38    92  40.24  31.25  17689
  0915  56272 420524  10.01   1.70  13.10  16.65   7.99   7.36    92  40.24  31.25  17689
  0915  56281 420518  10.99   1.10   1.90  16.64   7.99   7.36    92  40.23  31.24  17689
  0916  56293 420512  11.91   0.45   2.00  16.65   7.99   7.34    91  40.23  31.24  17684
 -0923  55197 421365   1.25  17.75  20.50  16.99   7.99   7.36    92  40.51  31.21  17670
  0923  55161 421371   2.01  51.25  20.40  16.99   7.99   7.36    92  40.51  31.21  17670
  0924  55162 421367   3.04  15.90  20.30  17.01   7.99   7.37    92  40.30  31.02  17556
  0924  55164 421364   4.09  14.70   1.90  17.01   7.99   7.35    92  40.32  31.04  17566
  0924  55164 421360   5.01  13.75   2.00  17.01   7.99   7.34    92  40.48  31.17  17646
  0925  55158 421368   6.11  12.75   0.00  17.01   7.99   7.35    92  40.53  31.22  17670
  0925  55150 421373   7.01  12.00   0.00  17.00   7.99   7.35    92  40.52  31.21  17670
  0925  55145 421383   7.91  11.20  20.60  17.00   7.99   7.35    92  40.53  31.22  17675
  0925  55150 421388   9.05  10.35  20.70  17.00   7.99   7.35    92  40.52  31.21  17670
  0926  55153 421386   9.86   9.50  20.70  17.00   7.99   7.35    92  40.53  31.22  17675
  0926  55166 421380  10.87   8.70  20.80  17.00   7.99   7.35    92  40.53  31.22  17675
  0927  55180 421375  12.02   7.70  20.90  17.01   7.99   7.34    92  40.53  31.22  17670
  0927  55187 421378  13.09   6.70  21.00  17.01   7.99   7.34    92  40.54  31.22  17675
  0927  55192 421378  13.98   6.05  21.20  17.03   7.99   7.33    92  40.56  31.23  17676
  0928  55197 421380  15.06   5.15  21.10  17.03   7.99   7.33    92  40.55  31.22  17671
  0928  55200 421380  16.00   4.50  21.20  17.03   7.99   7.33    92  40.56  31.23  17676
  0928  55203 421378  16.96   3.50  21.20  17.02   7.99   7.33    92  40.55  31.22  17676
  0928  55200 421378  18.02   2.50  21.10  17.02   7.99   7.36    91  40.55  31.22  17676
  0929  55199 421376  18.97   1.55  21.10  17.02   7.99   7.31    91  40.55  31.22  17676
  0929  55197 421374  20.05   0.50  21.00  17.00   7.99   7.31    91  40.53  31.22  17675
 -0936  53717 421053   0.94  51.25  17.60  16.96   8.00   7.41    92  40.44  31.18  17648
  0937  53704 421057   2.14  14.05   2.00  16.97   8.00   7.42    93  40.29  31.04  17569
  0937  53701 421052   3.22  12.80   0.00  16.98   8.00   7.42    92  40.22  30.97  17530
  0938  53701 421046   4.13  11.90   0.00  16.98   8.00   7.39    92  40.45  31.17  17644
  0938  53704 421046   5.09  10.95  17.40  16.98   8.00   7.39    92  40.48  31.20  17659
  0938  53705 421046   5.97  10.10  17.30  16.99   8.00   7.39    92  40.49  31.20  17660
  0938  53707 421044   7.04   9.05  17.30  16.98   8.00   7.38    92  40.49  31.20  17664
  0939  53710 421042   8.05   7.95  17.30  16.98   8.00   7.38    92  40.49  31.20  17664
  0939  53711 421042   8.93   7.10  17.30  16.99   8.00   7.38    92  40.50  31.21  17665
  0939  53711 421042   9.92   6.25  17.30  16.99   8.00   7.38    92  40.50  31.21  17665
  0939  53712 421046  10.95   5.30  17.30  17.00   8.00   7.38    92  40.52  31.21  17670
  0939  53712 421050  12.05   4.35  17.40  17.00   8.00   7.38    92  40.53  31.22  17675
  0940  53709 421053  12.90   3.60  17.50  17.00   8.00   7.38    92  40.54  31.23  17680
  0940  53707 421057  13.84   2.80  17.50  17.01   8.00   7.38    92  40.54  31.22  17675
  0940  53706 421061  15.18   1.65  17.60  16.98   8.00   7.36    92  40.51  31.22  17674
  0941  53705 421065  15.99   0.85  17.60  16.97   8.00   7.37    92  40.49  31.21  17669
 -0946  52958 420284   0.97   9.30  11.30  17.08   8.00   7.33    92  40.67  31.28  17708
  0947  52934 420286   2.03   8.25  11.40  17.07   8.00   7.32    92  40.66  31.28  17708
  0947  52934 420281   3.06   7.25   2.20  17.06   8.00   7.32    92  40.65  31.28  17707
  0947  52935 420279   4.12   6.20   2.20  17.04   8.00   7.30    91  40.63  31.28  17707
  0947  52938 420279   5.02   5.30  11.30  17.05   8.00   7.30    91  40.63  31.27  17702
  0948  52938 420277   6.03   4.40  11.30  17.04   8.00   7.29    91  40.62  31.27  17702
  0948  52936 420277   7.00   3.50  11.30  17.04   8.00   7.30    91  40.62  31.27  17702
  0948  52934 420281   8.00   2.55  11.30  16.91   8.00   7.31    91  40.51  31.28  17706
  0949  52934 420286   9.01   1.65   2.00  16.89   7.99   7.20    90  40.52  31.30  17720
  0949  52937 420283   9.96   0.60  11.30  16.85   7.99   7.21    90  40.47  31.29  17713
 -1001  51596 418567   0.92  34.05  37.60  17.12   8.00   7.37    92  40.65  31.23  17680
  1001  51558 418564   2.12  33.65   2.00  17.12   8.00   7.35    92  40.65  31.23  17680
  1001  51550 418564   3.02  32.90   1.90  17.12   8.00   7.35    92  40.65  31.23  17680
  1001  51544 418564   3.98  31.90  34.60  17.12   8.00   7.34    92  40.65  31.23  17680
  1001  51541 418564   4.95  31.00  34.30  17.12   8.00   7.34    92  40.65  31.23  17680
  1002  51541 418566   5.90  30.00   0.00  17.12   8.00   7.34    92  40.65  31.23  17680
  1002  51541 418564   6.94  29.00   0.00  17.12   8.00   7.33    92  40.66  31.24  17685
  1002  51541 418566   7.89  28.00   1.90  17.12   8.00   7.33    92  40.66  31.24  17685
  1002  51543 418564   8.99  27.00   0.00  17.13   8.00   7.32    92  40.66  31.23  17681
  1003  51548 418558   9.98  25.90   0.00  17.14   8.00   7.32    92  40.68  31.24  17686
  1003  51551 418553  10.94  24.70   0.00  17.13   8.00   7.30    91  40.67  31.24  17686
  1003  51557 418549  11.94  23.50   0.00  17.13   8.00   7.30    91  40.67  31.24  17686
  1003  51562 418547  12.93  22.30  37.40  17.14   8.00   7.30    91  40.68  31.24  17686
  1004  51567 418547  13.93  51.25  37.50  17.14   8.00   7.30    91  40.69  31.25  17691
  1004  51569 418549  14.83  51.25  37.40  17.18   7.99   7.29    91  40.75  31.27  17703
  1004  51568 418567  15.96  20.35  37.40  17.19   7.99   7.20    90  40.76  31.27  17703
  1005  51567 418573  16.91  19.50   0.00  17.21   7.99   7.21    90  40.82  31.31  17724
  1006  51569 418575  18.11  18.50  36.80  18.22   7.88   5.10    66  42.75  32.16  18211
  1007  51571 418569  19.10  17.15  37.50  18.28   7.85   4.43    57  43.17  32.46  18388
  1008  51567 418571  20.46  16.10  37.00  18.27   7.84   4.41    57  43.18  32.48  18398
  1008  51557 418575  20.99  15.75  35.90  18.26   7.82   4.17    54  43.22  32.52  18422
  1009  51558 418573  22.07  14.80  36.10  18.26   7.82   4.17    54  43.22  32.52  18422
  1009  51559 418573  23.03  13.75  36.10  18.26   7.82   4.14    53  43.23  32.53  18427
  1009  51564 418569  24.05  12.90  36.50  18.24   7.82   4.11    53  43.22  32.54  18431
  1010  51568 418567  25.02  11.65  37.70  18.25   7.82   4.16    54  43.23  32.54  18431
  1010  51573 418565  26.05  10.30  37.60  18.25   7.81   4.03    52  43.25  32.55  18441
  1010  51572 418563  27.19   9.30  37.60  18.26   7.81   4.00    52  43.25  32.55  18437
  1011  51572 418569  28.01   8.75  37.60  18.27   7.80   3.95    51  43.28  32.56  18447
  1011  51572 418567  28.90   7.85  37.50  18.29   7.80   3.94    51  43.34  32.60  18467
  1012  51565 418571  29.97   7.10  37.40  18.25   7.77   3.37    44  43.35  32.64  18490
  1012  51566 418571  31.20   5.90  37.40  18.24   7.76   3.33    43  43.34  32.64  18490
  1013  51574 418565  32.06   4.40  37.60  18.22   7.75   3.07    40  43.33  32.65  18494
  1015  51567 418564  33.06   4.10  37.70  18.21   7.72   2.55    33  43.32  32.64  18494
  1015  51563 418565  34.09   3.10  37.60  18.20   7.71   2.55    33  43.32  32.65  18499
  1016  51556 418575  35.06   2.45  35.80  18.18   7.69   2.06    26  43.31  32.66  18503
  1016  51556 418575  36.09   1.45  35.80  18.18   7.68   2.05    26  43.31  32.66  18503
  1018  51564 418580  37.05   0.45  36.30  18.16   7.66   1.62    21  43.29  32.66  18503
 -1023  50728 418381   1.00  26.80  28.40  17.23   7.99   7.33    92  40.81  31.29  17710
  1023  50696 418376   2.02  25.90  28.10  17.25   8.00   7.31    92  40.84  31.30  17716
  1023  50692 418374   3.06  24.65  28.20  17.26   7.99   7.31    92  40.85  31.30  17716
  1024  50691 418370   4.05  23.80  28.20  17.27   8.00   7.29    91  40.87  31.31  17721
  1024  50691 418370   4.94  23.05   0.00  17.28   7.99   7.27    91  40.88  31.31  17722
  1024  50690 418367   5.92  22.10  28.30  17.29   7.99   7.24    91  40.90  31.32  17727
  1024  50693 418363   7.02  21.20   1.90  17.28   8.00   7.24    91  40.91  31.33  17737
  1024  50695 418361   8.01  20.30   0.00  17.29   8.00   7.25    91  40.93  31.34  17742
  1025  50703 418355   9.03  19.40  29.30  17.29   8.00   7.28    91  40.95  31.36  17752
  1025  50717 418362  10.05  17.95  29.60  17.35   8.00   7.20    90  41.10  31.44  17799
  1026  50719 418370  10.92  17.10  29.40  17.37   8.00   7.20    91  41.13  31.45  17805
  1026  50723 418379  11.97  15.50   2.30  17.38   8.00   7.21    91  41.18  31.48  17825
  1026  50727 418386  13.03  14.15   2.10  17.39   8.00   7.21    91  41.23  31.52  17845
  1026  50729 418390  14.11  13.05   0.00  17.40   8.00   7.18    90  41.25  31.53  17850
  1027  50734 418392  15.01  12.35  29.20  17.41   8.00   7.14    90  41.30  31.56  17870
  1027  50739 418390  15.95  11.40  29.00  17.42   8.00   7.09    89  41.34  31.59  17886
  1028  50743 418391  17.00  10.55  29.20  17.46   7.99   6.83    86  41.50  31.70  17946
  1029  50726 418381  18.17  10.00  29.30  17.60   7.97   6.53    83  41.72  31.77  17991
  1030  50722 418368  19.13   9.15  29.50  17.96   7.94   5.87    75  42.36  32.03  18140
  1031  50710 418370  20.04   7.55  29.10  18.25   7.86   4.64    60  43.12  32.44  18378
  1032  50710 418377  21.01   6.50  28.90  18.25   7.86   4.61    59  43.12  32.44  18378
  1033  50696 418389  21.98   5.80   0.00  18.27   7.81   4.03    52  43.24  32.53  18427
  1034  50692 418379  23.19   4.85  28.00  18.27   7.81   4.02    52  43.28  32.56  18447
  1034  50695 418376  24.15   4.40  28.30  18.25   7.81   4.01    52  43.26  32.56  18446
  1034  50696 418370  24.99   3.70  28.60  18.23   7.81   4.01    52  43.25  32.57  18451
  1034  50700 418364  25.90  51.25  28.90  18.24   7.81   4.01    52  43.26  32.57  18451
  1035  50704 418361  26.86  51.25  29.40  18.26   7.80   3.99    51  43.29  32.58  18456
  1035  50719 418360  28.15  51.25  29.60  18.28   7.79   3.76    48  43.33  32.60  18466
 -1041  49747 418271   0.95  18.00  18.50  17.41   8.01   7.28    92  41.17  31.45  17806
  1041  49714 418274   1.92  16.60  18.20  17.42   8.01   7.27    92  41.18  31.45  17807
  1041  49706 418272   2.88  16.35  18.20  17.41   8.01   7.30    91  41.18  31.46  17811
  1042  49699 418270   3.91  15.55  18.10  17.41   8.01   7.26    91  41.17  31.45  17806
  1042  49698 418265   4.90  14.90  18.30  17.41   8.01   7.24    91  41.17  31.45  17806
  1042  49702 418263   5.94  51.25   1.90  17.41   8.01   7.24    91  41.17  31.45  17806
  1043  49714 418259   6.97  13.05   0.00  17.42   8.01   7.24    91  41.18  31.45  17807
  1043  49726 418261   8.00  12.40  20.70  17.40   8.01   7.25    91  41.17  31.46  17811
  1043  49730 418264   8.96  11.85   1.90  17.39   8.01   7.25    91  41.15  31.45  17805
  1043  49734 418268  10.00  11.25   0.00  17.40   8.01   7.24    91  41.16  31.45  17806
  1044  49735 418270  10.93   9.75   0.00  17.40   8.01   7.23    91  41.15  31.44  17801
  1044  49736 418271  11.99   8.20   2.10  17.38   8.01   7.22    91  41.15  31.46  17810
  1045  49741 418275  13.04   6.05  18.60  17.53   7.99   6.82    86  41.56  31.69  17944
  1045  49743 418273  14.13   4.65  18.60  17.53   7.99   6.81    86  41.58  31.71  17954
  1046  49743 418273  15.07   4.10  18.60  17.55   7.98   6.74    85  41.62  31.73  17964
  1047  49719 418270  16.02   3.60  18.50  17.90   7.94   5.83    74  42.29  32.02  18133
  1048  49713 418268  17.14   2.75  19.00  18.06   7.89   4.93    63  42.75  32.28  18285
  1049  49728 418264  18.04   4.70   2.20  18.06   7.88   4.86    62  43.01  32.50  18412
  1049  49734 418266  19.23   3.60  20.20  18.04   7.88   4.89    63  42.99  32.50  18412
  1050  49732 418270  20.13   0.65  18.80  18.02   7.88   4.97    64  42.98  32.51  18416
 -1055  48795 418186   1.15  30.25  45.60  17.37   8.01   7.21    91  41.12  31.44  17800
  1055  48781 418193   2.08   0.40  45.70  17.37   8.01   7.22    91  41.13  31.45  17805
  1056  48777 418195   2.96   0.45  45.70  17.38   8.01   7.23    91  41.14  31.45  17805
  1056  48772 418197   4.05   0.45  45.70  17.38   8.01   7.22    91  41.14  31.45  17805
  1056  48771 418201   5.03  38.80  45.70  17.39   8.01   7.21    91  41.16  31.46  17810
  1056  48770 418201   6.00  37.70  45.80  17.41   8.01   7.20    91  41.20  31.48  17821
  1057  48778 418204   7.06  36.80  45.70  17.57   7.99   6.89    87  41.49  31.60  17891
  1058  48780 418206   8.19  35.60   0.00  17.58   7.99   6.87    87  41.51  31.61  17897
  1058  48786 418206   9.32  34.50   0.00  17.61   7.99   6.83    86  41.62  31.68  17937
  1058  48788 418204  10.09  33.80  45.70  17.61   7.99   6.81    86  41.63  31.69  17942
  1059  48791 418204  11.19  32.80   0.00  17.63   7.99   6.78    86  41.69  31.72  17962
  1059  48787 418201  12.35  31.65   0.00  17.72   7.98   6.75    86  41.92  31.85  18034
  1100  48771 418192  13.11  31.00  45.70  17.82   7.97   6.34    81  42.09  31.91  18072
  1100  48766 418188  14.06  30.10  45.70  17.85   7.97   6.39    81  42.24  32.02  18132
  1101  48764 418192  15.01  29.20  45.80  17.97   7.96   6.16    79  42.63  32.25  18268
  1101  48767 418195  16.02  28.20   2.90  18.00   7.96   6.20    79  42.73  32.31  18303
  1102  48771 418199  17.03  27.25  45.70  17.97   7.97   6.18    79  42.72  32.33  18312
  1102  48776 418204  18.02  26.20  45.70  17.96   7.97   6.27    80  42.73  32.35  18321
  1103  48778 418204  18.98  25.30  45.80  17.96   7.97   6.16    79  42.76  32.37  18336
  1103  48778 418204  19.94  24.50  45.70  17.97   7.96   6.16    79  42.78  32.38  18341
  1104  48773 418199  21.00  23.45  45.80  17.96   7.96   6.02    77  42.82  32.42  18366
  1104  48771 418197  22.00  22.50  45.70  17.96   7.95   5.99    77  42.85  32.45  18380
  1105  48766 418192  23.06  21.65  45.80  17.93   7.94   5.71    73  42.89  32.50  18414
  1105  48765 418190  24.08  20.65  45.80  17.92   7.94   5.71    73  42.88  32.50  18414
  1105  48765 418190  25.06  19.75  45.70  17.90   7.94   5.72    73  42.86  32.50  18413
  1106  48765 418192  25.94  18.85  45.70  17.89   7.94   5.76    74  42.86  32.51  18418
  1106  48767 418195  26.97  18.05  45.70  17.89   7.95   5.87    75  42.86  32.51  18418
  1107  48772 418205  28.01  16.75  45.70  17.85   7.96   6.12    78  42.84  32.53  18427
  1107  48772 418205  28.94  15.90  45.70  17.85   7.96   6.14    78  42.84  32.53  18427
  1108  48773 418203  29.93  14.95  45.70  17.85   7.97   6.16    79  42.84  32.53  18427
  1108  48771 418201  30.97  14.00  45.70  17.84   7.97   6.18    79  42.84  32.53  18431
  1108  48770 418197  31.88  13.15  45.70  17.84   7.97   6.18    79  42.84  32.53  18431
  1108  48770 418195  32.92  12.20  45.70  17.84   7.97   6.20    79  42.84  32.53  18431
  1109  48769 418192  33.93  11.25  45.70  17.83   7.97   6.22    79  42.84  32.54  18436
  1109  48767 418190  34.96  10.25  45.70  17.83   7.97   6.25    80  42.84  32.54  18436
  1109  48767 418190  35.94   9.35  45.60  17.83   7.97   6.27    80  42.84  32.54  18436
  1109  48770 418192  36.94   8.40  45.70  17.83   7.97   6.27    80  42.84  32.54  18436
  1110  48771 418193  38.03   7.35  45.90  17.83   7.97   6.30    80  42.85  32.55  18441
  1110  48771 418195  39.02   6.40  45.70  17.82   7.97   6.28    80  42.85  32.56  18446
  1110  48771 418195  40.34   5.10  45.70  17.82   7.98   6.28    80  42.84  32.55  18441
  1111  48773 418199  41.08   4.40  45.70  17.81   7.98   6.30    80  42.84  32.56  18445
  1111  48774 418201  42.06   3.55  45.90  17.81   7.98   6.30    80  42.84  32.56  18445
  1111  48776 418201  43.11   2.45  45.70  17.81   7.98   6.30    80  42.84  32.56  18445
  1111  48776 418199  44.01   1.60  45.70  17.81   7.98   6.30    80  42.84  32.56  18445
  1111  48777 418199  44.85   0.75  45.70  17.81   7.98   6.31    81  42.84  32.56  18445
 -1117  47961 418344   1.15  16.25  18.20  17.62   8.01   7.11    90  41.50  31.57  17873
  1118  47946 418346   2.25  15.65   0.00  17.61   8.01   7.10    90  41.50  31.58  17878
  1118  47945 418346   3.14  14.80   1.90  17.61   8.01   7.09    90  41.52  31.60  17888
  1118  47947 418344   4.14  13.85   0.00  17.62   8.01   7.08    90  41.53  31.60  17888
  1118  47950 418344   5.06  12.80   1.90  17.64   8.01   7.08    90  41.60  31.64  17914
  1119  47963 418344   6.05  12.25   2.30  17.74   8.00   6.96    88  41.86  31.78  17996
  1119  47969 418346   7.07  10.70   3.60  17.74   8.00   6.94    88  41.90  31.82  18015
  1119  47975 418348   8.00   9.30   2.30  17.76   8.00   6.92    88  41.96  31.85  18036
  1120  47979 418349   9.04   8.25   0.00  17.79   8.00   6.89    88  42.09  31.94  18086
  1120  47980 418347  10.05   7.60   2.10  17.81   8.00   6.86    87  42.16  31.98  18111
  1120  47967 418346  11.06   6.75  18.40  17.91   8.00   6.74    86  42.38  32.09  18173
  1121  47959 418344  11.97   5.85   0.00  17.93   8.00   6.72    86  42.48  32.16  18213
  1121  47940 418345  13.00  42.95  18.40  17.92   7.99   6.60    84  42.60  32.27  18276
  1122  47939 418345  13.99   3.85  18.40  17.93   7.99   6.59    84  42.63  32.28  18286
  1122  47938 418348  15.04   2.95  18.20  17.92   7.99   6.44    82  42.69  32.34  18320
  1123  47942 418350  16.03   2.10  18.10  17.92   7.99   6.43    82  42.67  32.33  18311
  1123  47946 418348  16.95   1.55  18.40  17.91   7.98   6.42    82  42.77  32.42  18364
  1124  47968 418350  17.87   0.45  18.30  17.87   7.97   6.13    78  42.78  32.46  18388
 -1128  47475 418839   1.23  51.25  15.60  17.66   8.01   7.06    90  41.95  31.92  18077
  1128  47467 418854   2.58   9.85   0.00  17.68   8.00   7.05    90  41.93  31.89  18058
  1129  47471 418854   3.21   7.30   0.00  17.70   8.00   6.81    86  41.97  31.91  18068
  1129  47478 418853   4.06   5.85   2.30  17.69   8.00   6.89    88  41.96  31.91  18068
  1130  47480 418852   5.02   4.50   0.00  17.70   8.00   6.88    87  42.00  31.93  18083
  1130  47482 418851   6.03   3.40   2.00  17.71   8.00   6.87    87  42.02  31.94  18088
  1130  47483 418850   6.96   2.30  13.20  17.71   8.00   6.84    87  42.03  31.95  18093
  1131  47477 418846   8.04   2.25  13.90  17.61   7.98   6.63    84  41.98  31.99  18114
  1131  47476 418844   8.98   1.50  13.90  17.59   7.98   6.63    84  41.97  31.99  18119
  1131  47476 418842   9.92   0.65  13.90  17.55   7.97   6.59    83  41.94  32.00  18122
