# MEETVAARTUIG : M.S. ARGUS
# MEETDATUM    : 04-05-2010 08:33:00
# MEETGEBIED   : GREVELINGEN
# STARTPUNT    : Brouwersdam
# EINDPUNT     : Grevelingendam
# PROJECTCODE  : E7501X
# OPDRACHTGEVER: ZLXXAXAMDBG
# BEHEERDER    : ZLXXAXAMDBG
# BEMONST. INST:
# WAARNEMER(S) : Geert den Hartog
#
* 20100504
$ 9999 [00000000000]
>TIJD      uumm                    
>X         coordinaat              
>Y         coordinaat              
>SENSHTE   Diepte set        m     
>ECHOS     Echoset           mtrs  
>Temp       Temperatuur       oC        : 5  1.0  11  1.0
>O2        Zuurstof          mg/l  
>%O2       Zuurstof%         %     
>GELBH     Geleidendheid     mS/cm 
>SALNTT    Saliniteit        dimsl 
>CL-       Chloride          mg/l      : 16500  125  13  125
 -0833  47471 418820   1.11   8.95  10.13   8.32    89  32.99  29.73  16834
  0833  47468 418815   2.04   7.57  10.09   8.33    89  32.92  29.69  16811
  0833  47446 418820   3.12   9.12  10.42   8.27    89  33.28  29.78  16861
  0834  47443 418831   4.05  11.32  10.45   8.23    88  33.33  29.80  16876
  0834  47451 418841   5.02  10.57  10.12   8.25    88  32.91  29.66  16793
  0834  47460 418844   5.98   8.80  10.27   8.21    88  33.06  29.69  16807
  0835  47468 418840   6.91   6.00  10.05   8.23    88  32.91  29.71  16825
  0835  47475 418837   7.96   3.21  10.01   8.24    88  32.86  29.70  16816
  0835  47481 418830   8.90   0.81  10.05   8.24    88  32.90  29.70  16817
  0837  47455 418831  10.18   4.65  10.12   8.24    88  32.98  29.72  16833
  0838  47452 418839  11.06   4.68  10.42   8.19    88  33.29  29.79  16867
  0838  47451 418842  12.11   3.84  10.39   8.19    88  33.22  29.75  16842
  0838  47452 418841  13.08   2.87  10.36   8.15    87  33.23  29.78  16861
  0839  47454 418841  14.08   1.90  10.45   8.14    87  33.32  29.79  16868
  0839  47455 418840  15.03   0.95  10.42   8.12    87  33.29  29.79  16868
 -0844  47942 418338   1.11  16.60  10.69   8.13    88  33.57  29.85  16899
  0844  47953 418339   1.95  16.00  10.67   8.11    88  33.55  29.84  16897
  0844  47958 418338   3.01  14.60  10.67   8.12    88  33.55  29.84  16897
  0845  47965 418338   3.99  13.75  10.68   8.11    88  33.56  29.84  16898
  0845  47970 418339   5.02  12.90  10.69   8.10    88  33.58  29.86  16904
  0845  47972 418339   5.97  11.95  10.68   8.09    87  33.57  29.85  16903
  0845  47973 418343   7.02  10.75  10.69   8.09    87  33.58  29.86  16904
  0846  47973 418348   7.95   9.75  10.75   8.07    87  33.64  29.87  16910
  0846  47973 418351   9.02   8.50  10.80   8.07    87  33.70  29.88  16920
  0846  47972 418352  10.09   7.60  10.85   8.06    87  33.78  29.92  16942
  0846  47971 418353  11.07   6.55  10.91   8.06    88  33.85  29.94  16953
  0846  47970 418351  12.16   5.50  10.89   8.05    87  33.83  29.94  16952
  0847  47970 418349  13.11   4.45  10.94   8.04    87  33.89  29.96  16962
  0847  47969 418347  14.08   3.50  10.97   8.04    87  33.94  29.98  16976
  0847  47969 418346  15.09   2.50  11.01   8.00    87  34.03  30.04  17008
  0848  47949 418352  16.12   1.50  11.01   7.77    85  34.08  30.08  17036
  0848  47947 418353  17.07   0.75  10.82   7.81    85  34.00  30.16  17082
 -0854  48773 418146   1.05  42.65  11.01   8.20    89  33.95  29.96  16963
  0855  48777 418168   2.04  41.90  11.02   8.21    89  33.96  29.96  16963
  0855  48777 418174   3.06  40.85  11.02   8.22    90  33.96  29.96  16963
  0855  48780 418176   4.00  40.15  11.03   8.21    89  33.96  29.95  16959
  0855  48785 418178   5.00  39.20  11.02   8.21    89  33.97  29.97  16969
  0855  48790 418176   5.97  38.15  11.02   8.21    89  33.96  29.96  16963
  0856  48793 418173   7.02  37.15  11.02   8.20    89  33.97  29.97  16969
  0856  48797 418172   7.97  36.15  11.03   8.19    89  33.97  29.96  16964
  0856  48800 418174   8.98  35.30  11.03   8.18    89  33.97  29.96  16964
  0856  48802 418174   9.94  34.40  11.03   8.18    89  33.97  29.96  16964
  0857  48804 418176  10.94  33.40  11.03   8.17    89  33.98  29.97  16970
  0857  48805 418178  11.98  32.30  11.04   8.17    89  34.00  29.98  16977
  0857  48805 418178  13.02  31.50  11.04   8.16    89  33.99  29.97  16971
  0857  48807 418178  13.99  30.50  11.05   8.15    89  34.00  29.97  16972
  0858  48804 418183  15.07  29.50  11.00   8.01    87  34.05  30.06  17024
  0858  48802 418186  16.04  28.45  10.99   8.01    87  34.04  30.06  17023
  0859  48793 418182  17.13  27.60  10.81   7.21    78  34.01  30.18  17092
  0902  48803 418178  18.07  26.60   7.80   1.91    20  32.26  30.96  17555
  0903  48799 418183  19.11  25.45   7.28   1.21    12  31.90  31.04  17602
  0905  48800 418175  20.00  24.65   7.16   0.66     7  31.82  31.07  17615
  0906  48795 418177  21.00  24.00   7.11   0.30     3  31.78  31.07  17616
  0906  48795 418177  22.10  22.40   7.08   0.17     2  31.76  31.07  17619
  0907  48793 418179  23.07  21.65   7.06   0.12     1  31.76  31.09  17629
  0907  48793 418172  23.97  20.65   7.06   0.10     1  31.75  31.08  17623
  0907  48796 418173  24.82  19.85   7.02   0.11     1  31.72  31.08  17625
  0907  48797 418174  25.93  18.80   7.01   0.13     1  31.72  31.09  17631
  0908  48798 418174  26.94  17.80   7.02   0.12     1  31.73  31.09  17632
  0908  48797 418179  28.03  16.70   7.01   0.12     1  31.71  31.08  17624
  0908  48796 418180  29.11  15.75   7.00   0.18     2  31.71  31.09  17630
  0908  48795 418180  30.30  14.40   7.00   0.18     2  31.72  31.10  17636
  0909  48793 418179  31.16  13.85   7.00   0.18     2  31.72  31.10  17636
  0909  48790 418176  32.09  12.85   7.00   0.20     2  31.71  31.09  17630
  0909  48789 418175  33.10  11.90   7.00   0.20     2  31.71  31.09  17630
  0909  48790 418174  33.97  11.10   7.00   0.20     2  31.72  31.10  17636
  0909  48791 418174  35.07  10.20   6.99   0.19     2  31.71  31.10  17635
  0910  48793 418176  36.20   8.80   6.99   0.18     2  31.71  31.10  17635
  0910  48793 418176  37.06   7.95   6.99   0.17     2  31.71  31.10  17635
  0910  48794 418175  38.13   6.90   6.99   0.17     2  31.71  31.10  17635
  0911  48794 418175  39.09   6.05   6.99   0.18     2  31.71  31.10  17635
  0911  48793 418178  40.00   5.10   6.99   0.18     2  31.71  31.10  17635
  0911  48793 418179  40.92   4.25   6.98   0.19     2  31.71  31.11  17640
  0911  48791 418178  41.97   3.35   6.98   0.19     2  31.71  31.11  17640
  0912  48789 418178  42.98   2.30   6.98   0.17     2  31.71  31.11  17640
  0912  48787 418175  43.97   1.35   6.98   0.16     2  31.71  31.11  17640
  0912  48785 418174  44.83   0.50   6.98   0.12     1  31.70  31.10  17634
 -0919  49753 418258   1.26  51.25  11.22   8.29    91  33.99  29.83  16886
  0919  49774 418268   2.14   0.40  11.22   8.30    91  34.07  29.90  16931
  0920  49771 418272   3.10  14.70  11.21   8.28    90  34.11  29.95  16958
  0920  49757 418279   4.10  13.75  11.22   8.24    90  34.14  29.97  16970
  0920  49749 418284   5.07  12.80  11.21   8.23    90  34.13  29.97  16969
  0920  49741 418282   6.01  11.95  11.19   8.22    90  34.12  29.98  16973
  0921  49733 418284   6.96  10.90  11.18   8.21    90  34.12  29.99  16978
  0921  49728 418283   8.02   9.90  11.14   8.20    90  34.07  29.97  16969
  0921  49725 418283   9.07   8.95  11.14   8.18    89  34.07  29.97  16969
  0921  49720 418281  10.05   7.95  11.12   8.17    89  34.05  29.97  16967
  0921  49716 418278  11.02   7.40  11.09   8.14    89  34.04  29.98  16976
  0922  49713 418275  12.08   7.55  11.11   8.06    88  34.07  29.99  16983
  0922  49714 418274  13.07   6.85  11.11   8.03    88  34.08  30.00  16989
  0922  49714 418272  14.05   6.45  11.11   7.99    87  34.09  30.01  16994
  0922  49714 418268  15.08  51.25  11.09   7.98    87  34.08  30.02  16998
  0923  49714 418258  16.05  51.25  10.65   7.88    85  33.84  30.14  17072
  0923  49714 418259  17.06  51.25   8.00   5.96    61  32.42  30.96  17550
  0925  49714 418270  18.02  51.25   7.32   1.93    20  31.93  31.04  17600
  0926  49708 418266  19.06  51.25   7.26   1.76    18  31.90  31.06  17612
  0927  49730 418264  20.03   2.20   7.20   1.22    12  31.84  31.05  17606
  0927  49736 418262  21.03  51.25   7.18   1.23    12  31.83  31.06  17610
 -0934  50709 418354   1.15  27.50  11.28   8.22    90  34.21  29.99  16981
  0934  50742 418378   2.09  26.40  11.28   8.22    90  34.22  30.00  16987
  0934  50749 418392   3.01  25.40  11.28   8.21    90  34.22  30.00  16987
  0934  50752 418397   3.98  24.35  11.28   8.20    90  34.22  30.00  16987
  0935  50751 418400   5.06  23.25  11.28   8.20    90  34.22  30.00  16987
  0935  50750 418396   6.03  22.45  11.28   8.19    90  34.22  30.00  16987
  0935  50748 418391   7.06  21.60  11.27   8.19    90  34.22  30.01  16992
  0935  50747 418385   8.09  20.65  11.27   8.18    90  34.21  30.00  16986
  0936  50746 418380   9.15  19.85  11.25   8.18    90  34.20  30.01  16990
  0936  50746 418375  10.11  19.05  11.26   8.17    89  34.21  30.01  16991
  0936  50746 418375  11.10  18.00  11.25   8.17    89  34.20  30.01  16990
  0936  50745 418376  12.09  17.00  11.24   8.16    89  34.19  30.00  16989
  0936  50742 418378  13.12  15.90  11.25   8.16    89  34.19  30.00  16984
  0937  50741 418379  14.06  14.95  11.24   8.15    89  34.19  30.00  16989
  0937  50739 418381  15.02  13.95  11.23   8.14    89  34.19  30.01  16994
  0937  50738 418381  16.09  12.95  11.18   8.11    89  34.17  30.03  17006
  0938  50733 418374  17.01  12.10   7.41   5.54    56  32.08  31.12  17646
  0940  50751 418361  18.03  11.50   7.23   1.85    19  31.85  31.03  17597
  0940  50752 418363  18.98  10.65   7.15   1.81    18  31.81  31.06  17614
  0941  50750 418369  20.06   9.40   7.11   1.72    17  31.78  31.07  17616
  0941  50747 418374  21.00   8.20   7.08   1.71    17  31.77  31.08  17625
  0941  50744 418377  22.01  51.25   7.06   1.71    17  31.75  31.08  17623
  0942  50740 418380  23.03   6.05   7.04   1.80    18  31.74  31.09  17627
  0943  50738 418367  24.00  51.25   7.02   2.00    20  31.72  31.08  17625
  0943  50736 418366  25.18  51.25   7.01   2.00    20  31.72  31.09  17631
  0943  50735 418365  26.12   3.35   7.00   2.00    20  31.71  31.09  17630
  0944  50723 418368  27.14   2.75   6.93   2.35    24  31.68  31.12  17648
  0944  50721 418367  27.97  51.25   6.93   2.38    24  31.67  31.11  17641
  0945  50718 418364  28.91  51.25   6.91   2.39    24  31.67  31.13  17652
 -0950  51565 418540   1.06  34.65  11.12   8.35    91  34.04  29.96  16961
  0951  51578 418556   2.06  33.75  11.13   8.36    91  34.04  29.95  16957
  0951  51581 418564   3.05  33.05  11.12   8.35    91  34.03  29.95  16956
  0951  51585 418573   4.06  32.35  11.13   8.35    91  34.04  29.95  16957
  0951  51584 418577   5.01  51.25  11.17   8.34    91  34.09  29.96  16966
  0952  51584 418581   6.00  51.25  11.16   8.33    91  34.08  29.96  16965
  0952  51583 418583   7.03  29.65  11.16   8.32    91  34.07  29.95  16959
  0952  51581 418586   7.99  28.55  11.16   8.32    91  34.07  29.95  16959
  0952  51582 418585   8.97  27.90  11.15   8.32    91  34.07  29.96  16964
  0952  51583 418585  10.11  26.80  11.15   8.31    91  34.06  29.95  16958
  0953  51584 418582  11.05  25.70  11.14   8.31    91  34.07  29.97  16969
  0953  51586 418578  12.01  24.85  11.05   8.32    91  33.97  29.94  16955
  0953  51587 418569  13.10  23.10  10.89   8.25    90  33.81  29.92  16940
  0953  51589 418565  14.07  50.20  10.87   8.25    90  33.81  29.93  16950
  0954  51591 418562  15.15  51.25  10.80   8.22    89  33.89  30.07  17029
  0955  51577 418578  16.10  20.80   9.33   4.51    48  33.28  30.69  17393
  0957  51542 418565  17.01  18.40   7.87   3.02    31  32.25  30.89  17513
  0958  51556 418558  17.96  21.40   7.21   2.45    25  31.83  31.03  17595
  0959  51572 418563  19.11  18.05   7.19   2.58    26  31.83  31.05  17605
  0959  51575 418569  20.08  17.00   7.14   2.65    27  31.79  31.05  17606
  1000  51577 418560  20.96  51.25   7.09   2.17    22  31.76  31.06  17614
  1000  51576 418558  21.99  51.25   7.08   2.14    22  31.76  31.07  17619
  1001  51570 418562  22.97  14.40   7.06   2.55    26  31.74  31.07  17617
  1002  51567 418564  24.08  51.25   7.01   2.70    27  31.72  31.09  17631
  1002  51565 418566  25.04  51.25   6.99   2.70    27  31.70  31.09  17629
  1003  51566 418566  26.11  11.20   6.97   2.68    27  31.70  31.11  17639
  1003  51567 418570  27.00  51.25   6.93   2.69    27  31.67  31.11  17641
  1003  51566 418573  28.10   8.95   6.91   2.76    28  31.66  31.12  17645
  1004  51566 418572  29.05  51.25   6.91   2.79    28  31.67  31.13  17652
  1004  51566 418569  30.09  51.25   6.89   2.80    28  31.65  31.12  17650
  1004  51570 418566  31.03   6.50   6.88   2.77    28  31.49  30.96  17554
  1004  51570 418566  32.01   9.15   6.88   2.73    27  31.65  31.13  17655
  1004  51569 418568  32.94  51.25   6.87   2.72    27  31.64  31.13  17654
  1005  51567 418569  34.11  51.25   6.85   2.69    27  31.63  31.14  17658
  1005  51567 418567  34.96  51.25   6.86   2.65    26  31.64  31.14  17659
  1005  51568 418567  35.93  51.25   6.86   2.63    26  31.64  31.14  17659
 -1016  52959 420273   0.81   9.65  11.18   8.38    92  34.11  29.98  16972
  1017  52959 420307   2.02   8.70  11.18   8.39    92  34.04  29.91  16933
  1017  52956 420320   3.04   7.85  11.18   8.37    91  34.07  29.94  16950
  1017  52951 420322   4.09   6.85  11.18   8.37    91  34.07  29.94  16950
  1017  52946 420319   5.03   5.90  11.17   8.36    91  34.08  29.95  16960
  1018  52941 420314   6.06   4.90  11.17   8.35    91  34.08  29.95  16960
  1018  52941 420311   7.08   3.90  11.18   8.33    91  34.07  29.94  16950
  1018  52937 420303   8.08   2.85  11.17   8.33    91  34.08  29.95  16960
  1018  52935 420295   9.06   1.90  11.16   8.31    91  34.10  29.98  16976
  1019  52934 420291  10.06   0.90  11.16   8.31    91  34.10  29.98  16976
 -1025  53699 421030   1.06  15.25  11.19   8.44    92  34.12  29.98  16973
  1025  53721 421053   2.04  14.45  11.19   8.44    92  34.12  29.98  16973
  1025  53724 421063   3.02  13.65  11.18   8.43    92  34.12  29.99  16978
  1026  53725 421068   4.01  12.80  11.18   8.43    92  34.12  29.99  16978
  1026  53726 421068   5.01  11.80  11.18   8.41    92  34.12  29.99  16978
  1026  53726 421067   5.96  10.90  11.18   8.40    92  34.11  29.98  16972
  1027  53728 421058   6.96   9.70  11.16   8.39    92  34.10  29.98  16976
  1027  53733 421050   8.05   8.55  11.16   8.37    91  34.10  29.98  16976
  1027  53739 421047   9.11   7.45  11.17   8.36    91  34.11  29.98  16977
  1027  53741 421052  10.12   6.55  11.16   8.34    91  34.10  29.98  16976
  1028  53738 421060  11.07   5.75  11.15   8.33    91  34.09  29.98  16975
  1028  53737 421065  12.06   4.90  11.13   8.31    91  34.08  29.99  16979
  1028  53736 421064  13.02   4.15  11.11   8.31    91  34.06  29.98  16977
  1030  53730 421055  13.97   2.90  10.73   7.41    80  33.88  30.12  17056
  1031  53734 421067  14.96   3.20  10.30   6.78    73  33.64  30.24  17126
  1031  53734 421066  15.96   1.20  10.12   6.76    72  33.45  30.20  17103
  1032  53732 421046  16.54   0.40   9.20   6.00    63  32.95  30.47  17262
 -1041  55190 421368   1.10   0.40  11.09   8.44    92  33.84  29.79  16863
  1041  55197 421367   2.11  51.25  11.08   8.44    92  33.90  29.85  16901
  1041  55200 421370   2.98   0.45  11.08   8.44    92  33.92  29.87  16912
  1042  55198 421377   4.05  16.30  11.07   8.41    92  33.94  29.90  16928
  1042  55196 421382   5.00  15.45  11.08   8.41    92  33.94  29.89  16924
  1042  55195 421385   5.99  14.60  11.07   8.39    91  33.94  29.90  16928
  1043  55193 421380   6.99  13.45  11.06   8.36    91  33.94  29.91  16933
  1043  55193 421376   8.01  12.35  11.02   8.36    91  33.94  29.94  16952
  1043  55195 421376   9.08  11.30  11.01   8.27    90  33.94  29.95  16957
  1044  55195 421377  10.07  10.40  11.00   8.25    90  33.94  29.96  16962
  1045  55207 421379  11.01   9.65  10.93   8.00    87  33.94  30.01  16995
  1046  55201 421390  12.06   8.95  10.82   7.41    80  33.93  30.09  17042
  1046  55201 421389  13.03   8.05  10.82   7.42    80  33.93  30.09  17042
  1046  55200 421385  14.01   6.85  10.76   7.41    80  33.91  30.12  17059
  1048  55201 421372  15.07   5.60   9.37   6.23    66  33.00  30.37  17208
  1049  55202 421375  16.01   4.60   9.16   6.05    63  32.88  30.43  17241
  1049  55200 421377  17.02   3.65   9.11   6.03    63  32.83  30.42  17236
  1051  55189 421379  18.06   2.55   8.53   5.47    57  32.55  30.63  17359
  1051  55186 421384  19.11   1.45   8.35   5.32    55  32.48  30.71  17407
  1052  55187 421380  20.06   0.50   8.12   5.22    54  32.37  30.80  17458
 -1100  56262 420470   1.05   9.60  11.26   8.54    93  34.02  29.82  16884
  1100  56272 420490   2.06   9.25  11.25   8.53    93  34.02  29.83  16889
  1100  56275 420500   3.08   8.85  11.24   8.52    93  34.01  29.83  16888
  1100  56277 420508   4.09   8.25  11.23   8.50    93  34.00  29.83  16887
  1101  56278 420515   5.05   7.55  11.23   8.48    93  34.00  29.83  16887
  1101  56278 420520   6.00   6.65  11.22   8.47    92  34.00  29.84  16891
  1101  56279 420525   7.04   5.85  11.21   8.46    92  34.00  29.84  16896
  1101  56279 420529   7.99   5.00  11.10   8.41    92  33.96  29.89  16926
  1102  56273 420531   9.01   3.85  11.00   7.93    86  33.93  29.95  16956
  1103  56276 420530  10.07   2.80  10.87   7.98    87  33.91  30.03  17007
  1103  56277 420527  11.08   1.90  10.79   7.99    87  33.89  30.08  17033
  1104  56277 420515  11.99   0.55  10.62   7.39    80  33.80  30.13  17063
 -1114  57601 418938   1.15  18.80  11.45   8.49    93  34.04  29.69  16806
  1114  57620 418918   2.08  14.15  11.45   8.46    93  34.06  29.71  16817
  1114  57622 418917   3.04  12.85  11.46   8.45    93  34.10  29.74  16835
  1114  57621 418918   4.11  11.90  11.46   8.43    92  34.10  29.74  16835
  1114  57621 418920   5.06  11.25  11.46   8.42    92  34.11  29.75  16841
  1115  57620 418925   6.00  51.25  11.46   8.41    92  34.11  29.75  16841
  1115  57619 418926   6.99   9.75  11.46   8.40    92  34.11  29.75  16841
  1115  57617 418928   7.97   8.80  11.44   8.39    92  34.11  29.77  16850
  1115  57616 418928   8.98   7.85  11.40   8.36    92  34.08  29.77  16852
  1116  57612 418934  10.09   6.95  11.15   8.24    90  33.92  29.81  16879
  1116  57610 418935  11.07   6.15  11.13   8.22    90  33.91  29.82  16883
  1116  57609 418934  12.11   5.35  11.12   8.20    89  33.91  29.83  16888
  1117  57607 418934  13.18   4.25  11.11   8.18    89  33.90  29.83  16887
  1117  57606 418935  14.03   3.05  11.07   8.15    89  33.87  29.83  16889
  1117  57603 418936  14.99   1.80  11.06   8.14    89  33.87  29.84  16894
  1117  57600 418940  15.99   0.95  11.03   8.12    88  33.85  29.84  16896
 -1127  57929 417186   1.02  18.40  11.79   8.75    97  34.28  29.65  16781
  1127  57940 417199   2.04  17.80  11.78   8.73    96  34.27  29.65  16781
  1127  57945 417201   3.04  17.00  11.76   8.72    96  34.27  29.66  16790
  1127  57949 417207   4.08  16.00  11.76   8.71    96  34.26  29.65  16784
  1128  57950 417209   5.00  15.20  11.76   8.71    96  34.26  29.65  16784
  1128  57949 417208   6.05  14.00  11.46   8.77    96  34.09  29.73  16829
  1129  57949 417219   7.04  12.90  11.32   8.52    93  34.00  29.76  16844
  1129  57950 417219   7.97  12.20  11.27   8.51    93  33.97  29.77  16851
  1129  57951 417216   8.97  11.10  11.30   8.48    93  33.99  29.76  16848
  1129  57950 417213  10.03  10.25  11.24   8.48    93  33.95  29.77  16854
  1130  57949 417208  11.00   9.45  11.23   8.46    92  33.95  29.78  16859
  1130  57949 417204  11.94   8.30  11.22   8.43    92  33.94  29.78  16858
  1130  57948 417201  13.01   7.35  11.21   8.42    92  33.93  29.78  16857
  1130  57947 417198  13.98   6.45  11.19   8.40    92  33.93  29.79  16866
  1130  57947 417195  15.04   5.55  11.18   8.38    91  33.92  29.79  16865
  1131  57947 417194  16.03   4.50  11.17   8.36    91  33.91  29.79  16864
  1131  57944 417191  16.98   3.55  11.14   8.36    91  33.89  29.79  16867
  1131  57944 417190  18.03   2.60  11.06   8.35    91  33.84  29.81  16877
  1133  57953 417217  19.07   1.25   8.57   6.05    63  32.47  30.51  17290
  1133  57950 417220  19.90   0.45   8.25   6.04    62  32.28  30.59  17337
 -1149  59292 414162   1.11  51.25  11.75   8.52    94  34.12  29.53  16711
  1149  59303 414152   2.07  51.25  11.77   8.53    94  34.13  29.52  16708
  1150  59304 414144   3.02  51.25  11.76   8.52    94  34.13  29.53  16712
  1150  59303 414140   4.04  19.00  11.76   8.51    94  34.13  29.53  16712
  1150  59299 414138   5.02  51.25  11.76   8.51    94  34.13  29.53  16712
  1150  59295 414138   6.00  51.25  11.77   8.50    94  34.14  29.53  16713
  1150  59294 414135   6.97  51.25  11.77   8.49    94  34.15  29.54  16719
  1151  59289 414134   8.00  51.25  11.78   8.49    94  34.16  29.54  16720
  1151  59284 414138   8.98  51.25  11.78   8.48    94  34.16  29.54  16720
  1151  59281 414143   9.99  51.25  11.78   8.47    94  34.17  29.55  16725
  1152  59280 414148  10.94  51.25  11.77   8.47    94  34.15  29.54  16719
  1152  59285 414150  11.91  51.25  11.76   8.47    93  34.14  29.54  16718
  1152  59291 414149  13.04  51.25  11.74   8.44    93  34.14  29.55  16727
  1152  59296 414145  14.03   9.35  11.74   8.42    93  34.14  29.55  16727
  1153  59300 414140  15.10  51.25  11.68   8.40    92  34.10  29.56  16732
  1153  59305 414136  16.02  51.25  11.67   8.37    92  34.09  29.56  16732
  1153  59323 414134  17.16  51.25  11.40   8.28    91  33.91  29.60  16757
  1154  59328 414132  17.97  51.25  11.10   8.30    90  33.71  29.65  16784
  1155  59330 414133  19.07  51.25  10.98   8.19    89  33.68  29.72  16824
  1156  59312 414126  20.02  51.25  10.44   7.56    81  33.49  29.97  16972
  1156  59307 414127  21.08  51.25  10.30   7.55    81  33.41  30.01  16993
  1157  59292 414130  22.00  51.25   9.59   6.42    68  33.04  30.23  17123
  1158  59303 414132  23.05  51.25   7.99   6.34    65  32.11  30.64  17365
 -1210  61217 413021   1.18   8.60  11.19   8.61    94  33.80  29.67  16793
  1210  61218 413039   2.07   7.75  11.18   8.61    94  33.80  29.67  16798
  1211  61212 413050   3.09   6.70  11.18   8.60    94  33.80  29.67  16798
  1211  61211 413060   4.14   5.60  11.17   8.59    94  33.80  29.68  16802
  1211  61211 413063   5.09   4.80  11.16   8.60    94  33.80  29.69  16807
  1211  61209 413059   6.05   3.85  11.17   8.59    94  33.80  29.68  16802
  1212  61209 413058   6.99   2.90  11.16   8.59    94  33.80  29.69  16807
  1212  61210 413056   8.01   1.90  11.16   8.57    93  33.80  29.69  16807
  1212  61211 413052   9.09   0.90  11.09   8.54    93  33.80  29.75  16840
 -1233  62298 412249   0.80  16.40  11.78   8.39    93  34.09  29.47  16681
  1234  62294 412248   1.84  15.25  11.78   8.39    93  34.09  29.47  16681
  1234  62292 412244   2.97  14.10  11.77   8.39    92  34.08  29.47  16680
  1234  62288 412244   4.03  13.05  11.76   8.38    92  34.08  29.48  16684
  1234  62286 412245   5.01  12.20  11.75   8.37    92  34.08  29.49  16689
  1234  62286 412248   6.02  11.15  11.73   8.37    92  34.06  29.49  16687
  1235  62286 412252   7.04  10.25  11.69   8.35    92  34.04  29.50  16695
  1235  62289 412255   7.98   9.50  11.50   8.37    92  33.93  29.54  16721
  1235  62292 412257   9.01   8.50  11.40   8.37    92  33.90  29.59  16751
  1235  62297 412261   9.98   7.60  11.17   8.38    91  33.72  29.60  16757
  1236  62299 412261  10.98   6.70  11.14   8.36    91  33.71  29.62  16766
  1236  62302 412260  11.98   5.75  11.16   8.36    91  33.74  29.63  16773
  1236  62303 412257  13.10   4.65  11.15   8.32    91  33.77  29.67  16795
  1238  62284 412244  14.02   3.30  10.38   7.08    76  33.40  29.93  16949
  1238  62285 412240  15.03   2.30   8.39   7.26    75  32.33  30.52  17296
  1240  62309 412234  16.01   1.50   7.74   5.07    52  31.93  30.67  17382
  1240  62311 412238  17.03  51.25   7.63   5.06    51  31.85  30.68  17389
 -1254  65238 412095   0.97  51.25  12.02   8.03    89  34.16  29.35  16609
  1254  65252 412089   1.96  11.10  12.00   8.03    89  34.16  29.37  16618
  1254  65262 412084   2.95  10.05  12.00   8.01    89  34.19  29.40  16635
  1254  65268 412083   4.01   9.10  12.00   7.99    88  34.20  29.41  16640
  1255  65270 412083   5.01   8.20  11.99   7.98    88  34.20  29.41  16645
  1255  65273 412081   6.00   7.35  11.99   7.97    88  34.19  29.40  16639
  1255  65276 412079   6.99   6.45  12.00   7.96    88  34.20  29.41  16640
  1255  65279 412077   7.95   5.45  11.99   7.96    88  34.20  29.41  16645
  1256  65284 412076   8.98   4.65  11.93   7.95    88  34.18  29.44  16661
  1256  65282 412077  10.02   3.60  11.93   7.94    88  34.18  29.44  16661
  1256  65278 412081  10.90   2.80  11.91   7.93    88  34.16  29.44  16660
  1256  65272 412085  12.00   1.85  11.80   7.94    88  34.12  29.49  16688
  1256  65270 412082  13.08   0.65  11.77   7.95    88  34.17  29.56  16730
 -1303  66309 411655   1.05  51.25  11.91   8.02    89  34.08  29.36  16615
  1303  66314 411643   1.93  51.25  11.93   8.02    89  34.08  29.35  16606
  1303  66321 411625   3.00   4.60  11.98   7.99    88  34.15  29.37  16622
  1304  66329 411617   4.20   3.60  11.98   7.98    88  34.16  29.38  16627
  1304  66336 411612   5.12   2.90  11.96   7.98    88  34.14  29.38  16626
  1304  66334 411621   6.11   2.20  11.99   7.96    88  34.17  29.39  16628
  1305  66327 411627   7.15   0.40  11.91   7.91    88  34.11  29.39  16632
 -1310  67313 411381   0.99  51.25  12.05   8.05    89  34.13  29.30  16579
  1310  67327 411363   1.91  51.25  11.98   8.05    89  34.07  29.30  16578
  1310  67335 411356   3.03   9.15  11.89   8.05    89  34.01  29.31  16586
  1311  67339 411352   4.08   8.10  11.79   8.06    89  33.92  29.30  16582
  1311  67341 411350   5.06   7.10  11.83   8.05    89  33.92  29.27  16564
  1311  67343 411348   6.04   0.50  11.96   8.04    89  34.09  29.33  16598
  1311  67346 411349   7.14   5.05  11.96   8.02    89  34.13  29.37  16620
  1312  67344 411352   7.98  51.25  11.96   8.00    88  34.13  29.37  16620
  1312  67345 411354   8.96  51.25  11.94   7.97    88  34.11  29.37  16618
  1312  67345 411353   9.93  51.25  11.88   7.97    88  34.06  29.37  16618
  1312  67347 411351  10.97   1.40  11.70   7.97    88  33.94  29.39  16634
  1313  67348 411347  11.94   0.40  11.59   7.85    86  33.84  29.39  16629
 -1321  68811 411262   0.94   0.85  11.74   7.97    88  33.90  29.32  16594
  1321  68828 411261   1.95   8.90  11.75   7.98    88  33.90  29.32  16589
  1321  68833 411262   3.01   0.60  11.75   7.97    88  33.90  29.32  16589
  1321  68836 411261   4.06   6.55  11.75   7.95    88  33.91  29.33  16595
  1321  68836 411256   5.01   6.05  11.76   7.94    88  33.91  29.32  16590
  1322  68835 411251   6.00   5.75  11.76   7.92    87  33.94  29.35  16607
  1322  68834 411246   6.94   5.05  11.76   7.91    87  33.94  29.35  16607
  1322  68833 411239   7.91   4.20  11.76   7.90    87  33.93  29.34  16601
  1322  68833 411234   9.02   3.15  11.76   7.89    87  33.93  29.34  16601
  1322  68837 411237   9.95   2.30  11.76   7.88    87  33.93  29.34  16601
  1323  68845 411240  11.01   0.95  11.76   7.87    87  33.94  29.35  16607
 -1327  69276 410964   1.00   5.35  11.18   7.96    86  33.02  28.92  16359
  1327  69277 410946   2.04   4.05  11.12   7.98    86  32.90  28.85  16319
  1327  69282 410935   3.01   2.55  11.11   8.01    87  32.85  28.81  16296
  1328  69294 410929   4.14   0.70  11.16   7.92    86  32.96  28.87  16335
  1329  69271 410948   5.05   1.30  11.26   7.75    84  33.17  29.00  16407
  1329  69265 410950   6.03   0.60  11.30   7.79    85  33.25  29.04  16433
