# MEETVAARTUIG : M.S. ARGUS
# MEETDATUM    : 17-01-2005 09:17:20
# MEETGEBIED   : GREVELINGEN
# STARTPUNT    : Grevelingendam
# EINDPUNT     : Brouwersdam
# PROJECTCODE  : E7501X
# OPDRACHTGEVER: ZLXXAXAMDBG
# BEHEERDER    : ZLXXAXAMDBG
# BEMONST. INST:
# WAARNEMER(S) : H.Korstanje/G.BAKKER
#
* 20050117
$ 9999 [0000000000000]
>TIJD      uumm                    
>X         coordinaat              
>Y         coordinaat              
>SENSHTE   Diepte set        m     
>ECHOS     Echoset           mtrs  
>Echo      Echoschip         M     
>Temp       Temperatuur       oC              : 3  1.0  11  1.0
>pH        Zuurgraad         dimsls
>O2        Zuurstof          mg/l  
>%O2        Zuurstof%         %     
>GELBH     Geleidendheid     mS/cm 
>SALNTT    Saliniteit        dimsl 
>CL-       Chloride          mg/l            : 17000  125  13  125
 -0917  69270 410951   0.98   5.50   7.10   5.17   7.86   9.93    95  29.41  30.20  17115
  0917  69278 410956   1.99   4.00   0.00   5.20   7.86   9.91    95  29.41  30.17  17099
  0918  69283 410958   3.01   2.85   2.00   5.21   7.86   9.91    95  29.41  30.16  17094
  0918  69291 410962   4.01   1.85   6.70   5.22   7.86   9.84    95  29.42  30.16  17095
  0918  69290 410956   4.99   0.65   6.80   5.21   7.87   9.88    95  29.42  30.17  17100
 -0923  68830 411253   0.97   8.10  12.50   5.31   7.89   9.96    96  29.40  30.06  17035
  0924  68829 411263   1.97   6.40  12.20   5.31   7.88   9.96    96  29.41  30.07  17041
  0924  68829 411268   3.01   5.80   0.00   5.30   7.88   9.96    96  29.39  30.06  17034
  0924  68827 411265   3.98   5.20   2.40   5.31   7.92   9.96    96  29.41  30.07  17041
  0925  68828 411257   4.95   5.15   2.50   5.29   7.88   9.96    96  29.43  30.11  17065
  0925  68830 411253   5.99   4.50  12.80   5.29   7.90   9.96    96  29.43  30.11  17065
  0926  68833 411250   7.02   3.40   2.00   5.28   7.91   9.95    96  29.44  30.13  17077
  0926  68836 411250   8.00   2.10  12.90   5.27   7.89   9.95    96  29.42  30.12  17069
  0926  68838 411253   8.99   0.40   2.00   5.30   7.90   9.91    95  29.45  30.13  17073
 -0934  67343 411351   0.91  11.30  13.20   5.38   7.91   9.93    96  29.51  30.12  17070
  0935  67336 411359   2.03  10.35  13.20   5.38   7.91   9.92    96  29.51  30.12  17070
  0935  67334 411361   3.04   9.35  13.20   5.39   7.92   9.92    96  29.52  30.12  17072
  0935  67334 411363   4.03   8.40  13.30   5.37   7.91   9.92    96  29.52  30.14  17082
  0935  67333 411368   5.03   7.40  13.30   5.38   7.91   9.92    96  29.53  30.14  17083
  0936  67331 411374   5.98   6.40  13.30   5.38   7.91   9.92    96  29.53  30.14  17083
  0936  67329 411378   7.03   5.55  13.30   5.39   7.91   9.90    96  29.53  30.13  17078
  0936  67326 411378   8.04   4.55  13.20   5.38   7.92   9.91    96  29.54  30.15  17090
  0937  67323 411370   9.05   3.40  13.20   5.38   7.91   9.92    96  29.55  30.17  17096
  0937  67323 411363  10.00   2.60  13.20   5.38   7.90   9.92    96  29.56  30.18  17103
  0937  67325 411359  10.95   1.65  13.20   5.38   7.91   9.92    96  29.55  30.17  17096
  0938  67328 411361  12.07   0.60  13.20   5.38   7.91   9.91    96  29.56  30.18  17103
 -0945  66335 411623   0.92   7.45   8.80   5.55   7.91   9.75    94  29.64  30.11  17066
  0945  66332 411631   1.99   6.55   8.80   5.54   7.90   9.75    94  29.63  30.11  17065
  0945  66334 411636   2.98   5.90   8.70   5.54   7.89   9.76    94  29.64  30.12  17071
  0946  66333 411638   4.02   4.95   8.60   5.61   7.90   9.74    94  29.75  30.18  17106
  0946  66332 411636   5.03   3.85   8.60   5.62   7.88   9.64    94  29.80  30.23  17134
  0946  66332 411634   6.03   2.70   8.80   5.62   7.88   9.62    93  29.81  30.24  17140
  0947  66331 411632   7.05   1.60   8.80   5.64   7.86   9.58    93  29.83  30.25  17143
  0947  66332 411631   7.99   0.60   8.80   5.64   7.88   9.55    93  29.85  30.27  17156
 -0955  65259 412115   0.95  14.20  16.30   5.29   7.95   9.98    96  29.39  30.07  17039
  0955  65249 412119   2.00  13.30  16.30   5.30   7.93   9.97    96  29.47  30.15  17086
  0956  65248 412123   3.05  12.15  16.40   5.28   7.94   9.96    96  29.45  30.14  17083
  0956  65248 412130   4.03  11.05  16.60   5.28   7.93   9.95    96  29.44  30.13  17077
  0956  65251 412134   4.99   9.80  16.50   5.27   7.92   9.97    96  29.44  30.14  17082
  0956  65251 412134   6.04   8.80  16.40   5.27   7.94   9.97    96  29.45  30.15  17089
  0957  65250 412128   7.04   8.05  16.50   5.27   7.94   9.97    96  29.45  30.15  17089
  0957  65250 412125   8.05   7.20  16.50   5.28   7.95   9.96    96  29.47  30.17  17096
  0957  65250 412123   9.02   6.35  16.50   5.27   7.94   9.95    96  29.46  30.16  17095
  0958  65250 412119   9.97   5.45  16.40   5.28   7.94   9.96    96  29.47  30.17  17096
  0958  65250 412119  11.03   4.45  16.40   5.29   7.94   9.95    96  29.48  30.17  17098
  0958  65252 412119  11.99   3.35  16.40   5.29   7.94   9.94    96  29.48  30.17  17098
  0959  65255 412124  12.98   2.30  16.50   5.30   7.93   9.92    96  29.50  30.18  17106
  0959  65256 412126  14.02   1.25  16.40   5.31   7.94   9.92    96  29.50  30.17  17100
  0959  65254 412126  14.99   0.40  16.80   5.32   7.92   9.91    96  29.52  30.19  17108
 -1013  62292 412252   1.05  16.50  18.40   5.41   7.94   9.97    96  29.30  29.86  16918
  1014  62298 412262   2.03  15.65  18.60   5.41   7.95   9.96    96  29.33  29.89  16937
  1014  62298 412262   2.99  14.55  18.50   5.41   7.95   9.97    96  29.35  29.91  16950
  1014  62298 412258   4.03  13.55   0.00   5.42   7.96   9.95    96  29.38  29.94  16965
  1015  62297 412254   5.03  12.55   1.90   5.41   7.96   9.95    96  29.40  29.97  16983
  1015  62294 412251   5.99  11.55   0.00   5.42   7.94   9.94    96  29.42  29.98  16991
  1016  62294 412249   6.95  10.60   0.00   5.42   7.95   9.94    96  29.45  30.02  17010
  1016  62297 412249   8.01   9.60  18.40   5.93   7.94   9.78    96  30.25  30.45  17263
  1017  62303 412252   9.06   8.65  18.50   5.94   7.91   9.68    95  30.34  30.55  17316
  1017  62302 412252   9.97   7.70   0.00   5.94   7.91   9.65    95  30.32  30.52  17303
  1018  62301 412252  10.98   6.75  18.50   5.95   7.91   9.64    94  30.35  30.55  17317
  1019  62292 412249  12.01   5.75  18.30   6.29   7.89   9.30    92  30.86  30.81  17466
  1019  62292 412247  12.96   4.75  18.30   6.32   7.90   9.27    92  30.91  30.83  17482
  1020  62298 412249  14.00   3.75  18.40   6.33   7.88   9.21    91  31.11  31.05  17605
  1020  62303 412252  14.93   2.85  18.40   6.35   7.87   9.14    91  31.17  31.09  17632
  1021  62312 412248  16.02   1.90  18.50   6.36   7.88   9.01    90  31.25  31.17  17678
  1021  62312 412245  17.03  51.25  18.50   6.35   7.88   8.99    89  31.33  31.27  17735
 -1029  61219 413038   0.97   8.95  10.70   5.75   7.94   9.79    95  29.95  30.28  17163
  1029  61212 413051   2.02   7.85  10.70   5.75   7.96   9.79    95  29.95  30.28  17163
  1030  61215 413059   3.07   6.75  10.70   5.75   7.94   9.78    95  29.96  30.29  17170
  1030  61213 413066   3.99   5.80  10.70   5.73   7.94   9.79    95  29.95  30.30  17173
  1030  61206 413070   4.92   4.80  10.60   5.72   7.94   9.77    95  29.94  30.30  17172
  1031  61202 413066   5.99   3.85   2.50   5.72   7.94   9.78    95  29.93  30.29  17166
  1031  61202 413059   7.01   2.95   0.00   5.71   7.94   9.78    95  29.93  30.30  17171
  1031  61210 413048   8.00   1.95   1.90   5.73   7.96   9.76    95  29.95  30.30  17173
  1032  61217 413038   9.04   1.00  10.70   5.76   7.94   9.76    95  29.98  30.31  17177
 -1042  59315 414126   1.12  22.45  24.20   5.49   7.94   9.95    96  29.80  30.35  17202
  1043  59305 414128   2.05  21.40  24.00   5.48   7.96   9.97    96  29.78  30.33  17194
  1043  59301 414132   3.02  20.35   2.50   5.49   7.97   9.95    96  29.78  30.33  17189
  1043  59300 414133   4.05  19.35  24.00   5.49   7.95   9.95    96  29.79  30.34  17195
  1044  59302 414124   5.01  18.15   0.00   5.49   7.97   9.94    96  29.79  30.34  17195
  1044  59306 414120   6.03  17.10  24.00   5.49   7.96   9.93    96  29.80  30.35  17202
  1045  59308 414118   6.97  16.50  24.00   5.53   7.94   9.91    96  30.04  30.58  17337
  1045  59314 414122   7.97  15.65  24.20   5.75   7.94   9.83    96  30.47  30.86  17500
  1046  59320 414124   9.01  14.95  24.40   5.79   7.94   9.73    95  30.58  30.95  17550
  1047  59320 414122   9.98  13.95  24.40   5.79   7.95   9.69    95  30.58  30.95  17550
  1047  59321 414124  11.05  12.95  24.40   5.89   7.92   9.65    95  30.73  31.03  17594
  1048  59323 414127  12.00  12.10  24.60   6.11   7.93   9.53    94  31.07  31.20  17696
  1049  59324 414137  12.97  11.40   0.00   6.33   7.89   9.23    92  31.56  31.54  17893
  1049  59320 414137  14.01  10.30   2.00   6.33   7.90   9.20    92  31.56  31.54  17893
  1049  59312 414135  15.05   9.00  24.40   6.34   7.90   9.16    91  31.67  31.65  17959
  1050  59306 414126  16.01   7.70  24.00   6.35   7.90   9.16    91  31.70  31.68  17973
  1050  59305 414120  16.99   6.50  24.00   6.35   7.89   9.14    91  31.73  31.71  17992
  1050  59305 414120  17.96   5.45  23.90   6.37   7.90   9.13    91  31.74  31.70  17987
  1051  59303 414124  18.92   4.60   0.00   6.37   7.89   9.10    91  31.75  31.72  17994
  1051  59308 414130  20.03   3.70   2.10   6.38   7.88   9.05    90  31.76  31.72  17995
  1052  59312 414129  20.99   2.90  24.20   6.38   7.88   9.04    90  31.77  31.73  18001
  1052  59315 414122  22.05   1.85  24.20   6.38   7.88   9.04    90  31.78  31.74  18008
  1052  59317 414118  23.07   0.95   0.00   6.38   7.88   9.03    90  31.80  31.76  18021
 -1108  57949 417192   1.02  19.15  21.30   5.31   7.98  10.14    98  29.59  30.27  17159
  1108  57956 417208   1.93  18.30   0.00   5.30   7.99  10.15    98  29.60  30.29  17171
  1109  57964 417216   2.93  17.10  21.30   5.30   7.97  10.12    98  29.61  30.31  17178
  1110  57964 417203   4.03  16.25  21.30   5.30   7.97  10.11    98  29.60  30.29  17171
  1110  57965 417197   4.98  15.30  21.20   5.31   7.97  10.10    98  29.60  30.29  17166
  1110  57968 417191   5.98  14.40  21.00   5.30   7.98  10.10    98  29.60  30.29  17171
  1111  57975 417193   6.97  13.25  20.80   5.30   7.97  10.11    98  29.60  30.29  17171
  1111  57980 417199   8.07  11.75  21.50   5.30   7.99  10.10    97  29.61  30.31  17178
  1112  57985 417202   8.99  10.40  21.50   5.30   7.98  10.11    98  29.60  30.29  17171
  1112  57989 417208  10.00   9.45  20.70   5.30   7.97  10.11    98  29.60  30.29  17171
  1112  57995 417207  11.01   8.25  20.50   5.32   7.97  10.10    98  29.63  30.31  17180
  1113  57995 417206  12.03   7.30  20.50   5.32   7.97  10.10    98  29.62  30.30  17174
  1114  57956 417205  13.03   7.30   2.00   5.95   7.92   9.46    93  30.97  31.24  17718
  1114  57952 417201  14.03   6.20  21.40   6.17   7.92   9.37    93  31.41  31.52  17883
  1115  57950 417197  15.01   5.30  21.40   6.25   7.90   9.30    92  31.53  31.58  17917
  1115  57956 417195  16.03   4.35  21.40   6.31   7.89   9.19    92  31.63  31.64  17949
  1116  57960 417195  16.97   3.50  21.30   6.35   7.89   9.14    91  31.71  31.69  17979
  1116  57963 417193  18.07   2.50  21.30   6.35   7.90   9.11    91  31.72  31.70  17985
  1116  57966 417195  18.96   1.75  21.20   6.35   7.89   9.09    91  31.73  31.71  17992
  1117  57969 417197  20.01   0.75  21.20   6.36   7.93   9.08    91  31.74  31.71  17993
 -1127  57621 418930   0.99  15.20  17.70   5.44   7.94   9.81    95  29.67  30.25  17143
  1128  57618 418938   1.97  14.05   2.10   5.43   7.94   9.81    95  29.67  30.26  17149
  1128  57617 418942   2.99  12.75   0.00   5.44   7.94   9.80    95  29.68  30.26  17150
  1128  57614 418942   3.95  11.90   2.30   5.43   7.94   9.78    95  29.67  30.26  17149
  1129  57612 418936   5.05  11.05   0.00   5.40   7.92   9.78    95  29.64  30.25  17145
  1129  57611 418934   6.00  10.20  18.40   5.32   7.95   9.81    95  29.58  30.25  17147
  1129  57608 418932   6.99   9.15  18.10   5.27   7.94   9.84    95  29.54  30.25  17148
  1130  57608 418936   7.99   8.05   3.60   5.32   7.96   9.86    95  29.58  30.25  17147
  1130  57611 418942   9.06   7.00  17.60   5.39   7.96   9.85    95  29.63  30.25  17143
  1131  57612 418942  10.02   6.05  17.60   5.21   7.96   9.86    95  29.52  30.29  17166
  1132  57619 418938  11.01   5.05  17.70   5.13   7.99   9.96    96  29.45  30.28  17162
  1132  57621 418936  12.03   4.25  17.80   5.14   7.98   9.99    96  29.45  30.27  17157
  1132  57626 418934  13.05   3.75  17.70   5.15   8.00  10.02    96  29.48  30.29  17171
  1134  57665 418939  13.90   0.40   0.00   6.36   7.91   9.18    92  31.76  31.74  18006
  1137  57616 418934  15.02   1.80  18.40   6.36   7.91   9.17    92  31.75  31.72  17999
  1137  57613 418938  16.03   0.40  18.30   6.41   7.90   9.14    91  31.87  31.81  18049
 -1149  56288 420509   1.04  11.95   2.10   5.32   7.96   9.93    96  29.66  30.34  17200
  1149  56291 420520   2.00  11.25  13.70   5.32   7.94   9.93    96  29.66  30.34  17200
  1150  56288 420518   3.06  10.15  13.50   5.32   7.96   9.93    96  29.67  30.36  17206
  1150  56281 420513   4.01   8.85   2.00   5.31   7.94   9.93    96  29.65  30.34  17199
  1150  56276 420511   5.03   7.65   2.00   5.31   7.96   9.93    96  29.67  30.36  17212
  1150  56274 420511   5.98   6.70  12.70   5.32   7.96   9.94    96  29.67  30.36  17206
  1151  56273 420513   6.99   5.85  12.80   5.32   7.96   9.93    96  29.66  30.34  17200
  1151  56274 420518   8.00   4.95   3.60   5.32   7.96   9.93    96  29.67  30.36  17206
  1151  56275 420524   9.00   4.20  13.30   5.33   7.96   9.92    96  29.70  30.38  17221
  1151  56276 420528  10.04   3.25  13.40   5.33   7.96   9.92    96  29.68  30.36  17208
  1152  56273 420528  11.02   2.20  13.30   5.37   7.96   9.91    96  29.74  30.39  17226
  1152  56273 420526  12.06   1.15  13.30   5.38   7.96   9.90    96  29.76  30.40  17234
 -1200  55189 421382   0.99  51.25  21.40   5.41   7.96   9.92    96  29.62  30.22  17126
  1200  55174 421391   2.01   0.50  21.60   5.41   7.96   9.93    96  29.63  30.23  17133
  1201  55170 421395   2.91  18.00  21.50   5.39   7.95   9.92    96  29.69  30.31  17183
  1201  55174 421389   4.01  16.85  21.40   5.40   7.96   9.91    96  29.72  30.34  17197
  1202  55183 421382   5.05  15.75  21.30   5.40   7.99   9.91    96  29.72  30.34  17197
  1202  55189 421378   5.96  14.85  21.40   5.41   7.95   9.90    96  29.74  30.35  17205
  1202  55195 421380   6.93  14.05   2.30   5.41   7.97   9.89    96  29.75  30.36  17211
  1203  55203 421385   8.04  13.15  21.80   5.41   7.97   9.88    96  29.74  30.35  17205
  1203  55204 421385   9.02  12.25  21.90   5.41   7.95   9.88    96  29.75  30.36  17211
  1203  55205 421381   9.99  11.25  21.80   5.41   7.96   9.88    96  29.75  30.36  17211
  1204  55200 421380  10.84  10.15  21.60   5.41   7.96   9.87    96  29.75  30.36  17211
  1204  55191 421378  12.11   8.85  21.40   5.42   7.94   9.86    96  29.80  30.41  17239
  1205  55180 421376  12.99   7.75  21.10   6.28   7.91   9.58    96  31.64  31.68  17972
  1205  55174 421380  14.07   6.70  21.20   6.29   7.90   9.40    94  31.69  31.72  17999
  1206  55175 421386  14.98   6.00  21.30   6.34   7.91   9.35    93  31.76  31.75  18017
  1206  55184 421387  16.00   5.15  21.40   6.38   7.90   9.26    93  31.93  31.90  18104
  1207  55199 421383  17.01   4.20  21.60   6.41   7.90   9.20    92  31.99  31.94  18126
  1207  55205 421372  17.96   3.15  21.40   6.40   7.90   9.03    90  32.02  31.99  18151
  1208  55191 421367  18.99   1.65  21.10   6.42   7.90   9.00    90  32.05  32.00  18159
  1208  55178 421375  20.03   0.60  21.20   6.42   7.87   8.86    89  32.06  32.01  18166
 -1216  53708 421052   0.94  15.80  17.90   5.41   7.96   9.91    96  29.75  30.36  17211
  1217  53700 421059   1.97  14.85  18.10   5.41   7.97   9.90    96  29.77  30.39  17224
  1217  53700 421063   3.02  13.95  18.20   5.40   7.96   9.90    96  29.77  30.40  17230
  1217  53702 421070   3.91  13.20  18.20   5.41   7.96   9.89    96  29.77  30.39  17224
  1217  53702 421074   4.98  12.30  18.20   5.40   7.96   9.89    96  29.79  30.42  17243
  1217  53699 421074   6.09  11.20  18.20   5.40   7.96   9.87    96  29.78  30.41  17236
  1218  53698 421074   6.91  10.45  18.20   5.40   7.96   9.88    96  29.78  30.41  17236
  1218  53697 421070   8.14   9.05  18.20   5.40   7.97   9.88    96  29.78  30.41  17236
  1218  53697 421067   9.13   8.10  18.10   5.41   7.96   9.86    96  29.78  30.40  17231
  1219  53700 421057   9.94   7.20  17.90   5.49   7.94   9.83    96  30.03  30.61  17352
  1219  53703 421054  11.03   6.00  17.80   6.27   7.92   9.52    95  31.57  31.61  17932
  1219  53705 421055  11.98   5.15  17.90   6.29   7.90   9.39    94  31.69  31.72  17999
  1220  53710 421061  13.11   4.20  18.00   6.37   7.90   9.32    93  31.88  31.86  18077
  1221  53710 421063  14.00   3.30  18.10   6.37   7.89   9.20    92  31.91  31.89  18097
  1221  53706 421063  14.90   2.45  18.10   6.39   7.89   9.14    92  31.97  31.94  18124
  1221  53704 421059  16.07   1.25  18.00   6.40   7.91   9.14    92  32.04  32.01  18164
 -1227  52941 420283   0.96   0.50  11.60   5.57   7.95   9.88    96  29.79  30.26  17153
  1227  52930 420279   1.98   1.15   0.00   5.56   7.96   9.87    96  29.79  30.27  17159
  1228  52930 420285   2.99   7.80   1.90   5.57   7.95   9.92    96  29.80  30.28  17160
  1228  52933 420292   3.96   6.90  11.70   5.57   7.95   9.85    96  29.80  30.28  17160
  1228  52935 420298   4.98   5.95   0.00   5.56   7.96   9.85    96  29.81  30.30  17172
  1228  52938 420301   6.04   4.95  11.70   5.57   7.99   9.85    96  29.80  30.28  17160
  1229  52940 420301   6.98   3.95  11.70   5.56   7.97   9.84    96  29.82  30.31  17178
  1229  52941 420297   8.06   2.90  11.70   5.56   7.96   9.84    96  29.87  30.36  17211
  1230  52944 420292   8.89   2.05   0.00   6.25   7.91   9.41    94  31.45  31.49  17866
  1230  52945 420290   9.98   0.90  11.60   6.29   7.90   9.35    93  31.58  31.60  17928
 -1241  51565 418549   0.93  35.80   0.00   5.68   7.95   9.88    96  29.65  30.01  17005
  1241  51565 418558   2.02  34.50   0.00   5.67   7.95   9.86    96  29.66  30.03  17017
  1241  51564 418564   2.89  33.45   0.00   5.68   7.98   9.86    96  29.64  30.00  16999
  1242  51562 418569   4.18  31.65   1.90   5.91   7.94   9.73    96  30.28  30.51  17293
  1242  51562 418571   4.97  30.75  37.20   5.91   7.94   9.69    95  30.37  30.61  17351
  1243  51562 418573   6.07  29.55  37.00   6.03   7.94   9.63    95  30.59  30.74  17429
  1243  51563 418577   6.93  28.65  36.90   6.07   7.93   9.60    95  30.71  30.84  17486
  1243  51562 418575   8.05  27.65  36.80   6.03   7.93   9.58    95  31.04  31.24  17720
  1243  51562 418575   8.97  26.80   2.00   6.04   7.92   9.54    94  31.11  31.31  17760
  1244  51563 418573  10.05  25.50   0.00   6.03   7.95   9.50    94  31.34  31.58  17914
  1244  51563 418573  11.01  24.80   0.00   6.03   7.93   9.47    94  31.38  31.62  17940
  1244  51564 418575  11.95  23.90  37.70   6.06   7.93   9.44    94  31.44  31.66  17963
  1244  51563 418573  12.91  23.10  37.60   6.20   7.91   9.40    94  31.64  31.75  18016
  1245  51563 418573  14.03  22.00  37.10   6.29   7.93   9.36    94  31.80  31.85  18070
  1245  51565 418571  15.04  21.15  37.60   6.30   7.91   9.37    94  31.84  31.88  18090
  1245  51565 418571  15.93  20.10  37.90   6.32   7.92   9.35    94  31.88  31.91  18105
  1245  51565 418573  17.05  18.90  37.40   6.35   7.90   9.34    94  31.94  31.94  18127
  1246  51566 418575  17.94  18.30  37.30   6.36   7.92   9.33    93  31.96  31.96  18134
  1246  51567 418575  19.08  17.15  37.40   6.37   7.90   9.31    93  32.01  32.00  18161
  1246  51566 418578  20.00  16.25  37.40   6.39   7.90   9.30    93  32.07  32.05  18189
  1246  51569 418582  20.94  15.10  37.20   6.38   7.92   9.26    93  32.10  32.09  18213
  1247  51570 418582  22.08  13.85  37.40   6.37   7.89   9.20    92  32.11  32.11  18225
  1247  51570 418573  23.11  13.05  38.70   6.37   7.91   9.18    92  32.12  32.12  18232
  1247  51571 418571  24.01  12.10  38.80   6.37   7.93   9.16    92  32.12  32.12  18232
  1248  51573 418575  25.21  10.65  38.60   6.37   7.91   9.14    92  32.11  32.11  18225
  1248  51574 418576  25.96   9.95  38.50   6.36   7.90   9.13    92  32.12  32.13  18237
  1248  51573 418575  27.03   9.10  38.50   6.36   7.90   9.13    92  32.11  32.12  18231
  1248  51572 418575  28.17   8.10  38.40   6.31   7.88   9.13    91  32.09  32.15  18246
  1249  51570 418576  28.94   7.85  37.70   6.28   7.88   8.94    90  32.08  32.17  18256
  1249  51569 418575  29.99   7.30   0.00   6.27   7.90   8.91    89  32.07  32.16  18255
  1250  51572 418573  31.09   5.40   0.00   6.27   7.87   8.82    88  32.07  32.16  18255
  1251  51577 418574  31.98   4.65  38.50   6.27   7.86   8.55    86  32.07  32.16  18255
  1251  51579 418576  33.17   3.50   0.00   6.26   7.88   8.54    85  32.07  32.17  18260
  1251  51579 418580  33.98   2.65  38.10   6.25   7.87   8.48    85  32.07  32.18  18266
  1252  51575 418573  35.12   1.80  38.50   6.25   7.85   8.36    84  32.07  32.18  18266
  1252  51574 418571  36.13   1.10  38.50   6.26   7.85   8.34    83  32.08  32.18  18267
 -1259  50723 418383   1.13  26.20  29.70   5.72   7.96   9.81    96  30.24  30.63  17367
  1300  50718 418373   1.93  25.75  29.90   5.72   7.94   9.80    96  30.26  30.66  17380
  1300  50717 418375   3.08  24.50  29.70   5.73   7.98   9.79    96  30.30  30.69  17401
  1300  50718 418384   4.24  23.05   0.00   5.83   7.95   9.75    96  30.53  30.86  17497
  1301  50720 418390   5.11  22.10   0.00   5.82   7.97   9.74    96  30.50  30.83  17483
  1301  50728 418399   6.30  20.65  28.70   5.97   7.93   9.58    95  31.25  31.53  17888
  1302  50730 418399   7.13  19.70  28.90   5.97   7.92   9.55    94  31.26  31.54  17895
  1302  50734 418399   7.95  19.70  29.00   5.94   7.91   9.51    94  31.29  31.60  17931
  1302  50735 418399   9.16  18.15  29.00   5.91   7.93   9.50    94  31.32  31.67  17966
  1302  50736 418395   9.93  17.75  29.20   5.88   7.93   9.49    94  31.31  31.68  17976
  1303  50736 418386  10.92  17.00  29.70   6.08   7.91   9.43    94  31.58  31.80  18042
  1303  50733 418379  12.10  16.05  30.00   6.26   7.92   9.36    94  31.86  31.94  18125
  1303  50737 418379  12.99  15.25  30.10   6.31   7.90   9.30    93  31.93  31.97  18142
  1304  50738 418386  14.15  13.85   2.80   6.36   7.92   9.26    93  32.06  32.07  18199
  1304  50738 418390  14.94  13.05   0.00   6.35   7.91   9.24    93  32.05  32.07  18198
  1305  50732 418392  15.92  12.05   2.20   6.33   7.89   9.05    91  32.07  32.11  18222
  1305  50728 418386  16.97  11.00   1.90   6.34   7.91   9.01    90  32.08  32.11  18223
  1305  50725 418382  18.03  10.10   1.90   6.33   7.90   8.98    90  32.08  32.12  18228
  1305  50723 418379  19.19   8.90   0.00   6.32   7.91   8.98    90  32.08  32.13  18234
  1306  50723 418381  19.93   8.10   2.10   6.32   7.90   8.97    90  32.08  32.13  18234
  1306  50722 418381  21.01   6.90   0.00   6.29   7.89   8.94    90  32.08  32.16  18250
  1306  50723 418381  22.04   6.10  29.80   6.29   7.89   8.92    89  32.07  32.14  18244
  1307  50726 418382  23.11   5.15   3.40   6.27   7.88   8.85    89  32.07  32.16  18255
  1307  50728 418384  23.99   4.25  29.70   6.27   7.90   8.82    88  32.07  32.16  18255
  1307  50730 418386  25.14   3.10  29.80   6.27   7.89   8.81    88  32.08  32.17  18261
  1307  50729 418384  26.04   2.25  29.70   6.27   7.89   8.86    88  32.07  32.16  18255
  1308  50730 418384  27.06   1.25  29.70   6.27   7.87   8.77    88  32.07  32.16  18255
 -1316  49731 418279   1.07  16.55  18.90   5.83   7.93   9.68    95  30.55  30.88  17510
  1316  49729 418270   2.07  15.70  19.80   5.83   7.94   9.68    95  30.62  30.96  17555
  1316  49730 418270   3.10  14.75  20.00   5.83   7.93   9.66    95  30.69  31.04  17601
  1317  49730 418270   4.07  13.70  19.60   5.81   7.94   9.64    95  30.81  31.19  17689
  1317  49732 418272   5.01  12.80  19.20   5.83   7.93   9.63    95  30.88  31.25  17724
  1317  49733 418275   6.12  11.65  19.10   5.83   7.93   9.60    95  31.03  31.42  17821
  1317  49733 418277   6.96  10.80  19.10   5.81   7.92   9.58    94  31.04  31.45  17839
  1318  49733 418273   7.96   9.85  19.30   5.90   7.91   9.51    94  31.22  31.56  17907
  1318  49734 418273   9.01   8.85  19.30   5.92   7.93   9.50    94  31.23  31.56  17903
  1318  49734 418277   9.98   7.85  19.00   5.94   7.92   9.47    94  31.29  31.60  17931
  1319  49736 418281  10.91   6.95  18.90   6.05   7.92   9.42    94  31.49  31.73  18000
  1319  49736 418283  11.92   5.90  18.90   6.01   7.91   9.42    93  31.46  31.73  18003
  1319  49735 418284  13.08   4.75  18.80   6.16   7.92   9.34    93  31.73  31.89  18096
  1320  49732 418277  14.00   3.90  19.00   6.29   7.91   9.27    93  31.97  32.03  18179
  1321  49728 418268  15.00   3.05  20.20   6.31   7.89   8.99    90  32.03  32.08  18207
  1321  49727 418266  15.97   2.15  20.40   6.31   7.91   8.96    90  32.03  32.08  18207
  1321  49727 418266  17.01   1.05  20.60   6.32   7.91   8.94    90  32.05  32.09  18214
 -1327  48779 418199   1.04  43.55  46.80   5.74   7.94   9.62    95  30.82  31.26  17733
  1327  48777 418193   2.02  42.60  46.80   5.72   7.92   9.71    95  30.82  31.28  17744
  1327  48777 418191   3.00  41.70  46.80   5.72   7.94   9.62    95  30.82  31.28  17744
  1328  48777 418188   4.01  40.65  46.80   5.75   7.94   9.61    95  30.96  31.41  17819
  1328  48777 418190   5.01  39.80  46.80   5.76   7.92   9.58    94  31.02  31.47  17853
  1328  48775 418191   6.08  38.60  46.80   5.77   7.92   9.56    94  31.08  31.53  17887
  1329  48775 418191   6.99  37.85  46.80   5.76   7.91   9.53    94  31.18  31.65  17957
  1329  48773 418192   8.01  36.85   0.00   5.78   7.93   9.49    94  31.21  31.67  17966
  1329  48773 418192   8.99  35.90  46.90   5.79   7.93   9.47    94  31.24  31.69  17980
  1329  48772 418193  10.00  34.85  46.90   5.79   7.91   9.45    93  31.25  31.70  17987
  1330  48773 418197  10.98  33.80  46.80   6.07   7.92   9.36    93  31.61  31.84  18067
  1330  48772 418195  12.00  32.90  46.90   6.07   7.90   9.33    93  31.61  31.84  18067
  1331  48770 418193  12.98  32.00  46.90   6.12   7.91   9.29    92  31.67  31.86  18079
  1331  48767 418194  13.99  31.20  46.80   6.14   7.90   9.27    92  31.70  31.87  18087
  1331  48766 418194  15.01  30.05  46.90   6.20   7.91   9.26    92  31.77  31.90  18099
  1331  48766 418195  16.06  29.05  46.80   6.30   7.91   9.22    92  31.91  31.96  18135
  1332  48766 418197  17.04  28.10  46.90   6.33   7.94   9.19    92  31.99  32.02  18170
  1332  48766 418199  18.00  27.00  46.90   6.33   7.91   9.16    92  31.99  32.02  18170
  1332  48768 418201  19.04  26.00  46.90   6.30   7.89   9.14    92  31.99  32.05  18187
  1333  48768 418199  20.05  25.10  46.90   6.31   7.89   9.10    91  32.00  32.05  18188
  1333  48770 418197  20.98  24.20  46.90   6.33   7.89   9.07    91  32.04  32.07  18202
  1333  48773 418195  22.01  23.25  46.90   6.33   7.90   9.05    91  32.05  32.08  18209
  1333  48775 418193  23.05  22.10  46.80   6.34   7.89   9.02    90  32.06  32.09  18210
  1334  48778 418190  24.01  21.25  46.80   6.33   7.89   8.99    90  32.07  32.11  18222
  1334  48779 418188  24.98  20.30  46.70   6.34   7.90   8.95    90  32.08  32.11  18223
  1334  48780 418188  26.05  19.30  46.80   6.34   7.90   8.93    90  32.09  32.12  18229
  1334  48782 418188  27.00  18.35  46.80   6.34   7.89   8.89    89  32.10  32.13  18236
  1335  48783 418189  28.04  17.30  46.80   6.34   7.92   8.86    89  32.10  32.13  18236
  1335  48783 418189  29.02  16.40  46.90   6.34   7.89   8.85    89  32.10  32.13  18236
  1335  48781 418188  30.00  15.40  46.70   6.34   7.88   8.84    89  32.10  32.13  18236
  1335  48778 418186  31.00  14.40  46.70   6.34   7.88   8.83    89  32.10  32.13  18236
  1336  48777 418188  32.07  13.50  46.80   6.34   7.89   8.82    88  32.11  32.14  18242
  1336  48773 418190  33.05  12.50  46.80   6.34   7.90   8.81    88  32.10  32.13  18236
  1336  48771 418193  34.06  11.50  46.90   6.34   7.90   8.80    88  32.11  32.14  18242
  1337  48769 418197  35.04  10.40  46.90   6.34   7.90   8.80    88  32.11  32.14  18242
  1337  48768 418201  36.02   9.50   2.10   6.34   7.89   8.80    88  32.11  32.14  18242
  1337  48766 418205  37.06   8.50  46.80   6.34   7.90   8.80    88  32.12  32.15  18248
  1337  48765 418203  37.99   7.60  46.80   6.33   7.90   8.79    88  32.11  32.15  18247
  1338  48766 418197  38.94   6.75  46.80   6.34   7.90   8.79    88  32.11  32.14  18242
  1338  48767 418194  40.02   5.65  46.80   6.33   7.90   8.78    88  32.11  32.15  18247
  1338  48770 418190  40.95   4.85  46.80   6.34   7.89   8.77    88  32.11  32.14  18242
  1339  48774 418190  42.02   3.70  46.70   6.34   7.89   8.75    88  32.11  32.14  18242
  1339  48780 418188  43.02   2.85  46.70   6.33   7.89   8.75    88  32.11  32.15  18247
  1340  48782 418182  44.00   1.75  46.70   6.34   7.87   8.74    88  32.11  32.14  18242
  1340  48784 418184  44.97  51.20  46.80   6.34   7.89   8.73    88  32.12  32.15  18248
 -1347  47958 418342   1.05  16.45   4.50   5.74   7.94   9.64    95  30.74  31.18  17681
  1347  47956 418355   2.08  14.95  18.50   5.74   7.95   9.64    95  30.74  31.18  17681
  1347  47957 418363   3.00  13.65  18.50   5.76   7.94   9.63    95  30.81  31.24  17716
  1348  47955 418365   4.03  12.40  18.40   5.84   7.94   9.58    94  31.05  31.43  17829
  1348  47952 418361   4.94  11.75  18.70   5.84   7.95   9.56    94  31.03  31.41  17816
  1349  47950 418356   6.05  10.90  18.70   5.80   7.94   9.54    94  31.15  31.58  17916
  1349  47950 418354   6.97  10.00  18.70   5.80   7.93   9.52    94  31.16  31.59  17922
  1349  47951 418356   7.96   9.10  18.90   5.82   7.94   9.47    94  31.23  31.65  17957
  1350  47954 418355   9.00   7.90  18.60   5.85   7.93   9.44    93  31.30  31.70  17986
  1350  47960 418357  10.06   6.65  18.40   5.88   7.93   9.42    93  31.35  31.73  18002
  1350  47967 418359  11.03   6.05  18.30   5.92   7.92   9.39    93  31.40  31.75  18013
  1351  47968 418351  12.05   4.90  18.60   6.01   7.92   9.37    93  31.51  31.79  18035
  1351  47969 418351  13.05   3.95  18.70   6.04   7.92   9.34    93  31.56  31.81  18051
  1352  47967 418355  14.00   3.20   1.90   6.13   7.92   9.28    92  31.72  31.91  18106
  1352  47966 418359  15.00   2.15   5.20   6.17   7.91   9.22    92  31.75  31.90  18103
  1352  47966 418364  16.08   1.00  18.00   6.36   7.90   9.15    92  32.11  32.12  18231
 -1400  47481 418850   0.96  10.75  15.40   5.64   7.95   9.71    95  30.56  31.07  17618
  1400  47469 418854   2.01  10.70  16.30   5.63   7.94   9.72    95  30.46  30.96  17558
  1401  47461 418858   2.98  10.65  16.90   5.62   7.95   9.73    95  30.43  30.94  17544
  1401  47457 418858   4.08  10.35  17.00   5.64   7.95   9.73    95  30.52  31.02  17592
  1401  47454 418856   5.10  10.30  17.20   5.64   7.95   9.72    95  30.55  31.05  17611
  1402  47457 418850   6.06   9.50  17.20   5.68   7.94   9.70    95  30.74  31.23  17714
  1402  47462 418844   7.05   8.30  17.00   5.64   7.94   9.70    95  30.55  31.05  17611
  1402  47465 418844   8.06   7.05  16.00   5.66   7.94   9.67    95  30.71  31.22  17705
  1403  47471 418848   8.98   5.65  15.30   5.67   7.94   9.65    95  30.69  31.18  17687
  1403  47476 418852  10.00   3.95  14.90   5.74   7.93   9.62    95  30.94  31.40  17812
  1404  47484 418853  11.04   0.85  13.80   5.75   7.93   9.57    94  30.99  31.45  17839
