# MEETVAARTUIG : M.S. ARGUS
# MEETDATUM    : 06-10-2009 09:03:49
# MEETGEBIED   : GREVELINGEN
# STARTPUNT    : Brouwersdam
# EINDPUNT     : Grevelingendam
# PROJECTCODE  : E7501X
# OPDRACHTGEVER: ZLXXAXAMDBG
# BEHEERDER    : ZLXXAXAMDBG
# BEMONST. INST:
# WAARNEMER(S) : G.J.Bakker.
#
* 20091006
$ 9999 [00000000000]
>TIJD      uumm                    
>X         coordinaat              
>Y         coordinaat              
>SENSHTE   Diepte set        m     
>ECHOS     Echoset           mtrs  
>Temp       Temperatuur       oC        : 10  1.0  11  1.0
>O2        Zuurstof          mg/l  
>%O2       Zuurstof%         %     
>GELBH     Geleidendheid     mS/cm 
>SALNTT    Saliniteit        dimsl 
>CL-       Chloride          mg/l      : 16750  125  13  125
 -0903  47489 418852   0.96  11.93  15.49   7.23    88  40.19  32.12  18202
  0904  47472 418861   1.98  12.48  15.50   7.23    88  40.20  32.12  18203
  0904  47464 418859   3.04  12.15  15.51   7.22    88  40.20  32.12  18202
  0904  47459 418856   4.00  11.25  15.50   7.21    88  40.20  32.13  18205
  0904  47459 418858   5.05  10.27  15.49   7.20    88  40.20  32.13  18206
  0905  47465 418856   5.97   9.13  15.49   7.20    88  40.21  32.14  18215
  0905  47469 418855   6.98   7.81  15.48   7.18    88  40.22  32.16  18226
  0905  47472 418853   8.06   6.25  15.46   7.17    88  40.26  32.21  18253
  0905  47474 418852   9.02   4.90  15.47   7.16    88  40.31  32.25  18276
  0906  47479 418850  10.09   2.99  15.47   7.14    87  40.32  32.26  18280
  0906  47482 418848  11.03   1.28  15.47   7.12    87  40.33  32.27  18287
 -0910  47940 418363   0.99  51.25  15.45   7.28    89  40.14  32.11  18196
  0911  47949 418347   2.07  51.25  15.46   7.28    89  40.12  32.09  18181
  0911  47953 418341   2.99  51.25  15.46   7.26    89  40.14  32.10  18192
  0911  47959 418336   3.99  13.85  15.45   7.26    89  40.14  32.11  18196
  0911  47963 418337   4.98  12.75  15.49   7.25    89  40.21  32.14  18213
  0912  47966 418342   6.06  11.65  15.51   7.23    88  40.25  32.16  18225
  0912  47967 418344   7.08  10.55  15.50   7.23    88  40.28  32.20  18245
  0912  47968 418345   8.03   9.60  15.46   7.20    88  40.29  32.24  18269
  0912  47969 418345   9.01   8.70  15.45   7.18    88  40.29  32.25  18274
  0912  47970 418346  10.00   7.75  15.44   7.18    88  40.30  32.26  18284
  0913  47971 418346  11.07   6.65  15.43   7.17    88  40.30  32.27  18289
  0913  47972 418346  12.06   5.65  15.45   7.16    88  40.33  32.28  18295
  0913  47972 418347  13.04   4.65  15.44   7.14    87  40.34  32.30  18305
  0913  47972 418347  14.05   3.70  15.44   7.12    87  40.34  32.30  18305
  0914  47972 418349  14.98  51.25  15.43   7.10    87  40.34  32.31  18310
  0914  47971 418350  16.04   1.70  15.41   7.09    87  40.33  32.31  18314
  0914  47969 418350  17.00   0.90  15.41   7.08    86  40.36  32.34  18330
 -0920  48811 418179   0.99  42.20  15.46   7.26    89  40.15  32.11  18197
  0921  48819 418190   2.05  41.20  15.45   7.26    89  40.15  32.12  18202
  0921  48820 418187   3.00  40.25  15.46   7.26    89  40.15  32.11  18197
  0921  48817 418179   4.07  39.25  15.46   7.25    89  40.15  32.11  18197
  0921  48809 418175   4.99  38.35  15.45   7.26    89  40.15  32.12  18202
  0921  48802 418169   6.07  37.15  15.44   7.25    89  40.19  32.16  18227
  0922  48790 418167   7.12  36.20  15.45   7.24    88  40.21  32.17  18233
  0922  48787 418168   7.91  35.50  15.41   7.23    88  40.20  32.20  18247
  0922  48784 418170   8.97  34.50  15.45   7.21    88  40.29  32.25  18274
  0923  48780 418173  10.06  33.55  15.43   7.19    88  40.28  32.25  18278
  0923  48777 418177  10.95  32.80  15.43   7.18    88  40.31  32.28  18294
  0923  48776 418181  11.89  31.90  15.42   7.17    88  40.32  32.30  18304
  0924  48772 418185  13.01  31.00  15.44   7.15    87  40.34  32.30  18305
  0924  48769 418187  13.93  30.05  15.41   7.15    87  40.32  32.31  18309
  0924  48766 418189  15.05  29.00  15.40   7.15    87  40.32  32.31  18314
  0924  48763 418188  15.98  28.10  15.40   7.14    87  40.33  32.32  18319
  0925  48760 418187  16.98  27.10  15.40   7.13    87  40.32  32.31  18314
  0925  48758 418183  18.03  26.05  15.40   7.14    87  40.33  32.32  18319
  0925  48756 418180  19.07  25.10  15.40   7.12    87  40.34  32.33  18324
  0925  48755 418177  20.05  24.10  15.39   7.11    87  40.35  32.35  18334
  0926  48755 418176  21.08  23.05  15.41   7.09    87  40.35  32.33  18324
  0926  48756 418175  22.07  22.10  15.39   7.10    87  40.36  32.36  18339
  0926  48757 418174  23.03  21.20  15.38   7.10    87  40.37  32.37  18349
  0926  48757 418173  24.08  20.15  15.38   7.09    87  40.38  32.38  18354
  0927  48758 418173  25.07  19.25  15.38   7.09    87  40.38  32.38  18354
  0927  48759 418173  26.01  18.35  15.38   7.10    87  40.38  32.38  18354
  0927  48758 418173  27.01  17.40  15.38   7.09    87  40.38  32.38  18354
  0927  48758 418173  28.03  16.40  15.39   7.08    86  40.39  32.38  18355
  0927  48757 418173  29.04  15.55  15.37   7.09    87  40.39  32.40  18364
  0928  48757 418174  30.01  14.45  15.38   7.08    86  40.39  32.39  18360
  0928  48756 418174  31.04  13.50  15.38   7.08    86  40.40  32.40  18365
  0928  48754 418175  32.00  12.60  15.37   7.09    86  40.40  32.41  18370
  0928  48753 418176  33.02  11.75  15.38   7.09    86  40.40  32.40  18365
  0929  48753 418173  34.20  10.35  15.39   7.07    86  40.41  32.40  18365
  0929  48755 418165  35.17   9.40  15.39   7.08    86  40.40  32.39  18360
  0929  48756 418160  36.04   8.45  15.38   7.07    86  40.39  32.39  18360
  0930  48756 418161  37.03   7.55  15.37   7.07    86  40.41  32.42  18375
  0930  48755 418169  38.07   6.70  15.39   7.07    86  40.41  32.40  18365
  0931  48755 418173  39.06   5.85  15.38   7.07    86  40.43  32.43  18380
  0931  48757 418171  40.05   4.90  15.38   7.06    86  40.42  32.42  18375
  0931  48761 418165  40.99   3.90  15.38   7.06    86  40.43  32.43  18380
  0932  48763 418164  42.06   2.85  15.39   7.05    86  40.44  32.43  18381
  0932  48763 418167  43.05   1.90  15.39   7.05    86  40.44  32.43  18381
  0932  48765 418169  43.97   1.10  15.38   7.05    86  40.44  32.44  18386
 -0940  49747 418281   0.98  51.25  15.40   7.36    90  40.09  32.11  18194
  0940  49737 418276   1.99  15.85  15.37   7.36    90  40.09  32.13  18209
  0941  49734 418273   3.07  16.10  15.27   7.35    89  40.00  32.13  18210
  0941  49733 418270   4.10  15.95  15.32   7.34    89  40.04  32.13  18207
  0941  49731 418268   5.03  15.55  15.30   7.34    89  40.05  32.15  18221
  0941  49729 418264   6.03  14.20  15.30   7.33    89  40.03  32.14  18211
  0942  49726 418265   7.05  12.85  15.21   7.33    89  39.97  32.16  18223
  0942  49723 418266   8.14  11.90  15.19   7.33    89  39.93  32.14  18212
  0942  49720 418267   9.03  11.00  15.16   7.30    89  39.93  32.16  18226
  0943  49718 418267  10.07  51.25  15.17   7.29    88  39.92  32.14  18216
  0943  49714 418268  10.94   8.90  15.15   7.26    88  39.91  32.15  18221
  0943  49712 418270  11.98   7.70  15.16   7.25    88  39.92  32.15  18221
  0943  49710 418271  13.04   6.65  15.18   7.21    88  39.94  32.15  18222
  0943  49708 418271  14.07   5.60  15.20   7.20    88  39.96  32.16  18223
  0944  49707 418271  15.03   4.60  15.25   7.17    87  40.05  32.20  18245
  0944  49706 418269  15.95   3.95  15.30   7.15    87  40.11  32.21  18253
  0944  49706 418267  17.00  10.90  15.27   7.14    87  40.10  32.22  18262
  0945  49709 418265  17.91  51.25  15.32   7.11    87  40.14  32.22  18259
  0945  49713 418264  19.06  51.25  15.33   7.10    87  40.18  32.25  18275
  0945  49715 418263  20.00  51.25  15.39   7.09    87  40.27  32.28  18292
 -0952  50701 418371   1.01  26.30  15.48   7.34    90  40.15  32.10  18187
  0953  50702 418376   2.01  25.10  15.47   7.34    90  40.14  32.10  18187
  0953  50703 418382   3.02  24.05  15.47   7.34    90  40.14  32.10  18187
  0953  50705 418382   4.06  23.10  15.46   7.34    90  40.14  32.10  18192
  0953  50708 418382   5.06  22.45  15.34   7.34    90  40.07  32.14  18213
  0954  50712 418380   6.03  21.80  15.30   7.32    89  40.04  32.15  18216
  0954  50715 418378   7.07  20.75  15.29   7.29    89  40.01  32.13  18205
  0954  50717 418377   7.94  19.95  15.27   7.28    89  40.01  32.14  18215
  0954  50719 418376   9.00  18.95  15.26   7.27    88  39.99  32.13  18209
  0955  50721 418377   9.99  18.05  15.25   7.27    88  39.98  32.13  18209
  0955  50721 418380  11.06  17.05  15.23   7.29    89  39.97  32.14  18213
  0955  50722 418381  12.02  16.20  15.22   7.29    89  39.98  32.16  18223
  0955  50723 418382  13.07  15.20  15.19   7.29    89  39.94  32.15  18217
  0956  50725 418384  14.04  14.30  15.18   7.28    88  39.92  32.14  18211
  0956  50724 418384  14.98  13.35  15.17   7.27    88  39.92  32.14  18216
  0956  50725 418383  16.04  12.45  15.16   7.26    88  39.91  32.14  18216
  0957  50726 418381  17.02  11.50  15.17   7.25    88  39.91  32.14  18211
  0957  50727 418380  17.95  10.70  15.16   7.25    88  39.91  32.14  18216
  0957  50728 418379  19.05   9.60  15.16   7.25    88  39.90  32.13  18211
  0957  50729 418379  20.05   8.70  15.14   7.23    88  39.90  32.15  18220
  0957  50729 418379  20.97   7.90  15.14   7.22    88  39.90  32.15  18220
  0958  50729 418378  22.04   6.85  15.13   7.20    87  39.91  32.17  18230
  0958  50729 418378  22.98   6.00  15.15   7.18    87  39.89  32.13  18210
  0958  50727 418379  23.99   4.95  15.13   7.18    87  39.88  32.14  18215
  0958  50725 418381  25.06  51.25  15.13   7.16    87  39.89  32.15  18220
  0959  50725 418384  25.97  51.25  15.13   7.14    87  39.89  32.15  18220
  0959  50724 418384  26.94  51.25  15.11   7.13    86  39.89  32.17  18229
  0959  50724 418381  28.07   0.85  15.11   7.10    86  39.88  32.16  18224
 -1006  51564 418546   0.94  34.50  15.36   7.16    87  40.02  32.08  18177
  1007  51574 418553   2.00  33.80  15.32   7.16    87  40.03  32.12  18201
  1007  51576 418555   3.10  32.60  15.34   7.15    87  40.02  32.09  18187
  1007  51576 418555   4.08  31.85  15.31   7.14    87  40.02  32.12  18201
  1007  51576 418554   5.07  30.85  15.34   7.13    87  40.02  32.09  18187
  1008  51575 418553   6.09  29.75  15.30   7.14    87  40.02  32.13  18206
  1008  51575 418553   7.10  28.90  15.29   7.16    87  40.00  32.12  18200
  1008  51575 418553   8.02  27.95  15.25   7.19    88  40.00  32.15  18219
  1008  51575 418554   9.04  27.00  15.26   7.21    88  39.99  32.13  18209
  1009  51575 418555  10.02  26.20  15.25   7.22    88  39.98  32.13  18209
  1009  51575 418555  10.98  25.30  15.25   7.24    88  39.97  32.12  18204
  1009  51574 418555  12.05  24.30  15.24   7.26    88  39.97  32.13  18209
  1009  51572 418555  13.06  23.50  15.21   7.26    88  39.94  32.13  18207
  1010  51570 418557  13.99  22.55  15.13   7.28    88  39.86  32.12  18204
  1010  51568 418562  15.03  21.70  15.13   7.28    88  39.86  32.12  18204
  1010  51567 418564  16.00  20.90  15.13   7.28    88  39.86  32.12  18204
  1011  51566 418567  17.00  19.90  15.13   7.28    88  39.87  32.13  18209
  1011  51565 418571  17.99  19.10  15.14   7.26    88  39.88  32.13  18210
  1011  51564 418574  19.09  17.65  15.11   7.24    88  39.88  32.16  18224
  1011  51565 418576  20.05  16.25  15.11   7.21    88  39.89  32.17  18229
  1012  51565 418578  21.03  15.15  15.11   7.18    87  39.89  32.17  18229
  1012  51563 418579  22.02  14.15  15.13   7.18    87  39.89  32.15  18220
  1012  51563 418578  23.03  13.15  15.12   7.10    86  39.88  32.15  18219
  1012  51563 418575  23.96  12.95  15.11   7.09    86  39.87  32.15  18219
  1013  51563 418572  25.00  11.75  15.11   7.07    86  39.87  32.15  18219
  1013  51562 418571  26.06  11.05  15.10   7.06    86  39.87  32.16  18224
  1013  51562 418570  27.00  10.30  15.11   7.04    85  39.87  32.15  18219
  1014  51562 418570  27.99   9.55  15.11   7.01    85  39.88  32.16  18224
  1014  51561 418569  29.00  51.25  15.11   6.99    85  39.87  32.15  18219
  1014  51563 418569  30.01   7.50  15.10   6.97    85  39.88  32.17  18229
  1014  51568 418569  31.04   6.45  15.10   6.94    84  39.88  32.17  18229
  1015  51571 418568  32.01   5.65  15.07   6.93    84  39.88  32.19  18243
  1015  51572 418569  32.97   4.55  15.12   6.90    84  39.88  32.15  18219
  1015  51573 418570  34.00   3.50  15.10   6.89    84  39.88  32.17  18229
  1015  51575 418571  35.03   2.65  15.10   6.87    83  39.88  32.17  18229
  1016  51575 418572  36.06  51.25  15.10   6.85    83  39.88  32.17  18229
  1016  51577 418574  37.07  51.25  15.07   6.84    83  39.89  32.20  18249
 -1029  52931 420310   0.95   9.80  15.15   7.50    91  39.85  32.10  18189
  1029  52930 420303   2.06   8.70  15.17   7.50    91  39.85  32.08  18180
  1030  52930 420298   3.01   7.75  15.12   7.50    91  39.83  32.10  18193
  1030  52930 420296   3.98   6.85  15.08   7.49    91  39.79  32.10  18192
  1030  52931 420294   5.07   5.75  15.06   7.47    90  39.77  32.10  18191
  1030  52932 420292   5.96   4.90  15.02   7.45    90  39.74  32.11  18194
  1031  52932 420291   6.99   3.90  14.99   7.42    90  39.73  32.12  18204
  1031  52932 420290   8.01   2.90  14.99   7.41    90  39.73  32.12  18204
  1031  52932 420290   9.05   1.85  14.95   7.42    90  39.74  32.16  18228
  1031  52932 420292  10.05   0.90  14.96   7.41    90  39.72  32.14  18213
 -1038  53703 421070   1.01  15.70  15.05   7.50    91  39.75  32.09  18185
  1039  53712 421064   2.07  14.60  15.05   7.50    91  39.75  32.09  18185
  1039  53714 421063   3.05  13.60  15.05   7.49    91  39.76  32.10  18190
  1039  53715 421063   4.06  12.60  15.05   7.49    91  39.76  32.10  18190
  1039  53715 421063   5.03  11.65  15.05   7.48    91  39.75  32.09  18185
  1040  53714 421064   6.07  10.75  15.05   7.48    91  39.75  32.09  18185
  1040  53712 421064   7.02   9.85  15.04   7.48    91  39.75  32.10  18190
  1040  53710 421062   8.00   8.90  15.04   7.46    90  39.75  32.10  18190
  1041  53710 421060   8.99   7.85  15.04   7.46    90  39.75  32.10  18190
  1041  53708 421059   9.98   6.85  15.05   7.45    90  39.76  32.10  18190
  1041  53705 421059  11.10   5.90  15.05   7.45    90  39.75  32.09  18185
  1042  53700 421061  12.04   5.00  15.06   7.44    90  39.78  32.11  18196
  1042  53698 421063  13.00   4.15  15.05   7.44    90  39.78  32.12  18201
  1042  53694 421066  14.06   3.25  15.02   7.43    90  39.77  32.13  18210
  1042  53689 421066  15.06   2.20  14.98   7.41    90  39.75  32.15  18219
  1043  53683 421063  16.08   1.20  14.92   7.37    89  39.74  32.19  18242
 -1052  55184 421395   1.04  19.05  14.99   7.47    90  39.69  32.09  18183
  1052  55190 421386   1.99  18.00  14.99   7.47    90  39.70  32.09  18188
  1052  55191 421383   3.02  17.00  14.95   7.48    90  39.70  32.13  18207
  1053  55192 421381   4.01  16.00  14.99   7.46    90  39.69  32.09  18183
  1053  55194 421380   5.03  14.95  14.99   7.45    90  39.70  32.09  18188
  1053  55195 421377   6.05  14.05  14.98   7.45    90  39.69  32.09  18187
  1054  55194 421375   7.07  12.95  15.00   7.44    90  39.70  32.09  18183
  1054  55194 421376   8.06  12.10  14.98   7.43    90  39.69  32.09  18187
  1054  55193 421380   9.07  11.20  14.98   7.43    90  39.69  32.09  18187
  1055  55193 421383  10.01  10.35  14.97   7.42    90  39.68  32.09  18187
  1055  55194 421382  10.99   9.35  14.95   7.40    90  39.66  32.09  18186
  1055  55194 421382  12.02   8.40  14.90   7.39    89  39.60  32.08  18179
  1056  55191 421381  13.02   7.40  14.89   7.33    88  39.59  32.08  18178
  1056  55189 421382  14.04   6.45  14.90   7.29    88  39.59  32.07  18174
  1056  55188 421383  15.05   5.35  14.88   7.29    88  39.59  32.09  18183
  1057  55186 421381  15.99   4.40  14.90   7.28    88  39.60  32.08  18179
  1057  55184 421380  17.04   3.30  14.88   7.27    88  39.59  32.09  18183
  1057  55182 421379  18.04   2.25  14.81   7.29    88  39.58  32.13  18212
  1057  55180 421379  19.08  51.25  14.75   7.28    88  39.47  32.08  18183
 -1106  56265 420531   0.91  11.25  14.99   7.33    89  39.69  32.09  18183
  1106  56282 420521   2.11  10.35  14.98   7.32    89  39.69  32.09  18187
  1106  56289 420516   3.09   9.40  15.00   7.32    89  39.69  32.08  18178
  1106  56292 420516   4.06   8.55  14.98   7.33    89  39.69  32.09  18187
  1107  56294 420518   4.96   7.75  14.99   7.32    89  39.69  32.09  18183
  1107  56295 420521   6.02   6.75  14.97   7.33    89  39.68  32.09  18187
  1107  56294 420523   6.97   5.95  14.97   7.33    89  39.68  32.09  18187
  1107  56291 420524   8.00   4.80  14.97   7.32    88  39.68  32.09  18187
  1108  56287 420526   9.04   3.75  14.96   7.30    88  39.68  32.10  18192
  1108  56282 420526  10.05   2.70  14.81   7.29    88  39.56  32.12  18201
  1109  56271 420519  11.07   1.10  14.87   7.07    85  39.60  32.10  18193
 -1120  57618 418954   1.02  15.10  15.02   7.43    90  39.52  31.91  18079
  1120  57624 418942   1.98  14.50  15.00   7.43    90  39.52  31.92  18089
  1121  57625 418939   3.05  13.50  15.01   7.43    90  39.53  31.92  18089
  1121  57626 418932   4.08  12.65  14.97   7.43    90  39.49  31.92  18088
  1121  57625 418927   4.99  11.70  14.97   7.42    90  39.49  31.92  18088
  1121  57620 418925   6.04  10.75  14.94   7.42    90  39.46  31.92  18086
  1122  57618 418926   7.09   9.40  14.77   7.44    90  39.32  31.93  18094
  1122  57615 418927   8.04   8.65  14.79   7.43    89  39.34  31.93  18095
  1122  57613 418932   8.96   8.20  14.75   7.41    89  39.28  31.91  18083
  1122  57611 418937  10.00   7.35  14.75   7.41    89  39.28  31.91  18083
  1123  57603 418942  10.96   5.80  14.86   7.41    89  39.38  31.91  18083
  1123  57609 418942  12.01   4.90  14.94   7.40    89  39.53  31.98  18123
  1124  57617 418942  13.07   4.00  15.04   7.39    90  39.70  32.05  18164
  1124  57623 418941  14.11   2.80  14.95   7.38    89  39.68  32.11  18197
  1124  57635 418940  15.01   1.30  14.89   7.19    87  39.63  32.11  18199
 -1133  57949 417204   1.00  18.75  15.12   7.49    91  39.71  32.00  18131
  1134  57954 417194   2.00  17.90  15.11   7.48    91  39.69  31.99  18125
  1134  57955 417188   2.97  16.95  15.10   7.48    91  39.71  32.01  18140
  1134  57955 417187   4.08  15.90  15.12   7.48    91  39.71  32.00  18131
  1134  57956 417189   5.03  15.00  15.10   7.48    91  39.70  32.00  18135
  1135  57955 417196   6.01  14.10  15.10   7.47    90  39.70  32.00  18135
  1135  57958 417198   7.01  12.95  15.11   7.46    90  39.70  32.00  18130
  1136  57959 417201   8.02  12.00  15.09   7.45    90  39.71  32.02  18145
  1136  57960 417202   9.07  11.15  15.09   7.43    90  39.71  32.02  18145
  1136  57962 417206   9.96  10.25  15.07   7.42    90  39.71  32.04  18155
  1136  57964 417203  11.05   9.05  15.08   7.39    90  39.72  32.04  18155
  1137  57963 417198  12.06   8.10  15.05   7.37    89  39.73  32.07  18175
  1137  57961 417202  13.05   7.20  15.05   7.32    89  39.74  32.08  18180
  1137  57958 417202  14.03   6.35  15.04   7.29    88  39.74  32.09  18185
  1138  57952 417200  14.99   5.55  15.05   7.26    88  39.75  32.09  18185
  1138  57952 417201  15.94   4.65  15.05   7.24    88  39.75  32.09  18185
  1138  57951 417197  17.06  38.75  15.05   7.21    87  39.75  32.09  18185
  1138  57952 417198  18.06   2.50  14.99   7.21    87  39.75  32.14  18214
  1139  57952 417197  18.93   1.90  15.02   7.20    87  39.74  32.11  18194
  1139  57952 417197  20.00  51.25  15.02   7.19    87  39.74  32.11  18194
 -1157  59300 414127   1.02  21.15  15.09   7.37    89  39.69  32.00  18135
  1157  59302 414120   1.95  20.40  15.11   7.37    89  39.69  31.99  18125
  1157  59307 414116   2.99  19.35  15.11   7.36    89  39.68  31.98  18120
  1157  59311 414112   3.98  51.25  15.09   7.35    89  39.69  32.00  18135
  1158  59313 414111   4.93  17.65  15.09   7.35    89  39.69  32.00  18135
  1158  59314 414113   6.09  16.50  15.09   7.35    89  39.70  32.01  18140
  1158  59314 414115   7.02  15.60  15.12   7.35    89  39.71  32.00  18131
  1159  59316 414114   8.05  14.80  15.10   7.35    89  39.72  32.02  18146
  1159  59317 414115   9.08  13.75  15.05   7.35    89  39.75  32.09  18185
  1159  59316 414115   9.98  51.25  15.10   7.33    89  39.76  32.06  18166
  1159  59316 414114  11.01  11.90  15.10   7.31    89  39.76  32.06  18166
  1200  59316 414114  11.98  51.25  15.09   7.28    88  39.76  32.07  18171
  1200  59313 414116  13.03   9.85  15.08   7.24    88  39.78  32.09  18186
  1200  59308 414121  13.99   9.00  15.09   7.18    87  39.78  32.08  18182
  1201  59302 414125  15.03   7.80  15.07   7.17    87  39.79  32.11  18196
  1201  59304 414126  16.11   6.85  15.10   7.14    87  39.78  32.08  18177
  1201  59305 414126  17.10   5.95  15.08   7.14    86  39.78  32.09  18186
  1202  59309 414125  18.14   5.10  15.02   7.14    86  39.79  32.15  18220
  1202  59312 414126  18.96  51.25  15.08   7.12    86  39.78  32.09  18186
  1202  59315 414128  20.00   3.65  15.07   7.10    86  39.78  32.10  18191
  1203  59317 414129  21.01  51.25  15.07   7.10    86  39.78  32.10  18191
  1203  59319 414129  22.07  32.70  15.07   7.10    86  39.78  32.10  18191
  1203  59319 414128  23.03  51.25  15.06   7.09    86  39.78  32.11  18196
 -1223  61214 413067   1.07   8.60  14.94   7.48    90  39.51  31.96  18112
  1223  61217 413056   2.07   7.70  14.88   7.49    90  39.52  32.02  18146
  1223  61218 413051   2.99   6.80  14.94   7.48    90  39.51  31.96  18112
  1223  61222 413047   4.05   5.85  14.88   7.48    90  39.51  32.01  18141
  1223  61225 413045   5.05   4.85  14.96   7.46    90  39.51  31.95  18103
  1224  61226 413047   6.03   3.90  14.94   7.44    90  39.51  31.96  18112
  1224  61225 413050   7.05   3.00  14.94   7.43    90  39.52  31.97  18118
  1224  61224 413052   8.01   2.00  14.93   7.43    90  39.52  31.98  18122
  1224  61222 413054   9.03   1.05  14.89   7.38    89  39.51  32.00  18136
 -1232  62288 412267   1.05  16.00  14.96   7.47    90  39.56  31.99  18129
  1232  62295 412258   2.03  15.05  14.97   7.45    90  39.56  31.98  18124
  1232  62298 412255   3.01  14.10  14.97   7.45    90  39.57  31.99  18129
  1232  62298 412252   4.02  13.10  14.97   7.45    90  39.57  31.99  18129
  1233  62301 412250   5.03  12.25  14.91   7.45    90  39.57  32.04  18158
  1233  62304 412249   6.03  11.20  14.96   7.42    90  39.56  31.99  18129
  1233  62304 412248   7.00  10.30  14.95   7.42    90  39.56  32.00  18134
  1233  62303 412249   8.03  51.25  14.93   7.42    90  39.52  31.98  18122
  1234  62301 412251   9.01   8.40  14.64   7.44    89  39.29  32.01  18141
  1234  62300 412252   9.99   7.40  14.57   7.42    89  39.17  31.96  18112
  1234  62299 412255  11.03   6.45  14.53   7.41    89  39.11  31.94  18099
  1235  62299 412257  12.02   5.55  14.51   7.40    89  39.08  31.93  18093
  1235  62298 412262  13.07   4.60  14.42   7.40    88  39.03  31.96  18110
  1235  62300 412260  14.05   3.60  14.41   7.36    88  39.02  31.96  18109
  1236  62305 412251  15.04   2.60  14.34   7.31    87  39.02  32.01  18143
  1236  62309 412244  16.02   1.60  14.31   7.28    87  39.00  32.02  18147
  1236  62311 412241  17.06   0.65  14.32   7.25    87  38.95  31.97  18116
 -1251  65250 412102   1.09  51.25  14.31   7.33    87  38.81  31.85  18046
  1251  65264 412094   1.99  11.50  14.31   7.32    87  38.84  31.87  18062
  1251  65272 412091   3.01  10.50  14.30   7.32    87  38.83  31.87  18062
  1252  65277 412091   4.06   9.55  14.34   7.31    87  38.84  31.85  18048
  1252  65279 412093   5.03   9.00  14.31   7.32    87  38.85  31.88  18068
  1252  65281 412100   6.03   8.50  14.29   7.34    88  38.82  31.87  18061
  1253  65284 412104   7.11   7.70  14.30   7.35    88  38.83  31.87  18062
  1253  65286 412106   7.98   7.00  14.24   7.34    88  38.83  31.92  18091
  1253  65284 412103   8.95   5.85  14.19   7.34    87  38.86  31.99  18131
  1254  65281 412093  10.02   4.05  14.25   7.15    85  38.87  31.95  18107
  1254  65279 412091  11.00   2.95  14.23   7.10    85  38.87  31.97  18117
  1254  65272 412094  12.06   2.10  14.22   7.21    86  38.88  31.98  18127
  1255  65269 412096  13.06   1.20  14.21   7.23    86  38.88  31.99  18132
 -1302  66325 411641   1.01   6.90  14.44   7.50    90  39.01  31.92  18090
  1302  66335 411628   2.07  51.25  14.44   7.59    91  38.99  31.90  18079
  1303  66337 411630   3.11   5.15  14.41   7.57    91  39.00  31.94  18099
  1303  66338 411633   3.99   4.20  14.39   7.58    90  38.99  31.94  18103
  1303  66340 411641   5.05   3.10  14.40   7.53    90  38.99  31.94  18098
  1304  66342 411643   6.07   2.30  14.40   7.52    90  38.99  31.94  18098
  1304  66341 411645   7.03   1.30  14.33   7.51    90  38.94  31.95  18106
 -1311  67331 411364   0.98  11.15  14.29   7.53    90  38.86  31.91  18082
  1311  67341 411364   1.97  10.10  14.29   7.52    90  38.87  31.92  18088
  1311  67342 411371   3.01   9.20  14.22   7.54    90  38.87  31.98  18122
  1312  67345 411372   4.01   8.20  14.31   7.52    90  38.87  31.90  18078
  1312  67347 411375   5.01   7.25  14.28   7.50    90  38.86  31.92  18087
  1313  67350 411370   6.04   6.20  14.28   7.50    90  38.87  31.93  18093
  1313  67353 411366   7.06   5.20  14.27   7.50    89  38.86  31.92  18092
  1313  67350 411364   8.02   4.30  14.28   7.49    89  38.86  31.92  18087
  1313  67349 411363   9.05   3.30  14.27   7.47    89  38.88  31.94  18103
  1314  67344 411362   9.95   2.45  14.27   7.41    88  38.89  31.95  18108
  1314  67343 411363  10.95   1.45  14.26   7.39    88  38.89  31.96  18113
  1314  67342 411366  12.01  51.25  14.29   7.36    88  38.92  31.96  18114
 -1322  68854 411259   1.04   6.95  14.34   7.45    89  38.94  31.94  18101
  1323  68863 411268   1.99   4.15  14.34   7.45    89  38.95  31.95  18106
  1325  68850 411266   3.01  51.25  14.36   7.44    89  38.95  31.93  18096
  1325  68847 411263   3.94   6.05  14.33   7.44    89  38.95  31.96  18111
  1325  68847 411261   4.98   5.65  14.27   7.46    89  38.95  32.01  18140
  1325  68847 411257   6.07   5.20  14.34   7.43    89  38.95  31.95  18106
  1326  68845 411255   7.03   4.65  14.33   7.43    89  38.94  31.95  18106
  1326  68845 411253   8.02   3.90  14.32   7.43    89  38.94  31.96  18110
  1326  68844 411250   9.09   2.80  14.32   7.40    88  38.94  31.96  18110
  1327  68843 411249   9.97   2.05  14.31   7.39    88  38.94  31.96  18115
  1327  68843 411253  11.06   0.95  14.32   7.38    88  38.94  31.96  18110
 -1331  69279 410967   0.96   5.25  14.25   7.40    88  38.93  32.01  18139
  1331  69288 410958   2.09   3.90  14.24   7.40    88  38.92  32.00  18139
  1331  69287 410955   2.92   3.10  14.24   7.40    88  38.92  32.00  18139
  1331  69285 410956   4.05  51.25  14.34   7.37    88  38.93  31.93  18095
  1332  69282 410955   4.96   1.40  14.30   7.37    88  38.92  31.95  18109
  1332  69274 410955   5.94   0.65  14.29   7.37    88  38.92  31.96  18114
