# MEETVAARTUIG :
# MEETDATUM    : 2018-12-05 00:00:00
# MEETGEBIED   : GREVELINGEN
# STARTPUNT    : Grevelingen
# EINDPUNT     : Grevelingen
# PROJECTCODE  : GTS
# OPDRACHTGEVER: ZLXXAXAMDBG
# BEHEERDER    : ZLXXAXBMDBG
# BEMONST. INST:
# WAARNEMER(S) : K. de Vlaam
#
* 20181205
$ 9999 [000000000000000]
>TIJD      uumm                    
>X         coordinaat              
>Y         coordinaat              
>SENSHTE   Diepte set        m     
>Echms     Echoset           mtrs  
>Temp      Temperatuur       oC        : 6  1.0  11  1.0
>pH        Zuurgraad         dimsls
>O2        Zuurstof          mg/l  
>%O2       Zuurstof%         %     
>GELBH     Geleidendheid     mS/cm 
>GEL20     Gel20             ???   
>SALNTT    Saliniteit        dimsl 
>CL-       Chloride          mg/l      : 16250  125  13  125
>CHFLYSI   Chlorofyl         ugr/l 
>TURBID    Troebelheid       NTU   
 -2359  47466 418850   1.00   9999   9999   9999   9999  9999   9999  9999   9999   9999   9999   9999
  2359  47466 418850  15.96   9999   9999   9999   9999  9999   9999  9999   9999   9999   9999   9999
 -2359  47960 418357   1.00   9999   9999   9999   9999  9999   9999  9999   9999   9999   9999   9999
  2359  47960 418357  16.06   9999   9999   9999   9999  9999   9999  9999   9999   9999   9999   9999
 -2359  48775 418191   1.00   9999   9999   9999   9999  9999   9999  9999   9999   9999   9999   9999
  2359  48775 418191  45.01   9999   9999   9999   9999  9999   9999  9999   9999   9999   9999   9999
 -2359  49730 418270   1.00   9999   9999   9999   9999  9999   9999  9999   9999   9999   9999   9999
  2359  49730 418270  17.00   9999   9999   9999   9999  9999   9999  9999   9999   9999   9999   9999
 -2359  50728 418380   1.00   9999   9999   9999   9999  9999   9999  9999   9999   9999   9999   9999
  2359  50728 418380  27.01   9999   9999   9999   9999  9999   9999  9999   9999   9999   9999   9999
 -2359  51572 418570   1.00   9999   9999   9999   9999  9999   9999  9999   9999   9999   9999   9999
  2359  51572 418570  37.00   9999   9999   9999   9999  9999   9999  9999   9999   9999   9999   9999
 -2359  52940 420290   1.00   9999   9999   9999   9999  9999   9999  9999   9999   9999   9999   9999
  2359  52940 420290  10.00   9999   9999   9999   9999  9999   9999  9999   9999   9999   9999   9999
 -2359  53710 421060   1.00   9999   9999   9999   9999  9999   9999  9999   9999   9999   9999   9999
  2359  53710 421060  16.03   9999   9999   9999   9999  9999   9999  9999   9999   9999   9999   9999
 -2359  55190 421380   1.00   9999   9999   9999   9999  9999   9999  9999   9999   9999   9999   9999
  2359  55190 421380  20.00   9999   9999   9999   9999  9999   9999  9999   9999   9999   9999   9999
 -2359  56280 420520   1.00   9999   9999   9999   9999  9999   9999  9999   9999   9999   9999   9999
  2359  56280 420520  12.02   9999   9999   9999   9999  9999   9999  9999   9999   9999   9999   9999
 -2359  57620 418940   1.00   9999   9999   9999   9999  9999   9999  9999   9999   9999   9999   9999
  2359  57620 418940  16.05   9999   9999   9999   9999  9999   9999  9999   9999   9999   9999   9999
 -2359  57960 417200   1.00   9999   9999   9999   9999  9999   9999  9999   9999   9999   9999   9999
  2359  57960 417200  19.92   9999   9999   9999   9999  9999   9999  9999   9999   9999   9999   9999
 -0814  59056 414925   1.00  19.03   7.28   8.06   9.41    95  32.10  4327  31.26  17727   0.50  -0.60
  0815  59062 414920   1.99  18.28   7.28   8.06   9.41    95  32.10  4327  31.26  17727   0.60  -0.60
  0815  59065 414917   3.00  16.88   7.26   8.06   9.38    94  32.10  4330  31.28  17738   0.60  -0.70
  0815  59068 414916   4.01  15.86   7.26   8.06   9.40    95  32.10  4330  31.28  17738   0.80  -0.70
  0816  59071 414915   4.98  14.79   7.25   8.06   9.37    94  32.10  4331  31.29  17743   0.50  -0.80
  0816  59072 414917   5.99  13.71   7.26   8.06   9.36    94  32.11  4331  31.29  17744   0.40  -0.70
  0816  59071 414919   7.00  12.45   7.27   8.06   9.34    94  32.13  4333  31.30  17751   0.30  -0.80
  0816  59071 414921   8.00  11.45   7.28   8.06   9.35    94  32.14  4333  31.30  17752   0.70  -0.70
  0817  59072 414921   9.01  10.34   7.28   8.06   9.35    94  32.14  4333  31.30  17752   0.30  -0.70
  0817  59075 414918   9.98   9.35   7.29   8.06   9.31    94  32.14  4332  31.29  17747   0.40  -0.70
  0817  59076 414916  11.02   8.24   7.29   8.06   9.31    94  32.15  4333  31.30  17753   0.60  -0.70
  0818  59077 414914  12.01   7.16   7.28   8.06   9.29    94  32.14  4333  31.30  17752   0.50  -0.80
  0818  59077 414914  12.98   6.25   7.28   8.06   9.27    93  32.14  4333  31.30  17752   0.30  -0.70
  0818  59076 414914  13.99   5.28   7.30   8.06   9.27    93  32.17  4335  31.32  17760   0.50  -0.70
  0819  59076 414912  14.97   4.36   7.19   8.06   9.27    93  32.11  4339  31.35  17781   0.50  -0.70
  0819  59075 414910  15.99   3.49   7.09   8.06   9.28    93  32.02  4338  31.35  17777   0.50  -0.70
  0819  59072 414910  16.96   2.63   7.03   8.06   9.23    92  31.99  4341  31.37  17790   0.30  -0.70
  0820  59071 414908  18.00   1.59   6.94   8.06   9.20    92  31.92  4341  31.37  17794   0.40  -0.50
  0820  59071 414903  19.00   0.76   6.91   8.05   9.12    91  31.91  4343  31.39  17803   0.40  -0.60
 -2359  61220 413050   1.00   9999   9999   9999   9999  9999   9999  9999   9999   9999   9999   9999
  2359  61220 413050   8.95   9999   9999   9999   9999  9999   9999  9999   9999   9999   9999   9999
 -2359  62300 412250   1.00   9999   9999   9999   9999  9999   9999  9999   9999   9999   9999   9999
  2359  62300 412250  17.00   9999   9999   9999   9999  9999   9999  9999   9999   9999   9999   9999
 -2359  65270 412090   1.00   9999   9999   9999   9999  9999   9999  9999   9999   9999   9999   9999
  2359  65270 412090  13.88   9999   9999   9999   9999  9999   9999  9999   9999   9999   9999   9999
 -2359  66330 411630   1.00   9999   9999   9999   9999  9999   9999  9999   9999   9999   9999   9999
  2359  66330 411630   7.00   9999   9999   9999   9999  9999   9999  9999   9999   9999   9999   9999
 -2359  67340 411360   1.00   9999   9999   9999   9999  9999   9999  9999   9999   9999   9999   9999
  2359  67340 411360  11.97   9999   9999   9999   9999  9999   9999  9999   9999   9999   9999   9999
 -2359  68840 411250   1.00   9999   9999   9999   9999  9999   9999  9999   9999   9999   9999   9999
  2359  68840 411250  10.94   9999   9999   9999   9999  9999   9999  9999   9999   9999   9999   9999
 -2359  69280 410950   1.00   9999   9999   9999   9999  9999   9999  9999   9999   9999   9999   9999
  2359  69280 410950   4.79   9999   9999   9999   9999  9999   9999  9999   9999   9999   9999   9999
