# MEETVAARTUIG :
# MEETDATUM    : 2012-06-12 00:00:00
# MEETGEBIED   : GREVELINGEN
# STARTPUNT    : Spronglaagbepaling
# EINDPUNT     : Bepaling
# PROJECTCODE  : E7501R
# OPDRACHTGEVER: RIKZMON_CHEMIE
# BEHEERDER    : RIKZITSMDBG
# BEMONST. INST:
# WAARNEMER(S) : G.J.Bakker.
#
* 20120612
$ 9999 [0000000000000]
>TIJD      uumm                    
>X         coordinaat              
>Y         coordinaat              
>SENSHTE   Diepte set        m     
>Echms     Echoset           mtrs  
>Temp       Temperatuur       oC        : 10  1.0  11  1.0
>pH        Zuurgraad         dimsls
>O2        Zuurstof          mg/l  
>%O2       Zuurstof%         %     
>GELBH     Geleidendheid     mS/cm 
>GEL20     Gel20             ???   
>SALNTT    Saliniteit        dimsl 
>CL-       Chloride          mg/l      : 16750  125  13  125
 -2359  47466 418850   1.00   9999   9999   9999   9999  9999   9999  9999   9999   9999
  2359  47466 418850  15.96   9999   9999   9999   9999  9999   9999  9999   9999   9999
 -2359  47960 418357   1.00   9999   9999   9999   9999  9999   9999  9999   9999   9999
  2359  47960 418357  16.06   9999   9999   9999   9999  9999   9999  9999   9999   9999
 -0929  48751 418178   1.12  28.60  16.03   8.16   8.78   108  38.38  4186  30.10  17030
  0929  48756 418176   1.98  28.67  16.02   8.16   8.75   107  38.38  4187  30.11  17037
  0930  48755 418176   3.00  28.67  16.03   8.15   8.74   107  38.43  4191  30.15  17056
  0930  48752 418177   4.01  28.65  16.12   8.15   8.74   108  38.69  4211  30.30  17145
  0930  48751 418178   5.01  28.67  16.05   8.15   8.71   107  38.67  4216  30.34  17168
  0932  48748 418180   6.01  28.10  15.91   8.14   8.35   102  38.59  4220  30.38  17190
  0933  48753 418180   7.01  28.65  15.66   8.13   8.18   100  38.56  4241  30.54  17285
  0933  48755 418180   8.01  28.67  15.61   8.13   7.99    98  38.56  4246  30.58  17309
  0934  48755 418179   9.00  28.67  15.67   8.13   7.97    97  38.69  4254  30.65  17350
  0934  48755 418179   9.98  28.60  15.74   8.14   7.97    98  38.92  4273  30.81  17438
  0934  48754 418178  10.99  28.67  15.61   8.14   7.95    97  38.92  4286  30.90  17495
  0936  48750 418176  11.99  28.67  15.15   8.13   7.42    90  38.51  4285  30.90  17495
  0936  48751 418176  13.00  28.64  15.02   8.13   7.41    90  38.54  4301  31.03  17568
  0937  48753 418179  13.97  28.67  15.35   8.15   7.53    92  39.07  4327  31.24  17690
  0938  48752 418179  14.93  27.73  14.91   8.14   7.46    90  38.64  4323  31.20  17671
  0938  48752 418179  15.89  26.88  15.06   8.13   7.27    88  38.80  4326  31.23  17684
  0939  48750 418180  17.01  25.87  15.01   8.14   7.24    88  38.85  4336  31.30  17730
  0939  48749 418179  18.01  25.14  14.93   8.14   7.27    88  38.81  4341  31.34  17754
  0943  48753 418176  19.00  24.16  11.97   7.95   4.52    52  36.30  4351  31.44  17818
  0944  48759 418178  19.95  24.98  11.36   7.90   4.02    45  35.82  4358  31.49  17851
  0945  48753 418180  20.94  22.36  10.69   7.85   3.67    41  35.32  4368  31.58  17902
  0946  48751 418180  21.99  21.34  10.54   7.84   3.56    39  35.23  4373  31.62  17926
  0946  48750 418181  22.88  28.67  10.29   7.83   3.52    39  35.02  4374  31.62  17931
  0946  48750 418181  45.00   9999   9999   9999   9999  9999   9999  9999   9999   9999
 -2359  49730 418270   1.00   9999   9999   9999   9999  9999   9999  9999   9999   9999
  2359  49730 418270  17.00   9999   9999   9999   9999  9999   9999  9999   9999   9999
 -2359  50728 418380   1.00   9999   9999   9999   9999  9999   9999  9999   9999   9999
  2359  50728 418380  27.01   9999   9999   9999   9999  9999   9999  9999   9999   9999
 -2359  51572 418570   1.00   9999   9999   9999   9999  9999   9999  9999   9999   9999
  2359  51572 418570  37.00   9999   9999   9999   9999  9999   9999  9999   9999   9999
 -2359  52940 420290   1.00   9999   9999   9999   9999  9999   9999  9999   9999   9999
  2359  52940 420290  10.00   9999   9999   9999   9999  9999   9999  9999   9999   9999
 -2359  53710 421060   1.00   9999   9999   9999   9999  9999   9999  9999   9999   9999
  2359  53710 421060  16.03   9999   9999   9999   9999  9999   9999  9999   9999   9999
 -2359  55190 421380   1.00   9999   9999   9999   9999  9999   9999  9999   9999   9999
  2359  55190 421380  20.00   9999   9999   9999   9999  9999   9999  9999   9999   9999
 -2359  56280 420520   1.00   9999   9999   9999   9999  9999   9999  9999   9999   9999
  2359  56280 420520  12.02   9999   9999   9999   9999  9999   9999  9999   9999   9999
 -2359  57620 418940   1.00   9999   9999   9999   9999  9999   9999  9999   9999   9999
  2359  57620 418940  16.05   9999   9999   9999   9999  9999   9999  9999   9999   9999
 -2359  57960 417200   1.00   9999   9999   9999   9999  9999   9999  9999   9999   9999
  2359  57960 417200  19.92   9999   9999   9999   9999  9999   9999  9999   9999   9999
 -1055  59065 414863   1.04   0.59  16.23   8.16   8.36   103  38.46  4176  30.02  16982
  1056  59085 414883   2.02  15.96  16.13   8.15   8.17   100  38.40  4179  30.05  16996
  1056  59089 414886   3.05  28.64  16.21   8.15   8.20   101  38.53  4185  30.10  17026
  1057  59097 414893   4.03  13.47  16.14   8.15   8.23   101  38.51  4190  30.13  17047
  1057  59099 414892   5.01  12.49  16.04   8.14   8.10    99  38.45  4193  30.16  17061
  1059  59091 414890   6.06  11.96  16.01   8.13   7.86    96  38.44  4194  30.17  17069
  1059  59090 414893   7.04  11.09  15.80   8.13   7.94    97  38.31  4200  30.22  17097
  1059  59090 414896   8.05  10.00  15.75   8.12   7.74    94  38.29  4203  30.24  17109
  1100  59094 414899   9.05   8.85  15.70   8.11   7.62    93  38.26  4204  30.25  17116
  1100  59094 414899  10.04   7.90  15.62   8.11   7.60    93  38.20  4205  30.26  17121
  1102  59093 414895  11.03   7.14  15.38   8.09   7.23    88  38.00  4206  30.27  17126
  1102  59090 414894  12.05   6.30  15.31   8.08   7.22    87  37.96  4208  30.28  17137
  1102  59088 414893  13.07   5.49  15.28   8.08   7.22    87  37.94  4209  30.29  17141
  1103  59087 414894  14.07   4.56  15.26   8.08   7.23    87  37.92  4209  30.29  17139
  1103  59087 414895  15.05   3.58  15.24   8.07   7.21    87  37.91  4209  30.29  17143
  1103  59090 414897  16.05   2.63  15.24   8.07   7.20    87  37.90  4208  30.28  17138
  1104  59092 414899  17.01   1.54  15.23   8.07   7.19    87  37.89  4208  30.28  17137
  1104  59094 414899  17.97   0.56  15.17   8.07   7.17    86  37.84  4208  30.29  17139
 -2359  61220 413050   1.00   9999   9999   9999   9999  9999   9999  9999   9999   9999
  2359  61220 413050   8.95   9999   9999   9999   9999  9999   9999  9999   9999   9999
 -2359  62300 412250   1.00   9999   9999   9999   9999  9999   9999  9999   9999   9999
  2359  62300 412250  17.00   9999   9999   9999   9999  9999   9999  9999   9999   9999
 -2359  65270 412090   1.00   9999   9999   9999   9999  9999   9999  9999   9999   9999
  2359  65270 412090  13.88   9999   9999   9999   9999  9999   9999  9999   9999   9999
 -2359  66330 411630   1.00   9999   9999   9999   9999  9999   9999  9999   9999   9999
  2359  66330 411630   7.00   9999   9999   9999   9999  9999   9999  9999   9999   9999
 -2359  67340 411360   1.00   9999   9999   9999   9999  9999   9999  9999   9999   9999
  2359  67340 411360  11.97   9999   9999   9999   9999  9999   9999  9999   9999   9999
 -2359  68840 411250   1.00   9999   9999   9999   9999  9999   9999  9999   9999   9999
  2359  68840 411250  10.94   9999   9999   9999   9999  9999   9999  9999   9999   9999
 -2359  69280 410950   1.00   9999   9999   9999   9999  9999   9999  9999   9999   9999
  2359  69280 410950   4.79   9999   9999   9999   9999  9999   9999  9999   9999   9999
