# MEETVAARTUIG : M.S. ARGUS
# MEETDATUM    : 10-12-2002 08:46:14
# MEETGEBIED   : GREVELINGEN
# STARTPUNT    : Grevelingendam
# EINDPUNT     : Brouwersdam
# PROJECTCODE  : E7501X
# OPDRACHTGEVER: ZLXXAXWMDBG
# BEHEERDER    : ZLXXAXWMDBG
# BEMONST. INST:
# WAARNEMER(S) : Geert den Hartog
#
* 20021210
$ 9999 [00000000000000]
>TIJD      uumm                    
>X         coordinaat              
>Y         coordinaat              
>SENSHTE   Diepte set        m     
>ECHOS     Echoset           mtrs  
>Echo      Echoschip         M     
>Temp       Temperatuur       oC            : 2 1.0  11  1.0
>pH        Zuurgraad         dimsls
>O2        Zuurstof          mg/l  
>%O2        Zuurstof%         %     
>GELBH     Geleidendheid     mS/cm 
>SALNTT    Saliniteit        dimsl 
>CL-       Chloride          mg/l  
>FLME      Flur ME           ugr/l 
 -0846  69258 410965    .94    .92   7.20   3.90   7.98  10.52    96  28.19  29.95  16974   9999
  0846  69272 410963   2.00   4.27   6.50   3.89   7.98  10.42    96  28.19  29.95  16973   9999
  0847  69278 410966   2.99   3.10   6.42   3.91   7.98  10.41    96  28.20  29.95  16972   9999
  0847  69280 410969   4.01   2.04   6.50   3.92   7.98  10.40    96  28.21  29.95  16972   9999
  0847  69278 410971   4.94   1.25   6.60   3.92   7.98  10.41    96  28.21  29.95  16976   9999
  0848  69272 410972   6.11   1.25   7.10   3.92   7.98  10.41    96  28.21  29.95  16973   9999
 -0851  68858 411241   1.02  11.43  13.00   4.43   7.97  10.16    95  28.64  29.98  16993   9999
  0852    687 411246   2.01  10.19  13.10   4.45   7.97  10.15    95  28.65  29.98  16991   9999
  0852  68805 411238   3.02   9.01  13.10   4.43   7.97  10.14    95  28.64  29.98  16993   9999
  0852  68824 411241   4.02   7.80  12.90   4.43   7.97  10.14    95  28.65  29.99  16994   9999
  0853  68843 411245   5.05   6.48  11.50   4.43   7.97  10.14    95  28.64  29.98  16992   9999
  0853  68858 411249   6.00   3.93   9.00   4.44   7.97  10.15    95  28.65  29.99  16993   9999
  0853  68863 411252   6.99   1.74   7.80   4.45   7.97  10.13    95  28.66  29.98  16992   9999
  0854  68863 411253   7.91    .42   7.60   4.45   7.97  10.13    95  28.66  29.99  16995   9999
  0854  68852 411252   9.10   1.29   7.90   4.44   7.97  10.13    95  28.65  29.99  16995   9999
  0855  68845 411252  10.00    .49    .00   4.45   7.97  10.12    95  28.66  29.99  16993   9999
 -0903  67355 411370   1.05    .39  13.00   3.82   7.98  10.46    96  28.16  29.98  16990   9999
  0903    673 411342   2.00   9.99  13.00   3.92   7.98  10.42    96  28.23  29.98  16990   9999
  0903  67339 411342   2.95   8.93  13.00   3.89   7.98  10.44    96  28.22  29.99  16995   9999
  0904  67355 411351   3.94   7.83  13.00   3.83   7.98  10.44    96  28.16  29.98  16989   9999
  0904  67356 411360   5.07   6.85  13.10   3.78   7.98  10.46    96  28.13  29.98  16990   9999
  0905  67350 411366   6.05   5.91  13.20   3.77   7.98  10.47    96  28.12  29.98  16991   9999
  0905  67346 411375   7.00   4.88  13.20   3.73   7.98  10.49    96  28.08  29.97  16988   9999
  0906  67348 411392   8.00   4.00  13.20   3.60   7.99  10.56    97  27.98  29.97  16984   9999
  0906  67354 411394   9.03   2.96  13.20   3.63   7.99  10.54    97  27.99  29.97  16983   9999
  0907  67353 411372  10.11   1.81  13.20   3.64   7.99  10.56    97  28.01  29.97  16985   9999
  0907  67353 411363  11.04    .82    .00   3.65   7.99  10.55    97  28.02  29.97  16987   9999
 -0914  66333 411639    .77   7.83  10.10   3.40   7.99  10.72    98  27.78  29.92  16959   9999
  0914  66344 411660   2.05   6.80  10.20   3.39   7.99  10.70    97  27.78  29.92  16960   9999
  0915  66350 411659   3.01   5.89  10.10   3.39   7.99  10.71    98  27.78  29.92  16958   9999
  0915  66343 411635   4.02   3.85   9.40   3.42   7.99  10.68    97  27.79  29.92  16958   9999
  0916  66340 411624   5.02   2.70   8.90   3.40   7.99  10.71    98  27.78  29.93  16961   9999
  0916  66338 411614   6.04   1.35   8.60   3.37   7.99  10.71    98  27.76  29.92  16960   9999
  0916  66338 411612   7.02    .46   8.50   3.38   7.99  10.71    97  27.77  29.93  16963   9999
 -0923  65273 412127    .94    .63  16.00   3.58   7.99  10.67    98  27.90  29.90  16945   9999
  0924  65245 412119   2.03  13.24  15.60   3.58   8.00  10.69    98  27.90  29.89  16942   9999
  0924  65246 412098   3.11  10.59  15.70   3.58   8.00  10.64    97  27.90  29.90  16944   9999
  0925  65256 412108   4.01  10.72  16.30   3.57   7.99  10.65    97  27.90  29.90  16947   9999
  0925  65265 412120   5.00  10.13    .00   3.53   7.99  10.67    97  27.88  29.91  16952   9999
  0925  65264 412129   6.04   8.99  16.30   3.55   7.99  10.67    98  27.88  29.90  16947   9999
  0926  65258 412140   7.07   7.79  16.00   3.41   7.99  10.67    98  27.80  29.93  16964   9999
  0926  65249 412141   8.02   6.84  16.00   3.41   7.99  10.71    98  27.80  29.93  16965   9999
  0927  65243 412143   9.04   5.80  16.00   3.41   8.00  10.70    97  27.79  29.93  16964   9999
  0927  65239 412143  10.05   4.71  16.20   3.41   8.00  10.71    98  27.80  29.93  16964   9999
  0927  65239 412142  11.01   3.77    .00   3.40   8.00  10.71    98  27.79  29.93  16965   9999
  0928  65243 412135  12.01   3.18  16.10   3.42   7.99  10.71    98  27.80  29.93  16964   9999
  0928  65246 412131  13.07   2.20  16.00   3.41   7.99  10.71    98  27.80  29.93  16964   9999
  0928  65244 412130  14.06   1.21  16.00   3.41   8.00  10.69    97  27.80  29.93  16964   9999
  0929  65245 412132  15.05    .45  15.90   3.41   7.99  10.70    98  27.80  29.93  16965   9999
 -0942  62327 412245   1.04    .45  18.40   3.50   8.00  10.69    98  27.83  29.90  16943   9999
  0942  62293 412237   2.07    .98  18.30   3.46   8.00  10.73    98  27.81  29.90  16944   9999
  0942  62289 412235   3.06    .98  18.20   3.47   8.00  10.71    98  27.81  29.89  16941   9999
  0943  62290 412233   3.99  13.02  18.10   3.45   8.00  10.72    98  27.79  29.88  16935   9999
  0943  62298 412244   4.90  12.27    .00   3.52   8.00  10.71    98  27.86  29.90  16946   9999
  0944  62292 412251   5.99  11.37    .00   3.53   8.00  10.72    98  27.87  29.90  16947   9999
  0944  62287 412253   7.10  10.14    .00   3.53   8.00  10.68    97  27.87  29.90  16946   9999
  0944  62279 412255   8.08   9.03    .00   3.43   8.00  10.72    98  27.79  29.90  16944   9999
  0945  62274 412254   8.95   8.15   2.20   3.45   8.00  10.73    98  27.80  29.90  16945   9999
  0945  62297 412240  10.04   7.06    .00   3.44   8.00  10.72    98  27.79  29.90  16946   9999
  0946  62310 412237  11.12   6.06  18.30   3.45   8.00  10.74    98  27.80  29.90  16945   9999
  0946  62316 412237  12.08   5.16   2.80   3.44   8.00  10.73    98  27.79  29.90  16943   9999
  0946  62317 412237  12.99   4.27    .00   3.42   8.00  10.73    98  27.78  29.90  16944   9999
  0947  62313 412238  14.10   3.15    .00   3.42   8.00  10.74    98  27.78  29.90  16943   9999
  0947  62309 412239  15.03   2.25  18.40   3.41   8.00  10.74    98  27.77  29.90  16946   9999
  0947    623 412240  16.09   1.11  18.30   3.43   8.00  10.72    98  27.78  29.90  16943   9999
  0948  62290 412241  16.88   1.11  18.20   3.42   8.00  10.72    98  27.78  29.90  16945   9999
 -0957  61229 413032    .90    .60  10.70   3.75   8.00  10.54    97  28.04  29.90  16945   9999
  0957  61222 413064   1.83   1.27  10.70   3.75   8.00  10.56    97  28.03  29.90  16944   9999
  0958  61218 413084   2.94   6.41    .00   3.78   7.99  10.56    97  28.06  29.90  16943   9999
  0958  61198 413094   3.97   5.41    .00   3.72   8.00  10.61    97  28.02  29.91  16952   9999
  0959  61186 413059   5.10   4.22    .00   3.66   8.00  10.58    97  27.97  29.90  16947   9999
  0959  61202 413043   6.05   3.32  10.80   3.66   8.00  10.60    97  27.97  29.90  16945   9999
  0959  61225 413034   7.02   2.46  10.90   3.69   8.00  10.59    97  28.00  29.92  16956   9999
  1000  61248 413036   8.00   1.53  10.90   3.77   8.00  10.56    97  28.06  29.90  16946   9999
  1000  61254 413051   9.04    .41   2.30   3.73   8.00  10.56    97  28.02  29.90  16946   9999
 -1011  59334 414122    .97    .41  24.80   3.39   8.00  10.74    98  27.71  29.85  16914   9999
  1012  59310 414130   1.94    .41  24.40   3.39   8.00  10.74    98  27.71  29.84  16911   9999
  1012  59306 414132   3.00  20.19  24.00   3.42   8.00  10.74    98  27.72  29.84  16909   9999
  1012  59305 414136   3.94  19.35  24.00   3.42   8.00  10.74    98  27.73  29.85  16915   9999
  1013  59304 414142   4.91  18.50    .00   3.42   8.00  10.76    98  27.74  29.85  16918   9999
  1013  59295 414144   6.07  16.95    .00   3.42   8.00  10.74    98  27.74  29.85  16918   9999
  1013  59284 414141   7.09   1.54  23.80   3.41   8.00  10.72    98  27.73  29.85  16918   9999
  1014  59285 414135   7.98  14.60    .00   3.41   8.00  10.73    98  27.73  29.85  16917   9999
  1014  59296 414131   9.12  13.69    .00   3.43   8.00  10.73    98  27.75  29.85  16918   9999
  1015  59310 414126  10.05  13.11   2.40   3.28   8.00  10.79    98  27.63  29.86  16923   9999
  1015  59326 414124  10.99  12.70    .00   3.39   8.00  10.72    97  27.71  29.85  16914   9999
  1016  59332 414125  12.01  11.88    .00   3.34   8.00  10.76    98  27.68  29.86  16923   9999
  1016  59325 414127  13.01  10.76    .00   3.30   8.00  10.76    98  27.65  29.86  16920   9999
  1016  59316 414131  13.95   9.60   2.90   3.06   8.00  10.87    98  27.49  29.89  16941   9999
  1017  59303 414131  15.06   8.03  24.00   2.99   8.01  10.88    98  27.42  29.88  16932   9999
  1017  59299 414129  15.88   6.95  23.90   2.85   8.01  10.95    98  27.36  29.92  16959   9999
  1018  59306 414126  16.93   6.07    .00   2.92   8.01  10.92    98  27.26  29.75  16859   9999
  1018  59313 414123  18.11   5.11    .00   2.39   8.01  11.09    98  27.01  29.94  16967   9999
  1018  59320 414122  19.02   4.46  24.50   2.62   8.01  11.03    98  27.18  29.92  16960   9999
  1019  59321 414121  20.04   3.55   2.40   2.37   8.01  11.07    98  27.00  29.94  16971   9999
  1019  59319 414121  20.96   2.51    .00   2.25   8.01  11.15    99  26.91  29.94  16972   9999
  1020  59311 414121  22.00    .97   2.20   2.19   8.01  11.16    99  26.85  29.93  16965   9999
  1020  59301 414123  22.78    .97  24.00   2.19   8.00  11.20    99  26.80  29.87  16927   9999
 -1037  57965 417206   1.04  19.24  20.90   4.31   8.00  10.22    95  28.38  29.80  16884   9999
  1038  57940 417190   2.02  18.08  20.40   4.32   8.00  10.20    95  28.40  29.80  16887   9999
  1038  57937 417189   2.98  16.79  20.00   4.31   8.00  10.20    95  28.38  29.80  16884   9999
  1039  57935 417191   4.01  15.63  19.90   4.32   8.00  10.19    95  28.40  29.80  16887   9999
  1039  57935 417194   5.06  14.54  19.90   4.33   8.00  10.19    95  28.41  29.81  16893   9999
  1039  57936 417194   5.99  13.53    .00   4.35   8.00  10.16    95  28.43  29.82  16895   9999
  1039  57941 417195   6.98  12.91    .00   4.34   8.00  10.18    95  28.42  29.82  16896   9999
  1040  57953 417194   8.04  12.20    .00   4.36   8.00  10.16    95  28.45  29.83  16904   9999
  1040  57963 417193   9.03  10.93  21.50   4.36   8.00  10.16    95  28.45  29.83  16903   9999
  1040  57969 417195  10.05   9.79  21.60   4.34   8.00  10.14    94  28.45  29.84  16911   9999
  1041  57962 417197  11.06   9.01  21.30   4.30   8.00  10.14    94  28.42  29.85  16914   9999
  1041  57954 417201  12.05   8.21    .00   4.23   8.00  10.17    94  28.38  29.87  16925   9999
  1042  57947 417206  13.00   7.18   2.10   3.66   8.00  10.36    95  27.95  29.88  16932   9999
  1042  57949 417207  14.06   6.06  20.60   2.85   8.01  10.70    96  27.34  29.90  16948   9999
  1043  57962 417206  15.04   5.12   2.40   2.53   8.02  11.00    98  27.08  29.89  16938   9999
  1043  57968 417206  16.00   4.21    .00   2.46   8.02  11.08    98  27.03  29.89  16942   9999
  1043  57976 417205  17.04   3.42    .00   2.48   8.01  11.11    99  27.05  29.90  16945   9999
  1044  57979 417200  17.96   2.42    .00   2.51   8.01  11.14    99  27.08  29.91  16951   9999
  1044  57977 417198  19.03   1.35  21.50   2.50   8.01  11.17    99  27.07  29.90  16949   9999
  1045  57973 417196  19.90  45.34  21.60   2.48   8.01  11.15    99  27.05  29.90  16947   9999
 -1054  57594 418968    .97  15.70  17.30   3.54   8.02  10.69    97  27.67  29.67  16810   9999
  1055  57618 418947   1.97  14.02  17.10   3.55   8.02  10.68    97  27.68  29.67  16811   9999
  1055  57627 418936   3.04  12.91  17.20   3.56   8.02  10.67    97  27.69  29.67  16810   9999
  1055  57633 418930   4.02  11.64  16.70   3.56   8.02  10.67    97  27.69  29.67  16809   9999
  1056  57633 418928   5.10  10.56  16.70   3.56   8.02  10.66    97  27.70  29.67  16812   9999
  1056  57625 418925   6.02  10.01   2.20   3.58   8.02  10.65    97  27.71  29.68  16815   9999
  1056  57618 418923   6.97   9.73    .00   3.56   8.02  10.66    97  27.69  29.67  16811   9999
  1057  57613 418919   7.98   8.61  17.10   3.56   8.02  10.65    97  27.69  29.67  16814   9999
  1057  57610 418918   9.00   7.41  17.00   3.56   8.02  10.67    97  27.69  29.67  16813   9999
  1057  57613 418921  10.03   6.75  17.10   3.59   8.02  10.66    97  27.73  29.68  16820   9999
  1058  57621 418927  11.07   5.12  17.10   3.76   8.01  10.58    97  27.91  29.75  16857   9999
  1058  57623 418928  12.04   3.75  17.20   3.80   8.01  10.44    96  27.96  29.77  16869   9999
  1059  57621 418928  13.17   3.02  17.30   3.77   8.01  10.41    96  27.96  29.79  16881   9999
  1059  57621 418930  14.00   2.05  17.50   3.80   8.01  10.38    95  27.97  29.78  16873   9999
  1100  57617 418931  15.10   1.30  17.00   3.51   8.02  10.47    95  27.74  29.78  16873   9999
  1100  57615 418931  16.05    .52  17.00   3.27   8.02  10.55    96  27.53  29.75  16856   9999
 -1111    562 420527    .96  11.29  13.80   4.16   8.02  10.49    97  28.29  29.83  16901   9999
  1111  56277 420530   2.07  10.35  14.00   4.15   8.02  10.47    97  28.29  29.83  16902   9999
  1111  56287 420530   3.00   9.69  14.20   4.14   8.02  10.49    97  28.28  29.83  16901   9999
  1112  56291 420531   4.08   8.69  14.30   4.14   8.02  10.48    97  28.28  29.83  16902   9999
  1112  56292 420532   5.02   7.76  14.40   4.14   8.02  10.49    97  28.28  29.83  16903   9999
  1112  56288 420533   6.08   6.56  14.40   4.15   8.02  10.48    97  28.29  29.83  16903   9999
  1112  56285 420538   7.05   5.66   2.30   4.15   8.02  10.49    97  28.29  29.84  16908   9999
  1113  56278 420539   8.06   4.53  14.30   4.15   8.02  10.48    97  28.29  29.83  16904   9999
  1113  56266 420541   9.05   3.28  14.20   4.15   8.02  10.50    97  28.29  29.83  16905   9999
  1113  56260 420547   9.99   2.33    .00   4.15   8.02  10.48    97  28.29  29.83  16905   9999
  1114  56263 420552  11.01   1.54   2.30   4.15   8.02  10.48    97  28.29  29.83  16905   9999
  1114  56266 420540  11.96    .39  13.70   4.16   8.02  10.48    97  28.30  29.83  16905   9999
 -1121  55196 421356   1.12  18.12  20.30   4.01   8.02  10.56    98  28.17  29.81  16895   9999
  1122  55162 421353   1.98  16.98  20.10   4.01   8.02  10.55    97  28.16  29.82  16895   9999
  1122  55183 421351   3.10  16.02    .00   4.01   8.02  10.52    97  28.16  29.81  16894   9999
  1123  55189 421352   3.97  15.25    .00   3.93   8.02  10.55    97  28.11  29.83  16902   9999
  1123  55192 421356   5.01  14.42    .00   3.98   8.02  10.54    97  28.14  29.81  16894   9999
  1123  55193 421360   6.06  13.49    .00   3.94   8.02  10.55    97  28.11  29.82  16898   9999
  1124  55190 421366   6.98  12.67    .00   3.97   8.02  10.53    97  28.14  29.82  16896   9999
  1124  55188 421374   8.03  11.99   2.80   3.90   8.02  10.57    97  28.08  29.82  16898   9999
  1125  55181 421380   8.97  11.13  21.30   3.98   8.02  10.54    97  28.14  29.82  16897   9999
  1125  55177 421382  10.00  10.09  21.30   3.98   8.02  10.54    97  28.14  29.82  16896   9999
  1125  55179 421382  11.06   9.06  21.50   3.98   8.02  10.54    97  28.14  29.82  16897   9999
  1125  55181 421383  12.03   8.19    .00   3.95   8.02  10.55    97  28.13  29.83  16903   9999
  1126  55184 421386  12.96   7.42    .00   3.97   8.02  10.54    97  28.13  29.81  16895   9999
  1126  55190 421388  13.98   6.58    .00   3.97   8.02  10.54    97  28.13  29.82  16897   9999
  1126  55197 421389  14.99   5.69   2.50   3.94   8.02  10.55    97  28.11  29.82  16898   9999
  1127  55195 421387  16.05   4.68  22.00   3.92   8.02  10.56    97  28.11  29.83  16902   9999
  1127  55191 421386  17.03   3.51  22.00   3.89   8.02  10.54    97  28.08  29.82  16900   9999
  1127  55186 421383  18.19   2.24  21.90   3.83   8.02  10.58    97  28.04  29.83  16903   9999
  1128  55181 421385  19.01   1.26   2.20   3.83   8.03  10.57    97  28.04  29.83  16906   9999
  1128  55177 421384  19.98    .40   2.20   3.82   8.02  10.56    97  28.04  29.84  16907   9999
 -1136  53734 421060    .97  15.61   2.20   3.71   8.02  10.67    98  27.94  29.83  16903   9999
  1136  53720 421055   2.00  14.55   3.40   3.72   8.03  10.66    98  27.95  29.83  16903   9999
  1136  53716 421054   2.89  13.63  17.70   3.72   8.03  10.66    98  27.95  29.83  16903   9999
  1137  53714 421054   3.95  12.57  17.80   3.72   8.03  10.64    98  27.95  29.83  16905   9999
  1137  53711 421055   5.09  11.52  17.80   3.72   8.03  10.66    98  27.94  29.82  16900   9999
  1137    537 421058   5.97  10.63   2.20   3.71   8.03  10.66    98  27.95  29.83  16906   9999
  1138  53713 421065   7.05   9.69  18.00   3.72   8.03  10.66    98  27.96  29.83  16907   9999
  1138  53716 421071   7.94   8.82  18.00   3.72   8.03  10.64    98  27.95  29.83  16905   9999
  1138  53717 421074   8.97   7.89  18.10   3.72   8.03  10.65    98  27.95  29.84  16908   9999
  1139  53718 421073  10.07   6.80  18.00   3.72   8.03  10.64    98  27.96  29.84  16908   9999
  1139  53717 421069  11.05   5.76  17.90   3.72   8.03  10.65    98  27.96  29.84  16909   9999
  1139  53716 421067  12.05   4.62  17.90   3.71   8.03  10.64    98  27.95  29.83  16906   9999
  1140  53714 421064  12.93   3.78   2.30   3.71   8.03  10.64    98  27.95  29.84  16910   9999
  1140  53711 421061  14.10   2.62  17.80   3.71   8.03  10.64    98  27.95  29.84  16908   9999
  1141  53705 421051  14.98   1.58  17.70   3.71   8.03  10.65    98  27.95  29.84  16908   9999
  1141  53703 421048  16.00    .56  17.60   3.72   8.03  10.64    98  27.96  29.84  16908   9999
 -1148    529 420282   1.03   9.30  11.60   3.18   8.02  10.80    98  27.49  29.78  16873   9999
  1148  52941 420276   2.00   8.18    .00   3.24   8.02  10.76    98  27.54  29.78  16878   9999
  1148  52940 420278   2.97   7.22  11.50   3.28   8.02  10.75    98  27.58  29.79  16880   9999
  1149  52931 420280   4.12   6.05    .00   3.35   8.02  10.70    97  27.68  29.84  16910   9999
  1149  52922 420280   4.94   5.31  11.60   3.38   8.02  10.77    98  27.66  29.80  16888   9999
  1150  52923 420277   6.09   4.08    .00   3.46   8.02  10.68    97  27.75  29.83  16906   9999
  1150  52933 420272   7.11   3.03    .00   3.30   8.02  10.71    97  27.61  29.80  16890   9999
  1151  52940 420267   8.12   1.90   2.10   3.28   8.02  10.72    97  27.57  29.78  16878   9999
  1151  52942 420262   9.07    .96  11.40   3.25   8.02  10.73    97  27.56  29.79  16884   9999
 -1202  51546 418577    .94  33.47  38.70   4.66   8.02  10.18    96  28.62  29.75  16856   9999
  1203  51547 418557   1.96  35.08  38.60   4.68   8.02  10.18    96  28.64  29.76  16860   9999
  1203  51576 418580   3.03  33.81  38.20   4.73   8.02  10.16    96  28.70  29.78  16872   9999
  1204  51579 418585   4.03  32.62  38.10   4.79   8.02  10.14    95  28.75  29.79  16878   9999
  1204  51578 418590   4.92  31.49    .00   4.74   8.02  10.15    95  28.70  29.78  16872   9999
  1204  51574 418595   6.02  30.10   2.50   4.91   8.02  10.09    95  28.88  29.83  16902   9999
  1205  51571 418601   7.01  28.65  38.00   4.86   8.02  10.13    96  28.83  29.82  16895   9999
  1205  51569 418603   8.00  27.51  37.80   4.80   8.02  10.15    96  28.79  29.82  16898   9999
  1205  51561 418591   9.06  26.72    .00   4.90   8.02  10.11    96  28.93  29.89  16936   9999
  1206  51570 418582  10.07  26.41  38.40   4.97   8.02  10.06    95  28.98  29.89  16938   9999
  1206  51575 418580  10.87  26.29   2.10   4.91   8.02  10.08    95  28.94  29.90  16943   9999
  1207  51578 418567  12.02  25.29   2.50   5.04   8.02   9.99    95  29.05  29.91  16948   9999
  1207  51580 418564  12.99  24.21    .00   5.02   8.02  10.01    95  29.05  29.92  16955   9999
  1207  51580 418563  13.98  23.20    .00   5.07   8.02   9.99    95  29.11  29.94  16967   9999
  1208  51576 418559  15.04  22.17    .00   5.40   8.02   9.84    94  29.42  30.00  16999   9999
  1209  51568 418576  16.01  21.37    .00   5.86   8.01   9.52    92  29.89  30.12  17067   9999
  1209  51573 418585  17.13  19.63  38.30   5.25   8.01   9.67    92  29.39  30.10  17057   9999
  1210  51576 418595  18.05  18.41  38.20   5.45   8.01   9.60    92  29.53  30.08  17046   9999
  1210  51577 418598  19.00  17.64   2.10   5.62   8.01   9.62    93  29.68  30.09  17053   9999
  1211  51576 418582  20.03  17.30  38.20   5.80   8.01   9.51    92  29.84  30.11  17061   9999
  1211  51574 418568  21.04  16.50  38.20   5.85   8.01   9.51    92  29.98  30.22  17127   9999
  1211  51572 418555  22.03  15.47    .00   6.03   8.00   9.38    91  30.15  30.24  17140   9999
  1212  51579 418557  23.39  13.74   2.50   6.35   7.99   9.11    89  30.57  30.43  17248   9999
  1213  51585 418569  24.08  13.37   2.20   6.22   7.98   8.93    87  30.59  30.57  17331   9999
  1213  51584 418576  25.05  12.86    .00   7.29   7.98   8.53    86  31.60  30.70  17405   9999
  1214  51575 418594  26.08  10.54   2.10   7.82   7.98   8.07    82  32.25  30.94  17539   9999
  1215  51569 418613  26.95   8.70  37.50   8.93   7.97   7.51    79  33.44  31.20  17688   9999
  1216  51559 418600  28.03   8.35  37.60   9.12   7.97   7.34    77  33.64  31.24  17713   9999
  1216  51551 418582  29.20   6.54    .00   9.06   7.97   7.28    76  33.56  31.22  17697   9999
  1216  51556 418577  30.05   6.55    .00   9.10   7.97   7.28    76  33.61  31.23  17708   9999
  1217  51562 418571  31.06   6.70  38.40   9.18   7.97   7.22    76  33.70  31.25  17718   9999
  1217  51567 418565  32.07   5.79  37.80   9.12   7.97   7.20    76  33.65  31.25  17718   9999
  1217  51565 418558  33.03   5.02    .00   9.19   7.97   7.19    76  33.71  31.26  17721   9999
  1218  51568 418564  34.00   3.79  37.80   9.24   7.96   7.14    75  33.76  31.27  17729   9999
  1218  51568 418572  35.01   3.12  38.30   9.26   7.96   7.04    74  33.79  31.28  17733   9999
  1219  51565 418576  36.19   1.41    .00   9.27   7.96   6.99    74  33.80  31.28  17735   9999
  1219  51562 418581  36.86    .45    .00   9.27   7.96   6.95    73  33.81  31.28  17736   9999
 -1224  50723 418412    .97    .45  29.00   4.95   8.03  10.15    96  28.94  29.85  16914   9999
  1225  50689 418392   2.07  24.98  29.00   4.94   8.03  10.13    96  28.93  29.85  16915   9999
  1225  50692 418384   3.07  24.17  29.40   4.94   8.03  10.15    96  28.93  29.85  16917   9999
  1225  50698 418379   4.17  23.33   2.40   4.94   8.03  10.18    96  28.93  29.85  16916   9999
  1226  50703 418378   4.96  22.83  30.00   4.95   8.03  10.16    96  28.95  29.86  16921   9999
  1226  50706 418377   6.03  22.04  30.10   4.95   8.03  10.12    96  28.95  29.86  16921   9999
  1226  50708 418375   7.00  21.39    .00   4.95   8.03  10.12    96  28.95  29.86  16920   9999
  1227  50710 418380   7.95  20.14  29.90   4.95   8.03  10.11    96  28.94  29.86  16919   9999
  1227  50712 418385   9.10  19.06  29.80   4.96   8.03  10.12    96  28.95  29.86  16921   9999
  1227  50714 418393  10.01  17.78   2.20   4.95   8.03  10.11    96  28.95  29.86  16921   9999
  1227  50715 418399  11.02  16.50    .00   4.96   8.03  10.11    96  28.95  29.86  16922   9999
  1228  50715 418406  11.95  15.51    .00   4.98   8.03  10.11    96  28.97  29.86  16922   9999
  1228  50716 418413  12.97  14.64    .00   5.01   8.03  10.09    96  29.00  29.88  16929   9999
  1228  50714 418418  14.22  12.69   2.20   5.00   8.03  10.09    95  29.00  29.88  16930   9999
  1228  50716 418417  15.01  12.65    .00   5.06   8.03  10.05    95  29.06  29.89  16936   9999
  1229  50720 418409  16.07  11.61    .00   5.09   8.03  10.05    95  29.13  29.95  16969   9999
  1229  50722 418400  17.08  11.61  29.80   5.23   8.02  10.01    95  29.25  29.96  16978   9999
  1230  50720 418381  18.02  10.93    .00   5.24   8.03   9.97    95  29.36  30.08  17047   9999
  1230  50728 418376  19.07  10.79  30.40   5.76   8.01   9.79    94  29.65  29.94  16964   9999
  1231  50732 418380  19.93   9.36  30.40   6.51   8.00   9.10    90  30.63  30.36  17204   9999
  1231  50730 418384  20.98   8.55    .00   6.49   8.00   9.03    89  30.62  30.36  17206   9999
  1232  50726 418391  21.99   7.13   2.60   6.41   8.00   8.98    88  30.53  30.33  17189   9999
  1232  50721 418400  23.08   7.13    .00   6.92   8.00   8.79    87  31.07  30.47  17269   9999
  1233  50719 418400  24.05   7.13   2.10   6.92   7.99   8.65    86  31.20  30.60  17348   9999
  1234  50728 418406  25.00   7.13    .00   7.44   7.99   8.39    85  31.66  30.64  17369   9999
  1234  50727 418397  26.36   7.13  30.00   9.11   7.96   7.85    82  33.59  31.20  17688   9999
  1235  50723 418382  27.12   7.13    .00   9.10   7.96   7.07    74  33.58  31.20  17687   9999
  1236  50726 418389  28.10   7.13  29.90   9.26   7.96   7.02    74  33.79  31.27  17730   9999
 -1256  49734 418273    .93  16.81  19.20   4.83   8.03  10.24    97  28.83  29.84  16909   9999
  1256  49756 418278   2.16  15.46  19.00   4.84   8.03  10.25    97  28.84  29.84  16908   9999
  1256  49759 418279   3.01  14.52  18.90   4.83   8.04  10.24    97  28.83  29.84  16908   9999
  1257  49753 418281   4.03  13.50   2.30   4.84   8.03  10.23    96  28.84  29.84  16908   9999
  1257  49746 418280   5.04  12.63    .00   4.85   8.03  10.22    96  28.84  29.84  16908   9999
  1257  49728 418279   5.82  11.62  19.10   4.84   8.03  10.23    96  28.84  29.84  16909   9999
  1258  49705 418280   6.92  10.25  19.00   4.78   8.04  10.26    97  28.79  29.84  16907   9999
  1258  49701 418281   8.04   8.97  19.00   4.78   8.04  10.26    97  28.79  29.84  16908   9999
  1258  49714 418279   9.05   8.31  19.30   4.79   8.04  10.24    96  28.80  29.84  16907   9999
  1259  49728 418276  10.16   7.46    .00   4.78   8.04  10.25    96  28.79  29.84  16909   9999
  1259  49745 418271  11.02   6.87  19.30   4.76   8.04  10.26    97  28.77  29.84  16908   9999
  1259  49753 418270  12.06   5.71  19.10   4.81   8.04  10.23    96  28.81  29.84  16909   9999
  1300  49755 418269  13.03   4.83    .00   4.78   8.04  10.25    97  28.79  29.84  16908   9999
  1300  49751 418267  14.10   4.11    .00   4.73   8.04  10.26    97  28.76  29.84  16911   9999
  1300  49745 418268  15.14   3.26    .00   4.73   8.04  10.27    96  28.76  29.85  16912   9999
  1300  49740 418271  16.10   1.99    .00   4.72   8.04  10.26    96  28.75  29.85  16913   9999
  1301  49732 418273  16.96    .96  19.50   4.74   8.04  10.26    97  28.76  29.84  16911   9999
 -1308  48658 418282   1.11  35.37  40.30   4.77   8.03  10.28    97  28.79  29.85  16912   9999
  1309  48670 418261   2.10  37.02  42.50   4.75   8.03  10.28    97  28.77  29.85  16912   9999
  1309  48674 418257   2.96  37.35  43.20   4.76   8.03  10.27    97  28.78  29.85  16914   9999
  1310  48673 418252   4.06  36.73  43.90   4.75   8.03  10.27    97  28.77  29.85  16912   9999
  1310  48671 418252   5.05  35.64  43.90   4.76   8.03  10.27    97  28.78  29.85  16914   9999
  1310  48667 418255   5.85  34.24  43.80   4.70   8.04  10.28    97  28.74  29.85  16915   9999
  1310  48662 418255   7.09  32.53   2.20   4.68   8.04  10.29    97  28.72  29.85  16913   9999
  1311  48657 418253   8.07  31.81  43.20   4.74   8.04  10.27    97  28.77  29.85  16913   9999
  1311  48659 418250   9.13  31.42  43.30   4.75   8.04  10.26    97  28.77  29.85  16912   9999
  1311  48668 418252  10.07  30.68  43.70   4.67   8.04  10.32    97  28.73  29.87  16923   9999
  1312  48682 418253  11.08  30.23  43.70   4.68   8.04  10.28    97  28.72  29.85  16912   9999
  1312  48685 418255  11.99  29.16  43.20   4.67   8.04  10.28    97  28.71  29.84  16911   9999
  1312  48683 418258  13.05  27.62  43.20   4.56   8.04  10.33    97  28.61  29.83  16901   9999
  1313  48681 418262  14.02  26.01   2.20   4.58   8.04  10.31    97  28.63  29.83  16904   9999
  1313  48684 418263  15.06  24.79   2.20   4.62   8.04  10.31    97  28.66  29.84  16906   9999
  1313  48686 418263  15.97  24.00  42.40   4.58   8.04  10.32    97  28.64  29.84  16908   9999
  1314  48686 418259  17.06  23.34  42.30   4.50   8.04  10.35    97  28.56  29.83  16903   9999
  1314  48687 418264  18.04  21.91  41.90   4.49   8.04  10.36    97  28.56  29.83  16902   9999
  1314  48688 418265  19.03  20.64  41.70   4.50   8.04  10.35    97  28.56  29.83  16904   9999
  1315  48689 418269  20.02  19.04  41.50   4.51   8.04  10.34    97  28.57  29.83  16904   9999
  1315  48690 418271  20.96  17.90  40.90   4.52   8.04  10.34    97  28.58  29.83  16905   9999
  1315  48689 418272  22.11  16.47  40.50   4.51   8.04  10.36    97  28.57  29.83  16905   9999
  1315  48688 418275  23.02  15.03  40.30   4.53   8.04  10.35    97  28.59  29.83  16904   9999
  1316  48686 418277  24.06  13.62  40.50   4.54   8.04  10.35    97  28.60  29.83  16906   9999
  1316  48680 418278  25.09  12.21  41.00   4.47   8.04  10.37    97  28.55  29.84  16911   9999
  1316  48673 418275  25.99  11.58  40.80   4.47   8.04  10.36    97  28.54  29.84  16909   9999
  1317  48666 418272  27.07  11.01  41.50   4.47   8.04  10.36    97  28.54  29.84  16909   9999
  1317  48655 418265  28.08  10.53  41.60   4.45   8.04  10.35    97  28.54  29.84  16911   9999
  1317  48647 418258  28.96  10.94  41.80   4.47   8.04  10.35    97  28.55  29.84  16909   9999
  1317  48647 418252  30.15  11.44  42.20   4.46   8.04  10.36    97  28.55  29.85  16916   9999
  1318  48657 418248  30.94   6.57    .00   5.71   8.01   9.84    95  29.40  29.70  16827   9999
  1318  48667 418248  31.97  14.68  44.00   5.26   8.01   9.88    94  29.51  30.23  17131   9999
  1318  48673 418249  34.67  11.81   2.20   6.13   7.99   9.53    93  30.30  30.33  17191   9999
  1319  48673 418256  33.94   7.55    .00   6.79   7.97   8.59    85  31.01  30.52  17300   9999
  1320  48665 418253  34.99   6.22  42.80   6.69   7.98   8.52    84  30.91  30.50  17285   9999
  1320  48668 418257  36.01   4.46  42.30   7.37   7.95   8.21    83  31.86  30.91  17525   9999
  1322  48680 418266  37.06   2.39  41.40   9.08   7.92   6.92    73  33.60  31.24  17714   9999
  1322  48683 418266  38.04   1.46  41.20   9.11   7.92   6.78    71  33.64  31.26  17722   9999
  1323  48678 418267  39.03    .44  41.70   9.16   7.90   6.70    70  33.71  31.28  17732   9999
 -1329  47931 418381   1.06    .40   2.10   4.55   8.04  10.34    97  28.60  29.83  16904   9999
  1329  47839 418369   2.02  14.24  18.40   4.55   8.04  10.34    97  28.60  29.83  16903   9999
  1330  47853 418362   3.11  13.50  18.80   4.54   8.04  10.33    97  28.59  29.83  16903   9999
  1330  47877 418356   4.12  13.09  18.80   4.54   8.03  10.34    97  28.59  29.83  16900   9999
  1331  47970 418353   5.02  12.01    .00   4.54   8.04  10.34    97  28.59  29.83  16903   9999
  1331  47982 418354   6.06  10.51  18.90   4.54   8.04  10.33    97  28.59  29.83  16903   9999
  1331  47995 418356   7.12   9.59    .00   4.51   8.04  10.36    97  28.57  29.83  16903   9999
  1332  47997 418358   7.92   9.02    .00   4.56   8.04  10.34    97  28.61  29.83  16904   9999
  1332  47994 418360   9.08   7.76  18.20   4.57   8.04  10.33    97  28.62  29.83  16904   9999
  1332  47988 418361  10.02   6.94    .00   4.57   8.04  10.33    97  28.62  29.83  16905   9999
  1333  47975 418362  11.02   5.66  18.40   4.52   8.04  10.34    97  28.57  29.83  16902   9999
  1333  47969 418363  12.02   4.98  18.30   4.53   8.04  10.34    97  28.58  29.83  16903   9999
  1333  47962 418364  13.32   4.98    .00   4.49   8.04  10.34    97  28.55  29.83  16903   9999
  1333  47952 418365  14.00   2.74    .00   4.49   8.04  10.35    97  28.55  29.83  16903   9999
  1334  47956 418370  14.98   2.74  18.50   4.47   8.04  10.36    97  28.54  29.83  16903   9999
  1334  47964 418372  15.94   1.04    .00   4.51   8.04  10.35    97  28.56  29.82  16900   9999
 -1340  47487 418831    .96  11.95  16.10   4.54   8.03  10.33    97  28.61  29.84  16909   9999
  1340  47463 418853   2.07  12.48    .00   4.55   8.03  10.33    97  28.61  29.83  16906   9999
  1340  47462 418853   3.09  11.62    .00   4.56   8.03  10.32    97  28.62  29.84  16910   9999
  1340  47467 418853   4.04  10.25   2.20   4.54   8.03  10.33    97  28.60  29.84  16908   9999
  1341  47467 418852   5.08   9.22    .00   4.55   8.03  10.35    97  28.61  29.84  16908   9999
  1341  47464 418851   5.96   8.75    .00   4.53   8.03  10.33    97  28.60  29.84  16911   9999
  1341  47460 418851   7.03   8.38   2.60   4.52   8.04  10.33    97  28.59  29.84  16911   9999
  1341  47454 418848   7.97   7.96   2.40   4.53   8.03  10.34    97  28.60  29.84  16911   9999
  1342  47450 418847   9.05   7.20  17.00   4.50   8.03  10.34    97  28.57  29.84  16911   9999
  1342  47447 418846   9.99   6.50   2.30   4.49   8.03  10.35    97  28.56  29.84  16910   9999
  1343  47459 418847  11.06   4.21    .00   4.31   8.04  10.41    97  28.43  29.85  16916   9999
  1343  47464 418850  11.86   2.95    .00   4.42   8.04  10.39    97  28.51  29.85  16912   9999
  1343  47466 418855  13.05   1.61  17.70   4.48   8.03  10.36    97  28.55  29.83  16905   9999
  1344  47466 418857  14.06    .64  17.40   4.48   8.04  10.36    97  28.56  29.85  16916   9999
