# MEETVAARTUIG :
# MEETDATUM    : 2017-01-03 00:00:00
# MEETGEBIED   : GREVELINGEN
# STARTPUNT    : Grevelingen
# EINDPUNT     : Grevelingen
# PROJECTCODE  : E7501X
# OPDRACHTGEVER: ZLXXAXAMDBG
# BEHEERDER    : ZLXXAXBMDBG
# BEMONST. INST:
# WAARNEMER(S) : K. de Vlaam
#
* 20170103
$ 9999 [000000000000000]
>TIJD      uumm                    
>X         coordinaat              
>Y         coordinaat              
>SENSHTE   Diepte set        m     
>Echms     Echoset           mtrs  
>Temp      Temperatuur       oC        : 5  1.0  11  1.0 
>pH        Zuurgraad         dimsls
>O2        Zuurstof          mg/l  
>%O2       Zuurstof%         %     
>GELBH     Geleidendheid     mS/cm 
>GEL20     Gel20             ???   
>SALNTT    Saliniteit        dimsl 
>CL-       Chloride          mg/l      : 16500  125  13  125 
>CHFLYSI   Chlorofyl         ugr/l 
>TURBID    Troebelheid       NTU   
 -2359  47466 418850   1.00   9999   9999   9999   9999  9999   9999  9999   9999   9999   9999   9999
  2359  47466 418850  15.96   9999   9999   9999   9999  9999   9999  9999   9999   9999   9999   9999
 -1148  47960 418360   1.01  16.34   4.89   7.95  10.30    98  29.84  4286  30.94  17547   0.20  -1.20
  1149  47955 418363   2.07  15.13   4.89   7.95  10.30    98  29.84  4286  30.94  17547   0.20  -1.10
  1149  47952 418366   3.06   0.75   4.91   7.95  10.30    98  29.88  4290  30.97  17562   0.30  -1.10
  1149  47950 418367   4.01   0.75   4.91   7.95  10.20    97  29.87  4288  30.96  17556   0.20  -1.10
  1149  47950 418369   4.94   1.68   4.92   7.95  10.20    97  29.88  4289  30.96  17557   0.20  -1.10
  1150  47957 418371   5.96  11.11   5.68   7.94  10.10    98  31.09  4372  31.62  17940   0.20   1.20
  1150  47961 418371   7.04   9.90   5.63   7.94  10.00    97  31.06  4374  31.63  17948   0.20   1.60
  1151  47962 418370   8.02   8.83   5.63   7.94   9.94    96  31.06  4374  31.63  17948   0.20   1.70
  1151  47962 418370   8.93   8.06   5.60   7.95   9.90    96  31.03  4373  31.63  17945   0.20   1.90
  1151  47961 418368  10.03   6.89   5.58   7.95   9.85    95  31.08  4382  31.70  17989   0.20   2.60
  1151  47959 418367  11.01   5.95   5.68   7.95   9.80    95  31.19  4386  31.73  18006   0.20   2.50
  1152  47959 418365  11.96   5.08   5.68   7.95   9.78    95  31.20  4387  31.74  18012   0.30   2.50
  1152  47959 418364  13.01   4.03   5.70   7.95   9.74    95  31.23  4389  31.76  18021   0.20   2.30
  1152  47961 418363  14.04   3.04   5.75   7.95   9.71    94  31.28  4390  31.77  18026   0.10   1.90
  1152  47963 418362  14.94   2.24   5.80   7.95   9.66    94  31.34  4393  31.79  18038   0.10   1.70
  1153  47963 418362  15.95   1.20   5.83   7.95   9.63    94  31.37  4394  31.79  18041   0.20   1.70
 -1125  48774 418192   1.02  44.67   4.87   7.95  10.20    97  29.81  4284  30.92  17538   0.30  -1.20
  1125  48778 418196   1.96  43.67   4.87   7.95  10.20    97  29.81  4284  30.92  17538   0.20  -1.20
  1126  48782 418199   3.05  42.57   4.90   7.94  10.20    97  29.86  4288  30.95  17554   0.10  -1.20
  1126  48784 418200   4.06  41.48   4.93   7.94  10.20    97  29.88  4288  30.95  17552   0.20  -1.20
  1126  48787 418200   4.99  40.42   4.91   7.95  10.20    97  29.90  4293  30.99  17576   0.20  -1.20
  1127  48791 418196   6.01  39.34   5.15   7.94  10.10    97  30.14  4299  31.04  17605   0.20  -1.00
  1127  48793 418192   7.03  38.38   5.67   7.94  10.00    98  31.04  4366  31.57  17913   0.20  -0.80
  1127  48791 418190   7.99  37.49   5.91   7.94   9.97    97  31.32  4377  31.66  17965   0.10  -0.40
  1128  48781 418189   9.04  36.28   5.79   7.95   9.84    96  31.21  4376  31.65  17959   0.20   0.20
  1128  48767 418190  10.08  35.34   5.90   7.95   9.74    95  31.32  4378  31.67  17970   0.20   0.20
  1129  48762 418192  11.05  34.29   5.91   7.95   9.70    95  31.35  4382  31.70  17984   0.10   0.20
  1129  48760 418193  12.00  33.50   6.05   7.95   9.65    94  31.46  4381  31.69  17979   0.10   0.30
  1129  48761 418194  13.03  32.42   5.98   7.95   9.62    94  31.46  4389  31.75  18017   0.10   0.20
  1129  48763 418195  13.94  31.43   5.87   7.95   9.60    94  31.38  4390  31.77  18025   0.20   0.50
  1130  48767 418195  15.06  30.39   5.76   7.95   9.59    93  31.30  4392  31.78  18034   0.10   1.10
  1130  48771 418196  16.00  29.29   5.69   7.95   9.59    93  31.24  4392  31.78  18033   0.20   1.90
  1130  48774 418197  16.95  28.43   5.69   7.95   9.59    93  31.23  4390  31.77  18026   0.20   2.30
  1131  48775 418198  18.05  27.35   5.66   7.95   9.57    93  31.22  4393  31.79  18036   0.20   2.70
  1131  48776 418200  18.98  26.39   5.66   7.95   9.59    93  31.23  4394  31.80  18043   0.10   2.80
  1131  48776 418203  20.03  25.33   5.69   7.95   9.59    93  31.28  4397  31.83  18059   0.20   2.80
  1131  48773 418205  21.04  24.33   5.74   7.95   9.57    93  31.35  4401  31.86  18077   0.20   2.90
  1132  48770 418206  21.96  23.45   5.75   7.95   9.56    93  31.37  4403  31.87  18085   0.30   2.70
  1132  48766 418207  23.09  22.28   5.79   7.95   9.53    93  31.40  4403  31.87  18083   0.20   2.90
  1132  48765 418204  23.97  21.45   5.80   7.95   9.52    93  31.42  4404  31.88  18090   0.20   2.60
  1133  48763 418200  25.04  20.29   5.83   7.95   9.50    93  31.45  4405  31.88  18093   0.20   2.60
  1133  48764 418198  26.01  19.39   5.83   7.95   9.49    93  31.46  4406  31.90  18100   0.20   2.70
  1133  48766 418196  26.97  18.35   5.83   7.95   9.47    92  31.47  4408  31.91  18106   0.30   2.50
  1134  48768 418194  28.01  17.29   5.84   7.95   9.45    92  31.47  4406  31.90  18101   0.30   2.30
  1134  48771 418193  28.99  16.36   5.85   7.95   9.43    92  31.48  4407  31.90  18102   0.30   2.40
  1134  48774 418193  29.95  15.41   5.90   7.95   9.42    92  31.54  4409  31.92  18113   0.20   2.20
  1134  48777 418195  31.05  14.39   5.95   7.95   9.39    92  31.59  4410  31.93  18118   0.10   2.00
  1135  48780 418197  31.97  13.40   5.95   7.95   9.38    92  31.59  4410  31.93  18118   0.10   2.00
  1135  48781 418201  33.05   8.71   5.95   7.95   9.35    92  31.59  4410  31.93  18118   0.20   1.90
  1136  48778 418205  33.98  11.38   5.95   7.95   9.32    91  31.59  4410  31.93  18118   0.20   2.80
  1136  48775 418207  35.08   8.11   5.94   7.95   9.32    91  31.59  4412  31.94  18124   0.20   2.70
  1136  48774 418207  36.03   9.30   5.94   7.95   9.30    91  31.59  4412  31.94  18124   0.20   2.50
  1136  48775 418206  37.01   8.36   5.95   7.95   9.30    91  31.59  4410  31.93  18118   0.30   2.70
  1137  48778 418205  38.04   7.38   5.94   7.95   9.29    91  31.59  4412  31.94  18124   0.20   2.60
  1137  48781 418205  39.11   6.20   5.93   7.95   9.28    91  31.58  4411  31.94  18123   0.10   3.00
  1137  48784 418203  39.99   5.35   5.93   7.95   9.27    91  31.58  4411  31.94  18123   0.30   3.10
  1138  48788 418200  41.03   4.40   5.93   7.95   9.26    91  31.58  4411  31.94  18123   0.10   2.70
  1139  48780 418198  41.95   0.76   5.93   7.95   9.24    90  31.59  4413  31.95  18129   0.20   2.40
 -1109  49733 418268   0.95  19.69   4.73   7.99  10.50   100  29.47  4252  30.66  17387   0.20   0.90
  1109  49724 418265   2.07   0.00   4.73   7.97  10.40    99  29.66  4279  30.88  17513   0.30  -0.80
  1109  49725 418264   2.96  17.79   4.73   7.97  10.40    99  29.66  4279  30.88  17513   0.30  -1.00
  1110  49730 418262   4.02  18.23   4.73   7.97  10.40    98  29.66  4279  30.88  17513   0.30  -1.20
  1110  49730 418261   4.91  17.63   4.73   7.96  10.30    98  29.66  4279  30.88  17513   0.30  -1.20
  1110  49731 418261   5.99  15.98   4.74   7.96  10.30    98  29.67  4279  30.88  17515   0.20  -1.20
  1110  49733 418262   7.01  15.63   4.76   7.96  10.30    98  29.71  4283  30.91  17531   0.10  -1.20
  1111  49735 418263   8.04  13.54   4.82   7.96  10.20    97  29.77  4285  30.93  17538   0.30  -1.20
  1111  49735 418266   9.01  11.84   5.90   7.94  10.10    99  30.99  4332  31.30  17756   0.20  -0.80
  1111  49734 418269  10.04  10.16   6.37   7.94  10.00    99  31.68  4374  31.63  17947   0.20  -0.50
  1113  49729 418277  11.02   7.50   6.44   7.95   9.59    95  31.84  4388  31.75  18012   0.20  -0.30
  1113  49731 418277  12.01   6.49   6.38   7.96   9.57    94  31.80  4389  31.76  18019   0.10  -0.30
  1114  49733 418278  13.02   5.39   6.28   7.96   9.50    94  31.72  4390  31.76  18022   0.10  -0.10
  1114  49733 418279  14.00   4.44   6.45   7.96   9.45    94  31.84  4387  31.74  18006   0.10   0.00
  1114  49732 418281  15.00   3.29   6.54   7.96   9.41    93  32.01  4400  31.84  18066   0.20   0.00
  1115  49733 418283  15.97   2.23   6.59   7.96   9.34    93  32.09  4405  31.88  18090   0.10   0.00
  1115  49737 418285  17.03   1.18   6.52   7.96   9.32    92  32.05  4407  31.90  18103   0.10  -0.10
 -2359  50728 418380   1.00   9999   9999   9999   9999  9999   9999  9999   9999   9999   9999   9999
  2359  50728 418380  27.01   9999   9999   9999   9999  9999   9999  9999   9999   9999   9999   9999
 -1045  51577 418556   0.93  31.57   4.65   7.97  10.60   100  29.49  4264  30.76  17443   0.20  -1.20
  1046  51570 418550   2.01  32.10   4.65   7.97  10.50    99  29.49  4264  30.76  17443   0.10  -1.30
  1046  51568 418550   3.00  27.77   4.65   7.96  10.50    99  29.49  4264  30.76  17443   0.20  -1.30
  1046  51568 418550   3.98  33.57   4.65   7.95  10.50    99  29.50  4265  30.77  17450   0.10  -1.40
  1046  51571 418551   5.01  32.37   4.65   7.96  10.50    99  29.49  4264  30.76  17443   0.20  -1.30
  1047  51575 418552   6.02  31.38   4.65   7.96  10.40    98  29.49  4264  30.76  17443   0.20  -1.30
  1047  51580 418555   6.98  30.27   4.66   7.95  10.40    98  29.50  4264  30.76  17444   0.20  -1.30
  1047  51582 418556   7.97  29.23   4.65   7.95  10.40    98  29.50  4265  30.77  17450   0.30  -1.30
  1048  51584 418559   9.03  28.17   4.68   7.95  10.40    98  29.53  4266  30.78  17454   0.20  -1.30
  1048  51586 418563   9.97  27.32   4.68   7.95  10.40    98  29.54  4268  30.79  17460   0.20  -1.30
  1048  51592 418568  11.03  26.27   5.07   7.94  10.20    98  30.01  4290  30.97  17562   0.20  -1.10
  1050  51578 418570  12.09  25.83   6.40   7.94   9.48    94  31.74  4379  31.67  17969   0.10  -0.60
  1051  51577 418571  13.05  24.80   6.36   7.95   9.44    93  31.73  4382  31.70  17984   0.10  -0.60
  1051  51575 418571  14.03  23.89   6.38   7.95   9.42    93  31.80  4389  31.76  18019   0.20  -0.40
  1051  51571 418570  15.05   2.39   6.61   7.95   9.37    93  32.08  4401  31.85  18073   0.10  -0.40
  1052  51570 418567  15.98  22.03   6.62   7.95   9.28    92  32.13  4407  31.90  18100   0.10  -0.30
  1052  51572 418565  17.02  20.87   6.70   7.95   9.25    92  32.22  4410  31.92  18113   0.10  -0.20
  1052  51574 418567  17.96   1.93   6.69   7.95   9.21    92  32.22  4411  31.93  18119   0.20  -0.20
  1053  51576 418571  18.95  19.02   6.65   7.96   9.16    91  32.19  4412  31.94  18122   0.20  -0.10
  1053  51577 418574  20.06  17.64   6.70   7.96   9.09    91  32.23  4411  31.93  18120   0.00  -0.10
  1054  51577 418573  21.05  16.74   6.75   7.96   9.06    90  32.29  4414  31.95  18131   0.10   0.00
  1054  51576 418570  22.07  15.88   6.68   7.96   9.02    90  32.23  4414  31.95  18131   0.10   0.00
  1054  51574 418568  23.03  14.94   6.66   7.96   8.99    90  32.22  4415  31.96  18135   0.00   0.10
  1054  51572 418564  24.01  13.96   6.64   7.96   8.97    89  32.19  4413  31.95  18127   0.20   0.10
  1055  51569 418559  25.02  12.84   6.63   7.96   8.94    89  32.18  4413  31.94  18126   0.20   0.40
  1055  51570 418556  26.03  11.68   6.57   7.96   8.93    89  32.12  4411  31.93  18120   0.20   0.10
  1055  51574 418552  27.02  10.63   6.64   7.96   8.93    89  32.19  4413  31.95  18127   0.10   0.00
  1056  51576 418552  27.94   9.54   6.64   7.96   8.92    89  32.19  4413  31.95  18127   0.10   0.10
  1056  51580 418555  29.05   8.39   6.62   7.96   8.90    88  32.19  4415  31.96  18138   0.10   0.10
  1056  51583 418558  30.04   7.44   6.48   7.96   8.90    88  32.05  4412  31.94  18125   0.20   0.40
  1057  51585 418561  31.05   6.39   6.42   7.96   8.91    88  32.00  4412  31.94  18125   0.20   0.40
  1057  51587 418565  31.96   5.56   6.41   7.96   8.91    88  31.98  4411  31.93  18118   0.10   0.50
  1057  51590 418570  33.09   4.30   6.42   7.95   8.92    88  31.98  4409  31.92  18112   0.20   0.40
  1057  51590 418571  34.09   3.41   6.39   7.95   8.93    88  31.96  4410  31.93  18116   0.30   0.40
  1058  51589 418570  35.03   2.60   6.38   7.95   8.93    88  31.95  4410  31.92  18115   0.20   0.50
  1058  51585 418568  36.01   1.04   6.36   7.95   8.94    88  31.93  4410  31.92  18113   0.10   0.40
 -1031  52947 420275   1.00  10.16   4.55   7.94  10.30    97  29.39  4261  30.74  17430   0.10  -1.40
  1032  52937 420273   1.95   9.19   4.54   7.94  10.30    97  29.38  4261  30.74  17429   0.20  -1.40
  1032  52931 420275   3.04   8.19   4.53   7.93  10.30    97  29.37  4260  30.73  17428   0.20  -1.30
  1032  52929 420275   3.94   7.25   4.54   7.94  10.30    97  29.38  4261  30.74  17429   0.20  -1.30
  1032  52928 420276   4.98   6.20   4.56   7.94  10.30    97  29.40  4261  30.74  17432   0.20  -1.30
  1033  52929 420277   6.04   5.14   4.56   7.94  10.30    97  29.40  4261  30.74  17432   0.20  -1.30
  1033  52931 420278   6.97   0.75   4.54   7.94  10.30    97  29.38  4261  30.74  17429   0.20  -1.30
 -1018  53711 421054   1.02   1.21   4.35   7.94  10.40    98  29.21  4258  30.72  17418   0.20  -1.40
  1018  53711 421052   2.01  15.34   4.35   7.94  10.40    98  29.21  4258  30.72  17418   0.10  -1.30
  1019  53713 421052   3.05  14.33   4.35   7.94  10.40    98  29.15  4249  30.65  17377   0.20  -1.30
  1019  53714 421053   4.04  13.33   4.35   7.94  10.40    97  29.15  4249  30.65  17377   0.10  -1.30
  1019  53716 421054   5.03  12.39   4.35   7.94  10.40    97  29.21  4258  30.72  17418   0.20  -1.30
  1019  53717 421054   6.03  11.29   4.36   7.94  10.40    97  29.22  4258  30.72  17419   0.20  -1.30
  1020  53715 421054   7.03  10.31   4.37   7.94  10.30    97  29.23  4259  30.72  17420   0.10  -1.30
  1020  53713 421054   8.01   9.39   4.41   7.94  10.30    97  29.27  4260  30.73  17426   0.00  -1.30
  1020  53714 421055   8.98   8.39   4.89   7.94  10.30    98  29.75  4274  30.84  17487   0.10  -1.20
  1021  53713 421056  10.01   7.43   5.35   7.93  10.20    98  30.23  4289  30.96  17556   0.10  -1.20
  1021  53715 421058  10.99   6.41   5.58   7.93  10.00    97  30.66  4323  31.23  17714   0.10  -1.10
  1021  53715 421062  12.04   5.41   6.17   7.93   9.94    98  31.46  4367  31.58  17914   0.00  -0.90
  1022  53717 421062  13.01   4.43   6.26   7.94   9.61    94  31.60  4376  31.65  17955   0.20  -0.80
  1023  53709 421057  14.00   3.48   6.28   7.94   9.49    93  31.64  4379  31.67  17970   0.20  -0.80
  1023  53708 421056  15.03   2.35   6.30   7.94   9.45    93  31.68  4382  31.70  17985   0.20  -0.60
  1024  53708 421055  16.08   1.33   6.32   7.94   9.41    93  31.70  4382  31.70  17987   0.20  -0.60
 -2359  55190 421380   1.00   9999   9999   9999   9999  9999   9999  9999   9999   9999   9999   9999
  2359  55190 421380  20.00   9999   9999   9999   9999  9999   9999  9999   9999   9999   9999   9999
 -1001  56285 420522   1.01  12.36   4.39   7.93  10.30    97  29.24  4258  30.71  17416   0.20  -1.40
  1001  56278 420530   2.03  11.45   4.39   7.93  10.30    97  29.24  4258  30.71  17416   0.10  -1.40
  1001  56277 420532   3.00  10.49   4.39   7.93  10.30    97  29.24  4258  30.71  17416   0.10  -1.40
  1002  56280 420533   3.99   9.53   4.39   7.93  10.30    96  29.24  4258  30.71  17416   0.20  -1.40
  1002  56283 420534   5.05   8.48   4.39   7.93  10.30    96  29.25  4259  30.73  17423   0.30  -1.40
  1002  56286 420533   6.05   7.51   4.41   7.93  10.30    96  29.26  4258  30.72  17419   0.20  -1.40
  1002  56289 420531   7.01   6.51   4.41   7.93  10.30    96  29.27  4260  30.73  17426   0.30  -1.40
  1003  56291 420530   7.97   5.55   4.40   7.93  10.20    96  29.25  4258  30.72  17418   0.20  -1.30
  1003  56291 420530   9.00   4.49   4.41   7.93  10.20    96  29.26  4258  30.72  17419   0.10  -1.40
  1003  56289 420529  10.00   3.48   4.42   7.93  10.20    96  29.28  4260  30.73  17427   0.10  -1.30
  1003  56286 420528  11.02   2.24   4.41   7.93  10.20    96  29.27  4260  30.73  17426   0.10  -1.30
  1004  56283 420525  11.97   1.19   4.43   7.93  10.20    96  29.28  4259  30.72  17422   0.20  -1.30
 -2359  57620 418940   1.00   9999   9999   9999   9999  9999   9999  9999   9999   9999   9999   9999
  2359  57620 418940  16.05   9999   9999   9999   9999  9999   9999  9999   9999   9999   9999   9999
 -0937  57963 417217   1.04   0.80   4.40   7.93  10.40    97  29.20  4251  30.66  17384   0.20  -0.50
  0938  57970 417219   2.02  19.50   4.40   7.93  10.40    97  29.20  4251  30.66  17384   0.30  -0.80
  0938  57973 417219   3.09   0.75   4.40   7.93  10.40    97  29.21  4252  30.67  17391   0.20  -1.20
  0938  57978 417218   4.01  17.16   4.40   7.94  10.40    97  29.21  4252  30.67  17391   0.20  -1.30
  0939  57981 417217   5.00  15.80   4.40   7.94  10.30    97  29.21  4252  30.67  17391   0.20  -1.30
  0939  57982 417217   6.03  14.73   4.41   7.94  10.30    97  29.22  4253  30.67  17392   0.30  -1.40
  0939  57978 417217   7.02  14.08   4.40   7.94  10.30    97  29.22  4254  30.68  17397   0.20  -1.30
  0939  57974 417219   7.96  13.18   4.40   7.94  10.30    97  29.21  4252  30.67  17391   0.10  -1.40
  0940  57966 417221   9.02  11.84   4.41   7.94  10.30    97  29.23  4254  30.68  17399   0.10  -1.30
  0940  57964 417221  10.04  10.74   4.40   7.94  10.30    97  29.22  4254  30.68  17397   0.20  -1.30
  0940  57961 417218  11.04   9.76   4.39   7.93  10.30    97  29.22  4255  30.69  17403   0.30  -1.30
  0941  57958 417216  12.02   8.71   4.40   7.94  10.30    97  29.22  4254  30.68  17397   0.20  -1.30
  0941  57954 417213  13.08   7.60   4.39   7.94  10.30    96  29.22  4255  30.69  17403   0.10  -1.30
  0941  57950 417210  13.98   6.68   4.40   7.94  10.30    96  29.23  4255  30.69  17404   0.20  -1.30
  0942  57946 417206  15.03   5.55   4.41   7.94  10.20    96  29.23  4254  30.68  17399   0.10  -1.30
  0942  57947 417201  16.04   4.76   4.40   7.94  10.20    96  29.22  4254  30.68  17397   0.10  -1.30
  0942  57949 417197  16.98   3.83   4.38   7.94  10.20    96  29.21  4255  30.69  17402   0.30  -1.30
  0942  57952 417193  18.01   2.85   4.35   7.94  10.20    96  29.19  4255  30.69  17404   0.20  -1.40
  0943  57956 417191  18.99   1.96   4.36   7.93  10.20    96  29.19  4254  30.68  17399   0.30  -1.40
  0943  57974 417189  19.98   0.00   4.38   7.93  10.20    96  29.21  4255  30.69  17402   0.30  -1.30
 -0913  59098 414888   0.98  18.15   4.65   7.93  10.30    98  29.42  4254  30.68  17396   0.30  -1.40
  0913  59099 414888   2.01  17.00   4.65   7.93  10.30    98  29.42  4254  30.68  17396   0.20  -1.30
  0914  59101 414888   3.06  15.81   4.65   7.93  10.30    97  29.42  4254  30.68  17396   0.20  -1.30
  0914  59102 414889   4.04  14.55   4.65   7.93  10.30    97  29.43  4255  30.69  17403   0.00  -1.30
  0914  59104 414889   5.03  13.41   4.65   7.93  10.30    97  29.43  4255  30.69  17403   0.20  -1.30
  0915  59104 414889   6.01  12.63   4.65   7.93  10.30    97  29.43  4255  30.69  17403   0.20  -1.30
  0915  59103 414888   6.99  11.79   4.66   7.93  10.30    97  29.43  4254  30.68  17398   0.10  -1.30
  0915  59101 414888   7.98  10.84   4.69   7.93  10.30    97  29.45  4253  30.68  17395   0.20  -1.30
  0915  59098 414889   9.04   9.88   4.68   7.93  10.30    97  29.45  4255  30.69  17400   0.10  -1.30
  0916  59095 414890   9.99   9.04   4.66   7.93  10.30    97  29.44  4255  30.69  17404   0.20  -1.30
  0916  59092 414890  11.02   8.11   4.67   7.93  10.20    97  29.45  4256  30.70  17406   0.30  -1.30
  0916  59090 414892  12.06   7.23   4.69   7.93  10.20    97  29.46  4255  30.69  17402   0.20  -1.30
  0916  59088 414895  13.00   6.23   4.68   7.93  10.20    97  29.45  4255  30.69  17400   0.10  -1.30
  0917  59088 414899  14.10   4.98   4.68   7.93  10.20    97  29.46  4256  30.70  17407   0.10  -1.30
  0917  59088 414902  15.03   3.95   4.68   7.93  10.20    96  29.45  4255  30.69  17400   0.30  -1.30
  0917  59089 414904  16.00   2.91   4.66   7.93  10.20    96  29.44  4255  30.69  17404   0.10  -1.30
  0918  59091 414907  17.05   1.68   4.66   7.93  10.20    96  29.44  4255  30.69  17404   0.20  -1.30
  0918  59093 414909  18.00   0.75   4.64   7.93  10.20    96  29.42  4255  30.69  17402   0.20  -1.30
 -0853  61239 413047   1.06   9.34   4.50   7.92  10.40    97  29.28  4251  30.66  17384   0.20  -1.30
  0853  61226 413047   1.96   0.75   4.49   7.92  10.40    97  29.27  4251  30.66  17382   0.10  -1.30
  0854  61224 413048   3.03   0.83   4.49   7.92  10.30    97  29.27  4251  30.66  17382   0.10  -1.30
  0854  61227 413052   3.82   0.84   4.49   7.92  10.30    97  29.27  4251  30.66  17382   0.20  -1.30
  0854  61229 413055   5.00   5.44   4.52   7.92  10.30    97  29.30  4251  30.66  17386   0.20  -1.30
  0855  61226 413055   6.03   4.30   4.56   7.92  10.30    97  29.33  4251  30.66  17385   0.10  -1.30
  0855  61224 413054   6.96   3.41   4.54   7.92  10.30    97  29.31  4251  30.66  17382   0.10  -1.30
  0855  61222 413053   7.96   2.40   4.54   7.92  10.30    97  29.32  4252  30.67  17389   0.20  -1.30
  0856  61221 413052   8.97   1.04   4.51   7.92  10.30    97  29.29  4251  30.66  17385   0.10  -1.30
 -2359  62300 412250   1.00   9999   9999   9999   9999  9999   9999  9999   9999   9999   9999   9999
  2359  62300 412250  17.00   9999   9999   9999   9999  9999   9999  9999   9999   9999   9999   9999
 -0826  65275 412094   0.97   1.09   4.13   7.88  10.50    98  28.90  4238  30.56  17328   0.30  -1.20
  0827  65269 412090   1.98  12.71   4.13   7.88  10.50    98  28.91  4240  30.57  17335   0.30  -1.30
  0827  65266 412088   3.07   2.49   4.13   7.88  10.50    98  28.94  4244  30.61  17355   0.20  -1.30
  0827  65264 412086   4.16   0.89   4.13   7.88  10.40    97  28.95  4246  30.62  17362   0.10  -1.30
  0828  65264 412086   5.01   8.79   4.13   7.88  10.40    97  28.95  4246  30.62  17362   0.20  -1.30
  0828  65264 412086   5.91   8.05   4.14   7.88  10.40    97  28.96  4246  30.62  17363   0.30  -1.30
  0828  65265 412087   7.00   6.64   4.14   7.88  10.40    97  28.96  4246  30.62  17363   0.30  -1.30
  0828  65267 412089   7.99   6.18   4.15   7.88  10.40    97  28.96  4245  30.61  17358   0.20  -1.30
  0829  65269 412090   8.90   5.31   4.15   7.88  10.40    97  28.97  4246  30.62  17364   0.10  -1.30
  0829  65271 412092  10.01   4.38   4.15   7.89  10.40    97  28.96  4245  30.61  17358   0.30  -1.30
  0829  65271 412093  10.90   3.61   4.15   7.89  10.40    97  28.96  4245  30.61  17358   0.20  -1.30
  0830  65269 412093  11.93   2.49   4.15   7.89  10.40    97  28.97  4246  30.62  17364   0.20  -1.30
  0830  65268 412093  13.03   1.36   4.16   7.89  10.40    97  28.98  4247  30.63  17366   0.20  -1.30
 -2359  66330 411630   1.00   9999   9999   9999   9999  9999   9999  9999   9999   9999   9999   9999
  2359  66330 411630   7.00   9999   9999   9999   9999  9999   9999  9999   9999   9999   9999   9999
 -0810  67352 411366   1.04  11.80   4.05   7.79  10.50    98  28.86  4242  30.59  17344   0.10  -1.30
  0810  67345 411366   1.91   0.00   4.03   7.80  10.50    98  28.83  4240  30.57  17335   0.20  -0.60
  0810  67342 411367   3.04   0.75   4.02   7.80  10.50    98  28.82  4240  30.57  17333   0.20  -0.90
  0810  67340 411368   4.00   0.75   3.97   7.80  10.50    98  28.78  4240  30.57  17333   0.20  -1.10
  0811  67338 411369   4.90   0.75   3.99   7.80  10.50    98  28.80  4240  30.57  17336   0.10  -1.10
  0811  67337 411372   5.91   7.24   3.94   7.81  10.50    97  28.76  4240  30.57  17336   0.30  -1.20
  0811  67337 411376   6.95   1.90   3.91   7.81  10.50    97  28.74  4241  30.58  17339   0.20  -1.20
  0812  67337 411377   8.05   4.94   3.90   7.81  10.50    97  28.75  4243  30.60  17351   0.30  -1.20
  0812  67336 411378   9.05   3.89   3.89   7.81  10.50    97  28.73  4242  30.59  17343   0.10  -1.20
  0812  67336 411379  10.01   2.79   3.86   7.82  10.50    97  28.70  4241  30.58  17339   0.20  -1.20
  0813  67335 411377  11.09   1.81   3.85   7.82  10.50    97  28.69  4240  30.58  17337   0.10  -1.20
  0813  67334 411373  12.00   0.85   3.83   7.82  10.50    97  28.67  4240  30.57  17334   0.20  -1.20
 -2359  68840 411250   1.00   9999   9999   9999   9999  9999   9999  9999   9999   9999   9999   9999
  2359  68840 411250  10.94   9999   9999   9999   9999  9999   9999  9999   9999   9999   9999   9999
 -0758  69301 410951   0.91   4.17   3.47   7.51  11.30   103  28.25  4220  30.42  17245   0.27  -1.00
  0758  69305 410958   2.00   3.36   3.47   7.54  11.20   103  28.26  4221  30.42  17247   0.30  -1.00
  0759  69297 410968   2.97   2.86   3.53   7.57  11.10   102  28.31  4221  30.42  17249   0.20  -1.00
  0759  69293 410968   4.06   1.57   3.94   7.58  11.00   102  28.75  4238  30.56  17327   0.10  -1.10
  0800  69289 410962   5.02   0.83   3.98   7.58  10.80   101  28.74  4233  30.52  17302   0.07  -1.30
