# MEETVAARTUIG :
# MEETDATUM    : 2022-10-06 00:00:00
# MEETGEBIED   :
# STARTPUNT    :
# EINDPUNT     :
# PROJECTCODE  :
# OPDRACHTGEVER:
# BEHEERDER    :
# BEMONST. INST:
# WAARNEMER(S) : bernaards
#
* 20221006
$ 9999 [000000000000000]
>TIJD      uumm                    
>X         coordinaat              
>Y         coordinaat              
>SENSHTE   Diepte set        m     
>Echms     Echoset           mtrs  
>Temp      Temperatuur       oC    
>pH        Zuurgraad         dimsls
>O2        Zuurstof          mg/l  
>%O2       Zuurstof%         %     
>GELBH     Geleidendheid     mS/cm 
>GEL20     Gel20             ???   
>SALNTT    Saliniteit        dimsl 
>CL-       Chloride          mg/l  
>CHFLYSI   Chlorofyl         ugr/l 
>TURBID    Troebelheid       NTU   
 -2359  47466 418850   1.00   9999   9999   9999   9999  9999   9999  9999   9999   9999   9999   9999
  2359  47466 418850  15.96   9999   9999   9999   9999  9999   9999  9999   9999   9999   9999   9999
 -1217  47960 418357   1.04  16.74  15.28   7.97   7.93    94  38.46  4267  30.75  17408   0.54   0.53
  1218  47960 418357   2.06  16.04  15.28   7.97   7.88    93  38.47  4267  30.76  17411   0.87   0.60
  1218  47960 418357   3.06  15.29  15.28   7.97   7.85    93  38.47  4267  30.76  17410   0.87   0.67
  1219  47960 418357   3.96  14.68  15.28   7.97   7.82    93  38.47  4267  30.76  17412   0.58   0.77
  1219  47960 418357   5.02   0.00  15.30   7.97   7.79    92  38.49  4268  30.76  17415   0.67   0.64
  1220  47960 418357   5.96   0.00  15.32   7.97   7.72    92  38.54  4272  30.79  17432   0.61   0.73
  1220  47960 418357   7.04  11.25  15.36   7.97   7.68    91  38.65  4280  30.86  17470   0.84   1.01
  1220  47960 418357   8.05  10.13  15.35   7.97   7.59    90  38.65  4280  30.86  17472   0.51   0.97
  1221  47960 418357   9.03   8.74  15.37   7.97   7.82    93  38.69  4283  30.89  17486   0.53   1.13
  1221  47960 418357  10.00   7.95  15.37   7.97   7.63    91  38.72  4287  30.92  17503   0.47   1.02
  1222  47960 418357  11.02   7.00  15.38   7.98   7.65    91  38.76  4290  30.94  17516   0.57   1.62
  1222  47960 418357  12.03   5.75  15.42   7.98   7.81    93  38.81  4292  30.96  17526   0.64   1.70
  1223  47960 418357  13.04   5.14  15.44   7.98   7.65    91  38.84  4294  30.97  17533   0.86   1.96
  1223  47960 418357  14.02   2.79  15.47   7.99   7.61    91  38.89  4296  30.99  17545   0.70   1.82
  1223  47960 418357  14.98   3.11  15.47   7.99   7.80    93  38.90  4297  30.99  17549   1.07   1.67
  1224  47960 418357  16.04   1.61  15.51   7.99   7.74    92  39.00  4304  31.05  17581   0.86   2.11
  1224  47960 418357  17.01   1.10  15.52   7.99   7.59    91  39.03  4306  31.07  17589   0.75   2.18
 -1153  48775 418191   1.05  43.58  15.23   7.96   7.92    94  38.35  4258  30.69  17370   0.55   0.47
  1153  48775 418191   2.03  44.19  15.23   7.96   7.88    93  38.34  4258  30.69  17371   0.44   0.49
  1154  48775 418191   3.04  42.44  15.22   7.96   7.96    94  38.32  4258  30.68  17367   0.73   0.54
  1154  48775 418191   4.03  42.51  15.20   7.96   7.80    92  38.32  4258  30.68  17370   1.18   0.57
  1154  48775 418191   5.05  40.68  15.20   7.96   7.90    93  38.31  4258  30.68  17369   0.92   0.59
  1155  48775 418191   5.97  40.22  15.19   7.96   7.81    92  38.30  4258  30.68  17369   0.38   0.43
  1155  48775 418191   7.99  38.28  15.23   7.95   7.68    91  38.47  4273  30.80  17437   0.41   0.97
  1155  48775 418191   8.02   0.00  15.24   7.96   7.66    91  38.49  4274  30.81  17442   0.58   0.80
  1156  48775 418191   9.04  35.88  15.29   7.96   7.70    91  38.57  4278  30.84  17460   0.60   1.01
  1156  48775 418191  10.08  35.62  15.29   7.96   7.54    89  38.58  4279  30.85  17463   0.68   0.96
  1156  48775 418191  11.07  34.49  15.29   7.96   7.75    92  38.58  4279  30.85  17466   0.49   0.97
  1157  48775 418191  12.03  27.52  15.30   7.96   7.60    90  38.59  4279  30.85  17468   0.80   1.09
  1157  48775 418191  13.00  19.09  15.30   7.96   7.55    90  38.60  4279  30.85  17468   0.44   1.16
  1158  48775 418191  14.05  31.59  15.39   7.97   7.73    92  38.72  4285  30.90  17495   0.64   0.99
  1158  48775 418191  15.01  23.94  15.42   7.97   7.58    90  38.79  4290  30.94  17515   0.56   1.29
  1158  48775 418191  16.96  27.75  15.41   7.98   7.65    91  38.79  4290  30.94  17516   0.76   1.13
  1159  48775 418191  17.07   0.00  15.41   7.98   7.69    91  38.79  4290  30.94  17515   0.93   1.19
  1159  48775 418191  18.02  27.48  15.42   7.98   7.71    92  38.80  4291  30.94  17519   0.64   1.41
  1200  48775 418191  18.98  27.03  15.44   7.98   7.56    90  38.85  4294  30.97  17533   1.61   1.24
  1200  48775 418191  19.98  25.33  15.48   7.99   7.52    90  38.94  4300  31.02  17563   1.45   1.45
  1201  48775 418191  21.06   0.00  15.48   7.99   7.66    91  38.95  4301  31.03  17566   0.64   1.76
  1201  48775 418191  21.98  23.60  15.49   7.99   7.75    92  38.95  4301  31.03  17567   0.66   1.63
  1202  48775 418191  23.03  22.33  15.49   7.99   7.65    91  38.97  4302  31.03  17572   1.01   1.58
  1202  48775 418191  24.01  21.12  15.49   7.99   7.55    90  38.97  4302  31.03  17571   0.67   1.84
  1202  48775 418191  25.02  20.25  15.49   7.99   7.52    90  38.99  4304  31.05  17581   0.88   1.63
  1203  48775 418191  25.96  18.65  15.49   7.99   7.58    90  39.00  4305  31.06  17587   1.21   1.74
  1203  48775 418191  27.01  18.67  15.49   7.99   7.69    92  39.00  4306  31.07  17589   0.97   2.03
  1203  48775 418191  28.05  17.41  15.49   7.99   7.70    92  39.01  4307  31.08  17596   1.26   1.45
  1204  48775 418191  29.02  16.10  15.49   7.99   7.54    90  39.02  4309  31.09  17602   0.73   1.69
  1204  48775 418191  29.98  15.24  15.48   7.99   7.47    89  39.02  4309  31.09  17604   0.65   1.82
  1204  48775 418191  30.95  13.76  15.48   7.99   7.41    88  39.03  4309  31.09  17606   0.76   1.93
  1205  48775 418191  31.93  13.19  15.48   7.99   7.40    88  39.03  4310  31.10  17607   0.62   1.70
  1205  48775 418191  33.04  12.13  15.47   7.98   7.43    88  39.01  4309  31.09  17604   0.72   1.85
  1205  48775 418191  34.06  10.99  15.46   7.98   7.47    89  39.01  4309  31.09  17606   0.75   1.75
  1206  48775 418191  34.97  10.26  15.46   7.98   7.50    89  39.01  4310  31.10  17607   1.92   1.56
  1206  48775 418191  36.00   9.10  15.48   7.99   7.52    90  39.03  4310  31.10  17610   1.09   1.85
  1206  48775 418191  37.02   8.11  15.48   7.98   7.48    89  39.04  4311  31.11  17614   0.88   1.67
  1207  48775 418191  37.98   7.05  15.52   7.99   7.55    90  39.10  4314  31.13  17628   1.48   2.80
  1208  48775 418191  39.08   6.03  15.51   7.99   7.49    89  39.09  4314  31.14  17630   0.87   2.48
  1208  48775 418191  39.97   5.06  15.50   7.99   7.42    88  39.08  4314  31.13  17629   0.72   1.80
  1208  48775 418191  40.97   4.03  15.49   7.99   7.37    88  39.08  4314  31.13  17629   0.56   1.99
  1209  48775 418191  42.05   2.79  15.53   8.00   7.46    89  39.12  4315  31.14  17634   0.80   2.15
  1209  48775 418191  43.03   1.74  15.53   8.00   7.51    90  39.12  4315  31.14  17634   0.92   2.47
  1210  48775 418191  43.90   0.88  15.53   8.00   7.55    90  39.12  4316  31.14  17634   0.94   2.54
 -1130  49730 418270   1.04  17.59  15.18   7.97   8.01    95  38.24  4251  30.63  17337   0.78   0.52
  1131  49730 418270   2.03  17.39  15.18   7.97   8.10    96  38.24  4252  30.63  17341   0.64   0.51
  1131  49730 418270   3.00  18.25  15.18   7.97   8.05    95  38.24  4252  30.63  17340   0.60   0.44
  1132  49730 418270   3.98  18.03  15.17   7.97   7.95    94  38.23  4252  30.63  17340   0.79   0.42
  1132  49730 418270   5.03  18.06  15.17   7.97   8.08    96  38.24  4253  30.64  17344   0.61   0.55
  1133  49730 418270   5.99   0.00  15.16   7.97   7.89    93  38.23  4252  30.64  17342   0.67   0.43
  1133  49730 418270   7.02  60.93  15.17   7.97   8.01    95  38.24  4253  30.64  17347   0.69   0.56
  1133  49730 418270   8.03  26.25  15.17   7.96   7.79    92  38.27  4256  30.67  17359   0.47   0.48
  1134  49730 418270   8.98  43.97  15.17   7.96   7.97    94  38.27  4256  30.67  17359   0.43   0.49
  1134  49730 418270  10.02  11.91  15.17   7.96   7.74    92  38.26  4256  30.67  17359   0.90   0.59
  1134  49730 418270  11.08   0.00  15.16   7.96   7.85    93  38.28  4258  30.68  17370   0.43   0.52
  1135  49730 418270  12.04   0.00  15.17   7.96   7.82    93  38.29  4259  30.69  17372   0.48   0.49
  1135  49730 418270  13.04   7.83  15.17   7.96   7.63    90  38.31  4260  30.70  17380   0.54   0.56
  1136  49730 418270  14.01   6.51  15.22   7.96   7.76    92  38.38  4264  30.73  17395   0.51   0.74
  1136  49730 418270  14.98   4.99  15.29   7.95   7.60    90  38.50  4269  30.77  17421   0.68   0.75
  1137  49730 418270  15.97   2.49  15.41   7.96   7.26    86  38.72  4282  30.88  17481   0.80   0.86
  1137  49730 418270  16.96   1.48  15.43   7.96   7.31    87  38.77  4286  30.91  17499   0.79   0.94
  1138  49730 418270  18.05   0.00  15.49   7.99   7.58    91  38.99  4305  31.06  17584   1.13   1.70
 -2359  50728 418380   1.00   9999   9999   9999   9999  9999   9999  9999   9999   9999   9999   9999
  2359  50728 418380  27.01   9999   9999   9999   9999  9999   9999  9999   9999   9999   9999   9999
 -2359  51572 418570   1.00   9999   9999   9999   9999  9999   9999  9999   9999   9999   9999   9999
  2359  51572 418570  37.00   9999   9999   9999   9999  9999   9999  9999   9999   9999   9999   9999
 -1109  52940 420290   0.97  10.34  14.73   8.00   8.42    99  37.54  4217  30.35  17179   1.14   0.35
  1110  52940 420290   1.97   9.65  14.73   8.00   8.40    98  37.53  4216  30.35  17178   1.14   0.46
  1110  52940 420290   3.04   8.29  14.72   8.00   8.47    99  37.52  4217  30.35  17179   1.00   0.37
  1111  52940 420290   4.09   7.33  14.72   7.99   8.27    97  37.53  4218  30.36  17185   0.80   0.39
  1111  52940 420290   5.02   6.21  14.71   7.99   8.40    98  37.52  4217  30.36  17182   0.71   0.44
  1111  52940 420290   6.00   5.21  14.72   7.99   8.21    96  37.54  4218  30.36  17186   0.56   0.41
  1112  52940 420290   6.97   4.00  14.76   7.98   8.18    96  37.64  4226  30.43  17222   0.49   0.39
  1112  52940 420290   8.02   2.93  14.80   7.98   8.08    95  37.68  4226  30.43  17224   0.33   0.27
  1113  52940 420290   9.01   1.86  14.93   7.97   8.19    96  37.87  4235  30.50  17265   0.35   0.34
  1113  52940 420290  10.06   0.75  14.94   7.97   7.94    93  37.89  4236  30.51  17269   0.24   0.39
 -1056  53710 421060   1.01  16.43  14.90   8.02   8.48   100  37.63  4211  30.31  17154   1.02   0.55
  1056  53710 421060   2.03  15.68  14.89   8.02   8.58   101  37.63  4211  30.31  17153   1.35   0.41
  1057  53710 421060   3.02  14.36  14.89   8.02   8.47    99  37.62  4211  30.31  17153   1.07   0.38
  1058  53710 421060   3.97  13.45  14.89   8.02   8.43    99  37.63  4211  30.31  17154   0.83   0.37
  1058  53710 421060   5.05  12.36  14.89   8.02   8.51   100  37.62  4211  30.31  17154   0.81   0.41
  1059  53710 421060   5.97  11.73  14.87   8.00   8.28    97  37.61  4212  30.32  17159   0.26   0.13
  1059  53710 421060   7.04  10.44  14.86   8.00   8.44    99  37.61  4212  30.32  17159   0.31   0.47
  1059  53710 421060   7.98   9.59  14.85   8.00   8.19    96  37.60  4212  30.32  17158   0.31   0.17
  1100  53710 421060   9.02   8.40  14.84   8.00   8.39    98  37.59  4212  30.32  17158   0.28   0.29
  1100  53710 421060  10.05   7.44  14.85   8.00   8.22    96  37.60  4212  30.32  17159   0.24   0.29
  1101  53710 421060  11.01   6.58  14.85   7.99   8.18    96  37.61  4214  30.33  17166   0.29   0.32
  1101  53710 421060  11.99   5.65  14.85   7.99   8.31    98  37.62  4215  30.34  17169   0.23   0.25
  1102  53710 421060  12.99   4.93  14.85   7.99   8.08    95  37.63  4215  30.34  17171   0.21   0.35
  1102  53710 421060  14.02   3.55  14.87   7.99   8.16    96  37.64  4216  30.34  17174   0.29   0.35
  1102  53710 421060  15.02   2.74  14.88   7.99   8.28    97  37.67  4217  30.35  17180   0.27   0.31
  1103  53710 421060  16.01   1.64  14.86   7.98   8.10    95  37.69  4222  30.40  17203   0.23   0.34
  1103  53710 421060  17.02   0.75  14.85   7.97   7.90    93  37.69  4223  30.40  17206   0.28   0.36
 -2359  55190 421380   1.00   9999   9999   9999   9999  9999   9999  9999   9999   9999   9999   9999
  2359  55190 421380  20.00   9999   9999   9999   9999  9999   9999  9999   9999   9999   9999   9999
 -1037  56280 420520   1.04  13.14  14.80   8.00   8.33    98  37.56  4213  30.32  17161   1.25   0.55
  1038  56280 420520   1.98  12.58  14.80   8.00   8.38    98  37.56  4212  30.32  17158   1.09   0.40
  1038  56280 420520   2.98  11.38  14.81   8.00   8.25    97  37.56  4212  30.32  17158   1.04   0.56
  1038  56280 420520   4.00  10.56  14.80   8.00   8.36    98  37.56  4212  30.32  17158   0.97   0.59
  1039  56280 420520   5.01   9.71  14.79   8.00   8.31    97  37.54  4212  30.32  17158   0.77   0.49
  1039  56280 420520   6.02   8.56  14.81   8.00   8.24    97  37.56  4212  30.32  17158   1.07   0.60
  1040  56280 420520   7.04   7.71  14.78   7.99   8.35    98  37.54  4212  30.32  17158   0.50   0.48
  1040  56280 420520   7.98   6.85  14.76   7.99   8.17    96  37.52  4213  30.32  17160   0.46   0.56
  1040  56280 420520   9.06   5.70  14.74   7.99   8.22    96  37.51  4214  30.33  17165   0.32   0.32
  1041  56280 420520   9.95   4.83  14.71   7.98   8.19    96  37.49  4214  30.33  17169   0.38   0.25
  1041  56280 420520  10.96   3.73  14.65   7.98   7.99    93  37.45  4215  30.34  17172   0.23   0.26
  1042  56280 420520  12.01   2.56  14.61   7.96   8.01    94  37.42  4215  30.34  17172   0.32   0.38
  1043  56280 420520  13.07   1.48  14.53   7.95   7.76    91  37.37  4218  30.36  17185   0.27   0.22
  1043  56280 420520  14.05   0.00  14.53   7.95   7.76    91  37.38  4218  30.37  17188   0.21   0.55
 -2359  57620 418940   1.00   9999   9999   9999   9999  9999   9999  9999   9999   9999   9999   9999
  2359  57620 418940  16.05   9999   9999   9999   9999  9999   9999  9999   9999   9999   9999   9999
 -1014  57960 417200   1.02  19.60  14.80   8.03   8.91   104  37.37  4192  30.15  17062   2.80   0.64
  1015  57960 417200   2.02   0.00  14.80   8.03   8.83   104  37.37  4191  30.15  17061   2.52   0.58
  1016  57960 417200   2.99  18.09  14.82   8.02   8.57   101  37.41  4193  30.17  17071   1.02   0.29
  1017  57960 417200   3.99  16.29  14.82   8.02   8.75   103  37.40  4193  30.17  17071   1.14   0.63
  1017  57960 417200   5.03  15.84  14.87   8.01   8.54   100  37.48  4197  30.19  17087   0.43   0.19
  1018  57960 417200   6.07  14.56  14.87   8.01   8.52   100  37.48  4197  30.20  17088   0.49   0.13
  1018  57960 417200   7.02  12.54  14.87   8.02   8.57   101  37.48  4198  30.20  17091   0.58   0.19
  1019  57960 417200   8.04  10.85  14.88   8.02   8.56   101  37.51  4199  30.21  17098   0.53   0.25
  1019  57960 417200   8.99  10.28  15.01   8.02   8.48   100  37.68  4206  30.27  17128   0.49   0.21
  1019  57960 417200   9.97   9.63  15.10   8.02   8.63   102  37.81  4212  30.32  17156   0.34   0.14
  1020  57960 417200  10.99   5.36  15.06   7.97   7.87    93  37.82  4217  30.35  17178   0.27   0.10
  1021  57960 417200  12.06   3.80  15.06   7.97   8.01    94  37.83  4218  30.36  17185   0.26   0.25
  1021  57960 417200  13.02   1.93  15.07   7.97   7.88    93  37.85  4219  30.37  17187   0.22   0.24
  1023  57960 417200  14.01   1.59  15.02   7.92   7.20    85  37.84  4223  30.40  17206   0.24   0.34
 -2359  59065 414865   1.00   9999   9999   9999   9999  9999   9999  9999   9999   9999   9999   9999
  2359  59065 414865  17.00   9999   9999   9999   9999  9999   9999  9999   9999   9999   9999   9999
 -0931  61220 413050   0.99   9.20  14.69   7.94   7.93    93  37.10  4171  29.99  16970   1.48   0.47
  0931  61220 413050   2.00   8.74  14.70   7.94   7.87    92  37.10  4171  29.99  16970   1.36   0.31
  0932  61220 413050   3.03   7.51  14.71   7.94   7.93    93  37.12  4172  30.00  16973   0.89   0.40
  0932  61220 413050   3.97   6.73  14.73   7.93   7.83    91  37.17  4176  30.03  16991   0.63   0.21
  0933  61220 413050   5.00   5.61  14.73   7.92   7.66    90  37.20  4180  30.06  17008   0.52   0.32
  0933  61220 413050   6.01   4.60  14.72   7.92   7.79    91  37.23  4183  30.08  17024   0.44   0.22
  0933  61220 413050   7.05   3.51  14.70   7.91   7.59    89  37.23  4185  30.10  17035   0.51   0.18
  0934  61220 413050   8.00   2.50  14.66   7.91   7.76    91  37.21  4187  30.11  17042   0.53   0.29
  0934  61220 413050   9.06   1.25  14.39   7.89   7.43    86  36.98  4188  30.12  17046   0.24   0.22
  0935  61220 413050   9.96   0.00  14.32   7.88   7.55    88  36.96  4191  30.15  17062   0.26   0.18
 -2359  62300 412250   1.00   9999   9999   9999   9999  9999   9999  9999   9999   9999   9999   9999
  2359  62300 412250  17.00   9999   9999   9999   9999  9999   9999  9999   9999   9999   9999   9999
 -0907  65270 412088   1.07  14.76  14.87   7.99   8.15    95  36.48  4085  29.30  16569   0.72   0.29
  0908  65270 412088   1.99  13.55  14.85   7.99   8.02    94  36.63  4103  29.45  16654   0.70   0.31
  0908  65270 412088   3.01  12.16  14.85   7.97   8.06    94  36.73  4116  29.55  16712   0.73   0.38
  0909  65270 412088   4.01  11.31  14.76   7.97   7.87    92  36.68  4118  29.56  16723   0.61   0.29
  0910  65270 412088   5.02  11.90  14.79   7.97   7.88    92  36.78  4126  29.62  16758   0.50   0.31
  0911  65270 412088   6.05  11.09  14.69   7.96   7.94    93  36.69  4126  29.63  16762   0.66   0.27
  0911  65270 412088   7.03   9.99  14.66   7.95   7.78    91  36.71  4131  29.67  16782   0.54   0.25
  0911  65270 412088   8.03   7.99  14.66   7.94   7.86    92  36.76  4136  29.71  16806   0.44   0.27
  0912  65270 412088   8.98   7.03  14.70   7.94   7.69    90  36.78  4135  29.70  16804   0.40   0.34
  0912  65270 412088  10.03   4.46  14.65   7.94   7.78    91  36.75  4136  29.71  16808   0.38   0.16
  0913  65270 412088  10.98   3.39  14.64   7.95   7.84    91  36.73  4135  29.70  16803   0.29   0.15
  0913  65270 412088  12.09   2.81  14.63   7.94   7.66    89  36.76  4139  29.73  16820   0.39   0.20
  0914  65270 412088  13.01   2.05  14.61   7.93   7.77    90  36.78  4143  29.76  16839   0.27   0.40
  0914  65270 412088  14.01   1.08  14.62   7.93   7.69    90  36.80  4145  29.78  16848   0.39   0.33
 -2359  66330 411630   1.00   9999   9999   9999   9999  9999   9999  9999   9999   9999   9999   9999
  2359  66330 411630   7.00   9999   9999   9999   9999  9999   9999  9999   9999   9999   9999   9999
 -0841  67340 411360   0.99  11.38  14.98   7.98   8.07    94  36.31  4056  29.07  16437   0.64   0.49
  0841  67340 411360   2.02  11.21  14.97   7.98   8.04    94  36.36  4062  29.12  16463   0.59   0.48
  0841  67340 411360   3.03   9.96  14.97   7.98   7.99    93  36.36  4063  29.12  16467   0.67   0.60
  0842  67340 411360   3.97   9.08  14.93   7.98   8.11    95  36.38  4069  29.17  16497   0.61   0.30
  0842  67340 411360   4.99   8.19  14.91   7.97   8.01    94  36.39  4071  29.19  16507   0.61   0.28
  0842  67340 411360   5.98   7.03  14.89   7.98   7.94    93  36.41  4075  29.22  16524   0.50   0.43
  0843  67340 411360   7.02   5.80  14.94   8.00   8.05    94  36.49  4080  29.26  16547   0.47   0.71
  0843  67340 411360   8.05   4.94  14.91   8.00   7.83    92  36.50  4083  29.29  16562   0.55   0.66
  0844  67340 411360   9.04   4.04  14.92   7.98   7.85    92  36.62  4096  29.39  16623   0.59   0.58
  0844  67340 411360  10.01   2.85  14.91   7.96   7.57    89  36.75  4111  29.51  16689   0.52   0.54
  0845  67340 411360  10.96   1.89  14.94   7.93   7.57    89  36.90  4126  29.63  16758   0.52   0.40
  0846  67340 411360  12.04   1.04  14.91   7.88   6.94    81  37.04  4144  29.77  16840   0.34   0.30
 -0830  69280 410950   1.05   6.71  14.88   7.96   7.95    93  36.24  4058  29.08  16444   0.57   0.92
  0830  69280 410950   2.05   5.50  14.86   7.96   7.89    92  36.23  4058  29.08  16445   0.52   0.89
  0831  69280 410950   3.04   3.58  14.83   7.96   7.87    92  36.19  4056  29.07  16439   0.63   1.17
  0831  69280 410950   4.03   2.11  14.77   7.95   7.96    93  36.14  4057  29.08  16440   0.52   1.44
  0832  69280 410950   4.99   0.49  14.57   7.94   7.70    89  35.97  4057  29.08  16442   0.46   1.70
 -0830  69280 410950   1.05   6.71  14.88   7.96   7.95    93  36.24  4058  29.08  16444   0.57   0.92
  0830  69280 410950   2.05   5.50  14.86   7.96   7.89    92  36.23  4058  29.08  16445   0.52   0.89
  0831  69280 410950   3.04   3.58  14.83   7.96   7.87    92  36.19  4056  29.07  16439   0.63   1.17
  0831  69280 410950   4.03   2.11  14.77   7.95   7.96    93  36.14  4057  29.08  16440   0.52   1.44
  0832  69280 410950   4.99   0.49  14.57   7.94   7.70    89  35.97  4057  29.08  16442   0.46   1.70
