# code T-h       is (nog ? ) niet bekend
# MEETVAARTUIG :
# MEETDATUM    : 2023-11-06 00:00:00
# MEETGEBIED   :
# STARTPUNT    :
# EINDPUNT     :
# PROJECTCODE  :
# OPDRACHTGEVER:
# BEHEERDER    :
# BEMONST. INST:
# WAARNEMER(S) : lamper
#
* 20231106
$ 9999 [0000000000000000]
>TIJD      uumm                    
>X         coordinaat              
>Y         coordinaat              
>SENSHTE   Diepte set        m     
>Echms     Echoset           mtrs  
>Temp      Temperatuur       oC    
>pH        Zuurgraad         dimsls
>O2        Zuurstof          mg/l  
>%O2       Zuurstof%         %     
>GELBH     Geleidendheid     mS/cm 
>GEL20     Gel20             ???   
>SALNTT    Saliniteit        dimsl 
>CL-       Chloride          mg/l  
>CHFLYSI   Chlorofyl         ugr/l 
>TURBID    Troebelheid       NTU   
>T-h       nog niet gedefinieerd   
 -2359  47466 418850   1.00   9999   9999   9999   9999  9999   9999  9999   9999   9999   9999   9999   9999
  2359  47466 418850  15.96   9999   9999   9999   9999  9999   9999  9999   9999   9999   9999   9999   9999
 -2359  47960 418357   1.00   9999   9999   9999   9999  9999   9999  9999   9999   9999   9999   9999   9999
  2359  47960 418357  16.06   9999   9999   9999   9999  9999   9999  9999   9999   9999   9999   9999   9999
 -1105  48744 418169   1.08  43.66  11.83   7.88   8.09    91  34.14  4107  29.48  16685   0.32   0.62   9999
  1105  48744 418169   1.96  44.76  11.84   7.88   8.08    91  34.14  4106  29.48  16684   0.30   0.61   9999
  1105  48744 418169   3.03  43.86  11.85   7.88   8.08    91  34.17  4108  29.49  16692   0.28   0.72   9999
  1105  48744 418169   3.95  40.88  11.85   7.88   8.08    91  34.19  4110  29.51  16699   0.30   0.71   9999
  1106  48744 418169   5.06   0.00  11.85   7.88   8.07    91  34.20  4111  29.52  16705   0.26   0.67   9999
  1106  48744 418169   6.06  39.64  11.87   7.88   8.06    91  34.23  4113  29.54  16717   0.23   0.64   9999
  1106  48744 418169   6.99  38.17  11.95   7.88   8.05    91  34.40  4127  29.64  16777   0.19   0.72   9999
  1107  48744 418169   7.94  38.67  12.10   7.88   7.95    91  34.74  4151  29.84  16889   0.24   0.77   9999
  1107  48744 418169   9.00  37.74  12.13   7.88   7.87    90  34.90  4167  29.97  16964   0.21   0.89   9999
  1107  48744 418169  10.01  35.73  12.04   7.89   7.86    90  35.01  4191  30.15  17072   0.28   1.39   9999
  1107  48744 418169  10.96  33.99  12.07   7.89   7.87    90  35.06  4193  30.17  17081   0.21   1.39   9999
  1108  48744 418169  12.00  25.57  12.33   7.88   7.76    89  35.56  4226  30.44  17235   0.23   1.77   9999
  1108  48744 418169  12.94  32.58  12.49   7.87   7.56    87  35.91  4252  30.64  17354   0.26   1.74   9999
  1108  48744 418169  13.98  31.67  12.61   7.87   7.44    86  36.08  4260  30.71  17391   0.25   1.60   9999
  1109  48744 418169  14.93  30.83  12.72   7.87   7.33    85  36.22  4265  30.74  17412   0.27   1.33   9999
  1109  48744 418169  15.99  29.38  12.28   7.89   7.47    86  35.91  4272  30.81  17450   0.18   2.18   9999
  1110  48744 418169  16.94  29.34  12.40   7.88   7.44    86  36.12  4286  30.91  17511   0.19   1.88   9999
  1110  48744 418169  17.92  27.50  12.26   7.88   7.51    86  36.04  4290  30.95  17533   0.27   2.04   9999
  1111  48744 418169  19.11  26.99  12.22   7.89   7.56    87  36.04  4295  30.99  17555   0.21   2.33   9999
  1111  48744 418169  20.07  25.32  12.18   7.89   7.57    87  36.02  4297  31.00  17564   0.19   2.48   9999
  1111  48744 418169  21.04  24.42  12.01   7.90   7.74    89  35.85  4294  30.98  17551   0.24   3.32   9999
  1112  48744 418169  22.01   0.00  11.96   7.90   7.81    89  35.80  4294  30.98  17550   0.67   3.69   9999
  1112  48744 418169  23.03  22.49  11.95   7.90   7.82    89  35.80  4294  30.98  17553   0.30   3.81   9999
  1112  48744 418169  23.95  21.60  11.96   7.90   7.83    90  35.85  4298  31.01  17572   0.23   4.24   9999
  1112  48744 418169  25.00  20.50  11.95   7.90   7.82    90  35.86  4300  31.03  17582   0.32   3.91   9999
  1113  48744 418169  25.95  18.94  11.97   7.90   7.83    90  35.91  4305  31.07  17603   0.24   3.51   9999
  1113  48744 418169  27.09  18.74  11.98   7.90   7.81    89  35.94  4308  31.09  17615   0.24   3.47   9999
  1113  48744 418169  27.97  17.66  11.95   7.90   7.81    89  35.92  4308  31.09  17616   0.26   3.65   9999
  1113  48744 418169  28.99  16.71  11.96   7.90   7.82    90  35.93  4308  31.09  17619   0.29   3.86   9999
  1114  48744 418169  30.02  15.98  12.01   7.90   7.80    89  35.99  4310  31.11  17628   0.24   3.13   9999
  1114  48744 418169  31.07  14.83  12.06   7.90   7.76    89  36.04  4312  31.13  17636   0.30   2.75   9999
  1115  48744 418169  31.97  13.43  12.05   7.90   7.76    89  36.04  4313  31.13  17638   0.24   3.26   9999
  1115  48744 418169  32.92  12.36  12.04   7.90   7.76    89  36.04  4313  31.13  17640   0.37   3.08   9999
  1115  48744 418169  34.13  10.81  12.01   7.90   7.76    89  36.02  4314  31.14  17642   0.28   3.49   9999
  1115  48744 418169  35.03   9.75  12.01   7.90   7.78    89  36.02  4314  31.14  17643   0.24   3.18   9999
  1115  48744 418169  35.96   9.04  12.01   7.90   7.78    89  36.02  4314  31.14  17643   0.28   3.42   9999
  1116  48744 418169  36.94   8.00  12.03   7.90   7.77    89  36.04  4314  31.14  17645   0.27   3.14   9999
  1116  48744 418169  38.01   6.96  12.04   7.90   7.76    89  36.06  4316  31.15  17652   0.20   3.01   9999
  1116  48744 418169  38.90   6.00  12.05   7.90   7.75    89  36.07  4316  31.15  17653   0.28   2.65   9999
  1117  48744 418169  39.99   4.86  12.03   7.90   7.75    89  36.05  4316  31.15  17653   0.24   3.00   9999
  1117  48744 418169  41.13   3.28  12.03   7.90   7.76    89  36.05  4316  31.16  17654   0.98   3.03   9999
  1117  48744 418169  41.99   2.31  12.04   7.90   7.75    89  36.06  4316  31.16  17655   0.26   3.32   9999
  1118  48744 418169  42.57   1.83  12.04   7.90   7.75    89  36.07  4317  31.16  17658   0.25   3.17   9999
 -2359  49730 418270   1.00   9999   9999   9999   9999  9999   9999  9999   9999   9999   9999   9999   9999
  2359  49730 418270  17.00   9999   9999   9999   9999  9999   9999  9999   9999   9999   9999   9999   9999
 -2359  50728 418380   1.00   9999   9999   9999   9999  9999   9999  9999   9999   9999   9999   9999   9999
  2359  50728 418380  27.01   9999   9999   9999   9999  9999   9999  9999   9999   9999   9999   9999   9999
 -2359  51572 418570   1.00   9999   9999   9999   9999  9999   9999  9999   9999   9999   9999   9999   9999
  2359  51572 418570  37.00   9999   9999   9999   9999  9999   9999  9999   9999   9999   9999   9999   9999
 -2359  52940 420290   1.00   9999   9999   9999   9999  9999   9999  9999   9999   9999   9999   9999   9999
  2359  52940 420290  10.00   9999   9999   9999   9999  9999   9999  9999   9999   9999   9999   9999   9999
 -2359  53710 421060   1.00   9999   9999   9999   9999  9999   9999  9999   9999   9999   9999   9999   9999
  2359  53710 421060  16.03   9999   9999   9999   9999  9999   9999  9999   9999   9999   9999   9999   9999
 -2359  55190 421380   1.00   9999   9999   9999   9999  9999   9999  9999   9999   9999   9999   9999   9999
  2359  55190 421380  20.00   9999   9999   9999   9999  9999   9999  9999   9999   9999   9999   9999   9999
 -2359  56280 420520   1.00   9999   9999   9999   9999  9999   9999  9999   9999   9999   9999   9999   9999
  2359  56280 420520  12.02   9999   9999   9999   9999  9999   9999  9999   9999   9999   9999   9999   9999
 -2359  57620 418940   1.00   9999   9999   9999   9999  9999   9999  9999   9999   9999   9999   9999   9999
  2359  57620 418940  16.05   9999   9999   9999   9999  9999   9999  9999   9999   9999   9999   9999   9999
 -2359  57960 417200   1.00   9999   9999   9999   9999  9999   9999  9999   9999   9999   9999   9999   9999
  2359  57960 417200  19.92   9999   9999   9999   9999  9999   9999  9999   9999   9999   9999   9999   9999
 -1001  59090 414900   1.03  17.06  11.06   7.90   8.50    94  32.87  4029  28.87  16331   0.21   0.68   9999
  1001  59090 414900   2.09  16.85  11.07   7.90   8.50    94  32.88  4028  28.86  16329   0.23   0.66   9999
  1002  59090 414900   3.03  15.98  11.07   7.90   8.50    94  32.88  4028  28.86  16330   0.26   0.69   9999
  1002  59090 414900   3.95  15.20  11.06   7.90   8.49    94  32.88  4030  28.88  16336   0.32   0.71   9999
  1002  59090 414900   4.95  14.63  11.06   7.90   8.49    94  32.88  4029  28.87  16334   0.29   0.67   9999
  1002  59090 414900   5.98  13.15  11.07   7.90   8.49    94  32.89  4031  28.88  16340   0.24   0.68   9999
  1003  59090 414900   7.11  12.03  11.06   7.90   8.49    94  32.89  4031  28.88  16340   0.27   0.71   9999
  1003  59090 414900   8.07  11.38  11.06   7.90   8.49    94  32.89  4031  28.88  16341   0.28   0.72   9999
  1003  59090 414900   9.04  10.31  11.06   7.90   8.49    94  32.90  4032  28.89  16345   0.31   0.67   9999
  1003  59090 414900  10.05   9.25  11.07   7.90   8.49    94  32.92  4033  28.90  16351   0.25   0.74   9999
  1004  59090 414900  11.09   7.99  11.07   7.90   8.48    94  32.92  4033  28.90  16351   0.25   0.72   9999
  1004  59090 414900  12.13   6.79  11.08   7.90   8.48    94  32.92  4033  28.90  16353   0.22   0.73   9999
  1004  59090 414900  13.06   5.70  11.07   7.90   8.48    94  32.92  4033  28.90  16351   0.25   0.70   9999
  1004  59090 414900  14.08   4.66  11.08   7.90   8.48    94  32.92  4033  28.90  16352   0.31   0.69   9999
  1005  59090 414900  15.01   3.81  11.10   7.90   8.48    94  32.96  4036  28.93  16366   0.18   0.74   9999
  1005  59090 414900  16.01   3.04  11.10   7.90   8.46    94  33.02  4042  28.97  16392   0.26   0.78   9999
  1005  59090 414900  16.92   1.98  11.10   7.90   8.46    94  33.02  4043  28.98  16395   0.23   0.83   9999
  1005  59090 414900  17.91   0.99  11.10   7.90   8.45    94  33.02  4043  28.98  16395   0.23   0.85   9999
 -2359  61220 413050   1.00   9999   9999   9999   9999  9999   9999  9999   9999   9999   9999   9999   9999
  2359  61220 413050   8.95   9999   9999   9999   9999  9999   9999  9999   9999   9999   9999   9999   9999
 -2359  62300 412250   1.00   9999   9999   9999   9999  9999   9999  9999   9999   9999   9999   9999   9999
  2359  62300 412250  17.00   9999   9999   9999   9999  9999   9999  9999   9999   9999   9999   9999   9999
 -0915  65250 412100   0.92  14.93  10.82   7.88   8.46    93  32.64  4023  28.83  16309   0.23   0.72   9999
  0915  65250 412100   1.99  10.32  10.82   7.88   8.46    93  32.66  4027  28.85  16325   0.21   0.73   9999
  0915  65250 412100   2.99  11.85  10.82   7.88   8.46    93  32.69  4030  28.88  16341   0.22   0.68   9999
  0916  65250 412100   3.88  10.71  10.82   7.88   8.45    93  32.72  4033  28.90  16352   0.17   0.74   9999
  0916  65250 412100   4.92   9.17  10.82   7.89   8.46    93  32.72  4034  28.91  16357   0.26   0.69   9999
  0916  65250 412100   5.95   6.86  10.82   7.89   8.46    93  32.74  4036  28.92  16365   0.21   0.75   9999
  0916  65250 412100   7.00   7.76  10.82   7.88   8.45    93  32.77  4039  28.95  16380   0.17   0.64   9999
  0917  65250 412100   8.10   6.95  10.83   7.88   8.43    93  32.78  4040  28.96  16387   0.18   0.63   9999
  0917  65250 412100   9.00   6.51  10.82   7.89   8.43    93  32.79  4042  28.97  16392   0.18   0.66   9999
  0917  65250 412100  10.04   5.48  10.82   7.88   8.44    93  32.80  4044  28.99  16401   0.16   0.62   9999
  0918  65250 412100  10.89   5.44  10.79   7.88   8.38    92  32.82  4049  29.03  16425   0.17   0.59   9999
  0918  65250 412100  11.93   4.34  10.81   7.88   8.38    92  32.83  4048  29.02  16424   0.16   0.58   9999
  0919  65250 412100  12.94   3.31  10.79   7.87   8.36    92  32.82  4049  29.03  16424   0.14   0.62   9999
  0919  65250 412100  13.90   2.13  10.79   7.88   8.35    92  32.84  4051  29.05  16437   0.19   0.64   9999
  0919  65250 412100  14.90  27.39  10.79   7.88   8.35    92  32.82  4049  29.02  16425   0.19   0.64   9999
 -2359  66330 411630   1.00   9999   9999   9999   9999  9999   9999  9999   9999   9999   9999   9999   9999
  2359  66330 411630   7.00   9999   9999   9999   9999  9999   9999  9999   9999   9999   9999   9999   9999
 -2359  67340 411360   1.00   9999   9999   9999   9999  9999   9999  9999   9999   9999   9999   9999   9999
  2359  67340 411360  11.97   9999   9999   9999   9999  9999   9999  9999   9999   9999   9999   9999   9999
 -2359  68840 411250   1.00   9999   9999   9999   9999  9999   9999  9999   9999   9999   9999   9999   9999
  2359  68840 411250  10.94   9999   9999   9999   9999  9999   9999  9999   9999   9999   9999   9999   9999
 -2359  69280 410950   1.00   9999   9999   9999   9999  9999   9999  9999   9999   9999   9999   9999   9999
  2359  69280 410950   4.79   9999   9999   9999   9999  9999   9999  9999   9999   9999   9999   9999   9999
