# MEETVAARTUIG : M.S. ARGUS
# MEETDATUM    : 15-01-2009 07:56:07
# MEETGEBIED   : GREVELINGEN
# STARTPUNT    : Brouwersdam
# EINDPUNT     : Grevelingendam
# PROJECTCODE  : E7501X
# OPDRACHTGEVER: ZLXXAXAMDBG
# BEHEERDER    : ZLXXAXAMDBG
# BEMONST. INST:
# WAARNEMER(S) : G.J.Bakker
#
* 20090115
$ 9999 [00000000000]
>TIJD      uumm                    
>X         coordinaat              
>Y         coordinaat              
>SENSHTE   Diepte set        m     
>ECHOS     Echoset           mtrs  
>Temp       Temperatuur       oC        : 1  1.0  11  1.0
>O2        Zuurstof          mg/l  
>%O2        Zuurstof%         %     
>GELBH     Geleidendheid     mS/cm 
>SALNTT    Saliniteit        dimsl 
>CL-       Chloride          mg/l      : 16500  125  13  125
 -0756  47482 418841   1.07  23.48   3.08  10.63    98  28.83  31.48  17864
  0756  47467 418861   2.06  12.54   2.61  10.64    97  28.30  31.28  17754
  0757  47455 418867   3.07  12.41   3.21  10.58    98  28.68  31.15  17685
  0757  47457 418852   4.04  11.49   3.16  10.43    96  29.13  31.77  18029
  0758  47467 418847   5.08   8.98   3.22  10.46    97  29.03  31.58  17923
  0758  47485 418842   6.07   5.17   3.36  10.41    96  29.07  31.49  17872
  0759  47489 418842   7.07   3.40   3.56  10.32    96  29.37  31.66  17965
  0759  47490 418842   7.95   2.36   3.67  10.33    97  29.50  31.71  17995
  0800  47485 418854   8.99   2.50   3.72  10.31    97  29.58  31.75  18018
  0800  47476 418868  10.01   3.40   3.66  10.31    96  29.52  31.74  18011
  0800  47475 418870  10.97   2.44   3.55  10.29    96  29.40  31.70  17989
  0801  47476 418860  12.05   1.75   3.69  10.27    96  29.56  31.75  18024
  0801  47477 418851  12.83   0.40   3.73  10.28    96  29.58  31.74  18013
 -0807  47949 418335   1.01  17.00   1.54  10.79    95  27.12  30.89  17521
  0807  47950 418348   2.01  15.70   1.57  10.77    95  27.17  30.92  17540
  0807  47950 418353   3.07  14.60   1.63  10.79    95  27.22  30.92  17542
  0808  47951 418356   4.02  13.45   1.74  10.78    96  27.34  30.97  17566
  0808  47956 418357   4.99  12.35   1.89  10.78    96  27.50  31.02  17596
  0808  47957 418359   6.04  11.25   1.94  10.76    96  27.57  31.06  17618
  0809  47956 418360   6.99  10.35   1.95  10.75    96  27.60  31.08  17634
  0809  47960 418355   7.99   9.55   2.16  10.72    96  27.84  31.17  17686
  0809  47962 418352   9.00   9.05   2.24  10.70    96  27.94  31.22  17712
  0810  47962 418352   9.99   7.95   2.25  10.69    96  27.94  31.21  17706
  0810  47962 418355  11.03   6.70   2.33  10.67    96  28.00  31.20  17703
  0810  47960 418358  12.03   5.45   2.40  10.64    96  28.12  31.28  17749
  0811  47958 418362  12.99   4.25   2.42  10.62    96  28.19  31.35  17787
  0811  47961 418364  14.01   3.25   2.42  10.61    96  28.22  31.39  17809
  0812  47966 418363  15.03   2.80   2.42  10.58    96  28.22  31.39  17809
  0812  47971 418360  16.02   1.70   2.42  10.57    96  28.23  31.40  17816
  0812  47976 418356  17.00   0.65   2.43  10.55    95  28.24  31.40  17817
 -0818  48758 418173   1.08  43.60   1.10  11.08    96  26.67  30.75  17443
  0819  48761 418179   2.03  42.70   1.09  11.09    96  26.67  30.76  17449
  0819  48760 418186   3.01  41.85   1.17  11.07    97  26.72  30.75  17440
  0819  48756 418188   4.03  40.85   1.38  11.05    97  26.96  30.84  17495
  0820  48754 418184   4.99  39.80   1.55  10.97    97  27.16  30.93  17544
  0820  48754 418175   6.00  38.75   1.98  10.89    97  27.65  31.12  17653
  0821  48767 418178   7.01  37.85   1.96  10.76    96  27.63  31.11  17650
  0822  48771 418182   8.00  36.90   2.08  10.73    96  27.75  31.14  17667
  0822  48769 418189   9.05  35.95   2.14  10.70    96  27.83  31.18  17690
  0823  48768 418195  10.06  35.00   2.20  10.68    96  27.88  31.18  17692
  0823  48771 418200  10.99  34.10   2.28  10.66    96  28.00  31.25  17732
  0823  48775 418203  12.03  33.10   2.28  10.67    96  27.99  31.24  17725
  0823  48781 418203  13.03  32.05   2.28  10.65    96  27.99  31.24  17725
  0824  48784 418199  14.05  31.05   2.31  10.65    96  28.03  31.26  17736
  0824  48783 418195  15.00  30.15   2.31  10.62    96  28.04  31.27  17743
  0824  48783 418193  16.00  29.10   2.34  10.61    96  28.06  31.27  17741
  0825  48766 418195  17.08  28.10   2.49  10.57    96  28.26  31.37  17797
  0826  48761 418194  18.01  27.15   2.50  10.57    96  28.26  31.36  17791
  0826  48755 418186  19.01  26.05   2.50  10.55    96  28.27  31.37  17799
  0827  48757 418181  20.02  25.05   2.51  10.54    96  28.28  31.37  17800
  0827  48758 418179  21.07  23.95   2.51  10.53    95  28.29  31.38  17807
  0828  48756 418182  22.00  23.20   2.50  10.53    95  28.30  31.40  17820
  0828  48754 418186  23.03  22.05   2.49  10.51    95  28.32  31.44  17840
  0828  48750 418188  24.01  21.20   2.51  10.48    95  28.35  31.46  17850
  0829  48747 418186  24.99  20.15   2.54  10.47    95  28.38  31.46  17854
  0829  48749 418186  26.05  19.25   2.54  10.46    95  28.40  31.49  17868
  0829  48754 418187  27.01  18.40   2.53  10.45    95  28.39  31.49  17867
  0830  48767 418189  28.03  17.20   2.54  10.42    95  28.41  31.50  17875
  0830  48775 418195  28.97  16.40   2.54  10.41    94  28.41  31.50  17875
  0831  48781 418195  30.01  15.40   2.53  10.40    94  28.41  31.51  17881
  0831  48781 418193  31.00  14.60   2.52  10.40    94  28.40  31.51  17880
  0832  48781 418192  32.03  14.15   2.53  10.38    94  28.41  31.51  17881
  0832  48781 418191  33.03  13.75   2.52  10.37    94  28.41  31.52  17887
  0832  48781 418191  34.06  11.50   2.52  10.37    94  28.41  31.52  17887
  0833  48781 418189  35.02  11.05   2.52  10.36    94  28.41  31.52  17887
  0833  48777 418185  35.96   9.35   2.52  10.35    94  28.41  31.52  17887
  0834  48777 418184  37.09   8.20   2.52  10.35    94  28.40  31.51  17880
  0834  48777 418183  38.07   7.25   2.53  10.33    94  28.42  31.52  17888
  0834  48779 418182  39.03   6.40   2.52  10.32    94  28.41  31.52  17887
  0835  48777 418183  39.96   5.40   2.52  10.31    94  28.41  31.52  17887
  0835  48776 418185  41.07   4.35   2.52  10.31    94  28.41  31.52  17887
  0835  48775 418185  42.00   3.50   2.53  10.29    93  28.42  31.52  17888
  0835  48774 418187  43.01   2.45   2.53  10.28    93  28.42  31.52  17888
  0836  48773 418190  44.01   1.70   2.53  10.27    93  28.44  31.55  17902
  0836  48770 418192  45.04   0.50   2.54  10.22    93  28.44  31.54  17896
 -0845  49744 418251   1.04  51.30   1.07  11.22    98  26.65  30.76  17446
  0845  49737 418258   2.00  21.90   1.14  11.21    98  26.72  30.78  17457
  0846  49732 418268   3.01  17.90   1.23  11.15    97  26.83  30.83  17486
  0846  49728 418272   4.02  15.30   1.69  11.02    98  27.30  30.97  17566
  0847  49723 418276   5.06  13.00   1.85  10.75    96  27.52  31.08  17633
  0848  49722 418275   6.09  12.05   2.08  10.67    96  27.73  31.12  17653
  0848  49722 418275   7.00  11.20   2.12  10.65    95  27.78  31.14  17666
  0848  49723 418272   8.01  10.60   2.13  10.62    95  27.80  31.15  17675
  0849  49723 418271   9.01  10.05   2.10  10.64    95  27.80  31.18  17692
  0849  49723 418271  10.01   9.25   2.10  10.61    95  27.80  31.18  17692
  0849  49722 418270  11.01   8.50   2.14  10.62    95  27.85  31.21  17705
  0850  49724 418268  11.99   7.65   2.23  10.62    96  27.96  31.25  17732
  0850  49724 418267  13.03   6.90   2.24  10.63    96  27.97  31.26  17733
  0850  49725 418269  14.00   5.75   2.26  10.61    96  28.00  31.27  17743
  0851  49727 418271  15.02   4.35   2.28  10.62    96  28.05  31.31  17768
  0851  49729 418273  15.99   3.40   2.31  10.60    96  28.10  31.35  17786
  0851  49731 418273  17.01   2.75   2.34  10.60    96  28.14  31.37  17798
  0852  49732 418270  17.98   2.60   2.39  10.58    96  28.19  31.38  17805
  0852  49732 418268  19.02  51.25   2.40  10.57    96  28.20  31.38  17806
  0853  49732 418266  20.06   1.70   2.41  10.56    95  28.21  31.38  17807
  0853  49732 418266  21.08  51.25   2.41  10.54    95  28.23  31.41  17822
 -0859  50748 418387   1.01  28.15   0.96  11.20    97  26.56  30.75  17442
  0900  50756 418373   2.00  27.40   0.96  11.19    97  26.56  30.75  17442
  0900  50758 418371   2.99  26.60   0.96  11.19    97  26.56  30.75  17442
  0901  50756 418373   4.04  25.45   0.98  11.19    97  26.57  30.74  17438
  0902  50745 418386   5.03  23.95   2.20  10.74    96  27.90  31.21  17706
  0902  50742 418387   6.05  22.95   2.22  10.67    96  27.93  31.23  17716
  0903  50737 418386   7.03  21.90   2.21  10.65    96  27.93  31.24  17722
  0903  50733 418384   8.04  20.75   2.19  10.63    96  27.93  31.26  17733
  0903  50729 418383   9.00  19.80   2.17  10.62    95  27.90  31.24  17723
  0904  50727 418381   9.99  18.85   2.16  10.63    95  27.91  31.26  17736
  0904  50727 418379  11.03  17.85   2.16  10.62    95  27.91  31.26  17736
  0905  50725 418380  11.99  16.95   2.17  10.62    95  27.92  31.26  17738
  0905  50724 418381  13.03  15.85   2.17  10.61    95  27.92  31.26  17738
  0905  50723 418382  14.03  14.75   2.19  10.60    95  27.95  31.28  17748
  0906  50720 418387  15.03  13.60   2.30  10.58    95  28.06  31.31  17763
  0906  50718 418390  16.03  12.25   2.41  10.59    96  28.12  31.27  17743
  0907  50717 418390  16.99  11.25   2.43  10.60    96  28.20  31.35  17789
  0907  50718 418388  18.02  10.55   2.42  10.58    96  28.20  31.36  17795
  0907  50720 418386  19.04   9.65   2.42  10.57    96  28.21  31.37  17802
  0908  50721 418383  20.00   8.85   2.44  10.55    96  28.24  31.39  17812
  0908  50722 418382  21.07   7.80   2.46  10.53    95  28.24  31.37  17800
  0908  50722 418382  22.04   6.90   2.47  10.53    95  28.27  31.40  17816
  0909  50722 418383  23.00   5.95   2.53  10.51    95  28.34  31.42  17831
  0909  50724 418380  24.07  51.25   2.56  10.51    95  28.38  31.44  17842
  0909  50726 418378  25.04   4.10   2.55  10.50    95  28.39  31.47  17855
  0910  50727 418378  26.04   3.15   2.55  10.47    95  28.39  31.47  17855
  0910  50726 418379  27.01   2.20   2.55  10.47    95  28.39  31.47  17855
  0910  50725 418379  28.06   1.30   2.55  10.47    95  28.39  31.47  17855
 -0916  51566 418545   1.09  35.50   0.93  11.17    97  26.54  30.76  17445
  0916  51571 418545   2.04  34.25   0.93  11.18    97  26.54  30.76  17445
  0917  51575 418545   3.06  33.40   0.94  11.18    97  26.54  30.75  17439
  0917  51576 418546   4.03  32.15   0.93  11.17    97  26.54  30.76  17445
  0917  51578 418549   5.07  31.20   2.04  10.99    98  27.63  31.03  17604
  0918  51581 418554   6.03  30.35   2.18  10.76    97  27.87  31.19  17696
  0918  51581 418556   6.98  29.50   2.19  10.69    96  27.90  31.22  17712
  0918  51581 418558   8.00  28.95   2.21  10.69    96  27.92  31.22  17715
  0919  51582 418560   9.04  27.85   2.24  10.67    96  27.96  31.24  17726
  0919  51582 418563  10.04  26.80   2.26  10.62    96  28.03  31.31  17765
  0919  51583 418563  11.02  26.00   2.26  10.61    96  28.02  31.30  17758
  0919  51582 418564  11.97  25.20   2.25  10.60    95  28.03  31.32  17771
  0920  51582 418565  13.02  24.05   2.25  10.59    95  28.03  31.32  17771
  0920  51581 418566  13.98  23.10   2.25  10.59    95  28.03  31.32  17771
  0920  51580 418568  15.05  22.15   2.26  10.59    95  28.04  31.32  17772
  0920  51581 418567  15.96  21.10   2.26  10.59    95  28.05  31.33  17779
  0920  51582 418566  17.08  20.05   2.28  10.59    95  28.08  31.35  17789
  0921  51583 418566  17.99  19.15   2.29  10.58    95  28.09  31.35  17791
  0921  51581 418567  18.97  18.15   2.33  10.55    95  28.15  31.39  17811
  0921  51580 418568  20.04  17.25   2.35  10.55    95  28.18  31.41  17820
  0921  51578 418570  21.01  16.50   2.36  10.55    95  28.18  31.40  17815
  0922  51576 418571  22.02  15.60   2.36  10.53    95  28.19  31.41  17822
  0922  51573 418574  23.01  14.50   2.38  10.51    95  28.22  31.42  17832
  0922  51572 418576  24.05  13.30   2.38  10.52    95  28.22  31.42  17832
  0922  51570 418577  25.00  12.40   2.40  10.50    95  28.24  31.43  17835
  0923  51568 418578  26.07  11.30   2.40  10.50    95  28.25  31.44  17842
  0923  51567 418579  27.12  10.10   2.41  10.50    95  28.26  31.44  17843
  0923  51566 418579  27.98   9.20   2.40  10.49    95  28.25  31.44  17842
  0923  51565 418578  29.00   8.45   2.41  10.48    95  28.27  31.46  17850
  0923  51563 418573  30.05   7.65   2.42  10.47    95  28.26  31.43  17837
  0924  51562 418569  31.03   6.65   2.41  10.49    95  28.25  31.43  17836
  0924  51561 418563  32.02   5.65   2.40  10.45    94  28.26  31.45  17849
  0924  51559 418560  33.04   4.55   2.39  10.43    94  28.26  31.46  17855
  0925  51559 418556  34.03   3.65   2.39  10.42    94  28.24  31.44  17840
  0925  51558 418555  35.03   2.50   2.39  10.42    94  28.25  31.45  17847
  0925  51556 418555  36.03   1.45   2.39  10.40    94  28.25  31.45  17847
  0925  51555 418556  36.96   0.75   2.39  10.39    94  28.25  31.45  17847
 -0937  52945 420306   0.98   9.90   0.42  11.63    99  26.10  30.70  17411
  0938  52953 420286   2.03   8.75   0.40  11.64   100  26.10  30.72  17423
  0938  52951 420281   3.00   7.80   0.40  11.63    99  26.10  30.72  17423
  0938  52951 420281   4.02   6.75   0.41  11.63    99  26.09  30.69  17410
  0939  52952 420281   5.04   5.75   0.43  11.61    99  26.12  30.71  17421
  0939  52950 420282   6.01   4.85   0.49  11.59    99  26.17  30.72  17423
  0939  52948 420287   7.02   3.90   0.55  11.54    99  26.24  30.75  17441
  0940  52946 420291   8.01   2.95   0.56  11.44    98  26.26  30.76  17450
  0940  52945 420294   9.01   1.95   0.57  11.40    98  26.26  30.75  17444
  0942  52937 420293  10.03   1.05   1.12  11.20    98  26.81  30.91  17535
 -0950  53722 421065   1.00  16.10   0.67  11.44    98  26.30  30.71  17416
  0950  53714 421064   2.09  15.10   0.66  11.43    98  26.30  30.72  17422
  0950  53710 421061   2.99  14.20   0.67  11.42    98  26.30  30.71  17416
  0950  53708 421060   3.98  13.25   0.66  11.43    98  26.30  30.72  17422
  0951  53703 421063   5.06  12.20   0.66  11.41    98  26.30  30.72  17422
  0951  53698 421063   6.01  11.25   0.62  11.40    98  26.28  30.73  17430
  0951  53695 421064   7.00  10.30   0.61  11.39    98  26.28  30.74  17436
  0952  53700 421064   8.07   9.20   0.58  11.37    98  26.26  30.74  17439
  0952  53702 421062   9.03   8.25   0.57  11.37    98  26.26  30.75  17444
  0952  53704 421063  10.06   7.25   0.57  11.36    98  26.26  30.75  17444
  0953  53705 421063  11.02   6.20   0.57  11.36    98  26.26  30.75  17444
  0953  53706 421061  11.99   5.20   0.57  11.36    98  26.27  30.77  17452
  0953  53708 421059  13.05   4.10   0.54  11.35    97  26.24  30.76  17447
  0953  53709 421059  14.06   3.05   0.59  11.33    97  26.28  30.76  17448
  0954  53708 421061  15.03   2.10   0.61  11.32    97  26.32  30.79  17466
  0954  53708 421062  16.03   1.15   0.73  11.28    97  26.44  30.83  17486
 -1001  55183 421368   0.94  51.25   0.67  11.46    99  26.30  30.71  17416
  1002  55190 421365   2.04  17.90   0.69  11.46    99  26.32  30.71  17420
  1002  55197 421367   2.99  17.25   0.69  11.47    99  26.34  30.74  17435
  1002  55204 421372   3.97  16.55   0.67  11.47    99  26.32  30.73  17431
  1003  55207 421380   4.99  15.70   0.68  11.46    99  26.33  30.74  17433
  1003  55213 421385   6.04  14.95   0.67  11.47    99  26.32  30.73  17431
  1003  55215 421384   7.01  14.00   0.66  11.45    98  26.31  30.73  17430
  1004  55215 421382   8.04  12.90   0.65  11.45    98  26.31  30.74  17435
  1004  55211 421382   8.98  11.85   0.62  11.45    98  26.29  30.74  17438
  1004  55207 421383  10.06  10.75   0.59  11.42    98  26.27  30.75  17440
  1004  55199 421386  10.98   9.85   0.57  11.39    98  26.27  30.77  17452
  1005  55194 421385  11.99   8.70   0.58  11.36    98  26.28  30.77  17454
  1005  55193 421384  13.05   7.60   0.59  11.34    97  26.28  30.76  17448
  1005  55191 421383  14.06   6.50   0.60  11.34    97  26.29  30.76  17449
  1006  55188 421380  15.01   5.55   0.62  11.33    97  26.30  30.76  17445
  1006  55188 421379  16.03   4.50   0.62  11.32    97  26.31  30.77  17453
  1006  55188 421379  17.01   3.45   0.75  11.28    97  26.43  30.79  17467
  1006  55187 421379  18.00   2.45   0.77  11.26    97  26.46  30.81  17478
  1007  55184 421380  19.04   1.45   1.04  11.14    97  26.68  30.83  17485
  1008  55182 421373  20.02  51.30   1.23  10.87    95  26.90  30.92  17538
 -1015  56288 420505   1.03  11.30   0.85  11.47    99  26.44  30.71  17417
  1015  56295 420501   2.03  10.45   0.86  11.47    99  26.46  30.72  17426
  1015  56298 420504   3.00   9.65   0.83  11.48    99  26.44  30.73  17428
  1015  56298 420509   3.98   8.80   0.83  11.47    99  26.43  30.71  17421
  1016  56299 420513   5.00   8.00   0.82  11.46    99  26.43  30.72  17427
  1016  56300 420516   5.99   7.05   0.82  11.46    99  26.43  30.72  17427
  1017  56299 420513   6.97   5.95   0.74  11.47    99  26.39  30.75  17443
  1017  56298 420511   7.97   4.95   0.71  11.47    99  26.36  30.74  17438
  1017  56296 420510   9.04   3.85   0.63  11.44    98  26.31  30.76  17447
  1018  56292 420508  10.03   2.70   0.62  11.39    98  26.31  30.77  17453
  1018  56289 420508  11.02   1.70   0.63  11.35    98  26.31  30.76  17447
  1018  56287 420509  12.01   0.65   0.63  11.33    97  26.31  30.76  17447
 -1029  57617 418925   1.01  15.60   0.76  11.58   100  26.35  30.68  17402
  1029  57618 418911   1.99  14.35   0.76  11.58   100  26.35  30.68  17402
  1030  57619 418908   2.99  13.25   0.76  11.57   100  26.35  30.68  17402
  1030  57619 418913   3.99  12.35   0.75  11.57   100  26.36  30.70  17415
  1030  57619 418915   5.06  11.40   0.76  11.56   100  26.35  30.68  17402
  1030  57619 418918   6.03  10.65   0.76  11.56   100  26.35  30.68  17402
  1031  57618 418921   7.01   9.90   0.77  11.55   100  26.36  30.68  17403
  1031  57616 418922   8.05   9.15   0.74  11.56   100  26.34  30.69  17406
  1031  57617 418924   9.02   8.20   0.73  11.53    99  26.34  30.70  17412
  1031  57616 418925   9.99   7.10   0.72  11.53    99  26.33  30.70  17410
  1032  57617 418932  11.03   6.00   0.68  11.51    99  26.31  30.71  17418
  1032  57616 418939  12.04   4.90   0.68  11.49    99  26.31  30.71  17418
  1032  57617 418941  13.03   3.80   0.69  11.48    99  26.32  30.71  17420
  1033  57618 418944  13.99   2.80   0.72  11.47    99  26.35  30.72  17425
  1033  57620 418945  15.03   2.00   0.73  11.46    99  26.35  30.71  17419
  1033  57621 418943  16.05   1.00   0.70  11.45    99  26.35  30.74  17436
 -1042  57964 417198   0.99  18.90   0.56  11.48    98  26.20  30.69  17405
  1043  57974 417181   2.03  17.90   0.55  11.48    98  26.20  30.70  17411
  1043  57973 417186   3.04  16.80   0.55  11.48    98  26.19  30.68  17404
  1044  57973 417198   4.02  16.45   0.55  11.47    98  26.21  30.71  17419
  1044  57972 417197   5.04  15.45   0.55  11.46    98  26.21  30.71  17419
  1045  57970 417193   6.01  14.20   0.55  11.46    98  26.21  30.71  17419
  1045  57965 417194   7.04  13.10   0.53  11.47    98  26.19  30.70  17415
  1045  57954 417194   8.02  12.40   0.53  11.44    98  26.20  30.72  17423
  1046  57951 417195   9.05  11.45   0.52  11.43    98  26.19  30.71  17421
  1046  57947 417194  10.03  10.60   0.51  11.43    98  26.19  30.72  17427
  1046  57946 417194  10.98   9.60   0.50  11.43    98  26.18  30.72  17425
  1047  57944 417194  12.09   8.40   0.50  11.41    98  26.18  30.72  17425
  1047  57942 417194  13.05   7.40   0.50  11.41    98  26.18  30.72  17425
  1047  57940 417193  14.06   6.25   0.50  11.40    98  26.18  30.72  17425
  1047  57935 417195  15.03   5.05   0.50  11.39    98  26.18  30.72  17425
  1049  57951 417190  16.04   4.50   0.53  11.37    98  26.19  30.70  17415
  1049  57959 417191  17.03   3.20   0.52  11.37    98  26.20  30.73  17428
  1049  57964 417192  18.04   1.90   0.56  11.36    98  26.25  30.75  17443
  1049  57965 417196  19.00   1.10   0.59  11.33    97  26.26  30.73  17433
 -1107  59301 414114   0.93  22.10   0.29  11.43    97  26.02  30.72  17427
  1107  59312 414108   2.01  21.20   0.28  11.43    97  26.00  30.71  17417
  1107  59318 414109   3.02  20.30   0.28  11.42    97  26.01  30.72  17425
  1108  59323 414111   4.02  19.40   0.28  11.42    97  26.01  30.72  17425
  1108  59325 414116   5.06  18.55   0.26  11.42    97  26.00  30.73  17429
  1108  59328 414120   6.02  17.85   0.26  11.42    97  26.00  30.73  17429
  1108  59329 414122   6.97  16.95   0.27  11.41    97  25.99  30.71  17416
  1109  59329 414124   7.99  16.00   0.27  11.41    97  26.00  30.72  17423
  1109  59329 414126   9.05  15.10   0.27  11.42    97  26.01  30.73  17431
  1109  59329 414130  10.03  14.20   0.27  11.41    97  26.00  30.72  17423
  1109  59330 414131  11.04  13.15   0.26  11.41    97  26.01  30.74  17437
  1110  59330 414132  12.04  12.10   0.26  11.41    97  26.01  30.74  17437
  1110  59330 414132  13.00  11.20   0.26  11.40    97  26.00  30.73  17429
  1110  59328 414130  14.01  10.05   0.25  11.41    97  26.00  30.74  17435
  1111  59328 414128  15.01   9.00   0.25  11.41    97  26.00  30.74  17435
  1111  59326 414127  16.03   8.05   0.25  11.38    97  26.00  30.74  17435
  1111  59323 414125  17.00   7.00   0.26  11.38    97  26.01  30.74  17437
  1112  59318 414126  18.06   5.75   0.25  11.37    97  26.00  30.74  17435
  1112  59316 414126  19.00   4.85   0.25  11.35    97  26.00  30.74  17435
  1112  59315 414128  20.06   3.70   0.26  11.34    97  26.00  30.73  17429
  1112  59313 414128  21.01   2.65   0.26  11.34    97  26.01  30.74  17437
  1112  59312 414129  21.96   1.70   0.26  11.33    96  26.01  30.74  17437
  1113  59310 414131  23.01   0.70   0.25  11.32    96  26.00  30.74  17435
 -1123  61228 413055   1.11  51.30   0.43  11.43    98  26.06  30.64  17376
  1123  61237 413044   2.03   8.05   0.42  11.44    98  26.11  30.71  17419
  1124  61241 413043   3.04   7.10   0.42  11.44    98  26.10  30.70  17411
  1124  61243 413045   4.04   6.10   0.42  11.43    98  26.10  30.70  17411
  1124  61242 413046   5.05   5.10   0.41  11.43    98  26.11  30.72  17425
  1125  61245 413050   6.00   4.15   0.42  11.43    98  26.12  30.72  17426
  1125  61248 413051   7.11   3.00   0.41  11.42    98  26.11  30.72  17425
  1126  61241 413040   7.99   2.10   0.42  11.41    98  26.12  30.72  17426
  1126  61241 413041   9.01   1.10   0.41  11.42    98  26.12  30.73  17432
 -1134  62293 412252   0.97   0.45   0.41  11.46    98  26.09  30.69  17410
  1134  62300 412248   2.02   0.40   0.40  11.46    98  26.07  30.68  17401
  1134  62303 412250   3.02  14.65   0.40  11.46    98  26.08  30.69  17408
  1135  62304 412251   3.99  13.70   0.39  11.45    98  26.09  30.71  17421
  1135  62303 412254   5.05  12.70   0.39  11.45    98  26.09  30.71  17421
  1135  62305 412256   6.01  11.75   0.39  11.44    98  26.09  30.71  17421
  1135  62306 412255   7.01  10.75   0.38  11.43    98  26.09  30.72  17427
  1136  62309 412254   7.96   9.80   0.38  11.43    98  26.08  30.71  17420
  1136  62314 412253   9.04   8.70   0.38  11.43    98  26.09  30.72  17427
  1136  62319 412250  10.05   7.70   0.38  11.42    98  26.09  30.72  17427
  1137  62323 412248  11.01   6.75   0.39  11.41    98  26.09  30.71  17421
  1137  62324 412249  11.96   5.85   0.37  11.41    97  26.09  30.73  17433
  1138  62310 412256  13.03   4.80   0.37  11.38    97  26.09  30.73  17433
  1138  62309 412255  14.03   3.80   0.38  11.36    97  26.09  30.72  17427
  1139  62313 412255  15.02   2.75   0.39  11.35    97  26.11  30.74  17436
  1139  62317 412252  16.07   1.65   0.41  11.29    96  26.13  30.75  17440
  1140  62318 412252  16.97   0.80   0.41  11.28    96  26.13  30.75  17440
 -1155  65284 412079   1.02  12.55   0.53  11.47    98  26.14  30.64  17378
  1155  65278 412085   2.08  11.60   0.53  11.47    98  26.14  30.64  17378
  1156  65273 412087   3.02  10.85   0.53  11.46    98  26.14  30.64  17378
  1156  65270 412087   4.03   9.70   0.52  11.45    98  26.13  30.64  17376
  1156  65268 412086   5.04   8.75   0.54  11.44    98  26.16  30.66  17387
  1156  65266 412087   6.09   7.70   0.54  11.46    98  26.15  30.64  17379
  1157  65264 412089   7.00   6.80   0.54  11.45    98  26.16  30.66  17387
  1157  65263 412092   8.10   5.85   0.53  11.45    98  26.15  30.65  17385
  1157  65262 412095   8.99   5.20   0.56  11.45    98  26.19  30.67  17398
  1157  65260 412099  10.03   4.25   0.57  11.46    98  26.20  30.68  17400
  1158  65263 412099  11.01   3.25   0.57  11.47    98  26.20  30.68  17400
  1158  65265 412098  12.07   2.25   0.57  11.47    98  26.19  30.66  17392
  1158  65267 412097  13.05   1.25   0.58  11.47    98  26.20  30.67  17394
 -1207  66308 411626   1.09   6.20   0.49  11.53    99  26.11  30.64  17378
  1207  66314 411629   2.05   5.50   0.49  11.52    99  26.10  30.63  17371
  1207  66319 411630   3.09   4.65   0.49  11.52    99  26.11  30.64  17378
  1208  66326 411629   4.04   3.95   0.50  11.50    98  26.12  30.64  17380
  1208  66330 411627   4.99   3.20   0.49  11.51    98  26.11  30.64  17378
  1208  66332 411627   6.07   2.20   0.49  11.49    98  26.11  30.64  17378
  1209  66334 411630   7.06   1.25   0.50  11.49    98  26.11  30.63  17373
 -1216  67326 411350   1.43  51.25   0.52  11.54    99  26.12  30.62  17369
  1216  67329 411347   1.89  10.55   0.52  11.53    99  26.13  30.64  17376
  1216  67332 411346   3.01   9.35   0.52  11.52    99  26.13  30.64  17376
  1217  67337 411349   3.97   8.40   0.51  11.52    99  26.13  30.65  17382
  1217  67339 411351   5.00   7.30   0.50  11.51    99  26.12  30.64  17380
  1217  67340 411352   6.01   6.40   0.51  11.51    99  26.12  30.63  17374
  1217  67341 411351   7.06   5.35   0.51  11.50    98  26.12  30.63  17374
  1218  67342 411352   7.99   4.40   0.50  11.50    98  26.12  30.64  17380
  1218  67343 411352   9.05   3.35   0.50  11.50    98  26.12  30.64  17380
  1218  67345 411354  10.03   2.40   0.51  11.49    98  26.12  30.63  17374
  1218  67346 411357  11.01   1.40   0.51  11.49    98  26.12  30.63  17374
  1219  67346 411359  11.96   0.45   0.52  11.49    98  26.12  30.62  17369
 -1233  68856 411269   1.11   6.40   0.97  11.52   100  26.45  30.60  17355
  1233  68854 411257   2.01   8.60   0.94  11.51   100  26.43  30.61  17358
  1233  68850 411252   3.01   8.80   0.90  11.52   100  26.41  30.62  17366
  1234  68847 411249   4.03   8.00   0.91  11.51   100  26.41  30.61  17360
  1234  68844 411249   5.00   7.05   0.84  11.50    99  26.36  30.62  17363
  1234  68843 411251   5.99   5.95   0.69  11.53    99  26.28  30.66  17390
  1234  68841 411253   7.02   4.75   0.65  11.46    98  26.25  30.66  17391
  1235  68842 411252   8.00   3.95   0.53  11.44    98  26.14  30.64  17378
  1235  68842 411251   9.03   3.05   0.48  11.38    97  26.11  30.65  17384
  1235  68842 411250   9.99   2.15   0.44  11.37    97  26.09  30.67  17392
  1236  68841 411248  11.01   1.15   0.41  11.33    97  26.07  30.67  17395
 -1240  69277 410970   1.04   5.40   0.78  11.45    99  26.33  30.64  17375
  1240  69283 410954   2.08   4.10   0.79  11.45    99  26.33  30.63  17370
  1240  69284 410949   2.95   3.15   0.78  11.44    99  26.33  30.64  17375
  1241  69283 410944   4.02   1.95   0.77  11.43    99  26.32  30.63  17374
  1241  69282 410944   5.06   0.95   0.72  11.44    98  26.30  30.66  17388
