# MEETVAARTUIG :
# MEETDATUM    : 2021-05-20 00:00:00
# MEETGEBIED   : GREVELINGEN
# STARTPUNT    : BRU
# EINDPUNT     : BRU
# PROJECTCODE  : GTS
# OPDRACHTGEVER: ZLXXAXAMDBG
# BEHEERDER    : ZLXXAXBMDBG
# BEMONST. INST:
# WAARNEMER(S) : Michel
#
* 20210520
$ 9999 [000000000000000]
>TIJD      uumm                    
>X         coordinaat              
>Y         coordinaat              
>SENSHTE   Diepte set        m     
>Echms     Echoset           mtrs  
>Temp      Temperatuur       oC    
>pH        Zuurgraad         dimsls
>O2        Zuurstof          mg/l  
>%O2       Zuurstof%         %     
>GELBH     Geleidendheid     mS/cm 
>GEL20     Gel20             ???   
>SALNTT    Saliniteit        dimsl 
>CL-       Chloride          mg/l  
>CHFLYSI   Chlorofyl         ugr/l 
>TURBID    Troebelheid       NTU   
 -2359  47466 418850   1.00   9999   9999   9999   9999  9999   9999  9999   9999   9999   9999   9999
  2359  47466 418850  15.96   9999   9999   9999   9999  9999   9999  9999   9999   9999   9999   9999
 -1053  47971 418359   1.05   0.75  13.46   8.29   8.54    99  36.19  4187  30.12  17050   0.44   0.43
  1053  47978 418360   1.96  15.79  13.44   8.29   8.55    99  36.19  4189  30.13  17056   0.47   0.54
  1053  47977 418362   3.03  14.76  13.38   8.29   8.55    99  36.21  4198  30.21  17099   0.95   0.61
  1054  47976 418362   4.00  13.74  13.29   8.28   8.52    98  36.30  4216  30.35  17185   1.20   0.86
  1054  47973 418359   5.04  12.21  13.29   8.28   8.50    98  36.30  4218  30.36  17191   1.28   0.89
  1054  47971 418356   6.07  11.33  13.26   8.28   8.47    98  36.36  4227  30.44  17237   1.00   0.96
  1055  47972 418354   7.01   0.00  13.15   8.26   8.31    96  36.35  4237  30.52  17281   0.87   1.08
  1056  47966 418355   8.03   9.49  12.74   8.21   7.73    88  36.06  4243  30.57  17313   0.85   1.03
  1056  47967 418359   9.00   8.46  12.51   8.20   7.58    86  35.88  4246  30.59  17325   0.66   1.17
  1057  47969 418364  10.00   7.31  12.36   8.19   7.43    84  35.75  4245  30.59  17324   0.63   1.16
  1058  47966 418358  11.02   6.54  11.85   8.18   7.15    80  35.30  4244  30.58  17321   0.53   0.75
  1059  47965 418350  12.03   5.90  11.87   8.18   7.11    80  35.31  4244  30.58  17319   0.35   0.68
  1059  47963 418349  13.01   4.76  11.80   8.18   7.08    79  35.26  4245  30.58  17324   0.42   0.78
  1059  47961 418349  14.02   3.78  11.77   8.17   7.05    79  35.23  4244  30.58  17321   0.48   0.72
  1059  47961 418349  15.04   2.74  11.75   8.17   7.02    79  35.21  4243  30.57  17317   0.38   0.67
  1100  47959 418352  16.04   1.89  11.58   8.16   6.87    77  35.07  4244  30.58  17323   0.64   0.66
  1101  47960 418355  16.99   0.91  11.35   8.14   6.54    73  34.87  4243  30.57  17318   0.38   1.12
 -1013  48803 418184   1.05  43.48  13.40   8.32   8.88   103  35.92  4162  29.92  16931   0.56   0.30
  1014  48787 418180   1.98  42.93  13.40   8.32   8.88   103  35.92  4162  29.92  16935   0.90   0.39
  1014  48787 418179   3.03  39.89  13.40   8.32   8.88   103  35.93  4163  29.92  16936   0.82   0.37
  1014  48788 418176   3.99  40.73  13.40   8.32   8.88   103  35.92  4163  29.93  16937   0.86   0.25
  1015  48790 418187   5.00  40.07  13.29   8.26   8.50    98  36.25  4211  30.31  17160   1.11   0.71
  1016  48796 418194   6.03  28.79  13.09   8.24   8.22    95  36.20  4225  30.43  17228   0.76   0.80
  1017  48797 418201   6.99  38.23  13.06   8.23   8.13    94  36.23  4232  30.48  17259   0.75   0.84
  1017  48798 418201   8.01  37.22  13.03   8.23   8.10    93  36.22  4233  30.49  17266   0.85   0.83
  1018  48796 418199   9.02  36.05  12.96   8.22   7.97    92  36.16  4233  30.49  17264   1.16   0.94
  1018  48796 418196  10.01  34.82  12.92   8.22   7.95    91  36.14  4235  30.51  17274   0.63   1.02
  1019  48793 418191  10.98  33.84  12.75   8.20   7.75    89  36.08  4245  30.58  17319   0.64   1.06
  1020  48788 418187  12.00   0.00  11.96   8.18   7.36    83  35.38  4242  30.56  17310   0.53   0.66
  1021  48792 418185  13.00   0.00  11.77   8.17   7.24    81  35.22  4243  30.57  17318   0.57   0.69
  1021  48793 418193  13.97  31.05  11.46   8.16   7.08    79  34.95  4241  30.56  17310   0.36   0.53
  1022  48793 418196  14.94  30.04  11.42   8.16   7.04    78  34.91  4241  30.55  17307   0.59   0.55
  1022  48794 418199  16.02  24.09  11.36   8.16   7.01    78  34.87  4242  30.56  17311   0.46   0.59
  1022  48795 418196  17.00   0.00  11.32   8.15   6.95    77  34.82  4241  30.55  17307   0.41   0.61
  1023  48790 418192  17.98  26.97  11.27   8.15   6.88    76  34.78  4241  30.55  17307   0.70   0.35
  1023  48791 418191  19.03   0.00  11.23   8.15   6.83    76  34.75  4241  30.55  17308   0.46   0.51
  1024  48792 418190  20.03  24.92  11.17   8.14   6.75    75  34.70  4242  30.57  17315   0.27   0.45
  1024  48789 418188  20.99  23.94  11.09   8.14   6.66    74  34.65  4244  30.58  17323   0.39   0.44
  1025  48790 418188  21.95  21.65  10.96   8.12   6.42    71  34.53  4242  30.57  17316   0.41   0.46
  1026  48794 418193  22.98  22.03  10.92   8.11   6.34    70  34.49  4241  30.56  17313   0.54   0.41
  1026  48789 418198  23.97   0.00  10.86   8.10   6.20    68  34.45  4243  30.57  17319   0.62   0.35
  1027  48792 418198  25.01   0.00  10.83   8.09   6.10    67  34.42  4243  30.58  17321   0.45   0.45
  1027  48793 418196  26.02  19.23  10.83   8.09   6.04    66  34.43  4244  30.58  17324   0.65   0.53
  1028  48792 418194  27.00  18.08  10.83   8.09   6.00    66  34.44  4244  30.59  17327   0.64   0.41
  1028  48790 418193  28.00  17.03  10.81   8.08   5.96    65  34.42  4245  30.59  17329   0.33   0.49
  1029  48790 418190  29.00  15.99  10.67   8.06   5.68    62  34.31  4245  30.59  17330   0.74   0.42
  1029  48792 418190  30.03  15.06  10.66   8.06   5.62    62  34.30  4245  30.59  17332   0.54   0.47
  1030  48793 418185  31.05  13.93  10.57   8.04   5.43    59  34.23  4246  30.60  17335   1.03   0.49
  1032  48791 418180  31.95  12.93   9.98   7.92   4.28    46  33.76  4249  30.62  17351   0.48   0.50
  1033  48790 418183  33.01  12.16   9.55   7.83   3.38    36  33.41  4251  30.64  17363   0.80   0.45
  1035  48793 418196  34.03  11.35   8.78   7.63   1.56    16  32.78  4253  30.66  17375   0.28   0.33
  1037  48793 418188  34.99  10.01   8.39   7.51   0.41     4  32.50  4257  30.70  17398   0.26   0.46
  1038  48788 418189  35.98   9.18   8.19   7.47   0.16     2  32.37  4262  30.74  17421   0.22   0.60
  1039  48788 418191  36.99   8.19   7.97   7.45   0.09     1  32.20  4264  30.75  17432   0.32   0.59
  1039  48787 418198  38.06   7.13   7.95   7.45   0.07     1  32.18  4264  30.75  17430   0.20   0.93
  1039  48791 418200  38.95   6.13   7.93   7.44   0.05     0  32.18  4265  30.76  17435   0.15   0.71
  1040  48790 418199  39.97   5.36   7.91   7.44   0.03     0  32.16  4265  30.76  17437   0.14   0.56
  1040  48790 418197  41.01   4.10   7.90   7.43   0.02     0  32.15  4265  30.76  17437   0.18   0.55
  1040  48789 418191  41.97   3.24   7.89   7.43   0.01     0  32.15  4266  30.77  17439   0.16   0.46
  1041  48791 418190  42.99   2.20   7.88   7.42  -0.00     0  32.14  4266  30.76  17438   0.13   0.50
  1041  48786 418188  43.99   1.05   7.88   7.40  -0.00     0  32.14  4266  30.77  17440   0.09   0.53
 -0953  49767 418270   1.04  20.54  13.48   8.33   8.94   103  35.89  4151  29.83  16880   0.78   0.38
  0954  49764 418263   2.01  20.44  13.47   8.33   8.94   103  35.88  4151  29.83  16880   0.89   0.40
  0954  49747 418246   2.98  23.18  13.47   8.33   8.94   103  35.88  4151  29.83  16883   1.00   0.35
  0955  49737 418246   4.02  22.60  13.47   8.33   8.95   104  35.89  4151  29.84  16884   0.76   0.28
  0955  49738 418242   4.95  22.25  13.44   8.33   8.95   104  35.87  4152  29.84  16889   0.81   0.36
  0957  49738 418237   6.01  20.39  13.03   8.29   8.67   100  35.85  4190  30.15  17065   0.78   0.44
  0957  49735 418247   6.94   0.00  12.92   8.27   8.50    97  35.81  4196  30.19  17092   0.93   0.44
  0959  49743 418261   8.02  13.99  12.84   8.24   8.16    94  35.99  4226  30.43  17231   0.69   0.50
  0959  49747 418268   9.02  12.55  12.85   8.23   8.03    92  36.07  4234  30.50  17269   0.75   0.70
  1000  49747 418267  10.01  12.31  12.90   8.22   8.00    92  36.16  4239  30.54  17294   0.60   0.80
  1001  49740 418260  11.00  11.84  12.88   8.21   7.87    90  36.17  4243  30.57  17311   0.63   0.79
  1001  49745 418254  12.01  11.89  12.73   8.20   7.76    89  36.06  4245  30.59  17322   0.61   0.99
  1003  49736 418260  13.01   7.50  11.02   8.14   6.76    75  34.56  4240  30.55  17304   0.63   0.46
  1004  49734 418265  13.97   5.78  11.06   8.14   6.74    74  34.58  4238  30.54  17298   0.59   0.59
  1004  49739 418270  15.02   4.03  11.03   8.14   6.70    74  34.56  4238  30.53  17297   0.54   0.52
  1005  49716 418275  16.03   2.81  10.92   8.13   6.60    73  34.46  4238  30.53  17295   0.92   0.45
  1006  49717 418275  17.02   2.38  10.85   8.12   6.55    72  34.40  4238  30.53  17297   0.95   0.47
  1006  49723 418275  18.01   1.74  10.91   8.13   6.56    72  34.45  4238  30.53  17295   0.67   0.44
  1006  49726 418277  19.01   1.01  10.88   8.13   6.56    72  34.43  4239  30.54  17301   0.63   0.37
 -2359  50728 418380   1.00   9999   9999   9999   9999  9999   9999  9999   9999   9999   9999   9999
  2359  50728 418380  27.01   9999   9999   9999   9999  9999   9999  9999   9999   9999   9999   9999
 -2359  51572 418570   1.00   9999   9999   9999   9999  9999   9999  9999   9999   9999   9999   9999
  2359  51572 418570  37.00   9999   9999   9999   9999  9999   9999  9999   9999   9999   9999   9999
 -0932  52960 420295   1.03  10.10  13.41   8.27   8.15    94  35.67  4132  29.68  16797   0.41   0.34
  0932  52959 420290   1.96   9.21  13.41   8.27   8.15    94  35.67  4133  29.69  16798   0.57   0.32
  0933  52960 420284   3.00   8.18  13.37   8.27   8.11    94  35.65  4134  29.69  16802   0.67   0.26
  0933  52958 420279   4.02   7.19  13.30   8.27   8.11    93  35.59  4134  29.70  16806   1.78   0.32
  0933  52955 420271   5.01   6.16  13.26   8.28   8.20    94  35.58  4135  29.71  16811   0.52   0.30
  0934  52948 420267   6.03   5.24  13.23   8.29   8.40    97  35.56  4137  29.72  16818   0.52   0.27
  0935  52945 420270   7.00   4.29  13.23   8.29   8.41    97  35.56  4137  29.72  16820   0.69   0.29
  0935  52947 420270   8.02   3.21  13.04   8.29   8.43    97  35.49  4147  29.80  16866   0.69   0.29
  0936  52943 420278   8.98   2.33  11.86   8.22   7.80    88  35.03  4210  30.31  17163   1.07   0.38
  0936  52939 420276  10.02   1.30  11.84   8.21   7.79    87  35.03  4212  30.32  17172   1.35   0.30
 -0917  53726 421064   1.03  16.20  13.51   8.29   8.41    97  35.74  4131  29.67  16787   0.55   0.32
  0917  53725 421058   2.06  15.21  13.52   8.30   8.41    97  35.74  4130  29.67  16786   0.55   0.26
  0917  53726 421055   2.99  14.25  13.48   8.29   8.40    97  35.72  4131  29.67  16790   0.63   0.21
  0918  53724 421053   4.00  13.26  13.41   8.29   8.38    97  35.67  4133  29.69  16799   0.59   0.26
  0918  53718 421047   4.99  12.34  13.29   8.29   8.32    96  35.58  4134  29.70  16804   0.56   0.20
  0918  53717 421045   6.01  11.35  13.27   8.29   8.30    96  35.57  4134  29.70  16806   0.51   0.29
  0919  53713 421041   6.99  10.36  13.19   8.28   8.30    95  35.49  4133  29.69  16802   0.56   0.23
  0920  53712 421036   8.02   9.34  11.53   8.20   7.49    83  34.31  4157  29.88  16918   1.71   0.34
  0921  53711 421041   8.97   8.34  11.32   8.18   7.28    81  34.14  4158  29.89  16923   2.14   0.59
  0922  53717 421038  10.00   7.29  11.10   8.16   7.08    78  34.03  4167  29.97  16969   1.94   0.45
  0923  53721 421037  11.02   6.24  11.03   8.14   6.91    76  34.13  4185  30.11  17053   2.23   0.56
  0924  53714 421043  12.01   5.44  11.35   8.18   7.35    82  34.63  4215  30.35  17186   1.73   0.39
  0925  53718 421053  12.97   4.44  11.31   8.18   7.35    82  34.63  4219  30.38  17206   2.24   0.40
  0925  53722 421053  14.03   3.45  11.23   8.17   7.20    80  34.59  4222  30.40  17220   1.98   0.44
  0926  53713 421057  14.98   2.56  11.09   8.15   7.00    77  34.46  4221  30.40  17218   2.56   0.42
  0926  53715 421059  16.01   1.55  11.06   8.15   6.98    77  34.44  4221  30.40  17218   1.73   0.54
 -2359  55190 421380   1.00   9999   9999   9999   9999  9999   9999  9999   9999   9999   9999   9999
  2359  55190 421380  20.00   9999   9999   9999   9999  9999   9999  9999   9999   9999   9999   9999
 -0858  56320 420469   1.01  11.69  13.65   8.29   8.25    96  35.85  4129  29.66  16780   0.48   0.19
  0859  56307 420498   2.00  11.14  13.65   8.29   8.26    96  35.85  4129  29.66  16781   0.58   0.24
  0900  56306 420508   2.98  10.36  13.67   8.29   8.25    96  35.86  4129  29.66  16781   0.47   0.26
  0900  56306 420511   3.97   9.35  13.64   8.29   8.24    96  35.85  4130  29.67  16786   0.43   0.31
  0901  56303 420517   4.98   8.43  13.63   8.29   8.23    95  35.83  4130  29.66  16783   0.57   0.19
  0901  56300 420519   6.06   7.16  13.61   8.29   8.23    95  35.82  4130  29.66  16784   0.49   0.23
  0901  56296 420521   6.96   6.33  13.58   8.29   8.22    95  35.80  4131  29.67  16789   0.63   0.28
  0902  56292 420524   8.00   5.26  13.43   8.28   8.19    95  35.68  4131  29.68  16792   0.57   0.22
  0902  56288 420525   9.04   4.19  13.31   8.28   8.15    94  35.58  4132  29.68  16795   0.71   0.33
  0902  56286 420525   9.97   3.20  12.93   8.27   8.10    93  35.29  4134  29.70  16808   0.77   0.34
  0903  56286 420524  10.99   2.25  12.40   8.25   8.08    91  34.89  4140  29.75  16837   0.94   0.30
  0904  56292 420525  12.02   1.26  11.13   8.17   7.12    78  33.98  4158  29.89  16925   3.13   0.57
 -2359  57620 418940   1.00   9999   9999   9999   9999  9999   9999  9999   9999   9999   9999   9999
  2359  57620 418940  16.05   9999   9999   9999   9999  9999   9999  9999   9999   9999   9999   9999
 -0832  57973 417188   1.01   0.75  13.82   8.30   8.66   101  35.97  4127  29.64  16768   0.77   0.28
  0833  57976 417194   2.01  18.72  13.83   8.30   8.65   101  35.97  4127  29.64  16767   0.56   0.28
  0833  57977 417200   3.02  17.95  13.83   8.30   8.65   101  35.97  4126  29.63  16767   0.55   0.28
  0833  57977 417209   4.02  12.69  13.82   8.30   8.66   101  35.96  4127  29.64  16768   0.73   0.31
  0833  57978 417215   4.97  16.26  13.81   8.30   8.66   101  35.96  4127  29.64  16768   0.64   0.30
  0834  57978 417217   6.00  15.34  13.81   8.30   8.65   101  35.96  4127  29.64  16769   0.68   0.30
  0834  57977 417218   6.99  14.13  13.81   8.30   8.65   101  35.95  4127  29.64  16767   0.72   0.25
  0834  57979 417217   8.03  13.14  13.80   8.30   8.65   101  35.95  4127  29.64  16769   0.71   0.31
  0835  57980 417214   8.99  12.10  13.69   8.30   8.66   101  35.87  4128  29.65  16773   0.59   0.24
  0835  57979 417212   9.98  11.01  13.16   8.29   8.65    99  35.44  4130  29.66  16786   0.76   0.38
  0836  57976 417212  11.01   9.93  12.45   8.26   8.28    94  34.87  4132  29.68  16798   1.66   0.29
  0836  57975 417208  12.02   8.83  12.23   8.25   8.23    93  34.67  4130  29.67  16794   1.52   0.28
  0836  57973 417204  13.02   7.83  12.17   8.25   8.20    92  34.63  4132  29.68  16800   1.66   0.29
  0837  57975 417189  14.03   6.75  11.76   8.23   7.96    89  34.35  4139  29.74  16833   1.74   0.32
  0838  57978 417182  15.02   5.69  11.66   8.22   7.78    87  34.30  4142  29.77  16850   2.11   0.40
  0839  57967 417185  16.03   4.91  11.51   8.20   7.56    84  34.21  4147  29.80  16871   2.86   0.33
  0840  57962 417167  17.02   3.79  11.22   8.16   7.15    79  34.06  4158  29.89  16925   2.51   0.57
  0842  57958 417164  17.98   2.80  10.92   8.11   6.63    73  33.90  4169  29.98  16977   2.54   0.56
  0842  57956 417173  19.05   1.73  10.88   8.11   6.52    71  33.88  4171  30.00  16989   3.44   0.91
  0843  57964 417172  19.98   1.00  10.81   8.09   6.38    70  33.86  4175  30.03  17006   4.05   1.04
 -0805  59118 414883   0.95  17.58  13.55   8.30   8.82   102  35.65  4117  29.56  16725   0.63   0.27
  0806  59116 414888   2.01  16.70  13.54   8.30   8.82   102  35.65  4117  29.56  16724   0.73   0.26
  0806  59116 414888   3.02  15.86  13.53   8.30   8.81   102  35.65  4117  29.56  16727   0.60   0.32
  0806  59114 414893   4.00  14.80  13.52   8.30   8.82   102  35.64  4118  29.57  16729   0.69   0.26
  0807  59115 414894   4.97  13.66  13.50   8.30   8.82   102  35.62  4118  29.57  16728   0.75   0.23
  0807  59116 414898   6.00  12.61  13.49   8.30   8.81   102  35.61  4118  29.57  16729   0.75   0.28
  0807  59118 414901   7.04  11.38  13.48   8.30   8.81   102  35.61  4118  29.57  16731   0.76   0.26
  0808  59120 414900   7.98  10.29  13.50   8.30   8.79   102  35.64  4120  29.58  16738   0.70   0.28
  0808  59121 414900   9.01   9.13  13.32   8.29   8.71   100  35.54  4126  29.63  16768   0.62   0.30
  0809  59109 414905  10.03   8.56  13.11   8.28   8.63    99  35.36  4125  29.63  16765   0.85   0.32
  0809  59100 414905  11.00   8.00  12.67   8.26   8.42    96  35.02  4129  29.66  16784   1.32   0.30
  0810  59100 414905  12.02   6.88  12.48   8.26   8.38    95  34.89  4131  29.68  16795   1.21   0.36
  0811  59112 414911  13.01   5.29  11.74   8.24   8.04    90  34.31  4135  29.71  16819   1.03   0.33
  0812  59097 414913  14.01   5.04  11.49   8.21   7.72    86  34.14  4140  29.75  16841   2.12   0.30
  0812  59094 414912  14.98   4.30  11.45   8.21   7.69    85  34.12  4141  29.76  16848   2.45   0.47
  0814  59100 414902  15.99   3.15  11.24   8.18   7.30    81  33.99  4147  29.81  16875   3.48   0.48
  0814  59104 414902  16.98   2.04  11.19   8.17   7.24    80  33.99  4152  29.85  16897   3.57   0.40
  0814  59104 414905  17.98   1.00  11.15   8.16   7.15    79  33.97  4153  29.86  16904   2.95   0.46
 -0752  61244 413047   1.06   9.39  13.87   8.28   8.81   103  35.78  4101  29.43  16649   0.71   0.27
  0752  61249 413050   2.01   8.40  13.87   8.28   8.82   103  35.78  4101  29.43  16648   0.77   0.28
  0752  61246 413052   3.04   7.30  13.86   8.28   8.82   103  35.78  4101  29.43  16650   0.78   0.26
  0753  61236 413053   4.01   6.51  13.86   8.28   8.81   103  35.78  4102  29.44  16654   0.75   0.20
  0753  61228 413052   4.96   5.51  13.80   8.28   8.80   102  35.78  4107  29.48  16679   0.78   0.28
  0753  61222 413054   5.98   4.49  13.80   8.28   8.81   103  35.81  4110  29.50  16690   0.67   0.36
  0754  61221 413053   7.01   3.39  13.79   8.28   8.82   103  35.79  4110  29.50  16690   0.71   0.26
  0754  61225 413051   7.98   2.46  13.56   8.28   8.80   102  35.66  4117  29.56  16726   0.90   0.25
  0755  61236 413052   9.03   1.45  13.16   8.27   8.62    99  35.32  4116  29.55  16722   0.94   0.32
 -2359  62300 412250   1.00   9999   9999   9999   9999  9999   9999  9999   9999   9999   9999   9999
  2359  62300 412250  17.00   9999   9999   9999   9999  9999   9999  9999   9999   9999   9999   9999
 -0724  65306 412080   1.05  12.86  14.32   8.21   8.43    99  35.83  4064  29.13  16475   1.04   0.31
  0725  65299 412082   2.02  11.86  14.32   8.21   8.42    99  35.83  4064  29.13  16476   0.87   0.23
  0725  65296 412082   3.01  10.98  14.32   8.21   8.42    99  35.83  4064  29.14  16479   1.24   0.32
  0725  65294 412082   4.01   9.83  14.29   8.21   8.40    99  35.83  4066  29.15  16488   0.93   0.28
  0726  65293 412083   5.03   9.18  14.20   8.20   8.23    96  35.82  4074  29.22  16524   0.80   0.27
  0726  65296 412091   5.99   8.55  14.14   8.20   8.19    96  35.83  4080  29.26  16550   0.89   0.26
  0727  65298 412096   7.01   7.73  14.14   8.22   8.37    98  35.87  4085  29.30  16575   0.89   0.21
  0728  65289 412098   8.01   6.66  14.04   8.24   8.57   100  35.88  4096  29.39  16624   0.89   0.28
  0728  65292 412092   9.02   5.51  13.96   8.23   7.93    92  35.70  4083  29.28  16564   0.90   0.24
  0730  65283 412094   9.97   4.26  13.24   8.13   7.38    85  35.01  4072  29.20  16519   0.99   0.22
  0731  65309 412096  11.03   3.99  12.02   8.12   7.07    79  34.43  4122  29.61  16757   1.67   0.43
  0731  65305 412098  12.01   2.94  11.99   8.12   7.06    79  34.41  4123  29.62  16762   1.35   0.40
  0731  65296 412099  13.03   1.79  11.94   8.12   7.07    79  34.38  4124  29.62  16767   1.56   0.45
  0732  65282 412096  14.01   0.00  11.88   8.12   6.97    78  34.33  4125  29.63  16769   1.73   0.41
 -2359  66330 411630   1.00   9999   9999   9999   9999  9999   9999  9999   9999   9999   9999   9999
  2359  66330 411630   7.00   9999   9999   9999   9999  9999   9999  9999   9999   9999   9999   9999
 -0709  67462 411373   1.03  11.49  14.62   8.20   8.46   100  35.87  4041  28.95  16367   0.89   0.28
  0709  67419 411371   1.95  10.71  14.62   8.20   8.46   100  35.88  4041  28.95  16368   0.88   0.38
  0709  67399 411373   2.95   9.86  14.62   8.20   8.46   100  35.89  4042  28.96  16373   0.78   0.37
  0710  67385 411371   4.03   8.74  14.63   8.20   8.47   100  35.89  4042  28.96  16373   0.80   0.41
  0710  67378 411370   5.02   7.80  14.59   8.20   8.45   100  35.88  4044  28.98  16385   0.77   0.33
  0711  67368 411367   6.00   6.86  14.47   8.20   8.27    97  35.85  4052  29.04  16419   0.77   0.31
  0711  67362 411365   7.02   5.84  14.46   8.20   8.36    98  35.95  4064  29.13  16475   0.95   0.30
  0712  67362 411368   7.99   4.93  13.55   8.17   7.83    91  35.43  4091  29.36  16606   1.38   0.28
  0714  67374 411370   9.02   3.88  12.20   8.07   6.64    75  34.54  4118  29.57  16738   1.08   0.46
  0715  67354 411366  10.00   2.86  12.12   8.14   7.20    81  34.53  4125  29.63  16767   1.30   0.38
  0715  67351 411366  10.98   1.91  12.10   8.15   7.24    81  34.52  4126  29.63  16771   1.45   0.35
  0715  67353 411364  12.01   0.93  11.95   8.12   7.01    79  34.41  4127  29.64  16778   1.53   0.40
 -0657  69275 410986   1.04   5.68  14.82   8.26   8.40    99  34.98  3922  28.01  15824   0.49   0.63
  0657  69283 410964   2.07   4.56  14.81   8.26   8.40    99  34.99  3923  28.01  15827   0.43   0.57
  0659  69288 410940   3.00   2.96  14.94   8.20   7.97    94  35.50  3969  28.38  16038   0.48   0.48
  0700  69289 410950   4.00   2.67  15.01   8.12   7.35    87  36.06  4026  28.83  16298   0.46   0.46
  0701  69295 410957   4.96   1.65  15.04   8.13   7.25    86  36.09  4026  28.83  16297   0.53   0.49
 -0657  69275 410986   1.04   5.68  14.82   8.26   8.40    99  34.98  3922  28.01  15824   0.49   0.63
  0657  69283 410964   2.07   4.56  14.81   8.26   8.40    99  34.99  3923  28.01  15827   0.43   0.57
  0659  69288 410940   3.00   2.96  14.94   8.20   7.97    94  35.50  3969  28.38  16038   0.48   0.48
  0700  69289 410950   4.00   2.67  15.01   8.12   7.35    87  36.06  4026  28.83  16298   0.46   0.46
  0701  69295 410957   4.96   1.65  15.04   8.13   7.25    86  36.09  4026  28.83  16297   0.53   0.49
