# MEETVAARTUIG :
# MEETDATUM    : 2020-06-19 00:00:00
# MEETGEBIED   : GREVELINGEN
# STARTPUNT    : bruinisse
# EINDPUNT     : bruinisse
# PROJECTCODE  : GTS
# OPDRACHTGEVER: ZLXXAXAMDBG
# BEHEERDER    : ZLXXAXBMDBG
# BEMONST. INST:
# WAARNEMER(S) : kees lamper
#
* 20200619
$ 9999 [000000000000000]
>TIJD      uumm                    
>X         coordinaat              
>Y         coordinaat              
>SENSHTE   Diepte set        m     
>Echms     Echoset           mtrs  
>Temp      Temperatuur       oC
>pH        Zuurgraad         dimsls
>O2        Zuurstof          mg/l  
>%O2       Zuurstof%         %     
>GELBH     Geleidendheid     mS/cm 
>GEL20     Gel20             ???   
>SALNTT    Saliniteit        dimsl 
>CL-       Chloride          mg/l      : 16750  125  13  125
>CHFLYSI   Chlorofyl         ugr/l 
>TURBID    Troebelheid       NTU   
 -2359  47466 418850   1.00   9999   9999   9999   9999  9999   9999  9999   9999   9999   9999   9999
  2359  47466 418850  15.96   9999   9999   9999   9999  9999   9999  9999   9999   9999   9999   9999
 -1050  47973 418371   1.03   0.75  20.32   8.14   8.42   112  43.33  4304  31.04  17555   0.94   0.20
  1051  47964 418373   2.03   0.78  19.69   8.13   8.02   105  42.87  4316  31.14  17612   1.35   0.42
  1051  47963 418371   3.01  13.56  19.75   8.12   8.13   107  42.90  4313  31.11  17599   1.09   0.44
  1052  47964 418369   4.04  12.74  19.64   8.11   8.14   107  42.86  4319  31.16  17629   2.00   0.44
  1052  47968 418363   5.00  12.13  19.25   8.10   7.97   104  42.66  4334  31.29  17701   1.79   0.75
  1053  47973 418360   5.99  10.90  19.19   8.10   7.78   101  42.69  4344  31.36  17745   1.51   1.09
  1055  47962 418361   6.99   9.95  18.48   8.06   7.36    95  42.06  4346  31.38  17760   0.94   1.29
  1055  47962 418362   7.99   9.01  18.43   8.05   7.29    93  41.99  4343  31.35  17745   2.23   1.17
  1056  47965 418359   8.99   8.39  17.93   8.02   7.08    90  41.47  4336  31.30  17717   0.99   0.94
  1056  47965 418357  10.00   7.35  17.98   8.02   7.07    90  41.51  4336  31.30  17715   1.08   1.17
  1057  47965 418356  10.97   6.40  18.08   8.03   7.00    89  41.71  4347  31.40  17770   1.33   0.85
  1057  47964 418356  11.98   5.36  17.62   8.01   6.79    86  41.22  4339  31.33  17735   1.37   0.85
  1059  47962 418361  12.97   4.13  16.43   7.90   5.57    69  39.99  4323  31.20  17663   0.90   0.52
  1059  47963 418356  13.99   3.25  16.00   7.83   4.76    58  39.57  4318  31.16  17643   0.32   0.47
  1100  47965 418355  14.98   2.59  15.79   7.79   4.19    51  39.36  4316  31.15  17635   0.89   0.51
  1101  47964 418359  15.96   1.39  14.94   7.68   2.74    33  38.69  4326  31.23  17686   0.10   0.68
 -2359  48775 418191   1.00   9999   9999   9999   9999  9999   9999  9999   9999   9999   9999   9999
  2359  48775 418191  45.01   9999   9999   9999   9999  9999   9999  9999   9999   9999   9999   9999
 -1026  49742 418273   0.96  17.59  20.24   8.12   8.37   111  43.25  4303  31.04  17552   0.92   0.27
  1026  49736 418275   2.00   0.00  19.69   8.06   7.99   105  42.77  4305  31.05  17563   1.90   0.19
  1027  49737 418276   2.99   0.75  19.01   8.04   7.75   100  42.36  4327  31.23  17670   1.69   0.22
  1029  49737 418269   3.98  15.73  19.60   8.04   7.79   102  42.72  4308  31.08  17579   2.73   0.11
  1029  49736 418271   5.00  14.19  19.58   8.04   7.86   103  42.75  4314  31.12  17605   2.77   0.28
  1030  49732 418274   5.98  12.51  18.18   8.03   7.45    95  41.61  4327  31.23  17674   1.65   0.35
  1030  49730 418274   6.99  11.50  18.00   8.04   7.52    96  41.41  4323  31.20  17655   2.76   0.31
  1031  49729 418274   7.97  10.56  17.79   8.03   7.46    94  41.15  4316  31.14  17624   1.67   0.32
  1031  49731 418273   8.98   9.93  17.73   8.03   7.46    94  41.09  4316  31.14  17623   1.76   0.28
  1032  49733 418273   9.98   9.11  17.38   7.98   7.11    89  40.85  4323  31.20  17661   2.83   0.37
  1033  49732 418273  10.98   8.01  17.02   7.94   6.58    82  40.47  4317  31.15  17635   0.75   0.36
  1034  49730 418274  11.97   6.84  17.04   7.99   6.76    84  40.51  4320  31.18  17649   1.09   0.58
  1034  49728 418272  12.97   6.04  16.80   7.95   6.44    80  40.28  4318  31.16  17641   1.57   0.61
  1035  49729 418272  13.96   5.13  16.64   7.93   6.15    76  40.14  4319  31.17  17643   0.42   0.34
  1036  49727 418270  15.01   4.69  15.80   7.85   5.01    61  39.42  4322  31.19  17662   0.25   0.43
  1037  49729 418270  16.02   3.63  15.45   7.83   4.59    55  39.12  4322  31.20  17666   0.01   0.40
  1039  49732 418271  17.02   2.81  15.02   7.77   3.75    45  38.74  4323  31.21  17674   0.68   0.63
  1040  49733 418268  18.01   2.46  14.81   7.75   3.44    41  38.59  4328  31.24  17694   0.15   0.57
  1040  49734 418267  18.99   1.86  14.76   7.75   3.39    40  38.55  4328  31.24  17695   0.13   0.62
 -2359  50728 418380   1.00   9999   9999   9999   9999  9999   9999  9999   9999   9999   9999   9999
  2359  50728 418380  27.01   9999   9999   9999   9999  9999   9999  9999   9999   9999   9999   9999
 -2359  51572 418570   1.00   9999   9999   9999   9999  9999   9999  9999   9999   9999   9999   9999
  2359  51572 418570  37.00   9999   9999   9999   9999  9999   9999  9999   9999   9999   9999   9999
 -1001  52956 420294   0.95   0.75  19.77   8.07   8.18   107  42.92  4312  31.11  17597   1.46   0.25
  1002  52952 420284   1.97   8.76  19.74   8.07   8.18   107  42.88  4312  31.10  17594   1.71   0.09
  1002  52950 420280   2.95   7.83  19.72   8.06   8.14   107  42.87  4313  31.11  17599   1.72   0.20
  1003  52951 420280   3.95   6.81  19.68   8.07   8.16   107  42.86  4315  31.13  17608   1.10   0.12
  1003  52950 420285   4.98   5.85  19.42   8.04   7.67   100  42.61  4314  31.12  17605   1.76   0.20
  1004  52949 420289   5.97   4.94  19.71   8.05   7.68   101  42.83  4310  31.09  17585   1.34   0.27
  1005  52947 420296   6.95   4.03  18.31   7.93   6.37    81  41.64  4318  31.16  17632   2.67   0.37
  1005  52944 420297   7.96   3.09  17.67   7.89   6.30    80  41.06  4318  31.16  17634   1.74   0.35
  1006  52941 420293   8.96   2.09  17.17   7.87   6.12    76  40.61  4318  31.16  17638   1.26   0.57
  1007  52943 420291   9.99   1.05  17.06   7.84   5.73    72  40.49  4316  31.14  17627   0.81   0.40
 -0944  53734 421064   1.00  15.89  19.84   8.04   7.77   102  42.97  4312  31.10  17593   1.14   0.19
  0944  53725 421062   1.99  14.94  19.82   8.04   7.78   102  42.96  4312  31.10  17594   1.17   0.13
  0945  53721 421062   3.00  14.00  19.79   8.04   7.76   102  42.93  4311  31.10  17592   1.43   0.22
  0945  53717 421063   4.00  13.06  19.77   8.04   7.75   102  42.91  4312  31.11  17595   1.54   0.13
  0945  53715 421064   4.97  12.10  19.75   8.04   7.74   102  42.90  4313  31.11  17599   1.58   0.18
  0947  53714 421065   0.26   2.24  19.26   7.99   0.08     1  42.38  4306  31.06  17571  93.73   5.33
  0947  53714 421062   6.99  10.13  19.06   7.98   7.15    93  42.34  4320  31.17  17636   1.58   0.32
  0948  53711 421058   7.97   9.18  17.61   7.88   6.27    79  41.12  4329  31.25  17687   1.17   0.35
  0949  53711 421059   8.96   8.18  17.15   7.87   6.04    76  40.67  4325  31.22  17672   1.01   0.60
  0950  53712 421061   9.95   7.26  16.89   7.85   5.85    73  40.37  4319  31.17  17643   1.19   0.50
  0950  53712 421063  10.95   6.28  16.86   7.85   5.80    72  40.32  4316  31.14  17630   0.85   0.47
  0951  53711 421064  11.95   5.33  16.81   7.85   5.79    72  40.27  4316  31.14  17630   1.47   0.49
  0951  53710 421063  12.96   4.34  16.77   7.84   5.68    71  40.23  4316  31.14  17629   1.14   0.45
  0952  53710 421060  13.95   3.34  16.64   7.82   5.42    67  40.13  4317  31.15  17636   0.73   0.55
  0952  53712 421060  14.95   2.33  16.55   7.80   5.24    65  40.06  4318  31.16  17641   0.35   0.53
  0954  53710 421065  15.96   1.44  16.47   7.79   4.96    61  39.97  4316  31.15  17634   0.81   0.80
 -2359  55190 421380   1.00   9999   9999   9999   9999  9999   9999  9999   9999   9999   9999   9999
  2359  55190 421380  20.00   9999   9999   9999   9999  9999   9999  9999   9999   9999   9999   9999
 -0918  56304 420491   0.98  11.43  20.13   8.02   7.62   101  43.21  4310  31.09  17582   0.60   0.23
  0918  56301 420504   2.00  10.76  20.07   8.03   7.73   102  43.18  4311  31.10  17589   1.37   0.26
  0919  56302 420510   3.02   9.94  20.07   8.02   7.63   101  43.18  4311  31.10  17590   1.48   0.16
  0920  56302 420521   4.01   9.16  20.08   8.03   7.79   103  43.18  4311  31.09  17587   1.71   0.19
  0921  56296 420521   5.02   8.09  19.82   8.02   7.67   101  42.99  4316  31.14  17613   2.00   0.20
  0922  56292 420518   6.02   6.98  19.65   7.99   7.29    96  42.79  4312  31.10  17594   2.38   0.28
  0923  56286 420518   7.00   5.91  19.51   7.99   7.23    95  42.76  4320  31.17  17636   1.66   0.31
  0925  56284 420521   8.01   1.90  18.80   7.93   0.05     1  42.20  4330  31.26  17687  87.31   0.31
  0926  56285 420521   9.01   3.90  18.86   7.93   6.64    86  42.08  4312  31.11  17599   1.49   0.25
  0927  56291 420520   9.98   3.13  17.36   7.86   6.08    76  40.83  4323  31.20  17660   1.35   0.34
  0928  56286 420523  10.99   2.00  16.86   7.83   5.58    69  40.32  4317  31.15  17634   1.31   0.49
  0929  56280 420524  11.98   0.98  16.73   7.81   5.40    67  40.22  4319  31.17  17644   0.90   0.64
 -2359  57620 418940   1.00   9999   9999   9999   9999  9999   9999  9999   9999   9999   9999   9999
  2359  57620 418940  16.05   9999   9999   9999   9999  9999   9999  9999   9999   9999   9999   9999
 -0847  57986 417191   0.98   1.71  20.58   8.09   8.22   110  43.48  4295  30.97  17511   2.09   0.33
  0848  57984 417199   2.03   1.06  20.57   8.09   8.20   110  43.51  4299  31.00  17529   2.66   0.33
  0848  57984 417205   2.95   0.75  20.49   8.08   8.19   109  43.47  4302  31.03  17546   2.67   0.42
  0849  57980 417210   4.01  16.19  20.25   8.06   8.14   108  43.35  4312  31.11  17593   2.71   0.34
  0850  57970 417211   4.93  15.61  20.19   8.00   7.39    98  42.99  4282  30.86  17452   2.17   0.52
  0851  57963 417213   5.96  14.46  19.50   7.98   7.28    96  42.68  4314  31.12  17604   2.06   0.40
  0851  57963 417213   6.97  13.48  18.93   7.95   6.98    91  42.16  4314  31.12  17608   3.73   0.36
  0852  57967 417208   7.99  12.49  17.80   7.90   5.88    75  41.10  4310  31.10  17598   1.40   0.38
  0853  57970 417201   8.99  11.56  18.26   7.90   6.29    81  41.55  4314  31.12  17611   2.25   0.48
  0854  57967 417197   9.98  10.15  17.41   7.83   5.66    71  40.82  4318  31.16  17634   1.03   0.40
  0854  57964 417200  10.95   9.41  17.15   7.00   5.58    70  40.59  4318  31.16  17637   0.88   0.48
  0855  57962 417205  11.97   8.51  17.12   7.84   5.91    74  40.57  4318  31.16  17637   0.71   0.54
  0856  57962 417206  12.97   7.54  16.84   7.83   5.79    72  40.36  4323  31.20  17662   1.03   0.47
  0856  57964 417203  13.96   6.56  16.65   7.81   5.44    68  40.15  4318  31.16  17642   0.78   0.37
  0857  57965 417199  14.98   5.38  16.57   7.80   5.32    66  40.09  4321  31.18  17653   0.54   0.70
  0858  57963 417198  15.98   4.48  16.52   7.78   5.10    63  40.04  4320  31.18  17650   1.11   0.62
  0858  57962 417199  16.97   3.55  16.48   7.78   5.05    63  40.01  4320  31.18  17651   0.47   0.63
  0859  57964 417203  17.98   2.59  16.38   7.74   4.53    56  39.92  4320  31.17  17649   0.26   0.84
  0900  57963 417199  18.99   1.54  16.37   7.72   4.33    54  39.91  4319  31.17  17647   0.25   1.10
 -2359  59310 414130   1.00   9999   9999   9999   9999  9999   9999  9999   9999   9999   9999   9999
  2359  59310 414130  23.05   9999   9999   9999   9999  9999   9999  9999   9999   9999   9999   9999
 -0816  61231 413057   1.02   8.90  20.86   8.13   8.44   113  43.85  4307  31.06  17564   1.60   0.46
  0817  61216 413067   2.02 157.40  20.86   8.13   8.45   114  43.87  4308  31.07  17569   1.50   0.53
  0817  61224 413072   3.06   0.75  20.85   8.12   8.41   113  43.86  4308  31.07  17569   1.75   0.28
  0818  61228 413064   3.93   0.75  20.76   8.09   8.07   108  43.72  4302  31.03  17545   2.20   0.34
  0818  61223 413047   4.95   5.05  20.83   8.10   8.35   112  43.84  4308  31.07  17571   2.03   0.29
  0819  61221 413036   5.95   4.15  20.72   8.07   8.03   108  43.72  4305  31.05  17559   3.66   0.36
  0821  61224 413049   6.97   3.14  19.16   7.87   6.16    80  42.25  4301  31.02  17546   5.75   0.67
  0823  61220 413054   7.95   2.18  18.01   7.77   5.34    68  41.35  4316  31.14  17624   1.95   0.66
  0824  61219 413056   8.99   1.18  17.68   7.74   4.99    63  41.07  4318  31.16  17635   1.40   0.58
 -2359  62300 412250   1.00   9999   9999   9999   9999  9999   9999  9999   9999   9999   9999   9999
  2359  62300 412250  17.00   9999   9999   9999   9999  9999   9999  9999   9999   9999   9999   9999
 -2359  65270 412090   1.00   9999   9999   9999   9999  9999   9999  9999   9999   9999   9999   9999
  2359  65270 412090  13.88   9999   9999   9999   9999  9999   9999  9999   9999   9999   9999   9999
 -2359  66330 411630   1.00   9999   9999   9999   9999  9999   9999  9999   9999   9999   9999   9999
  2359  66330 411630   7.00   9999   9999   9999   9999  9999   9999  9999   9999   9999   9999   9999
 -0740  67328 411375   0.99   0.00  20.72   8.08   8.51   114  43.35  4270  30.77  17396   2.28   0.88
  0741  67335 411368   2.05  10.40  20.76   8.08   8.53   114  43.40  4271  30.78  17400   3.19   0.41
  0741  67339 411364   2.99   9.45  20.76   8.07   8.51   114  43.42  4273  30.79  17407   3.24   0.41
  0742  67342 411362   4.02   8.41  20.74   8.06   8.51   114  43.40  4273  30.79  17409   2.54   0.40
  0744  67343 411364   4.97   7.50  19.68   7.94   7.45    98  42.40  4269  30.76  17395   7.04   0.72
  0745  67342 411366   5.99   6.51  19.44   7.91   7.31    96  42.22  4272  30.78  17411   4.55   0.83
  0746  67340 411366   7.02   5.46  19.04   7.84   6.13    80  41.98  4285  30.89  17475   3.48   0.79
  0746  67339 411369   7.96   4.61  18.72   7.80   5.76    74  41.81  4297  30.99  17533   4.13   0.69
  0748  67342 411365   9.00   3.54  17.35   7.64   4.13    52  40.78  4319  31.16  17639   1.67   0.89
  0748  67342 411362  10.03   2.51  17.32   7.65   4.12    52  40.75  4318  31.16  17636   1.66   0.86
  0749  67340 411357  11.00   1.58  17.26   7.64   3.94    50  40.69  4318  31.16  17636   1.88   0.94
 -2359  68840 411250   1.00   9999   9999   9999   9999  9999   9999  9999   9999   9999   9999   9999
  2359  68840 411250  10.94   9999   9999   9999   9999  9999   9999  9999   9999   9999   9999   9999
 -0727  69277 410949   0.99   5.13  20.90   8.04   8.65   116  43.51  4269  30.76  17389   3.62   0.49
  0727  69283 410948   2.01   4.03  20.88   8.04   8.66   116  43.52  4272  30.78  17401   3.22   0.52
  0727  69285 410947   3.02   2.69  20.87   8.04   8.68   117  43.52  4273  30.79  17408   3.79   0.54
  0728  69288 410947   4.06   1.44  20.82   8.04   8.71   117  43.49  4275  30.81  17417   3.57   0.51
  0729  69288 410947   4.98   0.75  20.70   7.98   7.96   107  43.34  4271  30.77  17398   2.89   0.60
