# MEETVAARTUIG : M.S. ARGUS
# MEETDATUM    : 09-09-2009 07:57:41
# MEETGEBIED   : GREVELINGEN
# STARTPUNT    : Grevelingendam
# EINDPUNT     : Brouwersdam
# PROJECTCODE  : E7501X
# OPDRACHTGEVER: ZLXXAXAMDBG
# BEHEERDER    : ZLXXAXAMDBG
# BEMONST. INST:
# WAARNEMER(S) : Gerrit Bakker
#
* 20090909
$ 9999 [00000000000]
>TIJD      uumm                    
>X         coordinaat              
>Y         coordinaat              
>SENSHTE   Diepte set        m     
>ECHOS     Echoset           mtrs  
>Temp       Temperatuur       oC        : 10  1.0  11  1.0
>O2        Zuurstof          mg/l  
>%O2        Zuurstof%         %     
>GELBH     Geleidendheid     mS/cm 
>SALNTT    Saliniteit        dimsl 
>CL-       Chloride          mg/l      : 16750  125  13  125
 -0757  69262 410936   1.02   4.89  17.94  10.53   133  41.83  31.60  17889
  0758  69285 410953   2.16   3.57  17.93  10.52   133  41.83  31.61  17895
  0758  69292 410947   3.02   2.45  17.94  10.50   133  41.82  31.60  17885
  0758  69298 410942   4.06   0.65  17.89  10.51   133  41.81  31.62  17903
 -0803  68852 411229   0.99  10.60  17.96  10.41   132  41.84  31.59  17885
  0803  68824 411248   2.04   9.45  17.89  10.42   132  41.84  31.65  17916
  0804  68822 411247   3.07   8.55  17.92  10.37   131  41.84  31.62  17903
  0804  68821 411243   4.02   7.75  17.72  10.39   131  41.67  31.63  17910
  0807  68839 411247   4.97   6.85  16.18   8.04    98  40.26  31.63  17914
  0807  68841 411244   5.94   5.95  16.18   8.02    98  40.26  31.63  17914
  0807  68842 411237   7.06   4.95  16.12   8.00    98  40.20  31.63  17911
  0807  68843 411234   8.02   3.90  16.09   8.00    98  40.20  31.65  17925
  0808  68844 411229   9.04   2.90  16.09   7.99    98  40.19  31.64  17920
  0808  68845 411232  10.01   1.90  16.05   7.91    96  40.18  31.66  17934
  0810  68833 411238  11.02   1.20  16.03   7.15    87  40.16  31.66  17933
 -0819  67318 411353   0.99  11.00  17.61   9.81   123  41.57  31.64  17911
  0821  67336 411377   2.03  10.05  17.55   9.64   121  41.54  31.66  17924
  0822  67354 411366   3.10   8.90  17.56   9.45   119  41.55  31.66  17924
  0823  67362 411364   4.01   8.00  17.03   8.65   108  41.24  31.81  18013
  0824  67341 411364   4.97   7.10  16.36   7.98    98  40.45  31.65  17927
  0826  67343 411354   6.04   6.10  16.27   7.30    89  40.42  31.70  17953
  0826  67343 411357   7.07   5.10  16.25   7.30    89  40.39  31.69  17947
  0827  67345 411359   7.97   4.30  16.19   7.26    89  40.33  31.68  17945
  0827  67349 411358   8.98   3.20  16.13   7.12    87  40.30  31.70  17958
  0828  67352 411355  10.03   2.30  16.12   7.08    86  40.30  31.71  17962
  0828  67354 411357  11.06   1.35  16.12   7.08    86  40.29  31.70  17957
 -0834  66324 411612   1.04   6.30  17.94   9.64   122  41.76  31.54  17855
  0834  66311 411627   2.01   5.30  17.98   9.63   122  41.77  31.52  17841
  0835  66309 411636   3.05   4.30  17.95   9.63   122  41.77  31.54  17855
  0835  66308 411642   4.03   3.30  17.90   9.64   122  41.79  31.60  17887
  0835  66310 411647   5.01   2.55  17.90   9.65   122  41.77  31.58  17877
  0836  66313 411632   6.00   1.80  17.14   8.73   109  41.21  31.70  17948
  0838  66323 411625   7.02   1.10  16.21   7.53    92  40.38  31.71  17961
 -0846  65270 412087   1.09  51.25  18.19   9.84   125  41.64  31.25  17684
  0846  65268 412099   2.04   1.15  18.17   9.82   124  41.64  31.26  17693
  0848  65263 412088   3.04  10.40  17.52   7.63    96  41.28  31.46  17809
  0848  65265 412084   3.97   9.30  16.47   7.93    98  40.68  31.77  17992
  0850  65277 412087   5.01   8.85  16.51   7.00    86  40.67  31.73  17968
  0851  65283 412094   6.09   8.15  16.66   6.87    85  40.84  31.75  17984
  0851  65282 412094   7.07   7.20  16.61   6.75    83  40.87  31.82  18022
  0851  65282 412090   7.97   6.05  16.63   6.73    83  40.96  31.88  18058
  0852  65273 412086   9.02   4.80  16.77   6.75    84  41.11  31.90  18069
  0853  65269 412092  10.02   4.10  16.71   6.65    82  41.04  31.89  18062
  0853  65267 412091  11.05   2.95  16.73   6.61    82  41.05  31.88  18057
  0853  65263 412089  12.07   1.90  16.70   6.59    82  41.02  31.88  18056
  0854  65262 412087  13.00   0.85  16.67   6.59    81  40.96  31.85  18040
 -0911  62277 412243   1.08   5.05  17.27   8.80   110  41.26  31.64  17913
  0911  62280 412237   2.09  14.50  17.27   8.81   110  41.27  31.64  17918
  0912  62281 412234   3.08  13.55  17.27   8.83   110  41.27  31.64  17918
  0913  62283 412247   4.03  12.85  17.21   8.82   110  41.25  31.67  17936
  0915  62296 412241   5.09  11.90  16.85   7.67    95  41.03  31.77  17992
  0916  62292 412229   6.04  10.70  16.84   7.57    94  41.04  31.79  18001
  0917  62284 412266   7.03  10.45  16.82   7.51    93  41.13  31.88  18056
  0918  62282 412264   8.02   9.40  16.87   7.45    92  41.20  31.90  18067
  0919  62273 412251   9.02   8.00  16.90   7.22    90  41.21  31.88  18059
  0920  62287 412272  10.04   7.40  16.91   6.85    85  41.32  31.97  18109
  0920  62291 412271  11.00   6.45  16.92   6.84    85  41.32  31.96  18104
  0921  62293 412269  11.96   5.75  16.96   6.82    85  41.40  32.00  18126
  0921  62294 412265  13.00   4.60  16.98   6.78    84  41.42  32.00  18126
  0921  62295 412260  14.05   3.60  16.97   6.69    83  41.42  32.01  18131
  0922  62296 412257  15.01  37.70  16.97   6.64    83  41.42  32.01  18131
  0923  62297 412245  16.00   1.55  16.90   6.41    80  41.40  32.05  18154
  0923  62295 412244  17.03   0.55  16.89   6.38    79  41.39  32.05  18153
 -0931  61199 413057   0.95   8.60  16.93   8.21   102  41.00  31.68  17940
  0932  61210 413061   2.00   7.60  16.93   8.18   101  41.00  31.68  17940
  0932  61227 413054   3.03   6.80  16.87   8.14   101  40.98  31.71  17957
  0933  61234 413048   4.00   5.90  16.91   8.07   100  41.00  31.70  17949
  0935  61217 413052   5.01   4.80  16.89   7.39    92  41.13  31.82  18023
  0936  61209 413051   6.12   3.75  16.89   7.13    88  41.21  31.89  18063
  0937  61207 413069   6.95   2.85  16.93   6.86    85  41.35  31.98  18115
  0937  61207 413070   7.99   2.00  16.92   6.79    84  41.39  32.02  18139
  0937  61207 413072   9.02   0.95  16.98   6.72    84  41.39  31.98  18111
 -0949  59291 414135   1.08  21.20  17.29   8.89   111  41.39  31.73  17968
  0950  59298 414150   1.94  20.70  17.27   8.90   111  41.39  31.75  17977
  0950  59301 414150   2.99  19.95  17.32   8.87   111  41.39  31.71  17955
  0950  59301 414150   4.04  18.90  17.30   8.87   111  41.39  31.72  17964
  0951  59300 414137   4.95  51.25  17.30   8.85   110  41.40  31.73  17969
  0951  59300 414129   6.02  16.40  17.30   8.81   110  41.40  31.73  17969
  0951  59304 414135   7.02  15.80  17.29   8.78   110  41.41  31.75  17978
  0952  59306 414138   7.98  15.00  17.30   8.75   109  41.40  31.73  17969
  0952  59306 414137   8.98  51.25  17.10   8.60   107  41.40  31.89  18061
  0954  59309 414119  10.08  12.75  16.91   7.35    91  41.36  32.01  18129
  0954  59313 414122  11.01  11.95  16.91   7.32    91  41.38  32.02  18139
  0955  59314 414124  11.95  11.20  16.96   7.31    91  41.40  32.00  18126
  0955  59316 414127  13.07  51.25  16.90   7.32    91  41.39  32.04  18149
  0955  59316 414127  14.02  51.20  16.95   7.29    90  41.37  31.98  18115
  0955  59318 414128  15.04   8.40  16.87   7.21    89  41.36  32.04  18148
  0956  59319 414129  16.05   7.60  16.89   7.17    89  41.36  32.02  18138
  0956  59319 414130  17.00   6.65  16.89   7.13    88  41.36  32.02  18138
  0956  59318 414131  18.06  51.25  16.93   7.10    88  41.36  31.99  18120
  0957  59315 414132  19.02   4.85  16.89   7.06    88  41.35  32.01  18133
  0957  59314 414131  20.01   3.75  16.90   7.04    87  41.35  32.01  18129
  0958  59310 414126  21.00  51.25  16.86   6.88    85  41.37  32.05  18157
  0958  59310 414129  21.95  51.25  16.91   6.87    85  41.37  32.01  18134
  0958  59311 414133  23.00  51.25  16.93   6.76    84  41.37  32.00  18125
 -1016  57965 417203   1.07  18.55  17.37   8.98   112  41.49  31.75  17981
  1016  57970 417201   2.05  17.75  17.39   8.95   112  41.49  31.74  17972
  1016  57974 417198   3.03  16.80  17.36   8.95   112  41.48  31.75  17981
  1017  57970 417196   3.93  16.00  17.28   8.92   111  41.47  31.81  18013
  1018  57965 417204   5.08  14.75  17.25   8.51   106  41.48  31.84  18031
  1018  57962 417205   6.01  13.85  17.20   8.38   104  41.47  31.87  18049
  1019  57951 417194   7.04  12.95  17.02   7.53    94  41.41  31.96  18103
  1019  57950 417194   7.98  12.05  17.05   7.46    93  41.40  31.93  18084
  1020  57957 417207   9.13  10.85  16.91   7.19    89  41.40  32.04  18149
  1021  57958 417209  10.05   9.95  16.88   7.13    88  41.38  32.05  18153
  1021  57959 417208  10.98   9.15  16.88   7.05    87  41.36  32.03  18143
  1021  57960 417207  12.06   8.20  16.87   7.00    87  41.39  32.06  18163
  1022  57961 417204  13.02   7.20  16.88   6.94    86  41.41  32.07  18168
  1022  57962 417200  14.06   6.05  16.91   6.89    86  41.44  32.08  18169
  1022  57962 417197  15.05   5.00  16.95   6.86    85  41.45  32.05  18155
  1023  57965 417189  16.03   3.70  16.92   6.83    85  41.46  32.08  18174
  1023  57967 417190  17.00   2.85  16.91   6.80    84  41.49  32.12  18194
  1024  57965 417200  18.03   2.35  16.90   6.64    82  41.52  32.15  18214
  1024  57963 417201  18.99   1.45  16.94   6.59    82  41.54  32.14  18205
  1025  57957 417203  20.04  28.80  17.08   6.46    81  41.89  32.33  18315
 -1039  57615 418952   0.95  51.25  17.27   8.27   103  41.55  31.88  18057
  1039  57615 418938   2.10  13.95  17.34   8.28   104  41.55  31.83  18025
  1040  57614 418932   3.08  48.65  17.25   8.31   104  41.54  31.89  18061
  1040  57612 418922   4.02  11.65  17.39   8.30   104  41.64  31.87  18046
  1040  57609 418914   5.03  11.05  17.42   8.39   105  41.63  31.83  18027
  1041  57612 418925   6.01  10.40  17.38   8.41   105  41.60  31.84  18031
  1042  57621 418944   6.97   9.15  17.20   8.11   101  41.53  31.92  18079
  1042  57624 418948   8.07   8.00  17.13   7.70    96  41.51  31.96  18102
  1043  57624 418948   9.02   7.50  17.11   7.62    95  41.49  31.96  18101
  1044  57606 418944  10.03   6.55  16.96   6.82    85  41.42  32.02  18136
  1045  57601 418943  11.03   5.80  16.85   6.89    85  41.41  32.10  18182
  1045  57603 418953  12.05   4.55  16.92   6.68    83  41.43  32.06  18159
  1046  57609 418963  13.11   3.65  16.93   6.59    82  41.53  32.14  18205
  1047  57616 418960  13.96   2.20  17.04   6.35    79  41.75  32.24  18263
  1048  57617 418942  15.05   1.30  17.27   6.15    77  42.28  32.51  18420
  1048  57617 418935  15.94  51.25  17.26   6.16    77  42.40  32.62  18484
 -1059  56267 420531   0.98  11.15  17.88   9.97   126  42.09  31.87  18043
  1100  56260 420534   1.92  10.10  17.87   9.96   126  42.08  31.86  18043
  1100  56258 420535   3.08   9.05  17.86   9.96   126  42.07  31.86  18042
  1100  56256 420537   4.08   8.05  17.81   9.96   126  42.06  31.89  18060
  1100  56258 420535   4.98   7.25  17.85   9.93   125  42.07  31.87  18047
  1102  56269 420531   6.00   6.65  17.84   9.55   121  42.05  31.86  18042
  1103  56284 420513   7.02   5.45  17.14   7.55    94  41.75  32.16  18217
  1105  56283 420518   7.97   4.65  17.23   6.57    82  42.26  32.53  18429
  1105  56280 420519   9.07   3.50  17.27   6.49    81  42.38  32.60  18470
  1106  56277 420515  10.03   2.50  17.35   6.44    81  42.46  32.60  18472
  1106  56272 420509  11.01   1.25  17.47   6.47    82  42.80  32.79  18584
 -1115  55176 421358   0.99  18.40  17.49   9.19   115  41.75  31.88  18055
  1115  55171 421384   2.08  17.60  17.48   9.13   114  41.74  31.88  18054
  1116  55190 421390   3.04  17.20  17.36   8.67   108  41.71  31.95  18095
  1117  55193 421386   4.03  16.10  17.34   8.66   108  41.76  32.01  18129
  1117  55194 421381   5.02  15.00  17.30   8.61   108  41.77  32.05  18152
  1118  55190 421373   6.07  13.70  17.32   7.83    98  42.32  32.50  18416
  1119  55178 421390   7.03  13.10  17.44   6.80    86  42.65  32.69  18524
  1120  55180 421387   8.05  12.10  17.43   6.76    85  42.69  32.73  18548
  1120  55183 421388   9.05  11.25  17.51   6.59    83  42.90  32.85  18615
  1121  55185 421388  10.01  10.35  17.55   6.50    82  43.05  32.94  18670
  1121  55187 421385  11.06   9.30  17.54   6.46    82  43.09  32.99  18695
  1121  55189 421383  12.04   8.35  17.56   6.44    81  43.10  32.98  18691
  1122  55191 421377  13.08   7.20  17.50   6.43    81  43.09  33.02  18714
  1122  55192 421373  14.07   6.20  17.50   6.41    81  43.09  33.02  18714
  1122  55193 421372  15.03   5.20  17.54   6.39    81  43.12  33.01  18710
  1122  55194 421375  16.06   4.30  17.54   6.36    80  43.15  33.04  18725
  1122  55195 421378  17.04   3.50  17.53   6.34    80  43.16  33.05  18735
  1123  55197 421382  18.06   2.65  17.53   6.29    79  43.15  33.05  18730
  1123  55195 421381  19.01   1.65  17.55   6.25    79  43.15  33.03  18720
  1123  55194 421379  19.99   0.70  17.54   6.22    78  43.16  33.05  18730
 -1132  53706 421041   1.06  15.20  17.61   8.99   113  41.97  31.97  18108
  1133  53700 421064   2.05  14.50  17.68   9.01   114  42.00  31.95  18091
  1133  53701 421069   3.03  13.60  17.67   9.05   114  41.99  31.94  18090
  1133  53702 421076   4.05  12.70  17.64   9.05   114  42.00  31.98  18109
  1133  53701 421076   5.05  11.80  17.67   9.03   114  42.00  31.95  18095
  1134  53701 421072   6.03  10.75  17.67   9.02   113  42.04  31.99  18115
  1134  53702 421070   7.03   9.80  17.64   8.98   113  42.08  32.04  18148
  1134  53700 421070   8.02   8.80  17.69   8.92   112  42.16  32.07  18165
  1137  53712 421060   9.04   7.80  17.65   6.59    83  42.94  32.77  18569
  1137  53708 421060  10.05   6.85  17.59   6.55    83  43.07  32.93  18661
  1137  53704 421058  11.09   5.85  17.57   6.71    85  43.09  32.96  18681
  1138  53703 421058  12.07   4.90  17.58   6.72    85  43.10  32.96  18681
  1138  53701 421060  13.07   4.00  17.56   6.76    86  43.10  32.98  18691
  1138  53700 421064  14.03   3.15  17.57   6.75    85  43.11  32.98  18691
  1139  53701 421068  15.03   2.15  17.50   6.76    85  43.10  33.03  18719
  1139  53703 421076  16.09   1.30  17.50   6.75    85  43.11  33.04  18724
 -1147  52935 420307   0.86   9.60  17.92   9.19   116  42.26  31.98  18108
  1147  52951 420271   2.09   8.25  17.94   9.17   116  42.27  31.97  18104
  1149  52948 420297   3.01   7.55  17.89   9.10   115  42.28  32.02  18132
  1149  52942 420294   4.05   6.55  17.86   9.11   115  42.28  32.04  18145
  1150  52939 420292   4.94   5.75  17.90   9.12   115  42.30  32.03  18137
  1150  52936 420290   6.09   4.65  17.85   9.15   116  42.28  32.05  18150
  1150  52936 420287   7.03   3.75  17.82   9.17   116  42.30  32.09  18174
  1153  52945 420282   8.06   2.65  17.63   6.80    86  42.87  32.73  18543
  1153  52941 420282   9.01   1.75  17.58   6.72    85  43.05  32.92  18656
  1153  52938 420282  10.01   0.90  17.53   6.73    85  43.04  32.95  18675
 -1205  51582 418563   0.95  34.95  17.80   9.82   124  42.23  32.05  18149
  1205  51549 418565   1.95  51.25  17.82   9.83   124  42.26  32.06  18154
  1207  51566 418583   2.90  31.85  17.80   9.77   123  42.24  32.05  18153
  1207  51571 418575   4.00  31.50  17.81   9.73   123  42.24  32.05  18149
  1208  51573 418563   5.05  31.05  17.79   9.55   120  42.27  32.09  18173
  1209  51586 418572   6.04  29.95  17.79   9.29   117  42.30  32.11  18188
  1210  51577 418576   7.11  51.25  17.75   8.21   104  42.69  32.48  18398
  1211  51560 418574   7.99  27.20  17.65   7.93   100  42.92  32.75  18559
  1212  51568 418567   9.10  27.25  17.57   7.52    95  43.27  33.12  18770
  1213  51578 418565   9.99  26.25  17.58   7.30    92  43.22  33.06  18741
  1213  51581 418565  10.98  25.25  17.54   7.27    92  43.19  33.07  18745
  1213  51584 418568  12.15  24.25  17.49   7.21    91  43.17  33.10  18759
  1214  51576 418581  13.02  23.15  17.40   6.91    87  43.11  33.12  18772
  1215  51570 418582  14.07  51.25  17.37   6.88    87  43.12  33.15  18791
  1215  51567 418581  15.05  51.25  17.44   6.84    86  43.15  33.12  18773
  1215  51562 418575  16.08  19.85  17.41   6.73    85  43.13  33.13  18777
  1216  51560 418573  17.14  18.90  17.37   6.73    85  43.13  33.16  18796
  1216  51559 418571  17.97  18.35  17.40   6.71    84  43.13  33.13  18782
  1216  51560 418568  19.08  17.65  17.42   6.71    85  43.12  33.11  18767
  1217  51561 418566  20.00  16.85  17.38   6.70    84  43.12  33.14  18787
  1217  51563 418564  21.06  15.85  17.37   6.70    84  43.12  33.15  18791
  1217  51565 418562  22.04  14.90  17.37   6.70    84  43.12  33.15  18791
  1217  51567 418561  23.06  14.00  17.37   6.69    84  43.12  33.15  18791
  1217  51569 418562  24.06  12.90  17.38   6.70    84  43.12  33.14  18787
  1218  51572 418565  25.13  12.00  17.38   6.69    84  43.12  33.14  18787
  1218  51574 418569  26.07  10.95  17.33   6.69    84  43.13  33.19  18816
  1219  51576 418570  27.06  10.00  17.35   6.66    84  43.12  33.17  18801
  1219  51577 418568  28.04   9.00  17.34   6.58    83  43.11  33.17  18801
  1219  51576 418570  29.05   8.05  17.34   6.54    82  43.11  33.17  18801
  1219  51574 418570  30.07  51.25  17.36   6.50    82  43.11  33.15  18791
  1220  51573 418569  31.03   6.15  17.34   6.47    82  43.10  33.16  18796
  1220  51571 418568  32.08   5.20  17.36   6.44    81  43.11  33.15  18791
  1220  51569 418568  32.99  51.25  17.34   6.43    81  43.11  33.17  18801
  1221  51566 418567  34.04   3.50  17.34   6.40    81  43.10  33.16  18796
  1221  51565 418566  34.96   2.65  17.31   6.39    80  43.11  33.19  18815
  1221  51565 418565  36.05  51.25  17.30   6.35    80  43.10  33.19  18815
 -1242  50710 418362   1.01  51.25  17.79   9.88   125  42.16  31.99  18119
  1242  50725 418362   2.05  26.00  17.74   9.90   125  42.23  32.09  18176
  1242  50727 418359   3.06  25.15  17.79   9.87   124  42.26  32.08  18168
  1243  50727 418358   4.07  24.20  17.79   9.85   124  42.26  32.08  18168
  1243  50718 418373   5.01  22.95  17.70   9.35   118  42.45  32.31  18303
  1246  50721 418372   6.00  22.05  17.64   8.55   108  42.66  32.54  18435
  1246  50729 418368   7.07  21.20  17.77   8.33   105  42.97  32.70  18527
  1247  50723 418378   8.03  19.95  17.76   8.26   104  42.98  32.71  18536
  1247  50719 418381   9.02  18.80  17.71   8.29   105  43.02  32.79  18580
  1248  50715 418379   9.97  17.80  17.64   8.22   104  43.16  32.96  18682
  1248  50712 418378  10.99  16.75  17.66   7.92   100  43.23  33.01  18707
  1249  50722 418386  12.07  15.80  17.73   7.67    97  43.46  33.15  18788
  1249  50726 418388  13.00  14.80  17.57   7.60    96  43.23  33.08  18750
  1249  50722 418378  14.03  14.25  17.60   7.41    94  43.31  33.13  18776
  1250  50721 418377  15.01  51.25  17.72   7.39    94  43.48  33.17  18803
  1250  50720 418374  16.09  12.60  17.80   7.40    94  43.57  33.18  18809
  1250  50719 418372  17.03  11.55  17.64   7.41    94  43.41  33.18  18806
  1251  50722 418375  18.03  10.50  17.40   7.26    92  43.15  33.15  18792
  1251  50725 418381  19.04   9.45  17.42   7.13    90  43.14  33.13  18777
  1252  50724 418380  20.10   8.45  17.42   7.09    89  43.15  33.14  18782
  1252  50721 418368  21.02   7.85  17.42   7.05    89  43.14  33.13  18777
  1252  50726 418369  22.02   6.90  17.40   6.96    88  43.14  33.14  18787
  1253  50728 418376  23.07   5.75  17.36   6.92    87  43.13  33.17  18801
  1253  50727 418375  24.07   4.85  17.39   6.88    87  43.13  33.14  18787
  1254  50717 418376  24.97   3.75  17.34   6.66    84  43.12  33.18  18806
  1254  50715 418380  26.00   2.50  17.34   6.55    82  43.15  33.20  18821
  1255  50713 418377  27.01   1.55  17.39   6.52    82  43.15  33.16  18797
  1255  50713 418378  27.95   0.65  17.39   6.51    82  43.19  33.19  18817
 -1301  49718 418246   0.90  51.25  17.76   9.79   123  42.18  32.04  18142
  1301  49717 418262   2.01  17.10  17.74   9.80   124  42.15  32.03  18137
  1302  49717 418269   3.03  15.05  17.74   9.76   123  42.14  32.02  18132
  1302  49721 418268   4.04  13.65  17.77   9.73   123  42.18  32.03  18138
  1303  49724 418265   5.07  13.35  17.70   9.74   123  42.12  32.03  18140
  1303  49725 418262   6.07  13.35  17.75   9.70   122  42.19  32.05  18152
  1304  49730 418262   6.97  12.65  17.71   9.13   115  42.37  32.24  18259
  1305  49727 418268   8.02  10.00  17.84   8.96   113  42.87  32.56  18445
  1305  49725 418274   9.08   8.70  17.77   8.95   113  42.54  32.33  18315
  1305  49725 418272  10.05   7.75  17.85   8.91   113  42.88  32.56  18445
  1306  49725 418263  11.06   8.45  17.56   7.52    95  43.11  32.99  18695
  1307  49728 418257  12.06   9.10  17.59   7.41    94  43.20  33.04  18726
  1307  49730 418268  13.04   6.10  17.53   7.26    92  43.18  33.07  18745
  1308  49730 418267  14.05   5.55  17.54   7.24    92  43.21  33.09  18755
  1308  49728 418264  15.04   4.80  17.51   7.16    90  43.24  33.14  18784
  1308  49726 418262  16.08   3.40  17.67   7.13    90  43.40  33.15  18787
  1309  49727 418272  17.02  51.25  17.61   7.21    91  43.38  33.18  18806
 -1315  48780 418170   0.94  41.90  17.80  10.04   127  42.22  32.04  18144
  1315  48760 418183   1.95  41.05  17.77  10.06   127  42.23  32.07  18162
  1316  48754 418183   2.97  40.10  17.81  10.03   127  42.24  32.05  18149
  1316  48753 418187   4.05  39.20  17.81  10.03   127  42.24  32.05  18149
  1316  48760 418193   5.02  38.40  17.77  10.03   126  42.23  32.07  18162
  1316  48763 418191   5.99  37.40  17.81   9.99   126  42.25  32.06  18154
  1317  48764 418186   7.10  36.40  17.80   9.97   126  42.25  32.06  18158
  1317  48768 418189   8.00  35.50  17.82   9.91   125  42.38  32.16  18213
  1318  48780 418190   9.01  34.60  17.88   9.64   122  42.64  32.33  18313
  1318  48783 418188  10.07  33.55  17.91   9.61   122  43.14  32.73  18545
  1319  48775 418190  11.08  32.55  17.83   7.92   101  43.48  33.08  18750
  1320  48767 418183  12.05  31.65  17.82   7.84   100  43.47  33.08  18750
  1320  48764 418194  13.02  30.80  17.75   7.68    97  43.44  33.11  18769
  1320  48768 418199  14.03  29.85  17.78   7.64    97  43.44  33.09  18754
  1321  48769 418199  15.10  28.80  17.78   7.61    97  43.46  33.11  18764
  1321  48768 418189  16.08  27.90  17.71   7.48    95  43.48  33.18  18807
  1321  48771 418193  17.03  27.00  17.67   7.44    94  43.45  33.19  18812
  1322  48772 418196  17.99  26.05  17.57   7.35    93  43.34  33.18  18805
  1322  48772 418195  19.03  25.05  17.53   7.27    92  43.30  33.17  18804
  1323  48772 418195  20.05  24.25  17.60   7.22    91  43.36  33.17  18801
  1323  48770 418193  20.99  23.30  17.56   7.21    91  43.33  33.18  18805
  1323  48769 418192  22.01  22.25  17.56   7.17    91  43.35  33.19  18815
  1323  48766 418190  23.09  21.25  17.54   7.12    90  43.34  33.20  18819
  1324  48766 418187  23.96  20.40  17.48   7.11    90  43.32  33.23  18838
  1324  48766 418184  25.04  19.30  17.48   7.04    89  43.30  33.21  18828
  1324  48774 418179  26.04  18.30  17.47   6.98    88  43.27  33.20  18818
  1325  48778 418179  27.03  17.30  17.43   6.95    88  43.22  33.19  18812
  1325  48779 418179  28.01  16.40  17.42   6.93    87  43.23  33.20  18822
  1325  48782 418182  29.06  15.45  17.41   6.89    87  43.23  33.21  18827
  1325  48781 418186  30.01  14.65  17.41   6.86    86  43.23  33.21  18827
  1325  48781 418185  30.95  13.80  17.41   6.84    86  43.23  33.21  18827
  1326  48774 418189  32.27  12.50  17.42   6.79    86  43.23  33.20  18822
  1326  48768 418189  33.05  11.80  17.42   6.72    85  43.23  33.20  18822
  1326  48767 418186  34.07  10.85  17.42   6.71    85  43.23  33.20  18822
  1326  48766 418185  34.96   9.95  17.42   6.68    84  43.23  33.20  18822
  1327  48767 418185  36.01   8.90  17.42   6.69    84  43.23  33.20  18822
  1327  48769 418185  37.00   7.95  17.42   6.68    84  43.23  33.20  18822
  1327  48771 418185  38.00   7.00  17.40   6.69    84  43.24  33.23  18837
  1327  48770 418187  39.00   6.05  17.36   6.71    84  43.20  33.23  18836
  1328  48770 418184  39.97   5.15  17.41   6.69    84  43.24  33.22  18832
  1328  48770 418186  41.06   4.10  17.36   6.71    84  43.23  33.25  18851
  1328  48769 418189  41.96   3.25  17.37   6.67    84  43.25  33.26  18856
  1328  48768 418190  42.99   2.40  17.42   6.64    84  43.24  33.21  18827
  1329  48768 418191  44.06   1.30  17.42   6.62    84  43.25  33.22  18832
 -1335  47954 418349   0.90  15.95  17.95  10.08   128  42.55  32.20  18236
  1335  47944 418357   1.93  14.90  17.95  10.08   128  42.56  32.21  18241
  1336  47942 418357   2.96  13.75  17.91  10.08   128  42.54  32.22  18250
  1336  47941 418358   4.08  12.70  17.96  10.04   127  42.56  32.20  18237
  1336  47943 418359   5.09  11.90  17.96  10.04   127  42.57  32.21  18242
  1336  47947 418357   6.01  11.30  17.95  10.02   127  42.57  32.22  18246
  1336  47952 418351   7.09  10.15  17.92  10.01   127  42.58  32.25  18265
  1337  47962 418343   8.03   9.65  17.93   9.75   123  42.58  32.24  18260
  1338  47967 418347   9.10   8.30  17.89   9.09   115  43.26  32.85  18613
  1338  47966 418346   9.97   7.60  17.93   9.08   115  43.31  32.86  18619
  1339  47961 418358  10.99   5.95  17.75   7.89   100  43.33  33.02  18714
  1339  47960 418358  12.05   4.90  17.78   7.86   100  43.33  33.00  18700
  1340  47957 418356  13.04   4.00  17.73   7.68    97  43.46  33.15  18788
  1340  47956 418353  14.04   3.20  17.73   7.64    97  43.47  33.16  18793
  1341  47954 418350  15.06   2.50  17.64   7.60    96  43.40  33.17  18801
  1341  47945 418353  15.99   1.80  17.69   7.41    94  43.50  33.21  18827
  1342  47945 418355  16.99   0.90  17.65   7.38    94  43.43  33.19  18811
 -1348  47472 418831   1.03  13.60  18.13   7.93   101  43.93  33.22  18829
  1348  47461 418853   2.00  13.00  18.18   7.93   101  43.91  33.16  18796
  1348  47460 418849   3.04  12.00  18.16   7.84   100  43.82  33.10  18761
  1348  47458 418848   3.95  11.15  18.19   7.84   100  44.03  33.26  18850
  1349  47458 418845   5.03  10.05  18.26   7.73    99  44.08  33.24  18841
  1349  47460 418847   5.97   9.15  18.17   7.73    99  44.08  33.32  18884
  1349  47464 418847   7.08   7.90  18.19   7.69    98  44.06  33.28  18864
  1349  47465 418851   8.08   6.90  18.20   7.66    98  44.08  33.29  18869
  1350  47467 418852   9.02   5.70  18.17   7.63    98  44.08  33.32  18884
  1350  47469 418854  10.00   4.65  18.19   7.60    97  44.06  33.28  18864
  1350  47471 418852  11.08   3.30  18.19   7.58    97  44.06  33.28  18864
  1350  47472 418849  11.97   2.20  18.20   7.57    97  44.07  33.28  18865
  1351  47472 418846  13.01   1.15  18.25   7.56    97  44.03  33.21  18821
