# MEETVAARTUIG :
# MEETDATUM    : 2023-08-10 00:00:00
# MEETGEBIED   :
# STARTPUNT    :
# EINDPUNT     :
# PROJECTCODE  :
# OPDRACHTGEVER:
# BEHEERDER    :
# BEMONST. INST:
# WAARNEMER(S) : lamper
#
* 20230810
$ 9999 [000000000000000]
>TIJD      uumm                    
>X         coordinaat              
>Y         coordinaat              
>SENSHTE   Diepte set        m     
>Echms     Echoset           mtrs  
>Temp      Temperatuur       oC    
>pH        Zuurgraad         dimsls
>O2        Zuurstof          mg/l  
>%O2       Zuurstof%         %     
>GELBH     Geleidendheid     mS/cm 
>GEL20     Gel20             ???   
>SALNTT    Saliniteit        dimsl 
>CL-       Chloride          mg/l  
>CHFLYSI   Chlorofyl         ugr/l 
>TURBID    Troebelheid       NTU   
 -2359  47466 418850   1.00   9999   9999   9999   9999  9999   9999  9999   9999   9999   9999   9999
  2359  47466 418850  15.96   9999   9999   9999   9999  9999   9999  9999   9999   9999   9999   9999
 -1140  47960 418357   0.95   0.00  18.08   8.05   7.86   101  39.42  4108  29.48  16661   1.17   4.33
  1141  47960 418357   2.01  17.38  18.06   8.05   7.85   101  39.37  4105  29.45  16645   2.63   3.84
  1141  47960 418357   3.13  15.68  18.02   8.05   7.84   101  39.34  4105  29.45  16647   2.00   4.30
  1142  47960 418357   3.99  14.63  18.01   8.05   7.86   101  39.34  4107  29.46  16653   2.10   3.76
  1142  47960 418357   4.96  13.56  18.00   8.05   8.00   103  39.37  4111  29.50  16672   2.47   2.84
  1143  47960 418357   5.98  12.18  17.99   8.05   8.07   103  39.39  4113  29.51  16681   3.44   3.15
  1143  47960 418357   6.99  11.55  18.00   8.05   8.07   104  39.40  4114  29.52  16687   3.58   2.08
  1144  47960 418357   8.15  10.70  18.06   8.03   8.14   105  39.60  4129  29.64  16757   3.91   0.77
  1145  47960 418357   8.95   9.78  18.08   8.02   8.08   104  39.67  4135  29.69  16781   5.81   0.61
  1145  47960 418357   9.91   8.83  18.13   8.03   8.08   104  39.82  4145  29.77  16829   3.60   0.76
  1145  47960 418357  10.96   7.74  18.13   8.03   8.08   104  39.84  4147  29.79  16840   3.80   0.71
  1146  47960 418357  11.95   6.70  18.14   8.03   8.14   105  39.86  4149  29.80  16848   3.24   0.73
  1146  47960 418357  12.93   5.33  18.15   8.03   8.12   105  39.92  4155  29.85  16873   2.91   0.58
  1148  47960 418357  14.09   4.19  18.12   7.99   7.65    99  39.99  4164  29.92  16916   3.34   0.86
  1148  47960 418357  14.95   3.25  18.08   7.97   7.00    90  39.99  4168  29.95  16935   2.09   0.71
  1149  47960 418357  15.95   2.16  17.64   7.85   5.76    74  40.39  4251  30.62  17321   0.77   0.89
  1150  47960 418357  16.97   1.38  14.96   7.58   1.11    14  38.13  4261  30.71  17386   0.06   2.95
 -1058  48775 418191   1.07  43.71  18.14   8.09   9.05   116  39.38  4098  29.40  16614   4.19   0.50
  1058  48775 418191   1.91  42.92  18.14   8.09   9.07   117  39.38  4098  29.40  16615   4.18   0.59
  1058  48775 418191   2.95  42.63  18.14   8.09   9.06   116  39.38  4099  29.40  16615   4.50   0.47
  1059  48775 418191   4.07  41.39  18.14   8.08   8.99   116  39.43  4105  29.45  16643   4.68   0.60
  1101  48775 418191   4.95  41.62  18.06   8.05   8.56   110  39.51  4119  29.57  16712   3.64   0.57
  1101  48775 418191   5.92  40.97  18.04   8.04   8.38   108  39.53  4124  29.60  16733   4.29   0.75
  1102  48775 418191   6.92  39.17  18.05   8.03   8.27   106  39.62  4132  29.67  16772   3.39   0.67
  1102  48775 418191   8.09  36.43  18.04   8.03   8.22   106  39.63  4134  29.68  16779   4.88   0.63
  1103  48775 418191   8.98  35.53  18.03   8.03   8.20   105  39.63  4134  29.68  16781   3.43   0.69
  1103  48775 418191   9.95  37.33  17.99   8.04   8.21   105  39.59  4134  29.68  16780   4.11   0.75
  1104  48775 418191  10.94  34.25  18.08   8.02   8.03   103  39.81  4149  29.80  16847   3.22   0.82
  1104  48775 418191  11.94  33.75  18.08   8.01   7.85   101  39.88  4156  29.86  16880   3.83   1.05
  1105  48775 418191  12.95  31.74  18.10   7.99   7.63    98  39.97  4164  29.92  16917   2.95   0.75
  1106  48775 418191  14.03  31.38  18.02   7.95   6.96    90  40.04  4179  30.04  16986   1.32   0.83
  1107  48775 418191  14.96  30.42  18.00   7.92   6.12    79  40.36  4213  30.32  17146   1.59   0.83
  1109  48775 418191  16.07  28.88  17.35   7.79   4.07    52  40.16  4253  30.63  17332   0.49   0.75
  1111  48775 418191  17.08  27.90  17.00   7.74   3.19    40  39.92  4260  30.69  17367   0.41   0.66
  1112  48775 418191  17.94  26.52  16.03   7.65   1.89    24  39.06  4260  30.70  17374   0.27   0.59
  1113  48775 418191  19.08  26.27  15.47   7.63   1.44    18  38.51  4254  30.65  17348   0.06   0.58
  1114  48775 418191  20.12  25.22  14.56   7.58   0.55     7  37.74  4256  30.67  17364   0.02   1.02
  1115  48775 418191  20.95  24.63  14.27   7.57   0.37     4  37.44  4251  30.63  17340   0.14   2.15
  1116  48775 418191  21.90  23.55  13.65   7.58   0.31     4  36.91  4252  30.64  17348   0.11   3.31
  1116  48775 418191  23.05  22.20  12.99   7.56   0.28     3  36.28  4245  30.58  17319   0.07   1.84
  1117  48775 418191  24.20  21.97  12.79   7.56   0.27     3  36.09  4243  30.57  17311   0.13   1.92
  1117  48775 418191  25.03  20.05  12.59   7.55   0.26     3  35.93  4244  30.58  17317   0.06   1.51
  1117  48775 418191  25.93  18.87  12.29   7.54   0.26     3  35.67  4243  30.57  17312   0.09   1.34
  1118  48775 418191  27.09  18.58  11.88   7.53   0.25     3  35.30  4241  30.56  17306   0.15   1.28
  1118  48775 418191  27.95  17.64  11.56   7.52   0.25     3  35.04  4243  30.58  17319   0.06   1.19
  1119  48775 418191  29.00  16.14  11.11   7.52   0.24     3  34.64  4240  30.55  17306   0.08   1.05
  1119  48775 418191  30.24  14.50  10.66   7.50   0.23     3  34.22  4235  30.51  17286   0.04   0.99
  1119  48775 418191  31.38  14.05  10.14   7.49   0.23     3  33.80  4237  30.53  17297   0.01   0.99
  1120  48775 418191  31.95  13.94   9.90   7.47   0.23     3  33.59  4235  30.52  17290   0.09   0.87
  1120  48775 418191  32.91  12.51   9.37   7.45   0.23     2  33.16  4238  30.54  17304   0.07   0.85
  1121  48775 418191  34.05  11.44   9.22   7.44   0.22     2  33.02  4236  30.52  17293   0.10   0.91
  1121  48775 418191  35.08  10.20   9.16   7.43   0.22     2  32.95  4233  30.50  17282   0.11   0.93
  1122  48775 418191  35.95   9.21   9.08   7.43   0.22     2  32.89  4234  30.50  17285   0.10   1.01
  1123  48775 418191  37.28   8.01   9.05   7.43   0.21     2  32.86  4233  30.50  17283   0.09   0.96
  1123  48775 418191  38.03   7.34   9.04   7.43   0.21     2  32.85  4233  30.50  17283   0.11   1.03
  1124  48775 418191  38.95   6.23   9.02   7.43   0.21     2  32.83  4233  30.50  17282   0.11   1.04
  1125  48775 418191  40.46   4.85   9.01   7.43   0.20     2  32.82  4233  30.50  17281   0.12   1.01
  1125  48775 418191  41.31   3.85   9.01   7.43   0.20     2  32.82  4233  30.50  17283   0.11   0.98
  1125  48775 418191  42.10   3.23   9.01   7.43   0.20     2  32.82  4233  30.50  17281   0.14   1.00
  1126  48775 418191  42.84   2.06   8.99   7.42   0.20     2  32.81  4233  30.50  17283   0.11   1.02
  1126  48775 418191  43.99   0.88   8.98   7.42   0.20     2  32.80  4233  30.50  17283   0.11   1.02
 -1036  49730 418270   1.05  17.56  18.09   7.99   8.17   105  39.22  4087  29.31  16562   1.86   0.32
  1036  49730 418270   2.00  17.88  18.08   8.00   8.17   105  39.22  4087  29.31  16564   2.47   0.33
  1037  49730 418270   2.93   0.00  18.08   8.00   8.19   105  39.24  4089  29.33  16574   3.16   0.25
  1038  49730 418270   4.08  19.80  18.13   8.02   8.39   108  39.39  4101  29.41  16624   3.76   0.48
  1038  49730 418270   4.90   0.00  18.15   8.02   8.38   108  39.46  4106  29.46  16649   4.03   0.50
  1039  49730 418270   5.99  21.25  18.17   8.04   8.53   110  39.59  4118  29.55  16704   4.17   0.58
  1040  49730 418270   7.08  19.72  18.17   8.04   8.41   108  39.70  4130  29.65  16758   4.12   0.61
  1040  49730 418270   8.06  17.91  18.10   8.04   8.30   107  39.66  4132  29.66  16768   5.10   0.71
  1041  49730 418270   9.07  16.56  18.09   8.03   8.17   105  39.75  4142  29.74  16815   2.79   0.62
  1041  49730 418270  10.02  17.36  18.13   8.03   8.16   105  39.84  4147  29.79  16839   3.00   0.76
  1043  49730 418270  11.01  14.46  18.08   8.00   7.70    99  39.87  4155  29.85  16874   3.43   0.81
  1044  49730 418270  12.06  11.51  18.08   7.99   7.52    97  39.94  4163  29.91  16912   2.15   0.82
  1044  49730 418270  12.99   9.59  18.08   7.98   7.41    95  40.00  4169  29.96  16939   2.18   0.74
  1045  49730 418270  14.09   4.95  17.98   7.91   6.29    81  40.20  4198  30.20  17077   0.99   0.92
  1046  49730 418270  15.05   3.50  17.75   7.84   4.96    64  40.42  4242  30.55  17283   0.42   0.71
  1047  49730 418270  15.95   2.51  17.65   7.83   4.74    61  40.36  4246  30.58  17300   0.35   0.84
  1048  49730 418270  16.95   1.54  17.13   7.77   4.35    55  39.99  4256  30.66  17351   0.31   0.79
 -2359  50728 418380   1.00   9999   9999   9999   9999  9999   9999  9999   9999   9999   9999   9999
  2359  50728 418380  27.01   9999   9999   9999   9999  9999   9999  9999   9999   9999   9999   9999
 -2359  51572 418570   1.00   9999   9999   9999   9999  9999   9999  9999   9999   9999   9999   9999
  2359  51572 418570  37.00   9999   9999   9999   9999  9999   9999  9999   9999   9999   9999   9999
 -1013  52940 420290   1.09  10.40  18.17   7.96   7.80   100  39.06  4063  29.11  16450   0.85   0.09
  1014  52940 420290   2.04   9.41  18.17   7.96   7.81   100  39.06  4063  29.12  16452   1.38   0.08
  1014  52940 420290   2.97   8.48  18.14   7.96   7.77   100  39.04  4064  29.12  16456   1.73   0.08
  1015  52940 420290   3.93   7.40  18.09   7.95   7.67    98  39.03  4067  29.14  16468   1.26   0.13
  1015  52940 420290   5.06   6.20  18.07   7.95   7.66    98  39.02  4068  29.16  16476   1.15   0.22
  1016  52940 420290   5.98   5.16  18.05   7.95   7.64    98  39.03  4070  29.17  16484   0.98   0.17
  1016  52940 420290   7.02   4.05  18.06   7.95   7.64    98  39.04  4071  29.18  16488   1.00   0.23
  1016  52940 420290   7.89   3.20  18.12   7.96   7.67    98  39.15  4076  29.22  16511   1.24   0.19
  1017  52940 420290   9.04   2.11  18.10   7.97   7.82   100  39.19  4083  29.28  16544   1.29   0.21
  1018  52940 420290   9.94   1.43  18.10   7.94   7.43    95  39.24  4088  29.32  16567   1.10   0.20
 -1000  53710 421060   1.12  16.44  18.23   7.97   7.86   101  39.09  4061  29.10  16440   1.08   0.18
  1000  53710 421060   1.97  16.14  18.22   7.97   7.88   101  39.09  4061  29.10  16442   1.20   0.17
  1001  53710 421060   2.97  14.49  18.22   7.97   7.87   101  39.09  4061  29.10  16441   1.48   0.19
  1001  53710 421060   3.97  13.60  18.21   7.97   7.87   101  39.08  4061  29.10  16441   1.63   0.17
  1001  53710 421060   4.99  12.35  18.20   7.97   7.85   101  39.07  4061  29.10  16443   1.50   0.14
  1002  53710 421060   6.01  10.84  18.22   7.95   7.67    99  39.13  4066  29.14  16465   1.11   0.03
  1003  53710 421060   7.01  10.00  18.22   7.94   7.51    97  39.17  4069  29.17  16480   0.91   0.15
  1003  53710 421060   7.94   8.79  18.17   7.93   7.41    95  39.17  4074  29.21  16504   0.88   0.14
  1004  53710 421060   8.92   7.79  18.15   7.92   7.26    93  39.19  4078  29.24  16522   0.80   0.08
  1004  53710 421060   9.98   6.98  18.19   7.94   7.39    95  39.27  4083  29.27  16542   0.86   0.21
  1005  53710 421060  11.00   5.71  18.12   7.96   7.68    99  39.29  4092  29.34  16583   1.66   0.13
  1006  53710 421060  12.05   4.69  18.11   7.97   7.74    99  39.30  4093  29.35  16588   1.65   0.23
  1006  53710 421060  13.02   3.65  18.12   7.97   7.78   100  39.36  4098  29.40  16614   1.78   0.33
  1006  53710 421060  13.98   2.64  18.22   7.95   7.41    96  39.67  4121  29.58  16719   1.54   0.37
  1007  53710 421060  15.04   1.50  18.49   7.83   5.66    74  40.73  4207  30.26  17112   0.49   0.41
 -2359  55190 421380   1.00   9999   9999   9999   9999  9999   9999  9999   9999   9999   9999   9999
  2359  55190 421380  20.00   9999   9999   9999   9999  9999   9999  9999   9999   9999   9999   9999
 -0941  56280 420520   1.10   0.00  18.28   7.97   7.88   101  39.09  4056  29.06  16419   0.84   0.41
  0941  56280 420520   1.95   0.75  18.28   7.97   7.89   101  39.10  4057  29.07  16423   0.84   0.07
  0942  56280 420520   3.12   0.00  18.28   7.97   7.89   101  39.11  4058  29.07  16426   1.02   0.18
  0942  56280 420520   4.08   9.38  18.29   7.97   7.89   102  39.12  4058  29.08  16429   0.87   0.20
  0942  56280 420520   5.07   8.53  18.28   7.97   7.89   101  39.13  4060  29.09  16436   0.80   0.17
  0942  56280 420520   5.98   7.59  18.28   7.97   7.87   101  39.14  4061  29.10  16443   0.87   0.15
  0943  56280 420520   7.05   6.74  18.30   7.96   7.75   100  39.19  4066  29.14  16462   0.55   0.08
  0944  56280 420520   8.08   5.56  18.19   7.93   7.39    95  39.21  4076  29.22  16511   0.66   0.06
  0944  56280 420520   9.01   4.55  18.18   7.93   7.38    95  39.21  4077  29.23  16515   0.62   0.13
  0944  56280 420520  10.05   3.53  18.17   7.93   7.38    95  39.24  4082  29.27  16538   1.23   0.18
  0946  56280 420520  11.06   2.33  18.19   7.87   6.46    83  39.42  4098  29.40  16614   0.31   0.16
  0946  56280 420520  12.11   1.34  18.18   7.87   6.37    82  39.46  4103  29.43  16633   0.32   0.10
 -2359  57620 418940   1.00   9999   9999   9999   9999  9999   9999  9999   9999   9999   9999   9999
  2359  57620 418940  16.05   9999   9999   9999   9999  9999   9999  9999   9999   9999   9999   9999
 -0914  57960 417200   1.06   0.00  17.62   7.93   7.38    93  37.85  3985  28.50  16098   0.80   0.41
  0914  57960 417200   1.92   0.00  17.62   7.93   7.38    93  37.85  3985  28.49  16094   0.77   0.58
  0915  57960 417200   2.94   0.00  17.61   7.93   7.36    93  37.84  3984  28.49  16091   0.71   0.31
  0915  57960 417200   4.05  16.84  17.61   7.93   7.38    93  37.84  3985  28.49  16095   0.74   0.36
  0915  57960 417200   5.08  15.80  17.65   7.92   7.33    93  37.94  3992  28.55  16127   0.91   0.26
  0915  57960 417200   6.00  14.90  17.64   7.93   7.32    93  37.91  3989  28.53  16114   0.83   0.19
  0916  57960 417200   7.01  13.89  17.73   7.90   7.32    93  38.12  4003  28.64  16179   0.96   0.21
  0916  57960 417200   8.03  13.39  17.75   7.89   7.06    90  38.21  4011  28.70  16215   0.48   0.16
  0917  57960 417200   8.97  12.43  18.12   7.91   7.26    93  38.79  4039  28.92  16341   0.55   0.21
  0917  57960 417200  10.03  10.88  18.18   7.92   7.29    94  38.89  4044  28.96  16362   0.71   0.25
  0918  57960 417200  11.08   9.84  18.20   7.92   7.40    95  38.96  4050  29.01  16391   0.67   0.18
  0918  57960 417200  11.99   8.86  18.17   7.92   7.34    94  38.96  4052  29.03  16403   0.52   0.16
  0919  57960 417200  13.08   7.85  18.14   7.91   7.16    92  38.96  4055  29.05  16415   0.43   0.10
  0919  57960 417200  14.05   6.86  18.12   7.90   7.05    90  38.96  4057  29.06  16422   0.36   0.14
  0920  57960 417200  15.02   6.05  18.12   7.91   7.12    91  38.97  4058  29.08  16429   0.34   0.14
  0920  57960 417200  15.96   5.05  18.11   7.91   7.13    91  38.99  4061  29.10  16441   0.32   0.15
  0920  57960 417200  16.98   3.99  18.11   7.91   7.10    91  39.01  4063  29.12  16453   0.27   0.03
  0921  57960 417200  18.14   2.94  18.10   7.91   7.08    91  39.03  4065  29.13  16461   0.23   0.11
  0921  57960 417200  19.03   1.95  18.09   7.91   7.08    91  39.02  4066  29.14  16464   0.27   0.12
  0921  57960 417200  19.92   1.15  18.08   7.91   7.07    91  39.01  4066  29.14  16467   0.22   0.01
 -0851  59090 414900   0.97  17.78  17.75   7.92   7.41    94  37.84  3973  28.40  16038   0.94   0.25
  0851  59090 414900   1.97  16.65  17.73   7.92   7.40    94  37.85  3975  28.42  16049   0.93   0.25
  0852  59090 414900   2.99  15.61  17.72   7.92   7.39    94  37.86  3977  28.43  16059   0.89   0.20
  0852  59090 414900   4.14  13.99  17.72   7.92   7.38    94  37.88  3979  28.45  16069   0.75   0.23
  0852  59090 414900   4.93  12.95  17.72   7.92   7.37    93  37.89  3981  28.46  16075   0.88   0.30
  0852  59090 414900   5.92  12.10  17.72   7.92   7.36    93  37.91  3982  28.48  16084   0.79   0.19
  0853  59090 414900   6.90  10.86  17.72   7.91   7.33    93  37.93  3985  28.50  16095   0.69   0.18
  0853  59090 414900   8.12   9.14  17.72   7.91   7.30    93  37.95  3987  28.51  16103   0.67   0.27
  0854  59090 414900   9.03   8.11  17.76   7.87   6.81    87  38.05  3993  28.56  16134   0.47   0.16
  0855  59090 414900  10.07   6.84  17.65   7.89   6.88    87  38.07  4005  28.65  16186   0.47   0.26
  0855  59090 414900  11.02   5.69  17.64   7.90   6.98    89  38.15  4015  28.74  16234   0.19   0.31
  0855  59090 414900  12.04   4.59  17.72   7.89   7.00    89  38.29  4022  28.79  16267   0.28   0.35
  0856  59090 414900  13.13   3.39  17.73   7.89   6.99    89  38.37  4029  28.85  16298   0.25   0.30
  0856  59090 414900  14.04   2.53  17.76   7.87   6.78    86  38.49  4040  28.93  16347   0.18   0.24
  0858  59090 414900  15.05   1.86  17.83   7.83   6.23    79  38.74  4060  29.09  16437   0.20   0.41
  0858  59090 414900  16.06   1.10  17.82   7.85   6.42    82  38.79  4065  29.13  16464   0.22   0.38
 -0828  61220 413050   1.13   0.00  17.67   7.95   7.60    96  37.57  3951  28.23  15940   0.93   1.51
  0828  61220 413050   1.99   0.00  17.68   7.94   7.61    96  37.42  3934  28.10  15864   0.76   0.75
  0829  61220 413050   3.02   0.00  17.67   7.94   7.60    96  37.39  3932  28.07  15852   0.96   0.37
  0829  61220 413050   3.96   0.75  17.68   7.94   7.60    96  37.42  3934  28.10  15864   0.69   0.31
  0829  61220 413050   4.99   0.75  17.68   7.94   7.59    96  37.45  3938  28.12  15879   0.77   0.18
  0830  61220 413050   5.92   4.70  17.68   7.94   7.58    96  37.46  3938  28.13  15882   0.84   0.21
  0830  61220 413050   7.13   0.79  17.68   7.94   7.57    96  37.51  3943  28.16  15905   0.93   0.19
  0830  61220 413050   8.10   2.50  17.68   7.94   7.57    96  37.54  3946  28.19  15919   0.69   0.20
  0830  61220 413050   9.04   0.75  17.68   7.94   7.57    96  37.56  3949  28.21  15929   0.68   0.20
  0831  61220 413050  10.03 108.36  17.64   7.92   7.45    94  37.60  3957  28.27  15967   0.66   0.28
 -2359  62300 412250   1.00   9999   9999   9999   9999  9999   9999  9999   9999   9999   9999   9999
  2359  62300 412250  17.00   9999   9999   9999   9999  9999   9999  9999   9999   9999   9999   9999
 -0800  65250 412100   1.08  12.76  17.53   7.96   7.67    97  37.28  3932  28.08  15855   0.58   0.21
  0801  65250 412100   2.04  12.00  17.53   7.96   7.65    96  37.29  3933  28.08  15859   0.71   0.12
  0801  65250 412100   3.09  11.23  17.53   7.96   7.64    96  37.31  3935  28.10  15869   0.54   0.15
  0801  65250 412100   4.07  10.16  17.50   7.95   7.62    96  37.25  3931  28.07  15851   0.56   0.10
  0802  65250 412100   4.98   9.66  17.63   7.96   7.62    96  37.44  3940  28.14  15892   0.59   0.13
  0802  65250 412100   5.96   8.69  17.81   7.95   7.64    97  37.78  3961  28.31  15985   0.50   0.15
  0802  65250 412100   6.96   7.54  17.88   7.95   7.64    97  37.92  3969  28.37  16022   0.43   0.22
  0803  65250 412100   7.97   6.69  17.89   7.93   7.50    95  37.97  3974  28.41  16046   0.47   0.25
  0803  65250 412100   8.95   6.09  17.89   7.92   7.38    94  38.03  3980  28.45  16071   0.37   0.17
  0804  65250 412100  10.04   5.46  17.93   7.91   7.29    93  38.12  3986  28.50  16099   0.57   0.18
  0804  65250 412100  11.05   4.58  17.92   7.91   7.27    93  38.12  3987  28.51  16104   0.48   0.27
  0805  65250 412100  11.98   3.75  17.89   7.92   7.27    93  38.10  3987  28.51  16104   0.52   0.23
  0805  65250 412100  12.92   2.89  17.90   7.92   7.28    93  38.11  3988  28.52  16108   0.40   0.26
  0805  65250 412100  14.06   1.91  17.92   7.91   7.25    92  38.15  3990  28.53  16116   0.39   0.20
  0806  65250 412100  15.07   1.00  17.93   7.90   7.17    91  38.20  3994  28.56  16134   0.37   0.33
 -2359  66330 411630   1.00   9999   9999   9999   9999  9999   9999  9999   9999   9999   9999   9999
  2359  66330 411630   7.00   9999   9999   9999   9999  9999   9999  9999   9999   9999   9999   9999
 -0740  67340 411360   1.04   0.00  17.44   8.00   7.86    99  36.90  3900  27.83  15711   1.73   0.92
  0741  67340 411360   2.00   0.75  17.57   8.01   7.98   101  37.11  3911  27.91  15757   1.91   0.37
  0742  67340 411360   2.97  10.23  17.67   7.99   7.83    99  37.42  3935  28.10  15866   1.19   0.25
  0742  67340 411360   4.00   8.98  17.69   8.01   8.01   101  37.37  3928  28.04  15833   1.46   0.29
  0743  67340 411360   5.01   7.91  17.69   8.01   7.97   101  37.43  3934  28.09  15861   1.77   0.18
  0743  67340 411360   6.08   6.94  17.70   7.99   7.92   100  37.47  3938  28.12  15881   0.66   0.10
  0744  67340 411360   6.98   6.11  17.70   7.97   7.72    98  37.60  3951  28.23  15942   0.59   0.23
  0744  67340 411360   8.07   5.00  17.73   7.96   7.61    96  37.66  3955  28.26  15958   0.77   0.13
  0745  67340 411360   9.06   3.98  17.80   7.96   7.52    95  37.79  3962  28.32  15992   0.60   0.30
  0745  67340 411360  10.07   2.95  17.81   7.97   7.58    96  37.82  3964  28.33  16000   0.43   0.17
  0745  67340 411360  11.02   1.99  17.81   7.98   7.64    97  37.83  3965  28.34  16005   0.52   0.19
  0746  67340 411360  12.06   1.00  17.81   7.99   7.71    98  37.84  3967  28.35  16012   0.67   0.22
 -0725  69280 410950   0.91   0.78  17.78   7.94   7.76    98  37.05  3887  27.72  15649   1.87   1.29
  0725  69280 410950   2.08   0.79  17.77   7.94   7.73    98  37.04  3886  27.71  15644   1.28   1.16
  0726  69280 410950   3.05   1.55  17.80   7.95   7.81    99  37.22  3903  27.84  15718   1.40   1.52
  0726  69280 410950   3.99   0.99  17.79   7.96   7.88   100  37.28  3909  27.90  15750   1.77   1.22
  0727  69280 410950   5.05   0.88  17.82   7.96   7.86   100  37.36  3915  27.94  15776   1.35   1.16
 -0725  69280 410950   0.91   0.78  17.78   7.94   7.76    98  37.05  3887  27.72  15649   1.87   1.29
  0725  69280 410950   2.08   0.79  17.77   7.94   7.73    98  37.04  3886  27.71  15644   1.28   1.16
  0726  69280 410950   3.05   1.55  17.80   7.95   7.81    99  37.22  3903  27.84  15718   1.40   1.52
  0726  69280 410950   3.99   0.99  17.79   7.96   7.88   100  37.28  3909  27.90  15750   1.77   1.22
  0727  69280 410950   5.05   0.88  17.82   7.96   7.86   100  37.36  3915  27.94  15776   1.35   1.16
