# MEETVAARTUIG         : []
# MEETDATUM            : 11-06-2025 00:00:00
# MEETGEBIED           : []
# STARTPUNT            : []
# EINDPUNT             : []
# PROJECTCODE          : []
# OPDRACHTGEVER        : []
# BEHEERDER            : []
# BEMONST. INST        : []
# WAARNEMER(S)         : []
#
* 20250611
$ 9999 [00000000000000000000]
>TIJD       uumm                         
>X          coordinaat                   
>Y          coordinaat                   
>SENSHTE    Diepte set           m       
>T          Temperatuur          oC      
>pH         Zuurgraad            pH      
>%O2        Zuurstof%            %       
>O2         Zuurstof             mg/l    
>CL-        Chloride             mg/l    
>PHYCOUGL   Phycocyanine         ug/l    
>SALNTT     Saliniteit           dimsl   
>GELDHD     Geleidendheid        ???     
>TURBID     Troebelheid          NTU     
>CHLFRFU    Chlorofyl            RFU     
>GELBH      Geleidendheid        mS/cm   
>Echms      Echoset              mtrs    
 -1331    47476   418843    1.01   17.28    8.22    112    9.10   16860   -0.44   29.82 4150.79    0.81    1.25   39.14    0.31
  1331    47475   418842    1.99   17.33    8.22    112    9.10   16860   -0.43   29.82 4150.78    0.73    1.02   39.18    9.91
  1332    47475   418841    3.06   17.27    8.22    112    9.10   16871   -0.38   29.84 4153.20    0.85    1.50   39.15    9.58
  1332    47475   418840    4.13   17.23    8.22    111    9.08   16864   -0.51   29.82 4151.56    0.93    1.49   39.10    9.90
  1332    47475   418839    5.01   17.04    8.21    110    9.03   16851   -0.41   29.80 4148.65    0.80    1.97   38.91    8.78
  1333    47475   418838    6.07   17.03    8.21    111    9.04   16866   -0.47   29.83 4151.94    0.82    2.02   38.93    7.37
  1333    47474   418836    6.94   16.84    8.21    109    8.99   16880   -0.52   29.85 4154.62    0.85    1.94   38.79    6.25
  1333    47473   418835    8.06   16.77    8.21    108    8.90   16881   -0.46   29.85 4154.87    1.39    2.04   38.73    5.27
  1334    47471   418832    8.97   16.50    8.20    107    8.81   16907   -0.44   29.90 4160.18    0.98    1.78   38.55    5.00
  1334    47469   418831   10.06   16.48    8.20    105    8.71   16922   -0.35   29.92 4163.34    1.02    2.94   38.56    4.13
  1335    47468   418829   11.06   16.38    8.19    103    8.50   17168   -0.44   30.35 4216.39    2.02    1.99   38.97    3.01
  1335    47468   418829   11.95   16.26    8.15     97    8.01   17602   -0.40   31.10 4309.72    3.16    2.71   39.72    1.82
  1335    47468   418829   12.95   16.25    8.15     95    7.80   17621   -0.44   31.13 4313.62    3.42    2.66   39.75    0.68
 -1319    47959   418368    0.87   17.07    8.22    111    9.04   16878   -0.46   29.85 4154.47    0.97    1.01   38.98    0.37
  1320    47958   418369    2.06   16.75    8.22    110    9.04   16916   -0.36   29.91 4162.29    0.85    1.95   38.78    0.37
  1320    47955   418370    3.02   16.76    8.22    110    9.03   16881   -0.53   29.85 4154.78    0.71    2.25   38.72    0.29
  1320    47953   418371    4.10   16.67    8.23    109    9.00   16907   -0.31   29.90 4160.22    0.82    2.55   38.70    0.33
  1321    47952   418371    4.98   16.58    8.23    109    9.01   16930   -0.31   29.94 4165.14    1.16    3.16   38.66   11.99
  1321    47950   418372    6.00   16.50    8.24    109    9.03   16949   -0.33   29.97 4169.14    0.88    2.58   38.63    0.31
  1321    47948   418372    7.03   16.48    8.24    109    9.03   16965   -0.34   30.00 4172.69    0.94    3.75   38.65   10.07
  1322    47947   418373    8.02   16.41    8.20    103    8.55   16981   -0.44   30.02 4176.03    0.66    2.04   38.62    9.09
  1322    47948   418373    9.02   16.25    8.20    100    8.28   16993   -0.35   30.04 4178.34    0.65    1.73   38.50    7.69
  1322    47950   418374   10.04   16.27    8.18     99    8.22   16983   -0.53   30.02 4176.22    0.48    0.87   38.50    3.62
  1323    47953   418374   11.03   16.25    8.19     98    8.16   16986   -0.47   30.03 4176.94    0.61    2.10   38.49    5.55
  1323    47954   418374   12.05   16.33    8.19    100    8.29   17023   -0.42   30.09 4184.96    1.02    3.11   38.63    4.58
  1323    47955   418374   12.96   16.23    8.15     96    7.96   17249   -0.39   30.48 4233.63    1.98    2.59   38.99    3.74
  1324    47955   418374   14.15   14.69    8.00     77    6.62   17329   -0.38   30.61 4249.11    1.83    1.79   37.79    2.81
  1324    47954   418373   15.13   13.33    7.89     54    4.77   17218   -0.49   30.41 4223.86    1.54    0.92   36.39    1.97
  1325    47952   418372   15.98   13.05    7.88     46    4.12   17178   -0.48   30.34 4214.75    1.56    1.22   36.08    0.84
 -1255    48764   418203    1.04   17.05    8.22    111    9.07   16869   -0.47   29.83 4152.52    0.74    1.53   38.95   43.76
  1256    48765   418204    2.08   17.00    8.22    111    9.07   16890   -0.53   29.87 4157.08    0.74    1.82   38.95   12.34
  1256    48768   418205    2.96   16.97    8.22    111    9.06   16894   -0.40   29.88 4157.80    0.70    2.21   38.93   41.85
  1256    48769   418204    4.07   16.86    8.23    110    9.05   16921   -0.36   29.92 4163.48    0.78    3.40   38.89   40.67
  1257    48770   418204    4.98   16.74    8.23    110    9.04   16949   -0.41   29.97 4169.42    0.89    2.85   38.85   39.79
  1257    48769   418203    6.05   16.69    8.23    110    9.03   16960   -0.36   29.99 4171.76    0.78    3.30   38.82    3.70
  1258    48768   418201    7.06   16.44    8.23    109    9.02   17022   -0.39   30.09 4184.87    1.03    3.51   38.73   37.65
  1259    48766   418196    7.98   16.44    8.22    106    8.77   17037   -0.27   30.12 4188.14    1.14    3.92   38.76   36.71
  1260    48765   418195    9.09   16.39    8.20    105    8.68   17075   -0.26   30.19 4196.33    1.08    3.40   38.79   35.63
  1300    48765   418195    9.93   16.35    8.19    102    8.44   17096   -0.25   30.22 4200.67    0.93    4.33   38.79   34.68
  1300    48766   418194   10.96   16.13    8.14     99    8.18   17180   -0.27   30.37 4218.71    1.05    2.77   38.77   33.74
  1301    48772   418195   12.13   15.82    8.11     90    7.49   17237   -0.44   30.46 4230.68    1.22    1.99   38.61   32.59
  1301    48778   418195   12.98   15.80    8.10     86    7.19   17259   -0.49   30.50 4235.32    1.29    2.12   38.63   31.76
  1301    48782   418196   14.01   15.16    8.04     83    7.00   17351   -0.48   30.65 4254.32    1.62    1.05   38.25   30.70
  1302    48784   418197   14.95   14.72    8.02     75    6.38   17351   -0.41   30.65 4253.89    1.47    0.94   37.86   29.84
  1302    48785   418197   16.03   14.06    7.95     63    5.48   17281   -0.44   30.53 4238.13    1.45    0.86   37.14   11.65
  1302    48786   418197   17.11   13.37    7.92     56    4.91   17419   -0.40   30.76 4267.15    1.59    0.99   36.80   27.65
  1303    48786   418196   18.04   12.39    7.83     44    3.98   17160   -0.43   30.31 4210.33    1.35    0.89   35.48   26.73
  1303    48786   418196   19.01   12.15    7.81     37    3.40   17117   -0.29   30.23 4200.80    1.17    0.58   35.19   19.35
  1303    48784   418196   20.00   11.99    7.80     34    3.10   17106   -0.40   30.21 4198.20    1.23    0.34   35.03   24.61
  1304    48783   418195   21.14   11.85    7.78     31    2.86   17111   -0.37   30.22 4199.13    1.32    0.30   34.93   23.47
  1304    48782   418194   21.98   11.79    7.78     29    2.64   17094   -0.34   30.19 4195.30    1.43    0.68   34.84   22.71
  1304    48780   418195   23.11   11.29    7.74     25    2.30   17091   -0.42   30.18 4194.15    1.44    0.23   34.42   21.63
  1305    48780   418196   24.00   10.93    7.72     21    1.98   17047   -0.43   30.11 4184.36    1.40    0.24   34.04   20.84
  1305    48780   418197   24.99   10.88    7.72     19    1.76   17035   -0.30   30.09 4181.75    1.32    0.22   33.97   19.70
  1305    48780   418197   25.96   10.86    7.72     17    1.62   17031   -0.32   30.08 4180.70    1.35    0.14   33.94   18.84
  1306    48778   418198   27.08   10.85    7.72     17    1.57   17023   -0.22   30.06 4179.11    1.40    0.23   33.92   17.85
  1306    48777   418198   28.03   10.82    7.72     16    1.53   17024   -0.26   30.06 4179.17    1.56    0.11   33.90   16.71
  1306    48779   418198   29.08   10.38    7.70     14    1.39   16983   -0.40   29.99 4169.79    2.03    0.19   33.46   15.60
  1307    48781   418198   30.06    9.98    7.65      9    0.86   16993   -0.25   30.01 4171.73    2.03    0.02   33.15   14.81
  1307    48782   418198   30.95    9.95    7.65      6    0.62   16982   -0.27   29.99 4169.28    2.16    0.07   33.10    8.98
  1308    48785   418198   32.06    9.56    7.65      3    0.36   16983   -0.25   29.99 4169.08    2.24    0.11   32.78   12.69
  1308    48788   418200   33.01    9.30    7.69      1    0.18   16974   -0.18   29.97 4166.90    3.24    0.10   32.55   11.60
  1309    48789   418200   34.03    9.09    7.71      1    0.13   16948   -0.15   29.93 4161.01    3.33    0.08   32.33   10.71
  1309    48790   418202   34.97    9.01    7.73      1    0.11   16940   -0.16   29.91 4159.13    3.29    0.09   32.25    3.87
  1309    48790   418202   35.97    8.85    7.73      0    0.09   16931   -0.20   29.90 4157.01    2.96    0.12   32.10    8.92
  1310    48790   418203   37.01    8.61    7.74      0    0.08   16918   -0.16   29.87 4154.03    2.81    0.14   31.89    0.00
  1310    48789   418203   38.04    8.51    7.74      0    0.07   16919   -0.21   29.87 4154.20    2.71    0.09   31.81    6.89
  1310    48787   418203   38.96    8.46    7.74      0    0.06   16904   -0.16   29.85 4150.90    2.65    0.13   31.74    5.63
  1311    48786   418203   40.06    8.24    7.74      0    0.05   16900   -0.14   29.84 4149.79    2.19    0.09   31.56    4.61
  1311    48783   418203   41.02    8.20    7.73      0    0.05   16897   -0.04   29.83 4149.09    2.01    0.12   31.52    0.36
  1311    48783   418204   42.02    8.19    7.73      0    0.05   16895   -0.12   29.83 4148.55    1.99    0.17   31.50    0.17
  1312    48782   418204   43.09    8.17    7.73      0    0.04   16896   -0.06   29.83 4148.73    2.13    0.15   31.49    0.00
 -1235    49772   418307    0.96   17.18    8.17    104    8.48   16849   -0.44   29.80 4148.36    0.63    0.86   39.03    5.45
  1235    49741   418302    1.97   17.08    8.19    105    8.61   16853   -0.55   29.81 4149.18    0.78    1.54   38.95    3.95
  1235    49724   418298    3.03   16.84    8.18    104    8.55   16855   -0.38   29.81 4149.30    0.81    2.79   38.74    0.00
  1236    49712   418294    3.94   16.73    8.22    107    8.79   16914   -0.36   29.91 4161.79    0.89    3.00   38.76   12.36
  1237    49712   418288    5.06   16.70    8.24    109    9.01   16951   -0.27   29.97 4169.92    0.82    2.99   38.81   13.41
  1237    49714   418282    5.98   16.60    8.25    110    9.09   16990   -0.35   30.04 4178.25    0.75    3.15   38.80   13.07
  1238    49714   418279    7.07   16.45    8.24    109    9.02   17004   -0.25   30.06 4180.95    0.83    4.36   38.70    0.00
  1238    49715   418276    8.01   16.40    8.20    106    8.73   17059   -0.06   30.16 4192.88    0.93    5.90   38.76    0.00
  1238    49717   418273    9.10   16.31    8.18    102    8.41   17100   -0.29   30.23 4201.61    1.04    3.71   38.77    9.29
  1239    49719   418271    9.93   16.28    8.18    100    8.30   17109   -0.34   30.24 4203.48    1.00    5.40   38.76    0.00
  1239    49723   418267   11.06   16.25    8.16     97    8.05   17159   -0.25   30.33 4214.18    1.17    3.14   38.83    0.00
  1240    49724   418266   11.91   16.22    8.16     95    7.87   17229   -0.33   30.45 4229.29    2.08    2.07   38.94    0.00
  1240    49726   418262   12.90   15.41    8.07     82    6.87   17294   -0.45   30.56 4242.33    2.01    1.57   38.35    0.00
  1241    49726   418261   13.91   15.30    8.06     78    6.57   17292   -0.40   30.55 4241.78    1.87    1.36   38.26    4.88
  1241    49725   418261   14.95   14.85    8.01     71    6.04   17263   -0.37   30.50 4235.08    1.56    1.62   37.80    2.93
  1242    49725   418264   16.05   13.71    7.92     52    4.59   17206   -0.41   30.40 4221.69    1.42    0.62   36.70    0.00
  1242    49726   418266   17.06   13.31    7.89     50    4.39   17190   -0.50   30.37 4217.77    1.34    0.71   36.32    3.83
  1242    49726   418269   18.01   13.10    7.87     46    4.09   17160   -0.34   30.31 4211.04    1.21    0.76   36.09    1.79
  1243    49725   418271   19.01   12.93    7.85     43    3.81   17140   -0.46   30.28 4206.53    1.19    0.68   35.91    0.99
 -1219    50721   418390    0.95   17.11    8.13     98    8.05   16843   -0.49   29.79 4147.03    0.92    1.00   38.95   16.27
  1219    50718   418388    1.99   16.86    8.17     99    8.12   16918   -0.33   29.92 4162.98    0.87    1.68   38.88   12.49
  1220    50716   418387    3.00   16.74    8.19    102    8.40   16941   -0.30   29.95 4167.64    0.80    3.34   38.83   25.61
  1220    50714   418386    4.00   16.63    8.24    107    8.82   16982   -0.26   30.03 4176.42    0.86    3.98   38.82   13.75
  1220    50713   418386    5.08   16.57    8.24    109    8.96   16992   -0.30   30.04 4178.50    0.81    2.94   38.78   23.53
  1221    50713   418387    5.96   16.49    8.24    109    8.99   17012   -0.25   30.08 4182.80    1.05    5.35   38.75   22.57
  1221    50715   418388    7.08   16.38    8.21    105    8.72   17056   -0.30   30.15 4192.16    0.82    3.19   38.74   21.62
  1221    50716   418389    8.00   16.32    8.19    103    8.51   17086   -0.35   30.20 4198.51    0.83    2.88   38.75    0.00
  1222    50717   418389    8.91   16.29    8.18    101    8.36   17106   -0.39   30.24 4202.95    0.90    5.11   38.76   15.47
  1222    50719   418390   10.08   16.05    8.13     93    7.71   17193   -0.21   30.39 4221.29    1.05    3.51   38.72   18.53
  1223    50719   418391   11.03   16.02    8.13     91    7.61   17205   -0.37   30.41 4223.86    1.09    3.12   38.72    1.21
  1223    50719   418391   11.95   16.00    8.13     91    7.55   17212   -0.27   30.42 4225.38    1.06    2.82   38.72   16.62
  1223    50719   418390   13.16   15.87    8.11     88    7.38   17227   -0.35   30.44 4228.58    1.17    2.39   38.63   15.49
  1224    50718   418390   13.95   15.84    8.11     87    7.25   17232   -0.32   30.45 4229.53    1.14    2.52   38.62   14.57
  1224    50717   418389   14.91   15.61    8.09     84    7.06   17282   -0.41   30.54 4240.05    1.24    3.05   38.51   13.56
  1224    50716   418389   16.06   15.59    8.08     81    6.83   17261   -0.35   30.50 4235.50    1.38    1.87   38.45   12.48
  1225    50713   418388   17.01   14.78    8.01     74    6.31   17354   -0.44   30.66 4254.65    1.41    1.18   37.91   11.17
  1225    50712   418388   18.07   14.57    8.00     66    5.70   17278   -0.39   30.52 4237.95    1.56    1.58   37.59   10.45
  1225    50711   418388   19.08   13.97    7.95     60    5.19   17256   -0.39   30.48 4232.59    1.42    1.86   37.01    9.50
  1226    50711   418387   20.13   13.12    7.88     52    4.58   17240   -0.45   30.45 4228.31    1.16    1.44   36.25    8.43
  1226    50710   418387   21.06   13.05    7.87     46    4.11   17163   -0.46   30.32 4211.53    1.25    0.56   36.05    7.45
  1226    50708   418387   22.10   12.83    7.86     43    3.85   17141   -0.26   30.28 4206.68    1.22    0.80   35.82    6.29
  1227    50708   418387   23.05   12.37    7.82     38    3.45   17127   -0.42   30.25 4203.19    1.21    0.73   35.40    2.46
  1227    50708   418388   23.97   12.19    7.81     35    3.18   17098   -0.37   30.20 4196.63    1.28    0.27   35.19    2.28
  1227    50709   418389   24.96   11.89    7.80     32    2.93   17121   -0.34   30.24 4201.25    1.17    0.24   34.98    3.21
  1228    50710   418390   26.01   11.56    7.77     28    2.61   17083   -0.27   30.17 4192.78    1.19    0.26   34.63    0.77
  1228    50713   418389   27.07   11.37    7.76     26    2.40   17060   -0.27   30.13 4187.64    1.14    0.39   34.43    0.41
  1228    50717   418389   28.01   11.23    7.76     24    2.22   17080   -0.30   30.16 4191.78    1.32    0.17   34.34    0.70
 -1151    51535   418557    1.15   16.96    8.14    100    8.18   16835   -0.39   29.77 4145.14    0.74    1.30   38.80   33.87
  1151    51532   418551    2.00   17.05    8.13     97    7.96   16817   -0.50   29.74 4141.16    0.59    1.27   38.85    0.35
  1152    51538   418549    2.99   16.83    8.17    103    8.43   16866   -0.43   29.83 4151.68    0.84    1.93   38.75    0.45
  1152    51553   418553    3.93   16.73    8.18    102    8.37   16865   -0.36   29.82 4151.22    0.88    3.04   38.66   33.13
  1153    51563   418558    4.95   16.67    8.21    105    8.68   16928   -0.33   29.93 4164.94    0.88    3.12   38.74   10.40
  1154    51573   418563    6.14   16.70    8.19    105    8.68   16917   -0.41   29.91 4162.48    0.78    2.48   38.74    7.02
  1154    51575   418567    7.04   16.53    8.21    105    8.69   16992   -0.32   30.04 4178.42    0.91    4.35   38.75   25.03
  1154    51573   418568    8.11   16.40    8.20    105    8.65   17062   -0.24   30.16 4193.47    0.91    6.09   38.77   28.56
  1155    51572   418568    9.01   16.32    8.18    102    8.47   17095   -0.21   30.22 4200.61    0.89    7.35   38.77   27.67
  1155    51571   418567   10.00   16.08    8.13     97    8.07   17169   -0.13   30.35 4216.24    1.02    4.07   38.70    0.28
  1156    51570   418567   10.96   15.80    8.10     89    7.46   17185   -0.35   30.37 4219.27    1.39    2.08   38.49   25.69
  1156    51570   418566   12.00   15.51    8.07     83    7.02   17222   -0.47   30.43 4227.06    1.25    1.71   38.31   24.75
  1156    51570   418565   13.05   15.29    8.05     79    6.65   17217   -0.40   30.42 4225.75    1.31    1.83   38.10   23.89
  1156    51571   418564   13.93   15.23    8.04     76    6.44   17227   -0.50   30.44 4227.88    1.27    1.78   38.07   23.19
  1157    51574   418564   14.98   14.97    8.01     73    6.23   17250   -0.43   30.48 4232.44    1.46    1.54   37.88    4.95
  1157    51578   418565   16.09   14.64    7.98     66    5.69   17236   -0.43   30.45 4229.15    1.44    1.21   37.57   21.82
  1158    51581   418565   17.01   14.61    7.98     65    5.59   17245   -0.42   30.47 4231.01    1.55    1.09   37.56   20.62
  1158    51583   418564   18.02   14.55    7.97     63    5.40   17219   -0.42   30.42 4225.27    1.50    2.13   37.46   19.82
  1158    51584   418564   19.10   13.57    7.91     55    4.81   17258   -0.44   30.48 4232.75    1.15    0.68   36.67   18.80
  1159    51584   418565   19.98   12.64    7.84     45    4.01   17231   -0.48   30.43 4225.90    1.21    0.44   35.82   17.78
  1159    51583   418566   20.78   12.14    7.80     36    3.28   17110   -0.36   30.22 4199.18    1.17    0.47   35.17   17.04
  1159    51583   418567   22.04   11.88    7.79     32    2.97   17098   -0.42   30.20 4196.34    1.28    0.29   34.93    0.00
  1160    51583   418568   23.06   11.89    7.79     31    2.81   17087   -0.31   30.18 4193.96    1.42    1.41   34.92    0.00
  1200    51583   418568   23.94   11.66    7.78     29    2.67   17109   -0.40   30.22 4198.41    1.52    0.24   34.76    0.00
  1200    51583   418567   25.17   11.35    7.76     26    2.43   17067   -0.30   30.14 4189.01    1.30    0.19   34.42    0.00
  1201    51584   418566   26.05   11.04    7.74     23    2.19   17052   -0.28   30.11 4185.44    1.21    0.26   34.13   11.92
  1201    51585   418565   26.99   10.97    7.74     22    2.03   17038   -0.31   30.09 4182.41    1.36    1.27   34.05   10.75
  1201    51585   418564   27.98   10.98    7.74     21    1.94   17034   -0.30   30.08 4181.47    1.40    0.28   34.06    8.41
  1202    51585   418563   29.01   10.96    7.74     20    1.89   17033   -0.23   30.08 4181.25    1.41    0.21   34.03    8.71
  1202    51585   418561   30.03   10.86    7.74     19    1.80   17033   -0.29   30.08 4181.29    1.66    0.22   33.95    7.47
  1202    51584   418560   30.96   10.72    7.73     18    1.71   17041   -0.27   30.09 4182.89    1.45    0.15   33.85    6.48
  1203    51582   418560   32.05   10.11    7.72     16    1.55   17116   -0.28   30.22 4198.40    1.95    0.08   33.47    5.53
  1203    51579   418560   32.96    9.15    7.68      5    0.55   16944   -0.25   29.92 4160.29    3.82    0.14   32.38    5.11
  1204    51576   418561   34.05    9.03    7.70      3    0.30   16943   -0.27   29.92 4159.85    3.73    0.09   32.27    3.43
  1204    51573   418562   35.16    8.86    7.74      2    0.20   16933   -0.28   29.90 4157.60    4.58    0.06   32.12    1.99
  1204    51573   418564   35.99    8.72    7.80      1    0.15   16921   -0.14   29.88 4154.80    4.48    0.11   31.98    0.88
 -1135    52960   420301    1.03   16.77    8.13     96    7.95   16842   -0.36   29.79 4146.43    0.57    0.89   38.65    9.84
  1136    52952   420296    2.08   16.82    8.15    100    8.24   16853   -0.43   29.80 4148.79    0.72    1.45   38.72    8.80
  1136    52944   420291    3.06   16.91    8.14     99    8.13   16839   -0.46   29.78 4145.87    0.55    1.13   38.77    7.83
  1136    52938   420287    3.97   16.80    8.16     99    8.16   16855   -0.35   29.81 4149.17    0.81    2.18   38.70    6.92
  1137    52936   420287    5.02   16.79    8.17    102    8.35   16854   -0.41   29.80 4148.89    0.75    2.28   38.70    5.90
  1137    52932   420287    5.99   16.82    8.15    102    8.40   16848   -0.29   29.80 4147.79    0.66    1.62   38.71    0.33
  1138    52929   420285    7.04   16.75    8.16    101    8.33   16871   -0.41   29.83 4152.49    0.77    1.78   38.69    4.00
  1138    52925   420284    7.96   16.74    8.16    101    8.31   16876   -0.41   29.84 4153.68    0.75    3.25   38.70    3.14
  1138    52920   420284    9.10   16.72    8.15    100    8.23   16885   -0.49   29.86 4155.56    0.88    1.39   38.69    2.02
  1139    52917   420284   10.13   16.58    8.15     98    8.08   16921   -0.47   29.92 4163.20    0.98    1.66   38.64    1.02
 -2359    53710   421060    0.00    9999    9999   9999    9999    9999    9999    9999    9999    9999    9999    9999    9999
  2359    53710   421060   16.03    9999    9999   9999    9999    9999    9999    9999    9999    9999    9999    9999    9999
 -1036    55263   421348    0.98   17.12    8.18    105    8.56   16829   -0.48   29.76 4143.89    0.72    0.74   38.93   18.20
  1037    55247   421355    2.01   16.95    8.17    104    8.50   16828   -0.40   29.76 4143.51    0.75    1.77   38.78   17.51
  1038    55234   421362    3.03   16.92    8.16    101    8.33   16828   -0.43   29.76 4143.41    0.67    2.17   38.75   16.94
  1038    55225   421366    4.08   16.88    8.15    100    8.19   16829   -0.41   29.76 4143.59    0.83    2.08   38.73   16.14
  1039    55217   421370    5.02   16.88    8.15    100    8.18   16829   -0.41   29.76 4143.64    0.73    1.76   38.72   14.46
  1039    55205   421383    5.97   16.85    8.14     99    8.11   16829   -0.53   29.76 4143.63    0.61    1.38   38.70   14.72
  1040    55202   421382    7.00   16.84    8.13     98    8.08   16829   -0.47   29.76 4143.64    0.58    1.20   38.69   13.48
  1040    55198   421382    8.07   16.85    8.13     98    8.08   16830   -0.47   29.76 4143.77    0.57    1.47   38.69   12.35
  1041    55190   421380    9.01   16.85    8.13     98    8.04   16830   -0.57   29.76 4143.86    0.65    1.03   38.69   11.24
  1041    55184   421378    9.94   16.83    8.13     97    7.99   16832   -0.57   29.77 4144.30    0.62    0.84   38.69   10.08
  1042    55178   421376   10.96   16.81    8.13     96    7.93   16840   -0.46   29.78 4145.85    0.70    1.04   38.69    9.02
  1042    55172   421375   12.08   16.80    8.13     96    7.88   16844   -0.49   29.79 4146.79    0.71    0.81   38.68    4.20
  1042    55162   421378   12.97   16.80    8.13     96    7.87   16843   -0.56   29.79 4146.67    0.71    1.19   38.68    7.04
  1042    55154   421377   14.00   16.78    8.13     95    7.86   16846   -0.52   29.79 4147.23    0.67    0.75   38.67    6.02
  1043    55148   421376   14.93   16.78    8.13     95    7.86   16849   -0.56   29.80 4147.77    0.69    1.10   38.67    5.09
  1043    55143   421377   16.10   16.78    8.12     95    7.83   16849   -0.55   29.80 4147.86    0.84    0.74   38.67    3.93
  1044    55131   421376   17.08   16.78    8.12     95    7.81   16851   -0.44   29.80 4148.18    0.69    0.98   38.67    3.01
  1044    55123   421378   18.13   16.77    8.12     94    7.75   16853   -0.54   29.80 4148.78    0.73    1.02   38.68    2.12
  1045    55128   421381   19.02   16.77    8.12     94    7.71   16859   -0.52   29.81 4150.10    0.83    1.24   38.69    1.23
  1045    55141   421379   20.12   16.76    8.13     94    7.70   16875   -0.48   29.84 4153.39    1.14    1.04   38.71    0.01
 -1023    56305   420520    0.99   17.11    8.17    104    8.52   16826   -0.43   29.76 4143.32    0.60    1.45   38.91   12.04
  1024    56294   420526    2.06   17.00    8.17    104    8.51   16826   -0.44   29.76 4143.11    0.73    2.27   38.82   10.86
  1024    56288   420529    3.07   16.93    8.16    102    8.34   16827   -0.49   29.76 4143.37    0.72    1.67   38.76    9.78
  1024    56283   420531    4.03   16.91    8.15    100    8.23   16827   -0.43   29.76 4143.36    0.80    1.52   38.75    0.33
  1025    56281   420533    4.98   16.91    8.15    100    8.17   16827   -0.59   29.76 4143.32    0.75    1.54   38.74    7.91
  1025    56280   420534    5.99   16.90    8.15     99    8.17   16829   -0.48   29.76 4143.66    0.63    1.43   38.74    7.07
  1026    56280   420536    7.11   16.90    8.15     99    8.15   16829   -0.56   29.76 4143.78    0.67    0.91   38.74    5.97
  1026    56279   420537    7.98   16.91    8.15     99    8.15   16830   -0.51   29.76 4143.94    0.65    1.08   38.75    5.16
  1026    56281   420538    9.13   16.90    8.15     98    8.04   16831   -0.62   29.77 4144.18    0.63    0.90   38.75    4.09
  1027    56281   420539   10.07   16.88    8.13     95    7.79   16831   -0.35   29.77 4144.10    0.82    2.06   38.72    3.15
  1027    56281   420540   10.96   16.86    8.12     93    7.67   16833   -0.51   29.77 4144.55    0.66    0.60   38.72    2.26
  1028    56280   420540   11.98   16.84    8.13     93    7.65   16836   -0.60   29.77 4145.09    0.69    0.73   38.70    1.21
  1028    56280   420541   13.13   16.74    8.11     89    7.30   16843   -0.61   29.79 4146.53    1.38    0.77   38.63    0.00
 -2359    57620   418940    0.00    9999    9999   9999    9999    9999    9999    9999    9999    9999    9999    9999    9999
  2359    57620   418940   16.05    9999    9999   9999    9999    9999    9999    9999    9999    9999    9999    9999    9999
 -2359    57960   417200    0.00    9999    9999   9999    9999    9999    9999    9999    9999    9999    9999    9999    9999
  2359    57960   417200   19.92    9999    9999   9999    9999    9999    9999    9999    9999    9999    9999    9999    9999
 -2359    59065   414865    0.00    9999    9999   9999    9999    9999    9999    9999    9999    9999    9999    9999    9999
  2359    59065   414865   17.00    9999    9999   9999    9999    9999    9999    9999    9999    9999    9999    9999    9999
 -0849    61252   413061    0.91   16.96    8.13     95    7.83   16727   -0.42   29.59 4121.55    0.73    0.86   38.59    9.17
  0850    61244   413065    2.03   16.94    8.13     95    7.81   16729   -0.50   29.59 4122.10    0.66    0.97   38.57    0.31
  0850    61236   413068    2.98   16.94    8.13     95    7.77   16729   -0.54   29.59 4122.11    0.65    0.94   38.57    0.33
  0851    61230   413070    4.07   16.93    8.13     95    7.78   16731   -0.53   29.59 4122.37    0.70    1.42   38.57    6.02
  0851    61223   413071    5.02   16.91    8.13     94    7.73   16731   -0.47   29.59 4122.54    0.76    1.11   38.55    5.05
  0852    61216   413073    6.05   16.89    8.13     94    7.73   16729   -0.52   29.59 4122.02    0.74    0.90   38.53    3.94
  0852    61211   413073    6.93   16.88    8.13     94    7.71   16733   -0.49   29.60 4122.85    0.68    1.08   38.53    3.11
  0852    61203   413075    7.95   16.90    8.11     93    7.64   16752   -0.55   29.63 4126.89    0.60    0.56   38.58    2.06
  0853    61195   413077    8.99   16.93    8.10     90    7.43   16770   -0.53   29.66 4130.89    0.69    0.63   38.65    1.03
 -0834    62354   412261    1.12   17.01    8.13     95    7.82   16652   -0.53   29.46 4105.47    0.81    1.62   38.48    0.00
  0834    62339   412259    1.95   16.99    8.13     95    7.81   16652   -0.51   29.46 4105.43    0.75    1.91   38.46    0.78
  0835    62328   412258    3.04   16.98    8.13     95    7.81   16650   -0.43   29.45 4105.00    0.72    1.58   38.45   14.83
  0835    62322   412259    4.01   16.98    8.13     95    7.79   16654   -0.47   29.46 4105.76    0.70    1.58   38.46    5.41
  0835    62319   412258    5.00   17.03    8.12     94    7.73   16667   -0.45   29.48 4108.73    0.69    1.33   38.52   12.76
  0836    62317   412258    5.95   17.07    8.12     94    7.70   16677   -0.45   29.50 4110.95    0.68    1.68   38.58   11.77
  0836    62311   412257    7.03   17.11    8.12     94    7.69   16688   -0.54   29.52 4113.28    0.67    1.04   38.64   10.75
  0837    62305   412258    8.08   17.17    8.12     94    7.73   16707   -0.41   29.55 4117.61    0.82    1.16   38.73    9.60
  0837    62300   412258    9.00   17.17    8.12     94    7.73   16712   -0.49   29.56 4118.62    0.69    0.91   38.74    8.64
  0837    62296   412259   10.12   17.17    8.12     94    7.73   16712   -0.42   29.56 4118.69    0.70    1.06   38.74    7.50
  0838    62289   412259   10.97   17.18    8.12     94    7.71   16722   -0.51   29.58 4120.76    0.66    0.59   38.77    6.63
  0838    62284   412260   12.01   17.20    8.12     93    7.64   16729   -0.58   29.59 4122.36    0.69    0.62   38.80    5.52
  0838    62279   412260   12.97   17.20    8.11     92    7.56   16748   -0.58   29.62 4126.42    0.82    0.47   38.84    4.52
  0839    62273   412261   13.90   17.14    8.10     90    7.38   16752   -0.49   29.63 4127.22    0.84    0.48   38.79    3.45
  0839    62266   412261   15.07   17.12    8.10     89    7.32   16755   -0.60   29.64 4127.82    0.86    0.60   38.78    2.29
  0840    62257   412262   16.04   17.10    8.09     89    7.28   16759   -0.53   29.64 4128.66    1.05    0.38   38.77    0.10
  0840    62250   412262   16.91   17.11    8.08     87    7.17   16772   -0.68   29.66 4131.50    1.19    0.46   38.80    0.31
 -0807    65256   412100    1.06   16.91    8.11     94    7.70   16628   -0.63   29.41 4100.10    0.64    0.86   38.34   12.87
  0807    65247   412100    2.03   16.88    8.11     93    7.68   16624   -0.52   29.41 4099.15    0.59    0.91   38.31   11.74
  0809    65217   412098    2.99   16.95    8.11     94    7.71   16636   -0.55   29.43 4101.81    0.71    1.02   38.39   10.90
  0810    65209   412098    4.09   17.02    8.12     94    7.73   16660   -0.45   29.47 4107.30    0.58    1.10   38.50    9.93
  0810    65203   412097    4.99   16.91    8.12     94    7.75   16629   -0.47   29.42 4100.37    0.64    1.12   38.34    0.37
  0811    65192   412097    5.99   17.02    8.12     94    7.75   16674   -0.59   29.50 4110.22    0.63    0.63   38.53    8.46
  0811    65186   412097    6.96   16.99    8.05     86    7.07   16690   -0.50   29.52 4113.59    0.57    0.32   38.54    7.57
  0812    65179   412097    7.98   16.96    8.05     83    6.80   16698   -0.56   29.54 4115.28    0.55    0.35   38.53    6.64
  0812    65176   412096    8.98   16.96    8.05     82    6.73   16703   -0.56   29.55 4116.53    0.58    0.22   38.54    5.53
  0812    65174   412093   10.07   16.95    8.07     84    6.92   16708   -0.62   29.55 4117.44    0.81    0.38   38.54    4.11
  0813    65180   412087   11.09   16.97    8.05     82    6.70   16703   -0.65   29.54 4116.42    0.58    0.41   38.54    2.87
  0814    65187   412082   12.06   16.85    8.14     92    7.57   16712   -0.54   29.56 4118.27    0.85    0.46   38.46    1.63
  0814    65195   412078   13.01   16.86    8.13     93    7.68   16728   -0.49   29.59 4121.67    1.07    0.47   38.50    0.45
 -0752    66353   411644    1.00   16.23    8.25    105    8.84   16035   -0.22   28.38 3970.17    1.03    3.09   36.57    0.89
  0752    66352   411646    2.03   16.32    8.24    105    8.76   16079   -0.28   28.46 3979.88    0.91    3.67   36.73    0.37
  0753    66352   411647    2.93   16.82    8.15    101    8.37   16439   -0.31   29.09 4058.97    0.83    1.78   37.88    6.28
  0753    66351   411648    4.00   16.77    8.15     99    8.14   16527   -0.38   29.24 4078.00    0.82    1.48   38.01    5.31
  0754    66349   411649    5.04   16.78    8.14     97    8.03   16594   -0.50   29.35 4092.51    0.77    1.00   38.16    4.25
  0754    66347   411650    6.07   16.76    8.15     98    8.06   16544   -0.55   29.27 4081.73    0.87    0.95   38.04    3.20
  0754    66346   411651    6.93   16.83    8.13     96    7.91   16644   -0.53   29.44 4103.44    1.06    0.52   38.30    2.34
  0755    66343   411651    8.06   16.86    8.12     95    7.80   16665   -0.46   29.48 4107.98    1.03    0.35   38.37    1.09
  0755    66341   411651    8.93   16.91    8.11     92    7.57   16709   -0.59   29.55 4117.60    1.23    0.35   38.50    0.00
 -0738    67366   411360    0.92   16.50    8.24    105    8.78   15964   -0.36   28.26 3954.95    1.07    5.29   36.65   11.47
  0739    67357   411359    2.00   16.60    8.24    105    8.75   16023   -0.28   28.37 3968.12    0.95    3.89   36.85    0.56
  0739    67350   411358    3.02   16.83    8.16     99    8.22   16273   -0.40   28.80 4022.89    0.80    3.54   37.56    9.28
  0740    67346   411357    4.07   16.96    8.13     97    7.99   16431   -0.34   29.07 4057.41    0.68    2.03   37.98    8.37
  0740    67341   411358    5.06   16.97    8.12     95    7.82   16460   -0.38   29.12 4063.64    0.70    1.59   38.05    7.37
  0741    67337   411358    6.11   16.94    8.13     95    7.83   16494   -0.44   29.18 4071.14    0.87    1.89   38.10    6.36
  0742    67329   411357    6.97   16.96    8.13     96    7.90   16505   -0.40   29.20 4073.41    0.82    2.01   38.14    5.50
  0742    67327   411358    8.09   17.00    8.13     97    7.95   16519   -0.40   29.23 4076.54    0.67    1.39   38.20    4.42
  0743    67326   411358    9.08   17.00    8.14     97    7.97   16571   -0.43   29.32 4087.82    0.82    1.74   38.30    3.47
  0743    67324   411357   10.03   16.93    8.11     93    7.68   16605   -0.44   29.38 4095.16    0.47    0.87   38.31    2.46
  0743    67323   411356   11.08   16.98    8.11     91    7.44   16663   -0.63   29.48 4107.87    0.77    0.59   38.47    1.44
  0744    67322   411357   12.02   17.01    8.11     92    7.59   16686   -0.53   29.52 4112.86    0.77    0.52   38.54    0.53
 -0725    68871   411237    1.02   16.73    8.16     95    7.88   16101   -0.36   28.50 3985.21    1.17    2.47   37.12    5.83
  0726    68835   411258    2.10   16.80    8.17     96    7.98   16200   -0.28   28.67 4006.85    1.11    2.70   37.37    9.75
  0726    68831   411260    3.04   16.85    8.17     98    8.09   16366   -0.31   28.96 4043.05    1.35    3.16   37.76    4.37
  0726    68823   411264    3.93   16.86    8.17     98    8.13   16393   -0.37   29.01 4049.11    1.38    2.74   37.82    8.32
  0727    68818   411267    4.96   16.88    8.14     98    8.05   16444   -0.39   29.10 4060.13    1.15    3.81   37.94    7.66
  0727    68813   411269    5.99   16.89    8.14     97    7.97   16456   -0.18   29.12 4062.82    1.22    4.67   37.97    6.56
  0728    68812   411270    6.97   16.86    8.13     96    7.90   16464   -0.49   29.13 4064.45    1.12    3.22   37.97    5.53
  0728    68812   411270    8.08   16.91    8.13     95    7.86   16478   -0.43   29.16 4067.56    2.10    2.33   38.04    0.92
  0728    68812   411270    9.04   16.99    8.12     96    7.87   16520   -0.52   29.23 4076.75    0.97    1.89   38.19    3.48
  0729    68813   411269    9.96   16.98    8.12     95    7.82   16538   -0.54   29.26 4080.66    0.87    1.59   38.22    2.44
  0729    68814   411270   11.00   17.00    8.12     95    7.77   16553   -0.48   29.29 4083.87    0.79    1.49   38.26    1.38
  0729    68814   411270   12.01   17.02    8.12     94    7.73   16568   -0.44   29.31 4087.26    0.84    0.96   38.32    0.29
 -0717    69271   410980    1.02   16.69    8.17     96    7.98   15973   -0.36   28.28 3957.31    1.08    2.19   36.83    6.04
  0718    69275   410978    1.99   16.77    8.15     95    7.88   16042   -0.33   28.40 3972.49    1.01    2.40   37.03    4.78
  0718    69278   410975    3.11   16.83    8.13     93    7.72   16093   -0.41   28.49 3983.53    0.95    2.05   37.18    3.29
  0719    69281   410965    4.00   16.83    8.14     93    7.69   16097   -0.53   28.49 3984.45    0.93    2.04   37.19    1.78
  0719    69282   410961    4.66   16.85    8.13     92    7.63   16226   -0.50   28.72 4012.73    1.08    1.27   37.47   24.66
