# MEETVAARTUIG :
# MEETDATUM    : 2021-09-20 00:00:00
# MEETGEBIED   : GREVELINGEN
# STARTPUNT    : BRU
# EINDPUNT     : SCHDIJKE
# PROJECTCODE  : Grev water
# OPDRACHTGEVER: RIKZMON_CHEMIE
# BEHEERDER    : RIKZITSMDBG
# BEMONST. INST:
# WAARNEMER(S) : Michel
#
* 20210920
$ 9999 [000000000000000]
>TIJD      uumm                    
>X         coordinaat              
>Y         coordinaat              
>SENSHTE   Diepte set        m     
>Echms     Echoset           mtrs  
>Temp      Temperatuur       oC    
>pH        Zuurgraad         dimsls
>O2        Zuurstof          mg/l  
>%O2       Zuurstof%         %     
>GELBH     Geleidendheid     mS/cm 
>GEL20     Gel20             ???   
>SALNTT    Saliniteit        dimsl 
>CL-       Chloride          mg/l  
>CHFLYSI   Chlorofyl         ugr/l 
>TURBID    Troebelheid       NTU   
 -2359  47466 418850   1.00   9999   9999   9999   9999  9999   9999  9999   9999   9999   9999   9999
  2359  47466 418850  15.96   9999   9999   9999   9999  9999   9999  9999   9999   9999   9999   9999
 -2359  47960 418357   1.00   9999   9999   9999   9999  9999   9999  9999   9999   9999   9999   9999
  2359  47960 418357  16.06   9999   9999   9999   9999  9999   9999  9999   9999   9999   9999   9999
 -1332  48734 418189   0.98   0.90  19.17   8.13   9.43   121  40.87  4160  29.89  16892   2.57   0.27
  1332  48739 418179   1.95   0.00  19.13   8.12   9.29   119  40.85  4161  29.90  16898   2.81   0.30
  1333  48744 418175   2.95   0.00  19.13   8.12   9.27   119  40.84  4161  29.90  16898   3.08   0.29
  1333  48743 418172   3.97  39.71  19.12   8.12   9.24   118  40.84  4161  29.90  16899   2.57   0.23
  1333  48744 418169   4.96  38.76  19.12   8.12   9.25   118  40.84  4161  29.90  16899   2.35   0.28
  1334  48743 418167   5.97  37.68  19.09   8.11   9.20   118  40.83  4163  29.91  16907   2.17   0.35
  1334  48744 418166   6.98  36.49  19.06   8.09   8.92   114  40.80  4163  29.91  16907   3.95   0.23
  1335  48746 418170   7.96  35.67  19.04   8.07   8.77   112  40.79  4164  29.92  16913   2.82   0.15
  1335  48747 418174   8.93   0.00  19.05   8.07   8.78   112  40.80  4164  29.92  16913   3.35   0.22
  1335  48747 418175   9.98  34.00  19.04   8.07   8.79   112  40.80  4164  29.92  16915   3.37   0.32
  1336  48746 418177  10.97   0.00  19.05   8.07   8.76   112  40.82  4166  29.94  16922   2.33   0.21
  1336  48743 418180  11.95   0.00  19.15   8.06   8.56   110  41.04  4179  30.04  16982   2.44   0.37
  1337  48742 418179  12.97  26.72  19.17   8.05   8.51   109  41.11  4184  30.08  17003   1.87   0.27
  1338  48743 418169  14.02  29.67  19.11   8.01   7.10    91  41.59  4239  30.52  17258   1.10   0.33
  1339  48741 418166  14.98   0.00  19.09   7.98   6.57    84  41.63  4245  30.57  17285   1.42   0.33
  1340  48740 418171  16.04  27.93  19.06   7.95   6.25    80  41.64  4248  30.60  17303   0.83   0.25
  1343  48746 418169  18.01  25.83  18.50   7.68   2.35    30  41.33  4268  30.75  17397   0.11   0.37
  1343  48747 418168  17.99   0.00  18.51   7.68   2.40    31  41.34  4268  30.76  17400   0.05   0.52
  1344  48744 418166  18.97  25.02  18.32   7.61   1.53    19  41.19  4270  30.77  17407   0.12   0.54
  1345  48744 418173  19.97  21.30  18.18   7.57   1.04    13  41.07  4270  30.77  17410   0.05   0.68
  1346  48744 418176  20.97  23.02  17.91   7.54   0.56     7  40.84  4272  30.79  17418   0.04   1.15
  1346  48744 418178  22.04  22.02  17.83   7.55   0.47     6  40.75  4271  30.78  17414   0.01   2.21
  1346  48742 418177  22.97  21.07  17.81   7.56   0.47     6  40.74  4271  30.78  17413   0.01   2.08
  1347  48743 418176  23.96  20.15  17.70   7.57   0.44     6  40.63  4270  30.77  17411   0.03   1.93
  1347  48745 418176  24.96  19.12  17.62   7.56   0.43     5  40.56  4270  30.78  17413  -0.05   1.22
  1347  48746 418175  25.98  16.85  17.44   7.56   0.43     5  40.40  4269  30.77  17409   0.06   0.86
  1348  48745 418174  27.08  17.03  17.33   7.56   0.42     5  40.29  4268  30.76  17404   0.06   0.92
  1348  48743 418172  28.03  16.04  17.24   7.55   0.42     5  40.21  4268  30.76  17406   0.00   0.83
  1348  48741 418171  28.95  15.05  17.16   7.55   0.42     5  40.14  4269  30.77  17409   0.04   0.86
  1349  48740 418169  29.99  14.01  17.10   7.55   0.41     5  40.08  4268  30.76  17405   0.01   0.88
  1349  48741 418169  30.98  13.06  16.91   7.55   0.40     5  39.94  4272  30.79  17423   0.02   0.80
  1350  48742 418168  32.03  12.04  16.83   7.54   0.40     5  39.84  4268  30.76  17408   0.04   0.65
  1350  48742 418166  32.99  11.09  16.63   7.53   0.40     5  39.67  4269  30.76  17410  -0.04   0.56
  1350  48747 418169  34.10  10.08  16.35   7.52   0.40     5  39.40  4266  30.74  17398   0.01   0.66
  1351  48749 418171  35.10   9.24  15.86   7.50   0.40     5  38.99  4269  30.77  17417   0.03   0.53
  1351  48750 418171  35.96   8.50  15.50   7.48   0.40     5  38.66  4267  30.76  17410   0.00   0.72
  1351  48749 418172  36.99   7.40  15.05   7.47   0.41     5  38.28  4269  30.77  17420   0.01   0.81
  1352  48747 418171  38.04   6.43  14.81   7.46   0.41     5  38.07  4269  30.77  17419   0.03   0.84
  1352  48745 418171  39.02   5.34  14.51   7.44   0.41     5  37.79  4268  30.76  17417   0.05   1.00
  1352  48743 418171  40.05   4.34  14.31   7.43   0.41     5  37.60  4265  30.74  17407   0.02   1.04
  1352  48743 418170  41.00   3.31  14.05   7.42   0.41     5  37.33  4261  30.71  17386   0.01   1.25
  1353  48742 418169  42.01   2.21  13.70   7.40   0.41     5  37.06  4265  30.74  17407   0.03   1.47
  1353  48743 418168  43.08   1.20  13.55   7.37   0.41     5  36.91  4262  30.72  17396  -0.01   1.70
 -2359  49730 418270   1.00   9999   9999   9999   9999  9999   9999  9999   9999   9999   9999   9999
  2359  49730 418270  17.00   9999   9999   9999   9999  9999   9999  9999   9999   9999   9999   9999
 -2359  50728 418380   1.00   9999   9999   9999   9999  9999   9999  9999   9999   9999   9999   9999
  2359  50728 418380  27.01   9999   9999   9999   9999  9999   9999  9999   9999   9999   9999   9999
 -2359  51572 418570   1.00   9999   9999   9999   9999  9999   9999  9999   9999   9999   9999   9999
  2359  51572 418570  37.00   9999   9999   9999   9999  9999   9999  9999   9999   9999   9999   9999
 -2359  52940 420290   1.00   9999   9999   9999   9999  9999   9999  9999   9999   9999   9999   9999
  2359  52940 420290  10.00   9999   9999   9999   9999  9999   9999  9999   9999   9999   9999   9999
 -2359  53710 421060   1.00   9999   9999   9999   9999  9999   9999  9999   9999   9999   9999   9999
  2359  53710 421060  16.03   9999   9999   9999   9999  9999   9999  9999   9999   9999   9999   9999
 -2359  55190 421380   1.00   9999   9999   9999   9999  9999   9999  9999   9999   9999   9999   9999
  2359  55190 421380  20.00   9999   9999   9999   9999  9999   9999  9999   9999   9999   9999   9999
 -2359  56280 420520   1.00   9999   9999   9999   9999  9999   9999  9999   9999   9999   9999   9999
  2359  56280 420520  12.02   9999   9999   9999   9999  9999   9999  9999   9999   9999   9999   9999
 -2359  57620 418940   1.00   9999   9999   9999   9999  9999   9999  9999   9999   9999   9999   9999
  2359  57620 418940  16.05   9999   9999   9999   9999  9999   9999  9999   9999   9999   9999   9999
 -2359  57960 417200   1.00   9999   9999   9999   9999  9999   9999  9999   9999   9999   9999   9999
  2359  57960 417200  19.92   9999   9999   9999   9999  9999   9999  9999   9999   9999   9999   9999
 -1223  59115 414876   1.07  17.03  18.92   7.95   7.76    99  40.34  4129  29.64  16750   1.92   0.09
  1224  59083 414914   2.06  16.30  18.91   7.96   7.78    99  40.33  4129  29.64  16749   2.03   0.14
  1224  59078 414933   3.01  15.06  18.91   7.95   7.74    99  40.34  4129  29.64  16750   1.22   0.17
  1225  59079 414938   3.93   0.80  18.91   7.95   7.73    99  40.34  4129  29.64  16751   2.20   0.14
  1225  59079 414934   4.94   0.75  18.91   7.95   7.73    99  40.34  4129  29.64  16751   1.64   0.05
  1225  59080 414925   6.02  12.48  18.91   7.94   7.63    97  40.34  4129  29.64  16753   1.30   0.16
  1226  59081 414913   7.08   0.00  18.91   7.95   7.64    97  40.34  4130  29.64  16754   1.74   0.04
  1227  59088 414907   8.03  10.58  18.53   7.97   7.42    94  40.02  4129  29.64  16755   0.47  -0.01
  1227  59089 414906   9.00   9.56  18.56   7.97   7.38    93  40.03  4128  29.63  16748   0.45   0.04
  1228  59091 414907  10.03   8.40  18.55   7.97   7.38    93  40.02  4129  29.64  16751   0.45  -0.09
  1229  59103 414910  11.01   6.64  18.44   7.95   6.69    85  40.02  4139  29.72  16799   0.18   0.06
  1230  59095 414897  12.00   6.48  18.56   7.91   6.35    80  40.19  4145  29.76  16825   0.27  -0.12
  1231  59090 414894  13.00   5.83  18.94   7.77   4.55    58  40.94  4188  30.12  17026   0.05  -0.07
  1232  59090 414897  14.03   4.75  18.96   7.76   4.37    56  41.02  4194  30.16  17051   0.37  -0.07
  1232  59089 414900  14.91   3.74  18.97   7.76   4.31    55  41.04  4196  30.17  17060   0.31   0.00
  1233  59089 414904  16.02   2.60  18.96   7.76   4.22    54  41.07  4199  30.20  17074   0.09   0.00
  1234  59090 414903  17.04   1.50  18.93   7.75   3.97    51  41.10  4205  30.25  17103  -0.02  -0.02
 -2359  61220 413050   1.00   9999   9999   9999   9999  9999   9999  9999   9999   9999   9999   9999
  2359  61220 413050   8.95   9999   9999   9999   9999  9999   9999  9999   9999   9999   9999   9999
 -2359  62300 412250   1.00   9999   9999   9999   9999  9999   9999  9999   9999   9999   9999   9999
  2359  62300 412250  17.00   9999   9999   9999   9999  9999   9999  9999   9999   9999   9999   9999
 -1144  65237 412071   1.05  12.04  18.74   7.87   7.12    90  40.17  4126  29.62  16739   0.69   0.04
  1144  65247 412094   1.99  11.81  18.74   7.88   7.20    91  40.17  4126  29.62  16740   0.92  -0.02
  1145  65247 412099   2.97  11.08  18.74   7.88   7.18    91  40.17  4126  29.62  16740   0.82  -0.03
  1145  65244 412101   3.98  10.24  18.74   7.88   7.20    91  40.17  4126  29.62  16740   0.76   0.08
  1146  65241 412101   4.98   9.24  18.75   7.88   7.20    92  40.17  4126  29.62  16740   1.01  -0.07
  1146  65241 412099   6.00   8.13  18.74   7.88   7.18    91  40.17  4127  29.62  16741   0.61   0.07
  1146  65250 412096   7.00   7.50  18.74   7.88   7.19    91  40.17  4126  29.62  16740   1.04  -0.07
  1147  65252 412094   7.96   7.50  18.74   7.88   7.17    91  40.17  4126  29.62  16740   0.60  -0.01
  1147  65253 412092   8.98   7.50  18.74   7.88   7.17    91  40.16  4126  29.62  16740   0.73   0.02
  1147  65252 412091  10.01   7.50  18.74   7.88   7.16    91  40.16  4127  29.62  16741   1.45   0.15
  1148  65251 412091  11.03   2.89  18.74   7.88   7.16    91  40.16  4127  29.62  16741   0.95   0.04
  1149  65250 412100  12.01   2.49  18.74   7.88   7.10    90  40.17  4127  29.62  16742   0.81  -0.06
 -2359  66330 411630   1.00   9999   9999   9999   9999  9999   9999  9999   9999   9999   9999   9999
  2359  66330 411630   7.00   9999   9999   9999   9999  9999   9999  9999   9999   9999   9999   9999
 -2359  67340 411360   1.00   9999   9999   9999   9999  9999   9999  9999   9999   9999   9999   9999
  2359  67340 411360  11.97   9999   9999   9999   9999  9999   9999  9999   9999   9999   9999   9999
 -2359  68840 411250   1.00   9999   9999   9999   9999  9999   9999  9999   9999   9999   9999   9999
  2359  68840 411250  10.94   9999   9999   9999   9999  9999   9999  9999   9999   9999   9999   9999
 -2359  69280 410950   1.00   9999   9999   9999   9999  9999   9999  9999   9999   9999   9999   9999
  2359  69280 410950   4.79   9999   9999   9999   9999  9999   9999  9999   9999   9999   9999   9999
