# code 000       is (nog ? ) niet bekend
# MEETVAARTUIG : M.S. ARGUS
# MEETDATUM    : 19-06-2007 06:59:46
# MEETGEBIED   : GREVELINGEN
# STARTPUNT    : Grevelingendam
# EINDPUNT     : Brouwersdam
# PROJECTCODE  : E7501X
# OPDRACHTGEVER: ZLXXAXAMDBG
# BEHEERDER    : ZLXXAXAMDBG
# BEMONST. INST:
# WAARNEMER(S) : G.J.Bakker.
#
* 20070619
$ 9999 [000000000000]
>TIJD      uumm                    
>X         coordinaat              
>Y         coordinaat              
>SENSHTE   Diepte set        m     
>ECHOS     Echoset           mtrs  
>Temp       Temperatuur       oC        : 9  1.0  11  1.0
>O2        Zuurstof          mg/l  
>%O2        Zuurstof%         %     
>GELBH     Geleidendheid     mS/cm 
>SALNTT    Saliniteit        dimsl 
>CL-       Chloride          mg/l      : 16500  125  13  125
>000       nog niet gedefinieerd   
 -0700  69285 410962   0.98   0.40  19.55   7.74   100  40.07  28.97  16363    101
  0702  69289 410940   2.05   3.10  19.53   7.00    90  40.12  29.03  16394     92
  0702  69286 410940   3.02   2.35  19.86   7.10    92  40.61  29.19  16488     94
  0704  69286 410951   4.03   1.70  19.77   6.73    88  40.53  29.19  16487     89
  0704  69288 410955   5.03   0.60  19.74   6.68    87  40.64  29.30  16551     88
 -0708  68848 411251   1.03   9.70  19.38   8.04   104  39.78  28.86  16297    105
  0710  68830 411247   2.02   9.65  19.55   7.45    96  40.25  29.12  16447     98
  0710  68833 411244   2.97   8.75  19.56   7.42    96  40.31  29.16  16471     98
  0710  68835 411242   4.03   7.85  19.49   7.39    96  40.26  29.17  16476     97
  0711  68840 411245   5.01   6.85  19.55   7.21    93  40.43  29.26  16530     95
  0711  68842 411248   6.01   5.80  19.54   7.18    93  40.43  29.27  16534     95
  0713  68839 411249   7.03   4.40  19.22   6.49    84  40.17  29.28  16544     85
  0715  68845 411250   7.99   3.15  18.88   4.27    55  40.21  29.56  16703     59
  0716  68843 411250   8.98   2.30  18.25   2.45    31  39.92  29.77  16829     35
  0718  68840 411253  10.03   1.05  17.70   0.65     8  39.48  29.80  16850     12
 -0726  67332 411361   1.10  10.85  19.39   7.45    96  40.29  29.26  16530     97
  0727  67328 411359   2.04   9.95  19.40   7.45    96  40.34  29.29  16550     98
  0727  67331 411362   3.01   9.05  19.41   7.45    96  40.33  29.28  16541     98
  0727  67331 411363   3.99   8.10  19.41   7.45    96  40.34  29.29  16546     98
  0728  67334 411363   5.00   7.15  19.39   7.39    96  40.32  29.28  16544     97
  0728  67336 411363   6.00   6.20  19.39   7.42    96  40.32  29.28  16544     97
  0728  67336 411364   6.94   5.25  19.38   7.43    96  40.32  29.29  16548     97
  0729  67337 411366   8.02   4.20  19.37   7.41    96  40.31  29.29  16548     96
  0730  67340 411364   9.03   3.25  18.84   4.56    58  40.28  29.64  16752     60
  0731  67339 411365   9.99   2.30  18.84   4.95    63  40.29  29.65  16757     64
  0734  67343 411357  11.02   1.35  17.77   1.94    24  39.63  29.88  16893     25
  0737  67332 411363  11.91   0.60  17.46   1.13    14  39.40  29.91  16914     14
 -0743  66328 411627   1.02  51.25  19.31   7.73   100  40.37  29.38  16600    100
  0743  66322 411634   2.04   5.70  19.28   7.74   100  40.37  29.40  16613    100
  0745  66329 411634   2.98   4.90  19.31   7.12    92  40.33  29.35  16582     94
  0745  66332 411632   4.01   4.00  19.25   7.31    94  40.33  29.39  16606     95
  0747  66331 411631   5.00   3.05  19.16   7.00    90  40.28  29.41  16620     91
  0747  66329 411632   6.03   2.05  19.18   6.97    90  40.30  29.42  16621     91
  0748  66328 411631   6.98   1.20  19.13   7.00    90  40.26  29.42  16623     91
  0748  66329 411631   7.61   0.50  18.93   6.93    89  40.13  29.45  16644     90
 -0754  65264 412081   0.91  51.25  19.31   7.55    97  40.26  29.29  16549     98
  0754  65254 412090   2.09  11.15  19.19   7.58    97  40.20  29.33  16570     98
  0755  65259 412099   3.01  10.90  19.17   6.85    88  40.27  29.40  16611     90
  0756  65279 412100   3.99  10.40  19.14   7.08    91  40.18  29.35  16581     92
  0757  65289 412092   5.06   9.15  19.19   6.76    87  40.37  29.47  16650     88
  0757  65269 412091   6.03   7.75  19.20   6.80    88  40.43  29.51  16674     89
  0758  65266 412087   7.00   6.65  19.20   6.81    88  40.39  29.48  16655     89
  0758  65264 412085   8.01   5.55  19.21   6.87    88  40.44  29.51  16674     89
  0758  65263 412085   9.02   4.45  19.15   6.90    89  40.42  29.54  16690     89
  0801  65258 412095  10.05   3.85  18.34   3.72    47  40.01  29.78  16834     48
  0802  65274 412084  10.98   2.70  18.09   3.46    44  39.89  29.86  16882     44
  0803  65270 412085  12.03   1.75  17.95   3.19    40  39.80  29.89  16898     42
  0805  65263 412090  13.00   1.00  16.98   1.65    20  39.24  30.13  17043     20
 -0821  62286 412258   1.00  51.25  19.21   7.40    95  40.48  29.54  16693     96
  0821  62282 412256   2.00  26.65  19.18   7.39    95  40.51  29.59  16720     96
  0822  62285 412255   3.01  14.15  19.04   7.41    95  40.38  29.58  16717     96
  0822  62292 412251   3.97  51.25  19.05   7.26    93  40.38  29.57  16712     94
  0823  62306 412245   5.06  12.10  18.96   6.90    88  40.29  29.56  16707     91
  0824  62305 412245   5.99  11.25  18.93   6.88    88  40.28  29.58  16715     89
  0824  62305 412246   7.05  10.20  18.92   6.87    88  40.29  29.59  16724     89
  0824  62305 412246   8.01   9.40  18.91   6.88    88  40.29  29.60  16728     89
  0825  62305 412247   9.04   8.40  18.84   6.76    86  40.31  29.67  16767     86
  0826  62302 412253  10.07   7.40  18.14   3.32    42  40.01  29.92  16919     43
  0828  62296 412259  11.02   6.55  17.77   2.92    37  39.78  30.00  16965     36
  0829  62293 412257  12.01   5.50  17.33   2.40    30  39.51  30.10  17023     29
  0831  62289 412254  12.99   4.50  15.86   1.01    12  38.50  30.34  17167     10
  0832  62291 412252  13.98   3.60  16.01   0.99    12  38.62  30.33  17160     10
  0832  62293 412250  15.06  24.50  15.65   1.01    12  38.33  30.35  17174     10
  0833  62300 412244  16.03   1.60  15.26   0.65     8  38.10  30.45  17232      7
  0834  62301 412245  16.95  51.15  15.24   0.60     7  38.08  30.44  17231      7
 -0842  61218 413060   0.93   8.65  19.22   7.29    94  40.59  29.62  16741     95
  0843  61227 413051   2.06   7.65  19.14   7.42    96  40.54  29.64  16750     96
  0843  61225 413053   3.30   6.45  19.14   7.42    96  40.53  29.63  16746     96
  0843  61224 413052   4.07   5.75  19.11   7.43    96  40.50  29.63  16744     96
  0844  61222 413052   4.97   4.90  19.02   7.41    95  40.42  29.63  16744     96
  0845  61221 413046   5.98   3.90  19.01   7.12    91  40.41  29.63  16743     92
  0845  61219 413046   6.99   2.95  18.92   7.07    91  40.41  29.69  16781     90
  0846  61216 413054   7.99   2.00  18.85   5.45    70  40.38  29.72  16796     71
  0847  61216 413054   9.02   1.00  18.73   5.18    66  40.35  29.78  16832     67
 -0858  59300 414129   1.04  51.25  19.40   7.59    98  40.78  29.65  16755     99
  0859  59296 414132   1.94  51.25  19.37   7.58    98  40.75  29.65  16754     99
  0859  59299 414131   3.04  19.35  19.29   7.57    98  40.68  29.65  16754     99
  0900  59301 414130   3.99  51.25  19.25   7.54    97  40.63  29.63  16747     98
  0901  59307 414128   5.01  17.80  19.12   7.24    93  40.55  29.66  16763     94
  0901  59309 414128   6.02  16.80  19.11   7.22    93  40.53  29.65  16758     94
  0903  59310 414132   7.05  51.25  19.00   6.31    81  40.53  29.73  16804     82
  0903  59310 414133   8.03  15.20  18.99   6.28    81  40.53  29.74  16808     82
  0904  59310 414135   9.05  14.15  18.96   6.20    80  40.52  29.75  16816     81
  0906  59306 414134  10.04  13.05  18.14   3.75    47  40.12  30.02  16971     48
  0907  59303 414131  10.99  12.00  17.95   3.67    46  39.97  30.03  16980     46
  0908  59304 414125  11.99  11.00  17.54   2.73    34  39.68  30.09  17016     34
  0910  59306 414126  13.01  10.10  16.39   1.46    18  38.98  30.35  17173     17
  0910  59305 414127  14.08  51.25  16.26   1.46    18  38.92  30.40  17200     17
  0910  59306 414127  15.01  51.25  16.09   1.40    17  38.84  30.46  17236     15
  0911  59308 414126  16.00   7.25  15.77   1.39    17  38.66  30.55  17288     15
  0911  59309 414126  17.07   6.30  15.60   1.36    16  38.57  30.60  17319     14
  0911  59311 414126  18.04   5.50  15.45   1.35    16  38.47  30.63  17336     14
  0912  59313 414126  18.98   4.65  15.42   1.35    16  38.45  30.63  17339     14
  0912  59314 414126  19.92  51.25  15.31   1.35    16  38.37  30.65  17348     14
  0914  59311 414128  21.02  51.25  15.09   0.37     4  38.17  30.64  17345      4
  0914  59309 414129  22.05  51.25  15.02   0.34     4  38.11  30.64  17346      3
  0915  59307 414130  23.03  18.30  15.00   0.31     4  38.09  30.64  17345      2
 -0930  57946 417217   0.95  51.25  19.59   7.97   103  40.73  29.48  16654    104
  0931  57945 417224   1.99  36.75  19.33   8.01   103  40.54  29.51  16672    104
  0932  57953 417206   3.03  16.70  19.28   7.25    94  40.58  29.57  16711     95
  0933  57951 417205   4.03  15.75  19.28   7.38    95  40.57  29.56  16706     96
  0933  57954 417203   5.00  15.05  19.25   7.40    95  40.58  29.59  16724     97
  0934  57954 417199   6.06  13.90  19.25   7.35    95  40.57  29.59  16719     95
  0935  57952 417193   7.02  13.10  19.01   6.44    83  40.60  29.78  16833     84
  0936  57954 417196   8.05  12.05  18.96   5.92    76  40.54  29.77  16825     77
  0938  57956 417204   8.99  11.15  18.42   4.72    60  40.26  29.93  16920     61
  0939  57954 417212   9.97  10.05  18.13   4.18    53  40.11  30.01  16971     54
  0941  57950 417224  11.03   8.90  17.67   2.68    34  39.81  30.10  17023     35
  0943  57953 417197  12.02   8.15  16.78   1.80    22  39.30  30.33  17160     22
  0944  57947 417198  13.06   7.20  16.66   1.77    22  39.24  30.37  17183     20
  0946  57956 417190  14.02   6.30  16.00   0.76     9  38.87  30.55  17291      8
  0947  57956 417193  15.03   5.30  15.94   0.80    10  38.80  30.54  17283      8
  0948  57956 417200  16.01   4.85  15.61   0.48     6  38.58  30.60  17320      5
  0949  57956 417201  17.03   3.35  15.41   0.46     6  38.42  30.61  17328      5
  0949  57955 417205  18.01  51.25  15.32   0.52     6  38.36  30.63  17338      4
  0949  57955 417206  19.01   1.50  15.31   0.52     6  38.36  30.64  17343      4
  0950  57956 417209  20.01  51.25  15.20   0.51     6  38.27  30.64  17347      4
 -1000  57637 418942   0.94  14.80  19.51   7.83   101  40.59  29.42  16621    103
  1000  57630 418942   2.00  14.00  19.45   7.84   101  40.59  29.46  16646    102
  1000  57624 418943   3.04  13.30  19.32   7.87   102  40.53  29.50  16671    102
  1001  57620 418944   4.05  12.05  19.27   7.87   102  40.49  29.51  16673    102
  1002  57607 418942   5.05  11.30  19.21   7.42    96  40.45  29.52  16679     97
  1003  57597 418939   6.00  10.45  18.84   7.30    93  40.13  29.52  16682     98
  1005  57614 418943   6.97   9.30  18.92   5.81    74  40.49  29.76  16818     76
  1006  57621 418942   7.99   8.40  18.91   5.86    75  40.48  29.76  16818     76
  1009  57620 418934   8.98   7.65  18.74   4.67    60  40.43  29.84  16865     61
  1011  57610 418931  10.06   6.75  18.20   4.06    52  40.18  30.02  16975     51
  1011  57608 418930  10.96   6.05  18.18   4.04    51  40.17  30.03  16978     51
  1013  57607 418927  12.03   4.70  17.25   3.01    38  39.81  30.41  17206     37
  1015  57625 418929  13.08   3.10  16.47   1.11    14  39.10  30.39  17197     13
  1015  57626 418929  14.03  51.25  16.05   1.17    14  38.91  30.55  17289     13
  1017  57617 418927  14.97   2.10  15.64   0.40     5  38.61  30.60  17321      3
  1017  57617 418928  15.99  51.25  15.58   0.38     5  38.56  30.61  17323      3
 -1027  56270 420508   1.01  51.25  19.64   7.78   101  40.77  29.47  16652    102
  1028  56277 420524   2.01  10.20  19.16   7.25    93  40.45  29.55  16700     95
  1028  56281 420521   3.06   9.30  19.11   7.49    96  40.42  29.56  16706     95
  1029  56282 420519   4.01   8.35  19.11   7.38    95  40.42  29.56  16706     96
  1030  56282 420519   5.05   7.35  19.10   7.06    91  40.44  29.59  16720     92
  1031  56277 420516   6.00   6.30  19.01   6.95    89  40.42  29.63  16748     90
  1031  56277 420515   7.05   5.20  18.95   6.92    89  40.39  29.65  16759     90
  1032  56272 420514   8.00   4.15  18.93   6.74    86  40.36  29.64  16753     87
  1032  56270 420513   9.00   3.10  18.93   6.71    86  40.38  29.66  16762     87
  1034  56255 420513  10.04  51.25  18.69   5.41    69  40.35  29.81  16849     71
  1036  56270 420499  11.01   0.85  17.37   2.63    33  39.75  30.27  17124     32
  1037  56286 420506  11.94  51.25  17.34   2.60    32  39.74  30.29  17132     32
 -1047  55193 421364   0.97  18.35  19.46   7.45    96  40.81  29.63  16744     98
  1047  55196 421374   1.92  17.90  19.34   7.57    98  40.70  29.63  16743     99
  1048  55197 421378   2.97  16.90  19.22   7.58    98  40.60  29.63  16745     98
  1049  55198 421383   4.01  16.35  19.17   7.31    94  40.55  29.63  16743     95
  1049  55199 421386   5.02  15.35  19.14   7.29    94  40.54  29.64  16750     95
  1050  55193 421389   6.01  14.50  19.04   6.95    89  40.49  29.67  16768     90
  1051  55192 421393   7.06  13.55  18.99   6.93    89  40.48  29.70  16784     90
  1051  55192 421395   8.01  12.65  18.77   6.86    88  40.39  29.78  16834     87
  1052  55192 421396   9.04  11.75  18.50   5.76    73  40.34  29.94  16924     75
  1055  55199 421379   9.98  10.30  17.77   3.47    44  39.98  30.17  17063     44
  1055  55201 421379  10.91   9.45  17.70   3.49    44  39.94  30.19  17073     44
  1057  55193 421387  11.94   8.60  17.17   2.82    35  39.68  30.36  17177     34
  1057  55191 421388  13.16   7.45  16.76   2.74    34  39.48  30.50  17259     32
  1059  55195 421377  13.99   6.40  15.96   0.50     6  38.94  30.65  17345      5
  1100  55196 421376  15.03   5.40  15.78   0.38     5  38.83  30.69  17370      3
  1100  55196 421376  16.00   4.55  15.48   0.37     4  38.64  30.75  17409      2
  1100  55196 421376  17.01   3.50  15.29   0.36     4  38.49  30.77  17419      2
  1101  55195 421378  18.01   2.55  15.15   0.35     4  38.40  30.80  17437      2
  1101  55194 421376  18.97  45.55  15.07   0.33     4  38.33  30.80  17437      2
  1101  55194 421375  20.03   0.45  15.06   0.33     4  38.33  30.81  17442      2
 -1116  53723 421054   1.01  15.25  19.75   7.80   102  41.13  29.68  16774    103
  1117  53715 421047   1.99  14.30  19.54   7.82   102  41.04  29.76  16819    102
  1118  53697 421051   2.97  13.50  19.27   7.63    98  40.72  29.69  16781    100
  1118  53694 421051   3.85  12.75  19.27   7.62    98  40.72  29.69  16781    100
  1119  53693 421052   5.00  11.65  19.28   7.62    98  40.72  29.69  16777     99
  1120  53708 421052   6.05  10.50  18.98   6.75    87  40.50  29.72  16798     88
  1121  53711 421050   7.03   9.60  19.06   6.86    88  40.57  29.72  16798     89
  1121  53710 421051   8.01   8.75  18.94   6.94    89  40.52  29.77  16824     90
  1123  53703 421057   9.06   7.80  18.05   4.21    53  40.12  30.08  17010     54
  1123  53705 421054  10.03   6.90  18.07   4.18    53  40.14  30.08  17011     54
  1123  53708 421054  11.01   6.00  18.05   4.17    53  40.13  30.09  17015     54
  1124  53709 421057  12.03   5.00  18.03   4.15    52  40.12  30.10  17019     53
  1126  53708 421057  13.05   4.00  16.72   0.86    11  39.35  30.42  17211     11
  1127  53710 421056  14.00   3.05  16.63   0.94    12  39.33  30.47  17241     10
  1127  53710 421057  14.96   2.15  16.27   0.95    12  39.18  30.62  17327     10
  1128  53707 421059  16.04   1.15  15.34   0.42     5  38.57  30.80  17437      5
 -1135  52963 420300   1.05   9.40  19.49   7.80   101  40.93  29.71  16788    102
  1135  52941 420286   2.00   9.30  19.34   7.77   100  40.78  29.69  16780    101
  1135  52934 420286   3.02   7.55  19.30   7.74   100  40.75  29.70  16783    101
  1136  52932 420287   4.03   6.60  19.19   7.75   100  40.68  29.72  16795    100
  1136  52931 420289   5.03   5.70  18.95   7.71    99  40.54  29.78  16830     99
  1137  52931 420294   6.00   4.80  18.94   7.16    92  40.52  29.77  16824     92
  1138  52934 420304   7.00   3.85  18.82   6.76    86  40.43  29.78  16832     87
  1138  52934 420303   8.05   2.90  18.79   6.74    86  40.41  29.78  16835     87
  1140  52932 420298   8.99   1.95  18.47   4.98    63  40.32  29.94  16927     65
  1142  52933 420297   9.99   0.95  17.93   4.51    57  40.06  30.12  17032     57
 -1153  51592 418578   1.00  36.55  19.63   8.04   105  41.00  29.66  16763    105
  1154  51571 418565   2.03  34.05  19.62   8.02   104  41.00  29.67  16767    106
  1154  51567 418564   3.10  33.10  19.43   8.05   104  40.88  29.71  16789    105
  1154  51563 418565   4.03  32.10  19.38   8.02   104  40.82  29.70  16782    104
  1155  51558 418566   5.00  31.10  17.97   6.99    88  40.10  30.12  17035     86
  1156  51554 418580   6.02  28.40  17.98   5.44    69  40.10  30.12  17030     70
  1156  51553 418582   7.04  27.40  17.96   5.46    69  40.10  30.13  17039     70
  1157  51554 418582   8.04  26.30  17.75   5.47    69  40.03  30.23  17096     69
  1157  51556 418580   9.01  26.15  17.52   5.70    72  40.03  30.40  17196     71
  1159  51557 418579  10.01  27.95  16.95   3.87    48  39.64  30.50  17254     48
  1200  51560 418587  10.97  24.05  16.92   3.87    48  39.67  30.54  17282     48
  1202  51557 418584  12.06  22.85  16.63   3.13    39  39.47  30.59  17311     38
  1202  51545 418567  13.02  20.90  16.59   3.11    38  39.44  30.60  17314     37
  1204  51551 418579  14.02  20.60  16.30   2.35    29  39.27  30.67  17359     29
  1204  51552 418585  15.03  19.70  16.29   2.41    30  39.27  30.68  17363     29
  1204  51552 418587  16.04  18.60  16.12   2.35    29  39.16  30.72  17384     27
  1207  51562 418588  17.01  18.20  15.32   0.47     6  38.66  30.90  17493      3
  1207  51563 418589  18.00  17.35  15.25   0.44     5  38.62  30.92  17504      3
  1207  51565 418589  19.02  16.30  15.14   0.40     5  38.55  30.94  17519      2
  1208  51566 418589  20.03  15.25  14.73   0.39     5  38.21  30.96  17532      2
  1208  51566 418589  21.01  14.35  14.57   0.36     4  38.09  30.98  17544      2
  1208  51567 418591  22.06  13.55  14.32   0.36     4  37.86  30.97  17539      2
  1208  51568 418592  23.02  12.40  14.03   0.33     4  37.64  31.00  17559      2
  1209  51569 418591  23.94  11.55  13.92   0.32     4  37.55  31.01  17563      2
  1209  51566 418590  24.99  10.60  13.89   0.31     4  37.51  31.00  17555      2
  1209  51563 418586  26.03   9.95  13.81   0.31     4  37.44  31.00  17556      2
  1209  51560 418584  27.00   8.65  13.79   0.30     4  37.43  31.00  17560      2
  1210  51557 418582  28.03   7.35  13.78   0.30     4  37.42  31.00  17559      1
  1210  51556 418581  29.03  51.25  13.78   0.30     4  37.43  31.01  17565      1
  1210  51557 418579  30.03   5.60  13.78   0.30     4  37.42  31.00  17559      1
  1211  51558 418577  30.99   5.20  13.77   0.30     4  37.42  31.01  17564      1
  1211  51563 418578  32.03  51.25  13.76   0.30     4  37.41  31.01  17563      1
  1211  51569 418577  32.98   3.45  13.76   0.30     4  37.41  31.01  17563      1
  1212  51573 418574  34.00  51.25  13.76   0.30     4  37.42  31.02  17569      1
  1212  51573 418574  34.99   1.90  13.75   0.30     4  37.41  31.02  17568      1
  1212  51573 418574  36.01  51.25  13.74   0.31     4  37.40  31.02  17568      1
 -1218  50712 418382   0.99  51.25  19.52   8.04   104  40.96  29.71  16790    106
  1219  50709 418378   2.00  25.20  19.18   8.10   104  40.71  29.75  16814    106
  1219  50716 418372   3.04  24.60  19.07   8.13   105  40.62  29.76  16817    106
  1220  50722 418367   3.99  24.10  19.09   8.24   106  40.63  29.75  16814    108
  1220  50712 418370   4.98  23.30  19.05   8.24   106  40.62  29.77  16825    107
  1222  50728 418372   5.99  22.25  17.75   6.17    78  40.17  30.35  17164     80
  1222  50728 418374   7.08  21.10  17.74   6.16    78  40.15  30.34  17158     78
  1223  50721 418378   8.00  20.00  17.61   5.74    72  40.10  30.39  17190     73
  1225  50721 418384   8.98  18.85  17.68   6.57    83  40.31  30.52  17262     83
  1226  50730 418377  10.02  18.15  17.53   6.03    76  40.22  30.55  17284     76
  1228  50722 418371  11.02  17.30  17.13   4.74    59  39.89  30.57  17298     60
  1228  50720 418372  12.02  16.15  17.12   4.76    59  39.95  30.63  17332     60
  1230  50719 418380  13.03  15.05  16.82   3.55    44  39.67  30.62  17326     45
  1231  50724 418379  14.07  14.30  16.14   3.24    40  39.24  30.77  17416     38
  1233  50729 418368  15.03  13.75  15.32   0.59     7  38.65  30.89  17488      6
  1234  50727 418366  16.01  12.80  15.12   0.57     7  38.58  30.98  17544      6
  1234  50727 418367  17.02  11.80  14.81   0.38     4  38.26  30.94  17521      3
  1235  50729 418367  18.03  10.85  14.84   0.36     4  38.29  30.95  17523      2
  1235  50730 418367  19.00   9.95  14.69   0.34     4  38.17  30.96  17530      2
  1235  50731 418367  20.00   9.15  14.67   0.33     4  38.15  30.96  17528      2
  1236  50733 418369  21.03   8.00  14.48   0.33     4  38.02  30.99  17549      2
  1236  50733 418370  22.02   7.10  14.37   0.32     4  37.93  31.00  17553      2
  1236  50732 418371  23.01   6.15  14.07   0.32     4  37.65  30.98  17545      2
  1236  50731 418373  24.03   5.10  13.97   0.32     4  37.58  31.00  17555      2
  1237  50730 418374  25.01   4.15  13.94   0.32     4  37.57  31.01  17564      1
  1237  50729 418376  26.00   3.10  13.90   0.31     4  37.54  31.02  17567      1
  1237  50726 418377  27.02   2.05  13.86   0.31     4  37.50  31.01  17564      1
  1237  50724 418379  28.07   1.00  13.84   0.31     4  37.49  31.02  17568      1
 -1244  49728 418266   0.96  51.25  19.20   8.56   110  40.66  29.69  16782    112
  1244  49713 418268   2.01  51.25  19.09   8.55   110  40.66  29.77  16828    112
  1245  49718 418270   2.99  14.80  18.42   7.62    97  40.38  30.03  16977     98
  1246  49724 418266   4.01  14.15  18.39   7.23    92  40.42  30.08  17009     94
  1246  49728 418263   5.00  14.80  18.45   7.35    94  40.39  30.01  16969     94
  1249  49727 418257   6.00  14.70  18.12   5.95    75  40.21  30.11  17023     77
  1249  49728 418260   7.01  51.25  18.07   5.92    75  40.24  30.17  17059     77
  1250  49739 418274   8.03   9.85  18.01   6.99    88  40.42  30.36  17172     89
  1252  49722 418276   9.01   8.70  17.84   6.72    85  40.40  30.47  17236     86
  1253  49718 418272  10.02   7.80  17.55   5.77    72  40.20  30.52  17266     74
  1253  49719 418270  10.99   7.00  17.45   5.76    72  40.14  30.54  17280     75
  1255  49723 418257  12.02   8.30  16.78   4.28    53  39.79  30.75  17404     54
  1257  49739 418265  13.00   7.05  16.45   2.66    33  39.44  30.70  17377     32
  1259  49730 418280  14.01   3.95  15.68   1.22    15  38.92  30.85  17462     16
  1300  49725 418279  14.98   2.95  14.91   0.54     6  38.35  30.94  17521      5
  1301  49730 418274  16.02   2.05  14.20   0.55     6  37.78  30.99  17553      4
  1301  49735 418268  17.02   2.35  14.15   0.39     5  37.73  30.99  17550      2
  1302  49732 418265  18.03   2.00  14.08   0.37     4  37.68  31.00  17556      2
  1302  49730 418262  18.97  51.25  14.03   0.36     4  37.64  31.00  17559      2
  1302  49727 418261  20.04   0.50  13.96   0.35     4  37.59  31.01  17565      2
 -1308  48769 418168   1.05  42.45  19.73   8.45   110  41.22  29.77  16824    112
  1308  48766 418170   1.98  41.60  19.69   8.45   110  41.19  29.78  16826    112
  1310  48787 418183   3.03  40.80  19.26   8.14   105  40.86  29.81  16851    108
  1310  48790 418189   4.01  39.95  19.04   8.44   109  40.72  29.86  16877    110
  1312  48787 418193   5.07  39.05  18.76   7.73    99  40.48  29.86  16881    101
  1313  48773 418186   6.02  38.05  18.22   7.29    93  40.40  30.19  17072     94
  1313  48772 418188   6.99  37.25  18.20   7.32    93  40.40  30.20  17081     94
  1314  48778 418187   8.00  36.20  18.05   7.36    93  40.38  30.30  17136     94
  1315  48782 418185   8.99  35.30  17.99   6.97    88  40.35  30.32  17147     89
  1316  48781 418188   9.97  34.35  17.85   6.82    86  40.36  30.43  17213     87
  1317  48774 418187  11.04  33.50  17.51   5.87    74  40.18  30.53  17273     75
  1319  48776 418187  12.04  32.40  17.18   5.39    67  39.92  30.56  17291     68
  1321  48772 418188  12.98  31.55  16.18   2.37    29  39.31  30.80  17433     31
  1324  48773 418192  14.05  30.45  14.96   0.43     5  38.38  30.93  17514      5
  1324  48773 418190  15.11  29.65  14.82   0.42     5  38.26  30.94  17516      4
  1324  48774 418190  16.03  28.65  14.55   0.38     4  38.12  31.02  17569      3
  1325  48773 418191  17.03  27.70  14.48   0.36     4  37.99  30.96  17533      3
  1325  48772 418191  18.02  26.75  14.37   0.35     4  37.91  30.98  17542      2
  1325  48774 418191  19.02  25.80  14.28   0.35     4  37.85  30.99  17553      2
  1325  48775 418190  20.09  24.75  14.22   0.35     4  37.80  31.00  17554      2
  1326  48775 418190  21.05  23.90  14.12   0.34     4  37.72  31.00  17559      2
  1326  48775 418190  22.03  22.90  13.99   0.34     4  37.59  30.99  17551      2
  1326  48773 418189  22.98  22.00  13.80   0.33     4  37.45  31.01  17566      2
  1327  48770 418188  23.97  21.15  13.70   0.33     4  37.37  31.02  17570      2
  1327  48767 418186  25.00  20.00  13.67   0.33     4  37.33  31.01  17563      2
  1327  48764 418185  26.04  19.05  13.65   0.33     4  37.33  31.03  17573      1
  1327  48761 418183  27.02  18.05  13.65   0.33     4  37.32  31.02  17567      1
  1328  48758 418179  28.03  17.15  13.65   0.33     4  37.33  31.03  17573      1
  1328  48753 418177  29.06  16.05  13.62   0.33     4  37.30  31.02  17571      1
  1328  48748 418174  30.05  15.00  13.56   0.32     4  37.25  31.02  17572      1
  1329  48752 418173  30.99  14.05  13.36   0.33     4  37.08  31.03  17576      2
  1329  48759 418175  32.01  13.20  13.22   0.32     4  36.96  31.03  17578      1
  1329  48766 418178  33.00  12.15  13.10   0.32     4  36.86  31.04  17581      1
  1329  48773 418181  34.05  11.20  12.23   0.33     4  36.12  31.05  17593      1
  1330  48778 418184  35.06  10.30  11.01   0.33     4  35.17  31.15  17656      1
  1330  48780 418186  36.04   9.40  10.57   0.33     4  34.79  31.15  17657      1
  1330  48778 418189  37.01   8.40   9.48   0.34     4  33.89  31.19  17679      1
  1331  48776 418190  37.99   7.50   9.20   0.33     4  33.60  31.13  17649      1
  1331  48775 418190  39.07   6.50   9.09   0.33     4  33.50  31.13  17645      1
  1331  48773 418189  40.09   5.55   9.03   0.32     3  33.46  31.14  17652      1
  1331  48772 418190  41.00   4.80   8.98   0.32     3  33.42  31.14  17654      1
  1332  48772 418190  42.07   3.80   8.94   0.32     3  33.38  31.13  17650      1
  1332  48771 418191  43.08   2.90   8.89   0.32     3  33.35  31.15  17658      1
  1332  48770 418191  44.08   1.70   8.87   0.32     3  33.35  31.16  17668      1
  1333  48770 418191  45.08   0.80   8.86   0.32     3  33.33  31.15  17661      1
 -1339  47965 418346   0.95   0.40  19.06   8.51   110  40.68  29.81  16850    111
  1340  47949 418362   2.05   2.55  18.98   8.31   107  40.65  29.84  16869    109
  1342  47956 418354   2.97  13.85  18.85   7.96   102  40.57  29.87  16886    104
  1342  47959 418352   4.05  12.80  18.64   7.99   102  40.44  29.92  16912    104
  1343  47960 418354   5.01  11.75  18.68   7.87   101  40.49  29.93  16919    103
  1343  47960 418356   5.99  10.75  18.49   7.88   100  40.42  30.01  16966    103
  1344  47959 418358   7.02   9.70  18.51   7.81   100  40.42  29.99  16958    101
  1345  47957 418360   8.08   8.65  18.16   6.94    88  40.35  30.19  17074     90
  1346  47955 418356   9.00   8.05  18.00   6.62    84  40.30  30.27  17118     86
  1347  47958 418348   9.98   7.25  17.73   6.24    79  40.26  30.44  17216     80
  1348  47966 418349  11.01   6.60  17.57   5.74    72  40.27  30.56  17291     75
  1349  47969 418351  12.04   5.65  17.56   5.93    74  40.31  30.61  17315     76
  1350  47975 418358  12.99   4.45  16.96   4.34    54  39.82  30.64  17339     56
  1351  47971 418360  14.01   3.70  16.56   4.32    53  39.50  30.67  17358     52
  1353  47958 418359  15.05   2.05  14.36   0.46     5  37.93  31.00  17557      5
  1353  47957 418357  15.94   1.30  14.35   0.41     5  37.93  31.01  17562      5
  1354  47959 418354  17.02   0.40  14.17   0.38     4  37.80  31.04  17578      4
 -1359  47484 418813   0.99   7.40  19.75   8.54   111  41.26  29.79  16834    113
  1359  47479 418815   2.04   6.90  19.82   8.54   112  41.32  29.79  16833    114
  1400  47471 418814   2.98   6.85  19.77   8.55   112  41.30  29.81  16844    113
  1400  47467 418810   3.91   5.65  19.83   8.54   112  41.36  29.81  16847    114
  1401  47464 418803   4.93   3.65  19.73   8.54   111  41.28  29.82  16852    113
  1401  47472 418803   6.03   1.35  19.64   8.56   112  41.25  29.86  16875    113
  1403  47474 418816   7.03   2.75  19.68   8.56   112  41.24  29.82  16854    113
  1403  47472 418819   8.01   2.65  19.67   8.57   112  41.26  29.85  16867    113
  1403  47469 418823   9.01   2.70  19.74   8.56   112  41.28  29.81  16848    113
  1404  47467 418825  10.07   2.10  19.69   8.53   111  41.26  29.83  16859    112
  1405  47465 418825  11.02   1.85  19.64   8.35   109  41.22  29.84  16861    111
  1405  47460 418824  11.96   1.35  19.44   8.44   110  41.06  29.85  16870    110
  1406  47453 418820  12.95   0.55  18.91   8.46   109  40.69  29.93  16917    108
