# MEETVAARTUIG :
# MEETDATUM    : 2012-11-13 00:00:00
# MEETGEBIED   : GREVELINGEN
# STARTPUNT    : Grevelingendam
# EINDPUNT     : Brouwersdam
# PROJECTCODE  : E7501X
# OPDRACHTGEVER: ZLXXAXAMDBG
# BEHEERDER    : ZLXXAXAMDBG
# BEMONST. INST:
# WAARNEMER(S) : JvdDoe / G.Bakker
#
* 20121113
$ 9999 [0000000000000]
>TIJD      uumm                    
>X         coordinaat              
>Y         coordinaat              
>SENSHTE   Diepte set        m     
>ECHOS     Echoset           mtrs  
>Temp       Temperatuur       oC        : 4  1.0  11  1.0
>pH        Zuurgraad         dimsls
>O2        Zuurstof          mg/l  
>%O2       Zuurstof%         %     
>GELBH     Geleidendheid     mS/cm 
>GEL20     Gel20             ???   
>SALNTT    Saliniteit        dimsl 
>CL-       Chloride          mg/l      : 17000  125  13  125
 -2359  47466 418850   1.00   9999   9999   9999   9999  9999   9999  9999   9999   9999
  2359  47466 418850  15.96   9999   9999   9999   9999  9999   9999  9999   9999   9999
 -1142  47970 418336   1.02  51.25   9.09   8.02   9.07    96  35.51  4570  33.21  18854
  1143  47954 418324   1.98  51.25   9.25   8.02   9.03    96  35.76  4584  33.32  18918
  1143  47947 418331   2.96  14.50   9.20   8.02   9.00    96  35.70  4582  33.30  18909
  1143  47935 418327   3.97  13.60   9.37   8.01   8.93    96  36.02  4603  33.47  19009
  1144  47912 418320   5.07  12.35   9.64   8.02   8.79    95  36.68  4656  33.90  19256
  1144  47905 418327   6.02  11.30   9.60   8.02   8.74    94  36.65  4657  33.91  19261
  1144  47907 418334   7.00   9.50   9.57   8.02   8.71    94  36.64  4659  33.92  19271
  1144  47908 418339   8.03   8.35   9.47   8.02   8.71    94  36.60  4666  33.98  19303
  1145  47906 418346   8.92   7.05   9.50   8.02   8.71    94  36.65  4668  34.00  19316
  1145  47906 418352  10.02   5.60   9.54   8.02   8.69    94  36.73  4674  34.05  19342
  1145  47903 418358  10.98   4.30   9.54   8.02   8.67    94  36.76  4678  34.08  19360
  1146  47892 418366  12.08   3.10   9.51   8.02   8.66    93  36.74  4679  34.08  19365
  1146  47884 418377  13.02   1.60   9.51   8.02   8.65    93  36.75  4680  34.10  19371
  1146  47885 418384  13.95   0.40   9.49   8.02   8.62    93  36.79  4687  34.16  19406
 -1120  48799 418199   0.98  51.25   9.15   8.00   8.92    95  35.60  4575  33.24  18876
  1121  48786 418185   2.06  51.25   9.15   8.00   8.92    95  35.56  4570  33.20  18852
  1121  48778 418180   2.97   0.50   9.15   8.00   8.89    94  35.57  4571  33.21  18858
  1121  48774 418176   3.99  39.85   9.16   8.00   8.87    94  35.60  4574  33.23  18870
  1122  48767 418176   5.01  38.95   9.16   8.00   8.85    94  35.62  4576  33.26  18882
  1123  48799 418199   6.00  37.90   9.72   8.01   8.59    94  36.67  4645  33.81  19206
  1123  48799 418199   6.99  36.85   9.73   8.01   8.48    93  36.77  4657  33.91  19261
  1123  48799 418199   8.05  35.85   9.62   8.02   8.44    92  36.72  4663  33.96  19292
  1124  48799 418199   9.03  34.90   9.61   8.02   8.45    92  36.71  4663  33.96  19291
  1124  48739 418187  10.04  33.85   9.58   8.02   8.57    92  36.70  4665  33.98  19302
  1124  48746 418174  11.04  32.80   9.56   8.02   8.60    93  36.69  4666  33.99  19307
  1125  48752 418167  11.99  31.90   9.50   8.02   8.62    93  36.67  4671  34.02  19328
  1125  48761 418165  12.76  31.05   9.47   8.02   8.63    93  36.69  4677  34.07  19357
  1125  48764 418162  14.01  29.90   9.47   8.02   8.64    93  36.71  4680  34.09  19369
  1126  48769 418161  15.02  28.95   9.47   8.02   8.64    93  36.72  4681  34.10  19375
  1126  48769 418144  15.99  28.05   9.46   8.02   8.64    93  36.77  4688  34.16  19411
  1126  48774 418142  17.02  27.15   9.46   8.02   8.65    93  36.80  4692  34.19  19429
  1126  48777 418145  18.06  26.20   9.45   8.02   8.66    93  36.80  4693  34.20  19434
  1127  48779 418162  19.06  25.20   9.47   8.02   8.64    93  36.83  4695  34.22  19441
  1127  48788 418171  20.07  24.10   9.47   8.02   8.64    93  36.83  4695  34.22  19441
  1128  48784 418161  20.98  23.30   9.46   8.02   8.63    93  36.84  4697  34.24  19453
  1128  48786 418153  21.98  22.25   9.46   8.02   8.63    93  36.84  4697  34.24  19453
  1128  48790 418146  22.97  21.25   9.45   8.02   8.62    93  36.85  4700  34.26  19465
  1128  48793 418145  23.98  20.30   9.45   8.02   8.63    93  36.84  4698  34.25  19459
  1129  48799 418144  24.99  19.40   9.45   8.03   8.63    93  36.85  4700  34.26  19465
  1129  48806 418143  25.98  18.40   9.45   8.02   8.63    93  36.85  4700  34.26  19465
  1129  48824 418147  26.92  17.45   9.44   8.03   8.63    93  36.86  4702  34.28  19476
  1129  48825 418158  27.99  16.45   9.44   8.02   8.63    93  36.86  4702  34.28  19476
  1130  48813 418160  29.01  15.45   9.44   8.02   8.63    93  36.86  4702  34.28  19476
  1130  48803 418160  30.02  14.50   9.44   8.02   8.63    93  36.87  4703  34.29  19482
  1131  48789 418158  30.98  13.55   9.44   8.02   8.63    93  36.87  4703  34.29  19482
  1131  48781 418158  31.94  12.65   9.44   8.02   8.62    93  36.87  4703  34.29  19482
  1131  48769 418157  32.98  11.70   9.44   8.02   8.62    93  36.87  4703  34.29  19482
  1132  48758 418158  33.97  10.80   9.43   8.03   8.63    93  36.87  4705  34.30  19488
  1132  48751 418161  34.99   9.85   9.44   8.02   8.62    93  36.88  4705  34.30  19488
  1132  48743 418164  35.97   8.95   9.44   8.03   8.61    93  36.88  4705  34.30  19488
  1133  48735 418168  36.95   7.95   9.43   8.03   8.60    93  36.88  4706  34.31  19494
  1133  48729 418173  38.14   6.90   9.44   8.02   8.60    93  36.89  4706  34.31  19494
  1133  48728 418174  38.99   6.05   9.43   8.03   8.60    93  36.88  4706  34.31  19494
  1133  48728 418174  39.99   5.05   9.43   8.03   8.60    93  36.88  4706  34.31  19494
  1134  48728 418174  40.98   4.25   9.43   8.03   8.59    92  36.89  4707  34.32  19500
  1134  48728 418174  41.96   3.25   9.43   8.03   8.62    93  36.88  4706  34.31  19494
  1134  48728 418174  43.01   2.15   9.44   8.03   8.60    93  36.89  4706  34.31  19494
  1135  48728 418174  44.02   1.05   9.44   8.02   8.59    92  36.89  4706  34.31  19494
  1135  48728 418174  44.71   0.50   9.44   8.03   8.60    93  36.89  4706  34.31  19494
 -1108  49752 418275   0.99  16.75   8.75   8.01   9.20    97  34.95  4537  32.94  18700
  1108  49729 418280   1.98  15.50   8.75   8.01   9.20    97  34.95  4537  32.94  18700
  1109  49717 418279   3.01  14.50   8.75   8.01   9.20    97  34.95  4537  32.94  18700
  1109  49688 418289   5.07  12.35   9.05   8.00   8.88    94  35.34  4553  33.07  18773
  1110  49752 418275   5.99  11.45   9.73   7.99   8.31    91  36.80  4661  33.94  19279
  1110  49752 418275   6.00  11.50   9.73   8.00   8.27    90  36.81  4662  33.95  19284
  1111  49752 418275   7.00  10.35   9.70   8.00   8.26    90  36.87  4673  34.04  19337
  1111  49716 418351   7.99   9.60   9.70   8.01   8.41    91  36.91  4678  34.08  19361
  1112  49722 418351   9.00   8.50   9.71   8.01   8.43    91  36.94  4681  34.10  19373
  1112  49752 418275  10.04   7.30   9.61   8.01   8.36    91  36.85  4681  34.10  19375
  1112  49752 418275  10.94   6.50   9.62   8.01   8.40    92  36.87  4682  34.11  19382
  1113  49752 418275  12.00   5.35   9.62   8.01   8.43    92  36.88  4684  34.12  19388
  1113  49752 418275  13.06   4.25   9.65   8.00   8.43    92  36.94  4688  34.16  19407
  1113  49752 418275  13.99   3.30   9.65   8.00   8.38    92  36.96  4690  34.18  19419
  1113  49749 418371  15.03   2.40   9.55   8.01   8.48    92  36.88  4692  34.19  19427
  1114  49750 418382  16.05   1.45   9.54   8.02   8.48    92  36.95  4702  34.27  19474
  1114  49754 418395  17.02  51.25   9.53   8.02   8.51    92  36.95  4703  34.28  19480
 -2359  50728 418380   1.00   9999   9999   9999   9999  9999   9999  9999   9999   9999
  2359  50728 418380  27.01   9999   9999   9999   9999  9999   9999  9999   9999   9999
 -1045  51581 418576   1.01  51.25   8.68   8.00   9.20    97  34.83  4529  32.88  18664
  1045  51570 418568   2.02  51.25   8.68   8.00   9.19    96  34.82  4528  32.87  18658
  1045  51567 418565   3.03  51.25   8.68   8.00   9.19    96  34.82  4528  32.87  18658
  1045  51564 418562   4.00  32.80   8.68   8.00   9.19    96  34.82  4528  32.87  18658
  1046  51562 418560   5.01  31.55   8.68   8.00   9.18    96  34.82  4528  32.87  18658
  1046  51561 418557   6.01  30.60   8.70   7.99   9.18    96  34.85  4530  32.88  18666
  1048  51564 418566   7.01  29.60   9.91   7.97   8.17    89  37.09  4676  34.07  19352
  1048  51565 418570   8.06  28.25   9.83   7.98   8.12    88  37.05  4681  34.10  19373
  1049  51568 418579   9.03  26.70   9.81   7.98   8.11    88  37.05  4683  34.12  19384
  1049  51570 418581  10.01  25.75   9.74   7.98   8.12    88  37.03  4689  34.16  19411
  1050  51571 418584  11.07  25.05   9.70   7.99   8.17    88  37.01  4691  34.18  19421
  1050  51572 418586  12.02  24.35   9.69   7.99   8.21    89  37.00  4691  34.18  19421
  1050  51571 418585  13.03  23.20   9.68   7.99   8.24    89  37.00  4692  34.19  19426
  1050  51569 418581  14.04  22.10   9.64   8.00   8.27    89  36.98  4694  34.21  19436
  1051  51567 418580  15.02  21.15   9.63   8.00   8.32    90  36.98  4695  34.22  19442
  1051  51565 418578  16.03  20.05   9.62   8.00   8.33    90  36.99  4698  34.24  19454
  1051  51563 418577  17.03  51.25   9.63   8.00   8.37    90  37.00  4698  34.24  19454
  1052  51562 418574  18.08  18.60   9.62   8.00   8.38    91  37.00  4699  34.25  19460
  1052  51562 418570  19.02  18.10   9.62   8.00   8.41    91  37.00  4699  34.25  19460
  1052  51563 418571  20.03  17.20   9.62   8.00   8.41    91  37.00  4699  34.25  19460
  1053  51565 418572  21.01  16.20   9.63   8.00   8.42    91  37.02  4700  34.26  19466
  1053  51568 418570  22.08  15.25   9.63   8.00   8.41    91  37.03  4701  34.27  19472
  1053  51570 418571  23.03  14.10   9.63   8.00   8.39    91  37.03  4701  34.27  19472
  1053  51569 418574  24.06  13.20   9.62   8.00   8.40    91  37.03  4703  34.28  19478
  1053  51568 418575  25.00  12.10   9.62   8.01   8.38    91  37.03  4703  34.28  19478
  1054  51568 418578  26.00  10.90   9.62   8.01   8.38    91  37.04  4704  34.29  19484
  1054  51566 418583  27.04   9.35   9.62   8.00   8.38    91  37.03  4703  34.28  19478
  1054  51565 418584  28.04   8.25   9.62   8.00   8.38    91  37.03  4703  34.28  19478
  1054  51564 418580  29.07   7.65   9.62   8.00   8.39    91  37.03  4703  34.28  19478
  1055  51561 418574  30.03  51.25   9.61   8.00   8.39    91  37.03  4704  34.29  19483
  1055  51562 418570  30.98   6.55   9.61   8.00   8.39    91  37.03  4704  34.29  19483
  1055  51562 418567  32.06   5.45   9.61   8.01   8.40    91  37.03  4704  34.29  19483
  1056  51563 418565  33.05  51.25   9.61   8.01   8.38    91  37.03  4704  34.29  19483
  1056  51565 418565  34.08   3.40   9.62   8.01   8.39    91  37.03  4703  34.28  19478
  1056  51571 418563  35.04  50.70   9.61   8.01   8.38    91  37.02  4703  34.28  19477
  1056  51574 418563  36.05   1.30   9.61   8.01   8.39    91  37.03  4704  34.29  19483
  1057  51573 418566  37.00  51.25   9.61   8.01   8.38    91  37.03  4704  34.29  19483
 -1028  52947 420283   1.08   9.55   8.61   7.98   9.06    95  34.70  4520  32.81  18623
  1029  52945 420290   2.00   8.65   8.61   7.97   9.06    95  34.70  4520  32.81  18623
  1030  52952 420301   3.01   7.75   8.61   7.97   9.05    95  34.71  4522  32.82  18629
  1030  52951 420306   4.06   6.80   8.61   7.97   9.03    95  34.71  4522  32.82  18629
  1030  52950 420309   5.01   5.95   8.61   7.97   9.04    95  34.72  4523  32.83  18635
  1031  52945 420313   5.99   5.00   8.64   7.97   9.03    95  34.77  4526  32.85  18650
  1031  52940 420314   7.06   3.95   8.67   7.98   9.04    95  34.83  4530  32.89  18670
  1031  52937 420311   7.99   2.95   8.66   7.98   9.07    95  34.85  4534  32.92  18688
  1032  52935 420307   8.99   1.95   8.68   7.98   9.06    95  34.89  4537  32.94  18701
  1033  52948 420294   9.96   0.90   9.78   7.97   8.12    88  36.88  4665  33.97  19299
 -1013  53733 421069   1.04  15.80   8.66   7.98   9.20    96  34.83  4532  32.90  18675
  1013  53716 421061   1.99  14.75   8.66   7.98   9.22    97  34.82  4530  32.89  18669
  1014  53711 421057   3.02  13.75   8.65   7.98   9.20    96  34.83  4533  32.91  18681
  1014  53709 421056   4.00  12.80   8.65   7.97   9.20    96  34.82  4531  32.90  18675
  1014  53708 421068   4.97  11.95   8.66   7.97   9.18    96  34.83  4532  32.90  18675
  1014  53710 421070   6.05  10.90   8.66   7.98   9.19    96  34.84  4533  32.91  18681
  1015  53711 421066   7.11   9.85   8.65   7.98   9.17    96  34.83  4533  32.91  18681
  1015  53715 421056   8.06   8.70   8.66   7.97   9.18    96  34.83  4532  32.90  18675
  1015  53717 421049   9.04   7.65   8.68   7.97   9.17    96  34.88  4536  32.93  18695
  1016  53722 421053   9.98   6.80   8.68   7.97   9.14    96  34.88  4536  32.93  18695
  1016  53727 421054  11.00   5.80   8.75   7.96   9.13    96  34.99  4542  32.98  18724
  1017  53710 421058  11.97   5.10   9.89   7.95   8.05    87  37.06  4675  34.05  19345
  1018  53705 421067  13.03   4.15   9.91   7.95   7.99    87  37.07  4674  34.04  19340
  1018  53696 421082  14.02   3.35   9.92   7.95   7.95    86  37.11  4678  34.08  19358
  1019  53684 421088  15.04   2.40   9.90   7.96   7.94    86  37.10  4679  34.08  19364
  1019  53682 421079  16.06   1.30   9.90   7.95   7.88    86  37.10  4679  34.08  19364
 -2359  55190 421380   1.00   9999   9999   9999   9999  9999   9999  9999   9999   9999
  2359  55190 421380  20.00   9999   9999   9999   9999  9999   9999  9999   9999   9999
 -0955  56298 420483   1.10  11.05   8.56   7.99   9.24    97  34.72  4529  32.87  18663
  0955  56298 420483   2.04  10.40   8.57   7.99   9.13    97  34.68  4522  32.82  18633
  0956  56298 420483   3.06   9.55   8.57   7.98   9.12    97  34.69  4524  32.83  18639
  0956  56298 420483   4.02   8.75   8.57   7.99   9.12    97  34.69  4524  32.83  18639
  0956  56298 420483   5.06   7.85   8.59   7.98   9.09    96  34.76  4531  32.89  18671
  0956  56298 420483   6.03   7.05   8.59   7.98   9.07    96  34.76  4531  32.89  18671
  0957  56280 420544   7.01   6.10   8.62   7.97   9.16    96  34.81  4534  32.91  18685
  0957  56280 420545   8.05   5.05   8.61   7.97   9.13    96  34.81  4535  32.92  18690
  0957  56289 420543   9.05   4.30   8.62   7.97   9.13    96  34.83  4536  32.93  18697
  0958  56299 420537  10.06   3.35   8.62   7.97   9.12    96  34.84  4538  32.94  18703
  0958  56302 420517  11.03   2.10   8.62   7.96   9.09    95  34.84  4538  32.94  18703
  0959  56294 420504  12.06  51.25   8.63   7.97   9.06    95  34.85  4538  32.95  18704
 -2359  57620 418940   1.00   9999   9999   9999   9999  9999   9999  9999   9999   9999
  2359  57620 418940  16.05   9999   9999   9999   9999  9999   9999  9999   9999   9999
 -0931  57970 417169   0.99  18.55   8.70   8.00   9.19    97  34.92  4539  32.95  18708
  0931  57964 417191   1.99  17.50   8.70   8.00   9.19    97  34.92  4539  32.95  18708
  0932  57963 417198   3.02  16.75   8.70   8.00   9.16    96  34.93  4540  32.96  18715
  0932  57958 417211   3.99  16.10   8.71   7.99   9.16    96  34.92  4538  32.94  18703
  0932  57958 417214   5.07  15.00   8.70   7.99   9.17    96  34.92  4539  32.95  18708
  0932  57958 417215   6.04  14.05   8.70   7.99   9.15    96  34.92  4539  32.95  18708
  0933  57957 417214   7.03  13.10   8.70   7.99   9.14    96  34.92  4539  32.95  18708
  0933  57955 417210   8.04  12.20   8.70   7.99   9.13    96  34.93  4540  32.96  18715
  0933  57953 417204   9.01  51.25   8.70   7.99   9.14    96  34.93  4540  32.96  18715
  0934  57950 417199  10.03  10.45   8.70   8.00   9.14    96  34.92  4539  32.95  18708
  0934  57946 417190  11.05   9.20   8.70   7.99   9.12    96  34.92  4539  32.95  18708
  0934  57942 417183  12.04   8.30   8.70   7.99   9.13    96  34.93  4540  32.96  18715
  0935  57939 417182  13.10   6.95   8.71   7.99   9.13    96  34.96  4543  32.99  18727
  0935  57938 417183  13.96   6.05   8.72   7.99   9.09    96  34.95  4540  32.97  18716
  0935  57936 417184  14.99   5.00   8.77   7.99   9.06    96  35.05  4548  33.02  18750
  0936  57935 417187  16.00   4.15   8.79   7.99   9.03    95  35.10  4552  33.06  18769
  0936  57936 417192  17.04   3.05   8.82   7.98   9.00    95  35.18  4559  33.11  18801
  0936  57937 417198  18.02   1.95   8.84   7.98   8.94    94  35.21  4560  33.13  18809
  0937  57937 417206  19.00   1.10   8.84   7.98   8.89    94  35.23  4563  33.15  18821
 -0912  59107 414918   0.95  16.25   8.78   7.96   8.98    95  35.03  4544  32.99  18732
  0912  59098 414914   2.04  15.45   8.77   7.96   9.00    95  35.03  4545  33.00  18737
  0913  59098 414908   2.97  14.65   8.77   7.96   8.99    95  35.02  4544  32.99  18731
  0913  59096 414907   4.00  13.80   8.77   7.96   8.98    95  35.02  4544  32.99  18731
  0913  59096 414905   4.97  13.00   8.76   7.97   8.97    94  35.02  4545  33.00  18737
  0914  59095 414905   6.08  11.90   8.76   7.97   8.97    94  35.02  4545  33.00  18737
  0914  59095 414905   7.00  11.00   8.76   7.96   8.97    94  35.02  4545  33.00  18737
  0914  59094 414905   7.92  10.20   8.77   7.96   8.96    94  35.02  4544  32.99  18731
  0914  59107 414918   9.00   9.20   8.76   7.96   8.86    94  35.02  4545  33.00  18737
  0915  59107 414918  10.01   8.35   8.76   7.96   8.84    94  35.02  4545  33.00  18737
  0915  59107 414918  11.04   7.35   8.75   7.97   8.85    94  35.01  4545  33.00  18736
  0916  59107 414918  11.99   6.35   8.76   7.97   8.85    94  35.02  4545  33.00  18737
  0916  59083 414914  13.00   5.45   8.76   7.97   8.92    94  35.02  4545  33.00  18737
  0916  59085 414913  14.00   4.45   8.77   7.96   8.92    94  35.03  4545  33.00  18737
  0917  59086 414911  14.99   3.35   8.77   7.97   8.93    94  35.04  4546  33.01  18743
  0917  59089 414908  16.02   2.25   8.75   7.97   8.91    94  35.02  4546  33.01  18742
  0917  59093 414904  17.01   1.20   8.77   7.97   8.90    94  35.04  4546  33.01  18743
  0918  59097 414902  17.93  51.25   8.77   7.98   8.90    94  35.04  4546  33.01  18743
 -0852  61235 413071   1.06   8.75   8.71   7.94   8.99    95  34.93  4539  32.96  18709
  0853  61218 413070   1.99   7.70   8.71   7.95   8.96    94  34.93  4539  32.96  18709
  0853  61217 413069   2.98   6.75   8.71   7.94   8.96    94  34.94  4540  32.97  18715
  0853  61215 413070   4.02   5.75   8.72   7.95   8.97    94  34.95  4540  32.97  18716
  0854  61221 413071   5.02   4.80   8.69   7.95   8.98    94  34.93  4541  32.97  18720
  0855  61233 413066   6.00   3.90   8.70   7.94   8.98    94  34.95  4543  32.99  18727
  0855  61245 413064   7.00   2.80   8.69   7.93   8.97    94  34.94  4542  32.98  18726
  0855  61264 413061   8.02   1.95   8.66   7.94   8.95    94  34.92  4543  32.99  18730
  0856  61267 413062   9.01   1.00   8.68   7.94   8.97    94  34.94  4544  32.99  18732
 -2359  62300 412250   1.00   9999   9999   9999   9999  9999   9999  9999   9999   9999
  2359  62300 412250  17.00   9999   9999   9999   9999  9999   9999  9999   9999   9999
 -0826  65296 412089   1.03   0.45   8.29   7.95   9.25    96  34.19  4491  32.57  18484
  0826  65282 412091   2.01  12.05   8.30   7.94   9.26    96  34.18  4488  32.55  18473
  0827  65276 412092   2.97  11.00   8.30   7.95   9.23    96  34.19  4489  32.56  18479
  0827  65275 412095   4.00  10.05   8.30   7.95   9.23    96  34.20  4491  32.57  18485
  0827  65274 412095   5.04   9.20   8.31   7.95   9.21    96  34.25  4496  32.61  18510
  0828  65274 412094   6.01   7.95   8.33   7.94   9.20    96  34.30  4500  32.65  18530
  0828  65275 412094   7.03   6.95   8.32   7.94   9.16    95  34.28  4499  32.63  18523
  0828  65277 412090   7.99   5.85   8.32   7.94   9.16    95  34.31  4503  32.67  18542
  0829  65278 412090   9.01   4.90   8.36   7.93   9.10    95  34.41  4511  32.73  18581
  0829  65279 412089   9.98   3.90   8.36   7.93   9.09    95  34.44  4515  32.77  18600
  0829  65278 412082  10.99   2.60   8.36   7.93   9.07    94  34.45  4517  32.78  18606
  0830  65277 412080  12.03   1.65   8.35   7.93   9.06    94  34.45  4518  32.79  18611
  0830  65275 412083  13.11   0.85   8.35   7.93   9.07    94  34.47  4520  32.81  18624
  0831  65257 412105  14.03   1.00   8.35   7.93   9.04    94  34.49  4523  32.83  18636
 -2359  66330 411630   1.00   9999   9999   9999   9999  9999   9999  9999   9999   9999
  2359  66330 411630   7.00   9999   9999   9999   9999  9999   9999  9999   9999   9999
 -0810  67366 411355   0.99  51.25   8.37   7.90   9.19    96  34.17  4479  32.47  18429
  0810  67353 411363   1.99  51.25   8.37   7.90   9.18    96  34.18  4480  32.48  18435
  0811  67344 411362   2.99   9.25   8.37   7.90   9.16    95  34.18  4480  32.48  18435
  0811  67335 411361   4.00   8.30   8.37   7.90   9.16    95  34.21  4484  32.51  18453
  0811  67333 411363   4.97   7.45   8.37   7.89   9.16    95  34.23  4487  32.53  18465
  0812  67331 411366   6.01   6.40   8.37   7.90   9.15    95  34.25  4489  32.56  18478
  0812  67327 411371   6.97   5.55   8.37   7.90   9.14    95  34.27  4492  32.58  18490
  0813  67326 411365   8.00   4.40   8.38   7.90   9.13    95  34.29  4493  32.59  18497
  0813  67327 411360   9.01   3.45   8.38   7.90   9.13    95  34.31  4496  32.61  18509
  0813  67329 411359   9.99   2.45   8.37   7.90   9.12    95  34.29  4494  32.60  18502
  0813  67329 411359  11.09   1.40   8.39   7.91   9.11    95  34.35  4500  32.64  18528
  0814  67330 411359  11.98  51.25   8.43   7.91   9.12    95  34.41  4503  32.67  18543
 -2359  68840 411250   1.00   9999   9999   9999   9999  9999   9999  9999   9999   9999
  2359  68840 411250  10.94   9999   9999   9999   9999  9999   9999  9999   9999   9999
 -0757  69290 410905   0.93   3.60   8.43   7.94   9.17    94  32.45  4247  30.61  17349
  0759  69289 410933   2.01   2.95   8.43   7.96   9.14    94  32.63  4270  30.80  17458
  0759  69291 410940   3.07   2.15   8.42   7.94   9.12    94  32.80  4294  30.99  17566
  0759  69293 410945   4.03   1.40   8.41   7.94   9.09    94  32.92  4310  31.12  17644
  0759  69294 410950   5.06   0.40   8.43   7.94   9.04    93  33.04  4324  31.23  17707
