# MEETVAARTUIG : M.S. ARGUS
# MEETDATUM    : 20-08-2003 05:05:47
# MEETGEBIED   : GREVELINGEN
# STARTPUNT    : GREVELINGENDAM
# EINDPUNT     : BROUWERSDAM
# PROJECTCODE  : E7501X
# OPDRACHTGEVER: ZLXXAXAMDBG
# BEHEERDER    : ZLXXAXAMDBG
# BEMONST. INST:
# WAARNEMER(S) : HENK KORSTANJE
#
* 20030820
$ 9999 [0000000000000]
>TIJD      uumm                    
>X         coordinaat              
>Y         coordinaat              
>SENSHTE   Diepte set        m     
>ECHOS     Echoset           mtrs  
>Echo      Echoschip         M     
>Temp       Temperatuur       oC            : 14  1.0  11  1.0
>pH        Zuurgraad         dimsls
>O2        Zuurstof          mg/l  
>%O2        Zuurstof%         %     
>GELBH     Geleidendheid     mS/cm 
>SALNTT    Saliniteit        dimsl 
>CL-       Chloride          mg/l          :18000  125  13  250
 -0505  69288 410968   1.04   4.90   6.50  21.17   8.12   6.40    86  45.11  31.83  18005
  0506  69292 410974   1.97   3.80   6.70  21.19   8.13   6.43    87  45.16  31.85  18019
  0506  69293 410975   2.99   2.80   6.70  21.24   8.13   6.46    87  45.27  31.90  18048
  0507  69292 410971   4.01   1.95   6.50  21.24   8.13   6.25    84  45.44  32.03  18125
  0507  69291 410968   5.05   1.05   0.00  21.32   8.12   6.42    87  45.62  32.12  18172
 -0512  68852 411230   0.99  51.25  12.60  21.27   8.17   6.92    94  45.47  32.03  18126
  0512  68843 411229   1.87   9.45  12.60  21.31   8.18   6.89    93  45.53  32.05  18136
  0513  68839 411235   3.01   8.65   0.00  21.20   8.17   6.88    93  45.55  32.15  18193
  0515  68837 411246   4.07   6.50   0.00  21.29   8.22   7.44   101  45.58  32.11  18167
  0517  68830 411256   4.93   5.40   0.00  21.22   8.17   6.83    92  45.59  32.17  18203
  0517  68828 411256   6.00   4.45  12.10  21.16   8.16   6.81    92  45.55  32.18  18211
  0518  68824 411253   7.08   3.95  12.30  21.23   8.13   6.40    86  45.67  32.22  18235
  0518  68822 411253   8.06   3.10   0.00  21.27   8.13   6.39    86  45.74  32.25  18249
  0519  68820 411253   9.23   2.15   0.00  21.28   8.13   6.39    86  45.77  32.26  18259
  0519  68815 411253   9.96   1.90  12.60  21.28   8.12   6.14    83  45.79  32.28  18268
  0521  68805 411253  11.01   1.90  12.80  21.15   8.05   4.87    66  45.66  32.27  18266
  0522  68804 411253  11.98   0.95  12.80  21.25   8.07   4.85    66  45.82  32.33  18295
 -0544  67358 411366   1.09  10.75  12.60  21.40   8.12   6.09    83  46.01  32.36  18315
  0544  67402 411337   1.98   9.90  12.60  21.41   8.10   6.10    83  46.01  32.35  18311
  0545  67359 411373   3.10   8.80  12.70  21.39   8.11   6.10    83  46.00  32.36  18315
  0545  67359 411377   4.01   8.00   0.00  21.38   8.11   6.11    83  45.99  32.36  18315
  0546  67358 411378   5.14   7.05   0.00  21.39   8.11   6.14    83  45.99  32.35  18311
  0546  67358 411379   6.18   6.05  12.70  21.39   8.12   6.14    83  46.00  32.36  18315
  0546  67356 411381   6.94   5.30  12.70  21.38   8.12   6.14    83  45.99  32.36  18315
  0547  67355 411383   7.96   4.35  12.70  21.22   8.12   6.17    84  45.88  32.40  18335
  0547  67353 411384   9.01   3.35  12.70  21.16   8.12   6.17    83  45.85  32.42  18348
  0548  67345 411391   9.94   2.35  12.80  21.11   8.09   5.41    73  45.84  32.45  18366
  0549  67343 411392  10.96   1.35  12.80  21.11   8.09   5.39    73  45.83  32.44  18361
  0550  67333 411397  12.01   0.50  12.70  21.04   8.11   5.64    76  45.77  32.44  18365
 -0558  66336 411624   1.05  51.25   8.10  21.47   8.13   6.56    89  46.11  32.39  18330
  0558  66327 411622   2.02   5.90   7.90  21.47   8.13   6.57    89  46.11  32.39  18330
  0559  66323 411621   3.01   4.95   7.70  21.47   8.14   6.60    90  46.12  32.40  18334
  0559  66319 411620   3.86   4.05   0.00  21.47   8.14   6.65    90  46.13  32.40  18339
  0559  66316 411621   4.99   3.00   7.50  21.45   8.14   6.80    92  46.11  32.40  18339
  0600  66315 411627   5.98   2.05   7.60  21.46   8.14   6.69    91  46.11  32.40  18334
  0600  66316 411631   7.12   0.75   7.80  21.45   8.13   6.67    91  46.10  32.40  18334
 -0608  65262 412103   1.04  13.50  14.40  21.28   8.09   5.67    77  45.91  32.37  18323
  0608  65253 412098   2.08  12.35  14.20  21.28   8.09   5.66    77  45.91  32.37  18323
  0608  65251 412099   2.90  11.55  14.20  21.28   8.09   5.65    76  45.91  32.37  18323
  0609  65251 412101   3.92  10.75  14.30  21.29   8.09   5.64    76  45.92  32.37  18323
  0609  65250 412103   5.02   9.80  14.60  21.28   8.09   5.62    76  45.91  32.37  18323
  0610  65246 412108   6.11   9.00   0.00  21.25   8.08   5.37    73  45.89  32.38  18327
  0610  65245 412109   7.06   8.10  15.00  21.28   8.08   5.39    73  45.92  32.38  18327
  0611  65242 412112   8.15   7.10   0.00  21.30   8.09   5.51    75  45.96  32.40  18337
  0611  65241 412114   9.11   6.25  15.40  21.31   8.09   5.56    75  45.96  32.39  18332
  0612  65240     15  10.10   5.35  15.40  21.31   8.09   5.57    76  45.97  32.40  18337
  0612  65239 412117  11.14   4.35   0.00  21.30   8.09   5.57    76  45.97  32.41  18341
  0612  65238 412118  12.07   3.45  15.60  21.31   8.09   5.57    75  45.99  32.41  18346
  0612  65237 412120  12.95   2.60   0.00  21.32   8.10   5.61    76  46.01  32.42  18351
  0613  65235 412122  14.04   1.60   0.00  21.31   8.10   5.65    76  46.01  32.43  18355
  0613  65234 412123  15.16   0.55   0.00  21.30   8.11   5.66    77  46.00  32.43  18355
 -0628  62306 412250   1.03  15.95   0.00  21.33   8.12   5.90    80  46.01  32.41  18346
  0628  62298 412249   2.09  14.85   0.00  21.33   8.12   5.89    80  46.02  32.42  18351
  0629  62295 412249   2.99  14.00  17.70  21.33   8.12   5.89    80  46.02  32.42  18351
  0629  62291 412248   4.05  13.00  17.70  21.33   8.12   5.89    80  46.06  32.45  18369
  0629  62289 412249   5.02  12.10  17.60  21.33   8.12   5.90    80  46.07  32.46  18374
  0630  62289 412249   6.09  11.05   0.00  21.34   8.11   5.89    80  46.08  32.46  18374
  0630  62288 412250   7.09  10.10   0.00  21.33   8.12   5.89    80  46.08  32.47  18378
  0630  62287 412250   8.01   9.20   0.00  21.34   8.13   5.90    80  46.09  32.47  18378
  0630  62286 412251   9.06   8.25   0.00  21.34   8.13   5.91    80  46.10  32.48  18383
  0630  62285 412251  10.15   7.20   0.00  21.34   8.12   5.93    80  46.11  32.49  18387
  0631  62283 412251  11.12   6.30   0.00  21.33   8.13   5.95    81  46.14  32.52  18406
  0632  62284 412255  12.17   5.30  17.70  21.10   8.14   5.80    78  46.06  32.63  18471
  0633  62286 412257  13.09   4.55  17.70  21.07   8.10   5.06    68  46.05  32.64  18480
  0633  62287 412257  14.03   3.60   0.00  21.01   8.01   5.10    69  46.08  32.71  18521
  0635  62285 412251  15.13   2.50  17.60  20.47   7.77   0.28     4  45.91  32.99  18686
  0635  62284 412251  15.98   1.75  17.60  20.42   7.73   0.27     4  45.84  32.98  18677
  0636  62284 412250  16.97   0.80   0.00  20.07   7.71   0.15     2  45.62  33.07  18734
 -0643  61234 413020   1.03   0.40  10.30  21.32   8.14   5.82    79  46.13  32.52  18405
  0643  61219 413023   2.19   7.50  10.20  21.32   8.13   5.82    79  46.13  32.52  18405
  0643  61213 413024   3.10   6.65  10.20  21.32   8.14   5.82    79  46.14  32.53  18410
  0643  61207 413025   4.12   5.60  10.20  21.32   8.13   5.82    79  46.14  32.53  18410
  0643  61206 413025   5.03   4.75  10.20  21.31   8.14   5.83    79  46.13  32.52  18410
  0644  61204 413026   6.12   3.70   0.00  21.27   8.14   5.82    79  46.10  32.53  18414
  0644  61201 413027   7.04   2.85  10.10  21.25   8.15   5.90    80  46.09  32.54  18418
  0645  61200 413027   8.11   1.85  10.10  21.22   8.15   5.89    80  46.07  32.55  18422
  0645  61201 413028   9.22   0.80  10.20  21.13   8.17   5.90    80  46.09  32.63  18472
 -0657  59328 414119   0.99  22.25   2.90  21.28   8.11   5.25    71  46.18  32.59  18446
  0657  59329 414121   2.03  21.35  23.90  21.28   8.11   5.25    71  46.17  32.58  18442
  0658  59330 414123   3.15  20.30   0.00  21.28   8.11   5.25    71  46.18  32.59  18446
  0658  59331 414124   4.05  19.40  24.00  21.29   8.11   5.25    71  46.19  32.59  18446
  0658  59332 414125   5.10  18.40   0.00  21.31   8.11   5.24    71  46.22  32.60  18451
  0659  59334 414127   6.06  17.55  24.10  21.30   8.11   5.21    71  46.21  32.60  18451
  0700  59334 414128   7.15  16.50  24.20  21.33   8.11   5.23    71  46.25  32.60  18456
  0700  59335 414129   7.97  15.85  24.20  21.34   8.11   5.27    72  46.27  32.61  18461
  0701  59336 414131   9.08  14.85  24.30  21.37   8.11   5.45    74  46.35  32.65  18484
  0702  59332 414132  10.07  13.90  24.10  21.36   8.10   5.21    71  46.36  32.67  18493
  0702  59330 414131  10.99  13.05  24.00  21.31   8.07   5.23    71  46.30  32.66  18488
  0703  59314 414124  12.03  11.45  23.40  21.03   7.88   2.00    27  46.17  32.77  18553
  0705  59304 414120  13.03  10.10   0.00  20.67   7.75   0.21     3  46.09  32.98  18679
  0705  59303 414120  14.14   9.25  23.20  20.61   7.76   0.16     2  46.06  33.01  18693
  0706  59303 414120  15.10   8.10  23.10  20.58   7.74   0.14     2  46.05  33.02  18702
  0706  59303 414120  16.05   7.25  23.10  20.55   7.73   0.13     2  46.05  33.04  18715
  0706  59302 414119  17.08   6.20  23.10  20.53   7.72   0.13     2  46.04  33.05  18720
  0706  59302 414119  18.22   5.15  23.10  20.51   7.70   0.12     2  46.01  33.04  18715
  0707  59303 414119  18.93   4.50  23.10  20.46   7.70   0.12     2  45.98  33.06  18724
  0707  59304 414120  20.36   3.10   0.00  20.32   7.70   0.11     2  45.91  33.11  18755
  0707  59305 414120  21.17   2.45  23.20  20.22   7.67   0.11     2  45.81  33.11  18754
  0707  59306 414121  22.03   1.85   0.00  20.13   7.65   0.11     1  45.73  33.12  18758
  0708  59307 414121  22.99  51.25  23.20  20.06   7.64   0.11     1  45.68  33.13  18767
 -0724  57987 417187   1.05  51.25   0.00  21.32   8.16   6.63    90  45.87  32.31  18287
  0724  57985 417193   2.09  17.00   0.00  21.32   8.16   6.64    90  45.92  32.35  18309
  0724  57984 417196   2.96  16.20   0.00  21.32   8.15   6.64    90  45.97  32.39  18332
  0724  57983      0   3.92  51.25   0.00  21.32   8.16   6.60    89  46.02  32.43  18355
  0725  57983      0   5.06  14.00   0.00  21.25   8.13   6.59    89  46.13  32.57  18437
  0725  57982 417205   6.02  13.00   3.90  21.27   8.15   6.24    85  46.16  32.58  18441
  0725  57982 417207   7.02  12.05   0.00  21.28   8.15   6.23    84  46.19  32.59  18451
  0726  57982 417208   8.09  11.00   4.40  21.25   8.13   6.27    85  46.18  32.61  18459
  0726  57982 417211   9.08   9.95  20.80  21.24   8.14   6.06    82  46.17  32.61  18459
  0727  57982 417212  10.03   9.05  20.80  21.25   8.14   6.04    82  46.20  32.63  18469
  0727  57982 417214  10.97   8.25   0.00  21.25   8.13   6.17    84  46.20  32.63  18469
  0727  57982 417215  12.14   7.15  20.70  21.28   8.14   6.11    83  46.27  32.66  18487
  0729  57980 417216  12.98   6.30  20.80  21.28   8.15   6.48    88  46.29  32.67  18496
  0729  57979 417215  14.09   5.20  20.70  21.29   8.16   6.47    88  46.31  32.68  18501
  0729  57978 417215  15.09   4.45  20.70  21.28   8.15   6.47    88  46.31  32.69  18506
  0729  57976 417214  16.11   3.40  20.70  21.30   8.15   6.37    86  46.38  32.73  18529
  0730  57973 417213  17.02   2.85  20.60  21.25   8.10   5.13    70  46.33  32.73  18528
  0734  57969 417206  18.00   2.40  20.50  20.83   7.80   1.36    18  46.15  32.91  18634
  0736  57973 417204  19.01   1.00  20.60  20.85   7.76   0.45     6  46.15  32.89  18625
 -0745  57635 418894   1.00  14.40   0.00  21.20   8.13   6.00    81  45.17  31.85  18020
  0745  57631 418912   2.04  51.25  16.40  21.20   8.13   5.92    80  45.95  32.47  18376
  0746  57629 418922   3.13  51.25   0.00  21.20   8.13   5.90    80  46.19  32.66  18486
  0746  57628 418929   4.12  11.30  16.40  21.20   8.12   5.88    80  46.20  32.66  18491
  0746  57627 418932   5.09  10.50   0.00  21.19   8.13   5.85    79  46.20  32.67  18495
  0746  57627 418936   6.07   9.70   0.00  21.19   8.13   5.82    79  46.20  32.67  18495
  0747  57626 418939   7.03   8.70  17.10  21.19   8.13   5.80    78  46.21  32.68  18500
  0747  57626 418943   8.12   7.80   0.00  21.19   8.13   5.81    79  46.22  32.69  18505
  0747  57626 418945   9.06   6.90  16.20  21.19   8.13   5.81    79  46.23  32.70  18509
  0747  57627 418945  10.11   5.95  16.20  21.17   8.12   5.82    79  46.22  32.70  18514
  0748  57627 418944  11.16   4.90   0.00  21.17   8.13   5.81    79  46.22  32.70  18514
  0748  57628 418943  12.10   4.00  16.40  21.13   8.11   5.80    78  46.20  32.72  18522
  0749  57631 418940  13.17   3.05   0.00  20.98   7.94   2.89    39  46.18  32.82  18580
  0750  57632 418937  13.92   2.40  15.90  20.90   7.88   3.16    42  46.19  32.89  18621
  0752  57633 418934  15.11   1.65  15.80  20.68   7.74   0.26     4  46.17  33.04  18712
  0752  57634 418933  16.07  51.25  15.80  20.63   7.74   0.17     2  46.14  33.05  18721
 -0803  56297 420522   1.03  11.60   0.00  21.20   8.15   7.28    99  46.39  32.81  18578
  0803  56285 420526   1.97  10.65  13.30  21.19   8.15   7.34    99  46.37  32.81  18573
  0804  56280 420529   2.90   9.75  13.20  21.16   8.14   7.14    97  46.34  32.81  18573
  0804  56281 420529   4.04   8.75  13.20  21.14   8.14   7.14    97  46.32  32.80  18573
  0805  56283 420531   5.35   7.55  13.30  21.14   8.13   7.04    95  46.32  32.80  18573
  0805  56286 420531   5.84   7.15  13.40  21.10   8.12   7.03    95  46.29  32.81  18577
  0807  56291 420534   6.95   5.95  13.60  21.04   8.10   6.29    85  46.23  32.81  18576
  0807  56291 420534   7.86   5.05  13.70  21.02   8.10   6.38    86  46.22  32.82  18581
  0808  56291 420534   9.07   4.00   0.00  20.98   8.11   6.56    88  46.19  32.82  18585
  0809  56285 420535  10.14   3.00  13.50  20.98   8.11   6.49    88  46.17  32.81  18576
  0810  56281 420534  11.03   2.00  13.50  20.93   8.10   6.55    88  46.14  32.82  18585
  0810  56278 420532  12.10   0.80  13.30  20.95   8.10   6.22    84  46.14  32.81  18576
 -0818  55197 421373   1.05  19.10   0.00  21.03   8.07   5.72    77  45.08  31.91  18052
  0818  55201 421385   2.04  18.30   0.00  21.02   8.07   5.85    79  45.21  32.02  18116
  0819  55201 421389   3.12  17.40  21.20  21.01   8.07   5.88    79  45.46  32.22  18236
  0819  55201 421392   3.97  16.70  21.40  21.01   8.07   5.84    78  45.53  32.28  18268
  0820  55199 421395   5.19  15.50  21.40  21.00   8.06   5.73    77  45.61  32.35  18309
  0820  55196 421395   6.16  14.55   0.00  20.99   8.05   5.72    77  45.68  32.41  18346
  0821  55191 421397   7.12  13.45  21.50  20.99   8.06   5.69    77  45.73  32.45  18369
  0821  55187 421398   8.26  12.40  21.50  20.98   8.06   5.65    76  45.89  32.59  18447
  0822  55190 421396   8.96  11.60  21.50  20.98   8.06   5.61    76  45.91  32.60  18456
  0823  55196 421391  10.29  10.15  21.50  20.97   8.04   5.11    69  45.94  32.63  18474
  0824  55197 421390  11.05   9.45  21.50  20.97   8.03   5.11    69  45.96  32.65  18483
  0825  55199 421387  11.96   8.50   0.00  20.96   8.02   4.88    66  45.99  32.68  18502
  0825  55201 421385  13.17   7.25   0.00  20.92   8.00   4.64    62  45.98  32.70  18515
  0828  55206 421376  14.06   6.25   0.00  20.85   7.90   3.10    42  46.01  32.78  18561
  0828  55206 421374  15.30   4.95  21.00  20.70   7.77   2.19    29  46.01  32.90  18628
  0830  55203 421374  16.00   4.20  21.00  20.67   7.69   0.33     4  46.03  32.94  18651
  0830  55203 421373  17.11   3.15  21.00  20.65   7.69   0.31     4  46.02  32.94  18656
  0830  55202 421373  18.05   2.20   0.00  20.59   7.67   0.31     4  45.99  32.97  18669
  0830  55201 421372  19.00   1.30  20.90  20.51   7.69   0.25     3  45.95  33.00  18687
  0831  55201 421372  20.00   0.40  20.90  20.43   7.71   0.17     2  45.94  33.05  18719
 -0838  53749 421075   1.03  15.40  17.40  20.96   8.05   5.45    74  46.18  32.83  18589
  0839  53704 421050   2.01  14.25  17.20  20.93   8.04   5.27    71  46.14  32.82  18585
  0839  53703 421049   3.08  13.25   0.00  20.93   8.04   5.26    71  46.15  32.83  18589
  0840  53701 421048   3.96  12.45   0.00  20.89   8.03   5.26    71  46.10  32.82  18584
  0840  53699 421047   5.03  11.40  17.20  20.88   8.03   5.17    70  46.10  32.83  18589
  0840  53700 421047   6.11  10.35  17.20  20.87   8.03   5.15    69  46.09  32.83  18589
  0840  53703 421048   7.19   9.35  17.20  20.85   8.03   5.16    69  46.07  32.83  18588
  0841  53705 421048   8.13   8.40  17.20  20.84   8.02   5.18    70  46.05  32.82  18584
  0841  53707 421048   9.10   7.50  17.20  20.82   8.03   5.21    70  46.04  32.83  18588
  0841  53709 421047  10.08   6.60  17.20  20.82   8.03   5.22    70  46.05  32.84  18593
  0841  53711 421047  10.98   5.70  17.20  20.82   8.02   5.20    70  46.04  32.83  18588
  0843  53720 421045  12.21   4.45   0.00  20.84   8.00   4.79    64  46.08  32.84  18597
  0845  53727 421052  13.05   3.90   0.00  20.85   7.89   2.85    38  46.18  32.92  18639
  0846  53728 421060  14.14   3.00  17.20  20.85   7.82   1.86    25  46.20  32.93  18648
  0846  53728 421061  15.20   2.05   0.00  20.83   7.80   1.80    24  46.21  32.96  18662
  0847  53727 421067  15.94   1.50  17.30  20.82   7.79   1.40    19  46.20  32.96  18662
  0848  53727 421069  16.96   0.50   0.00  20.81   7.79   1.41    19  46.20  32.96  18667
 -0854  52971 420328   1.03  51.25  11.40  20.99   8.08   6.12    82  45.57  32.32  18295
  0855  52956 420308   2.03  51.25  11.30  20.99   8.07   5.98    80  45.61  32.36  18313
  0855  52952 420302   3.08   7.65  11.30  20.99   8.08   6.00    81  45.64  32.38  18327
  0856  52949 420297   4.03   6.70   0.00  20.95   8.06   6.01    81  45.65  32.42  18350
  0856  52942 420288   5.17   5.50  11.20  20.91   8.06   5.78    78  45.81  32.58  18441
  0857  52942 420286   6.19   4.55  11.20  20.90   8.06   5.76    77  45.84  32.61  18460
  0857  52941 420286   7.06   3.80  11.20  20.89   8.06   5.75    77  45.86  32.63  18473
  0857  52941 420286   8.14   2.70  11.20  20.89   8.06   5.71    77  45.88  32.65  18482
  0857  52941 420286   9.21   1.70  11.20  20.88   8.05   5.68    76  45.89  32.66  18492
  0859  52940 420286  10.01   0.90   0.00  20.85   8.00   4.52    61  45.92  32.71  18519
 -0910  51587 418568   1.06  34.15  37.30  21.43   8.16   7.44   101  46.35  32.61  18457
  0910  51582 418562   2.02  33.40  37.40  21.38   8.15   7.48   102  46.49  32.76  18543
  0911  51572 418552   2.97  32.40  37.40  21.36   8.14   7.07    96  46.50  32.78  18557
  0911  51573 418551   4.00  31.30  37.30  21.35   8.14   7.12    97  46.51  32.79  18566
  0912  51576 418550   4.88  30.50  37.20  21.35   8.13   6.93    94  46.51  32.79  18566
  0912  51577 418550   6.09  29.35  37.20  21.33   8.11   6.93    94  46.51  32.81  18575
  0913  51577 418551   7.05  28.55  37.10  21.34   8.12   6.77    92  46.52  32.81  18575
  0913  51578 418552   8.12  27.50  37.10  21.33   8.12   6.79    92  46.53  32.83  18584
  0913  51579 418553  10.86  24.85  37.20  21.28   8.11   6.79    92  46.49  32.83  18588
  0916  51587 418559  10.14  25.55  37.20  21.22   8.07   5.80    78  46.45  32.85  18597
  0916  51587 418559  11.10  24.60  37.20  21.23   8.07   5.80    79  46.45  32.84  18592
  0916  51588 418560  12.06  23.55  37.20  21.23   8.07   5.85    79  46.45  32.84  18592
  0917  51589 418560  13.19  22.55  37.10  21.21   8.06   5.86    79  46.44  32.85  18597
  0919  51597 418564  14.17  21.75  36.60  21.08   7.98   4.37    59  46.42  32.93  18646
  0920  51597 418565  15.01  21.10  36.50  21.05   7.98   4.38    59  46.42  32.95  18660
  0920  51597 418566  16.09  20.15  36.40  21.03   7.98   4.39    59  46.43  32.98  18673
  0921  51588 418579  17.06  18.90  37.20  20.99   7.90   3.15    43  46.53  33.09  18738
  0921  51586 418580  18.19  17.65   2.00  20.87   7.83   3.14    42  46.62  33.25  18834
  0923  51575 418588  19.06  16.20  36.90  20.77   7.72   0.72    10  46.67  33.37  18903
  0924  51574 418588  20.08  15.15  36.80  20.76   7.70   0.69     9  46.67  33.38  18908
  0925  51568 418589  21.00  13.90  36.50  20.63   7.67   0.36     5  46.66  33.47  18963
  0925  51567 418590  22.01  12.95  36.50  20.62   7.65   0.36     5  46.67  33.49  18972
  0926  51564 418589  22.92  11.80  36.30  20.52   7.66   0.22     3  46.62  33.53  18995
  0926  51563 418589  24.16  10.55  36.30  20.53   7.66   0.19     3  46.59  33.49  18977
  0927  51562 418588  25.11   9.85  36.30  20.53   7.65   0.13     2  46.61  33.51  18986
  0927  51561 418587  26.17   8.75  36.20  20.50   7.65   0.13     2  46.61  33.53  19000
  0927  51561 418587  27.06   7.90  36.30  20.47   7.65   0.13     2  46.60  33.55  19009
  0927  51561 418587  28.14   6.90  36.30  20.43   7.67   0.12     2  46.56  33.55  19009
  0928  51562 418586  29.20   5.95  36.20  20.40   7.67   0.12     2  46.53  33.55  19009
  0928  51562 418587  30.05   5.35  36.30  20.39   7.67   0.11     2  46.51  33.54  19004
  0928  51562 418586  31.15   4.50  36.30  20.37   7.66   0.11     2  46.50  33.55  19009
  0928  51562 418586  32.06   3.50  36.20  20.29   7.65   0.10     1  46.44  33.56  19018
  0928  51562 418585  33.07   2.60  36.30  20.21   7.65   0.10     1  46.37  33.57  19022
  0929  51562 418584  34.08   1.85  36.30  20.20   7.64   0.10     1  46.34  33.55  19013
  0929  51562 418583  35.11  51.25  36.30  20.17   7.62   0.10     1  46.32  33.56  19017
 -0937  50736 418391   1.07  27.00  28.70  21.41   8.15   7.26    99  46.62  32.84  18589
  0937  50742 418384   1.94  26.30  28.70  21.40   8.14   7.23    98  46.62  32.84  18594
  0939  50735 418387   3.16  24.80   0.00  21.33   8.13   6.86    93  46.57  32.86  18602
  0939  50733 418388   4.12  23.90  28.20  21.33   8.13   6.86    93  46.58  32.86  18607
  0939  50730 418388   5.12  22.90  28.00  21.31   8.13   6.86    93  46.58  32.88  18616
  0939  50728 418389   6.13  22.00  27.90  21.29   8.13   6.86    93  46.56  32.88  18616
  0940  50717 418392   7.06  20.30  27.70  21.26   8.12   6.63    90  46.53  32.88  18615
  0940  50714 418392   8.39  19.05  27.70  21.29   8.12   6.58    89  46.56  32.88  18616
  0941  50711 418393   8.88  18.40  27.60  21.29   8.13   6.71    91  46.57  32.89  18620
  0941  50711 418393   9.94  17.50  27.70  21.29   8.13   6.71    91  46.55  32.87  18611
  0942  50711 418392  11.09  16.45   0.00  21.29   8.12   6.70    91  46.56  32.88  18616
  0942  50711 418392  12.16  15.50  27.70  21.28   8.12   6.71    91  46.56  32.89  18620
  0944  50726 418386  12.99  15.45  28.00  21.16   8.06   5.62    76  46.43  32.88  18615
  0944  50733 418383  14.00  14.65  28.40  21.13   8.06   5.52    75  46.42  32.89  18623
  0945  50740 418380  14.90  14.10  28.80  21.09   8.05   5.65    76  46.41  32.91  18637
  0947  50745 418379  15.92  13.20  29.20  21.02   7.97   4.23    57  46.44  32.99  18682
  0948  50726 418387  17.06  11.45  28.00  20.96   7.86   2.61    35  46.56  33.13  18765
  0950  50744 418385  18.04  11.05  28.70  20.85   7.79   1.76    24  46.61  33.26  18838
  0950  50745 418385  18.97  10.30  28.80  20.71   7.76   1.67    22  46.63  33.39  18912
  0951  50744 418384  20.15   8.95  28.80  20.57   7.69   0.24     3  46.60  33.47  18963
  0951  50744 418384  20.99   8.25  28.90  20.53   7.68   0.22     3  46.58  33.49  18972
  0952  50743 418383  22.09   7.10  28.80  20.51   7.67   0.16     2  46.57  33.49  18976
  0952  50743 418383  22.99   6.30  28.90  20.50   7.67   0.15     2  46.57  33.50  18981
  0952  50742 418382  23.98   5.50  28.80  20.50   7.65   0.13     2  46.58  33.51  18986
  0953  50742 418381  25.02   4.45  28.90  20.50   7.67   0.13     2  46.58  33.51  18986
  0953  50742 418381  26.20   3.30  29.00  20.48   7.65   0.13     2  46.58  33.53  18995
  0953  50742 418381  27.14   2.45  28.90  20.42   7.67   0.12     2  46.55  33.55  19009
  0953  50742 418380  28.30   1.35  29.00  20.34   7.66   0.12     2  46.49  33.56  19018
  0954  50742 418380  29.07   0.70  29.00  20.32   7.64   0.12     2  46.46  33.56  19013
 -1000  49730 418274   1.03  16.80  18.20  21.57   8.17   7.60   104  46.75  32.82  18577
  1001  49721 418269   2.13  16.90   3.50  21.38   8.13   6.99    95  46.59  32.83  18589
  1002  49718 418267   3.09  16.45   6.20  21.33   8.12   6.99    95  46.55  32.84  18593
  1003  49715 418264   3.99  15.75  19.60  21.30   8.12   6.70    91  46.55  32.86  18607
  1003  49717 418262   5.14  15.20   0.00  21.30   8.12   6.69    91  46.55  32.86  18607
  1003  49718 418261   6.17  14.75   0.00  21.28   8.12   6.70    91  46.54  32.87  18611
  1004  49724 418255   7.02  16.45  20.80  21.25   8.10   6.34    86  46.51  32.87  18611
  1004  49726 418254   8.09  15.60  20.80  21.24   8.10   6.32    86  46.49  32.86  18606
  1005  49731 418248   9.11  51.25   0.00  21.15   8.06   5.74    78  46.41  32.87  18610
  1006  49727 418248   9.98  15.80   0.00  21.10   8.05   5.73    78  46.38  32.88  18619
  1007  49717 418251  11.09  51.25  21.40  21.09   8.04   5.29    72  46.38  32.89  18623
  1007  49715 418252  12.03  51.25  21.00  21.09   8.04   5.27    71  46.39  32.90  18628
  1008  49707 418256  13.09   8.80   0.00  21.08   8.02   5.06    68  46.39  32.91  18632
  1008  49705 418257  13.95   7.90  19.90  21.05   8.01   5.03    68  46.37  32.91  18637
  1009  49701 418258  15.02   6.80   0.00  21.01   7.99   4.67    63  46.35  32.93  18645
  1011  49728 418248  15.98   8.20  22.90  21.00   7.96   4.24    57  46.38  32.96  18664
  1011  49731 418248  17.06  51.25  23.70  21.00   7.95   4.24    57  46.40  32.98  18673
  1013  49749 418254  18.03   2.10  24.00  20.93   7.83   2.18    29  46.60  33.19  18797
  1015  49748 418269  18.49  51.25  21.40  20.80   7.73   0.81    11  46.63  33.31  18871
 -1022  48801 418199   1.00  42.35  45.40  21.42   8.17   7.88   107  46.68  32.87  18612
  1022  48782 418210   2.16  41.30  45.30  21.51   8.17   7.86   107  46.77  32.88  18613
  1023  48773 418213   3.03  40.45  45.30  21.41   8.15   7.32   100  46.66  32.87  18608
  1024  48767 418215   3.96  39.55  45.40  21.54   8.17   7.78   106  46.81  32.89  18618
  1026  48756 418208   5.05  38.60  45.40  21.14   8.07   5.84    79  46.41  32.88  18614
  1026  48756 418205   6.09  37.60  45.40  21.14   8.07   5.83    79  46.41  32.88  18614
  1026  48757 418202   7.26  36.55  45.50  21.14   8.07   5.82    79  46.41  32.88  18614
  1026  48757 418200   8.11  35.65  45.50  21.14   8.07   5.80    78  46.40  32.87  18610
  1027  48758 418197   9.08  34.75  45.50  21.14   8.06   5.78    78  46.40  32.87  18610
  1027  48759 418193  10.12  33.75  45.50  21.13   8.07   5.78    78  46.40  32.88  18614
  1027  48761 418187  11.14  32.70  45.50  21.12   8.07   5.85    79  46.39  32.88  18614
  1028  48761 418186  12.11  31.75  45.50  21.12   8.07   5.86    79  46.38  32.87  18610
  1028  48762 418185  13.09  30.80  45.50  21.12   8.07   5.87    79  46.38  32.87  18610
  1028  48763 418186  13.97  30.05  45.50  21.09   8.07   5.90    80  46.35  32.87  18609
  1029  48762 418190  15.15  28.95  45.50  21.09   8.07   5.88    79  46.35  32.87  18609
  1029  48760 418194  16.09  28.15  45.50  21.07   8.06   5.86    79  46.33  32.87  18609
  1029  48758 418199  17.14  27.20  45.50  21.04   8.04   5.77    78  46.32  32.88  18618
  1030  48753 418210  18.07  26.35  45.40  21.01   8.02   5.10    69  46.31  32.90  18627
  1030  48754 418209  19.04  25.40  45.40  21.01   8.01   5.09    69  46.31  32.90  18627
  1032  48762 418201  20.18  24.40  45.50  20.87   7.75   1.28    17  46.70  33.32  18871
  1034  48768 418191  21.06  23.40  45.50  20.79   7.69   0.52     7  46.71  33.39  18912
  1034  48769 418189  22.06  22.45  45.50  20.76   7.68   0.50     7  46.71  33.41  18926
  1035  48774 418182  22.94  21.55  45.50  20.54   7.67   0.19     3  46.61  33.50  18981
  1035  48773 418182  24.12  20.40  45.50  20.52   7.66   0.15     2  46.59  33.50  18981
  1035  48773 418181  24.99  19.55  45.40  20.50   7.66   0.14     2  46.58  33.51  18986
  1036  48772 418179  26.04  18.55  45.40  20.47   7.64   0.13     2  46.57  33.53  18995
  1036  48772 418178  27.12  17.55  45.40  20.46   7.65   0.13     2  46.56  33.53  18995
  1036  48770 418177  28.01  16.70  45.50  20.40   7.65   0.13     2  46.51  33.53  18999
  1037  48767     45  28.96  15.80  45.40  20.37   7.63   0.12     2  46.49  33.54  19004
  1037  48765 418182  30.10  14.70  45.50  20.36   7.64   0.12     2  46.47  33.53  18999
  1037  48764 418184  31.04  13.85  45.50  20.33   7.64   0.12     2  46.45  33.54  19004
  1037  48762 418186  32.01  13.10  45.50  20.30   7.64   0.11     2  46.43  33.55  19008
  1038  48759 418190  32.98  12.15  45.40  20.23   7.62   0.12     2  46.36  33.55  19008
  1038  48756 418193  33.93  11.25  45.50  20.23   7.62   0.11     2  46.35  33.54  19003
  1039  48755 418195  35.04  10.20  45.50  20.19   7.62   0.11     2  46.31  33.54  19003
  1039  48753 418197  36.13   9.20  45.40  20.15   7.61   0.10     1  46.27  33.54  19003
  1039  48753 418198  37.08   8.30  45.50  20.10   7.60   0.11     1  46.23  33.54  19008
  1039  48752 418200  38.07   7.40  45.50  20.02   7.59   0.11     1  46.16  33.55  19012
  1039  48751 418201  38.92   6.60  45.40  19.85   7.57   0.11     1  46.01  33.56  19020
  1040  48751 418200  40.03   5.55  45.40  19.78   7.54   0.11     1  45.90  33.53  19001
  1040  48752 418199  41.11   4.50  45.40  19.52   7.52   0.11     1  45.62  33.51  18990
  1040  48752 418198  41.99   3.70  45.40  18.77   7.49   0.11     1  45.24  33.80  19163
  1040  48753 418197  43.15   2.55  45.40  17.68   7.37   0.10     1  43.61  33.32  18886
  1041  48754 418196  43.99   1.75  45.50  17.71   7.33   0.10     1  43.75  33.41  18941
  1041  48756 418195  45.06   0.70  45.50  13.88   7.11   0.11     1  39.97  33.28  18880
 -1048  47962 418370   1.06  15.65  17.10  21.09   8.06   6.45    87  46.12  32.68  18503
  1049  47968 418362   2.05  14.70   0.00  20.94   8.05   6.14    83  46.06  32.75  18543
  1049  47969 418360   3.12  14.10  17.70  20.93   8.05   6.15    83  46.08  32.78  18557
  1050  47973 418354   4.20  13.05   0.00  20.91   8.05   5.98    80  46.08  32.79  18566
  1050  47974 418352   4.86  12.45   0.00  20.92   8.05   5.96    80  46.09  32.79  18566
  1050  47975 418350   6.07  11.40   0.00  20.92   8.03   5.95    80  46.09  32.79  18566
  1050  47974 418350   7.01  10.60   0.00  20.92   8.03   5.93    80  46.11  32.81  18575
  1051  47967 418352   8.02   9.55   0.00  20.94   8.04   5.77    78  46.14  32.82  18580
  1051  47966 418353   9.05   8.60   0.00  20.94   8.03   5.75    78  46.15  32.82  18585
  1052  47964 418353  10.20   7.40   0.00  20.97   8.03   5.74    77  46.20  32.84  18594
  1053  47960 418355  11.08   6.65  17.40  20.99   8.02   5.34    72  46.25  32.86  18608
  1053  47959 418356  12.19   5.70  17.40  20.99   8.02   5.34    72  46.25  32.86  18608
  1053  47959 418357  13.13   4.85  17.40  21.00   8.02   5.34    72  46.29  32.89  18622
  1053  47961 418357  13.95   3.90   0.00  21.00   8.02   5.24    71  46.28  32.88  18618
  1054  47963 418357  15.02   2.80   0.00  20.99   8.02   5.23    70  46.28  32.89  18622
  1054  47960 418363  16.10   1.90  17.20  20.99   8.03   5.34    72  46.28  32.89  18622
  1054  47958 418365  17.08   0.90   0.00  20.98   8.03   5.34    72  46.27  32.89  18622
 -1059  47447 418842   1.04  51.25   0.00  20.84   8.10   7.54   101  45.68  32.53  18412
  1059  47441 418849   2.19  13.85  16.60  20.83   8.10   7.53   101  45.83  32.65  18486
  1100  47440 418851   3.07   0.40  16.60  20.83   8.10   7.53   101  45.83  32.65  18486
  1100  47439 418851   4.05  12.45  16.60  20.82   8.10   7.54   101  45.83  32.66  18491
  1100  47439 418850   5.02  11.45   0.00  20.82   8.10   7.53   101  45.84  32.67  18495
  1101  47443 418848   6.09  10.05   0.00  20.86   8.10   7.37    99  45.93  32.71  18519
  1101  47444 418847   7.13   8.90   0.00  20.92   8.10   7.34    99  45.99  32.71  18520
  1102  47444 418844   8.05   7.70   0.00  20.89   8.10   7.22    97  45.98  32.73  18529
  1103  47444 418843   9.19   6.30   0.00  20.96   8.10   7.26    98  46.07  32.74  18539
  1103  47445 418844  10.05   5.60  16.90  21.01   8.10   7.07    95  46.16  32.78  18558
  1103  47445 418845  11.07   4.70  16.80  21.01   8.10   7.01    95  46.16  32.78  18558
  1104  47445 418847  12.01   4.05  16.70  21.02   8.09   6.83    92  46.18  32.79  18562
  1105  47445 418848  12.98   3.30  16.60  21.02   8.10   6.85    92  46.20  32.80  18572
  1105  47446 418850  14.03   2.25  16.60  21.02   8.09   6.83    92  46.19  32.79  18567
  1105  47449 418850  15.16   0.90   0.00  20.99   8.10   6.84    92  46.15  32.78  18562
