# MEETVAARTUIG :
# MEETDATUM    : 2022-06-15 00:00:00
# MEETGEBIED   : GREVELINGEN
# STARTPUNT    : bruinisse
# EINDPUNT     : bruinisse
# PROJECTCODE  : Grev water
# OPDRACHTGEVER: RIKZMON_CHEMIE
# BEHEERDER    : RIKZITSMDBG
# BEMONST. INST:
# WAARNEMER(S) : lamper
#
* 20220615
$ 9999 [000000000000000]
>TIJD      uumm                    
>X         coordinaat              
>Y         coordinaat              
>SENSHTE   Diepte set        m     
>Echms     Echoset           mtrs  
>Temp      Temperatuur       oC    
>pH        Zuurgraad         dimsls
>O2        Zuurstof          mg/l  
>%O2       Zuurstof%         %     
>GELBH     Geleidendheid     mS/cm 
>GEL20     Gel20             ???   
>SALNTT    Saliniteit        dimsl 
>CL-       Chloride          mg/l  
>CHFLYSI   Chlorofyl         ugr/l 
>TURBID    Troebelheid       NTU   
 -2359  47466 418850   1.00   9999   9999   9999   9999  9999   9999  9999   9999   9999   9999   9999
  2359  47466 418850  15.96   9999   9999   9999   9999  9999   9999  9999   9999   9999   9999   9999
 -2359  47960 418357   1.00   9999   9999   9999   9999  9999   9999  9999   9999   9999   9999   9999
  2359  47960 418357  16.06   9999   9999   9999   9999  9999   9999  9999   9999   9999   9999   9999
 -1027  48784 418217   1.01   0.00  18.97   8.26   9.23   118  40.94  4185  30.09  17012   0.67   0.66
  1028  48767 418187   2.04  39.39  18.83   8.24   8.89   114  40.80  4184  30.08  17005   1.19   0.83
  1029  48771 418181   3.09  42.84  18.72   8.22   8.81   112  40.72  4186  30.09  17014   1.22   0.76
  1029  48775 418182   4.01   0.00  18.69   8.22   8.81   112  40.70  4186  30.09  17015   1.70   0.79
  1030  48777 418182   5.03  40.53  18.63   8.22   8.82   112  40.63  4184  30.08  17009   1.96   0.69
  1030  48781 418184   6.03  38.98  18.49   8.21   8.94   114  40.47  4181  30.06  16993   1.62   0.62
  1031  48782 418187   7.04  39.96  18.47   8.21   8.97   114  40.46  4180  30.05  16991   1.51   1.56
  1031  48782 418188   7.95   0.00  18.45   8.21   8.91   113  40.44  4180  30.05  16989   1.57   0.52
  1032  48781 418189   8.95   0.00  18.44   8.21   8.92   113  40.43  4181  30.06  16994   1.64   0.61
  1032  48780 418190  10.02  35.97  18.42   8.20   8.76   111  40.47  4187  30.10  17021   2.29   0.61
  1033  48777 418189  10.98  34.15  18.18   8.18   8.48   107  40.85  4248  30.60  17307   4.13   0.90
  1035  48783 418188  11.98  33.48  17.74   8.11   7.28    91  40.81  4285  30.89  17479   2.62   1.13
  1036  48785 418188  12.96  32.97  17.40   8.06   6.52    81  40.61  4296  30.98  17533   2.73   1.13
  1037  48784 418187  14.02  31.94  16.51   7.91   4.78    59  39.71  4284  30.89  17483   3.24   1.01
  1038  48778 418183  15.04  30.98  16.03   7.83   3.75    46  39.25  4281  30.86  17471   3.13   1.06
  1041  48779 418188  16.00  28.73  12.83   7.53   0.74     8  36.11  4241  30.56  17303   2.37   1.14
  1042  48779 418188  17.01  29.29  11.83   7.52   0.54     6  35.38  4256  30.68  17378   1.62   1.13
  1042  48774 418186  18.07  27.78  11.38   7.52   0.46     5  34.82  4234  30.50  17277   5.51   1.11
  1043  48774 418186  19.04  26.47  11.32   7.51   0.38     4  34.74  4231  30.47  17260   1.28   1.02
  1043  48776 418186  19.96   0.00  10.95   7.51   0.28     3  34.45  4234  30.50  17278   0.40   1.00
  1043  48778 418186  20.95  23.84  10.83   7.50   0.23     3  34.33  4231  30.48  17265   0.51   0.95
  1044  48778 418185  22.17  22.99  10.66   7.50   0.20     2  34.19  4231  30.48  17267   0.31   1.05
  1044  48778 418185  22.98  21.23  10.58   7.50   0.18     2  34.11  4230  30.47  17261   0.36   1.42
  1044  48779 418185  63.99  21.15  10.54   7.50   0.17     2  34.06  4228  30.45  17250   0.19   1.15
  1045  48778 418183  24.92  20.17  10.50   7.50   0.15     2  34.04  4229  30.46  17256   0.19   1.11
  1045  48778 418182  25.99  19.03  10.43   7.50   0.14     2  33.98  4229  30.46  17256   0.16   0.99
  1045  48777 418181  27.03  17.78  10.30   7.50   0.12     1  33.87  4229  30.46  17258   0.14   1.58
  1046  48776 418179  28.27  16.88  10.25   7.50   0.11     1  33.81  4227  30.45  17249   0.24   1.61
  1046  48775 418178  29.15  16.74  10.19   7.50   0.10     1  33.77  4228  30.45  17252   0.20   1.59
  1046  48775 418179  29.42   0.00  10.14   7.50   0.09     1  33.72  4227  30.45  17250   0.24   1.52
  1046  48776 418181  31.02  14.49   9.66   7.45   0.08     1  33.38  4234  30.51  17284   0.19   0.76
  1047  48778 418185  31.95  13.21   9.60   7.44   0.07     1  33.27  4228  30.46  17257   0.15   0.79
  1047  48779 418188  32.95  12.38   9.55   7.44   0.07     1  33.23  4227  30.45  17252   0.22   0.64
  1048  48779 418191  34.04  11.76   9.47   7.43   0.06     1  33.18  4230  30.47  17266   0.22   0.68
  1048  48779 418193  34.91  10.41   9.41   7.41   0.06     1  33.12  4228  30.46  17258   0.20   0.62
  1049  48779 418193  36.10   8.81   9.29   7.39   0.05     1  33.02  4228  30.46  17258   0.18   0.64
  1049  48781 418191  37.15   7.90   9.25   7.38   0.05     1  32.99  4228  30.46  17257   0.20   0.58
  1049  48781 418189  37.96   7.45   9.24   7.37   0.04     0  32.97  4228  30.46  17257   0.22   0.53
  1050  48781 418187  38.99   6.06   9.23   7.37   0.05     0  32.97  4228  30.46  17257   0.15   0.63
  1050  48781 418184  40.05   4.96   9.22   7.37   0.04     0  32.96  4228  30.46  17257   0.11   0.60
  1051  48790 418183  41.06   3.60   9.20   7.36   0.03     0  32.94  4228  30.46  17256   0.26   0.60
 -2359  49730 418270   1.00   9999   9999   9999   9999  9999   9999  9999   9999   9999   9999   9999
  2359  49730 418270  17.00   9999   9999   9999   9999  9999   9999  9999   9999   9999   9999   9999
 -2359  50728 418380   1.00   9999   9999   9999   9999  9999   9999  9999   9999   9999   9999   9999
  2359  50728 418380  27.01   9999   9999   9999   9999  9999   9999  9999   9999   9999   9999   9999
 -2359  51572 418570   1.00   9999   9999   9999   9999  9999   9999  9999   9999   9999   9999   9999
  2359  51572 418570  37.00   9999   9999   9999   9999  9999   9999  9999   9999   9999   9999   9999
 -2359  52940 420290   1.00   9999   9999   9999   9999  9999   9999  9999   9999   9999   9999   9999
  2359  52940 420290  10.00   9999   9999   9999   9999  9999   9999  9999   9999   9999   9999   9999
 -2359  53710 421060   1.00   9999   9999   9999   9999  9999   9999  9999   9999   9999   9999   9999
  2359  53710 421060  16.03   9999   9999   9999   9999  9999   9999  9999   9999   9999   9999   9999
 -2359  55190 421380   1.00   9999   9999   9999   9999  9999   9999  9999   9999   9999   9999   9999
  2359  55190 421380  20.00   9999   9999   9999   9999  9999   9999  9999   9999   9999   9999   9999
 -2359  56280 420520   1.00   9999   9999   9999   9999  9999   9999  9999   9999   9999   9999   9999
  2359  56280 420520  12.02   9999   9999   9999   9999  9999   9999  9999   9999   9999   9999   9999
 -2359  57620 418940   1.00   9999   9999   9999   9999  9999   9999  9999   9999   9999   9999   9999
  2359  57620 418940  16.05   9999   9999   9999   9999  9999   9999  9999   9999   9999   9999   9999
 -2359  57960 417200   1.00   9999   9999   9999   9999  9999   9999  9999   9999   9999   9999   9999
  2359  57960 417200  19.92   9999   9999   9999   9999  9999   9999  9999   9999   9999   9999   9999
 -0914  59103 414897   1.06   2.66  19.35   8.14   8.24   106  40.93  4150  29.81  16846   0.84   0.75
  0918  59074 414899   0.78   1.58  19.35   2.11   1.35    17  40.93  4149  29.80  16842 106.07   1.45
  0919  59078 414892   3.20  16.16  19.35   8.14   8.24   106  40.93  4150  29.81  16845   1.04   0.67
  0919  59078 414894   3.98   0.00  19.35   8.14   8.24   106  40.93  4150  29.81  16846   1.48   0.75
  0920  59088 414896   5.01   0.00  19.28   8.13   7.90   102  40.89  4152  29.82  16855   1.62   0.75
  0921  59094 414899   6.02  12.79  18.82   8.05   6.74    86  40.51  4155  29.85  16871   1.67   0.64
  0922  59095 414898   7.03  11.81  18.51   8.06   7.13    90  40.22  4152  29.82  16858   1.70   0.89
  0922  59095 414896   7.95  10.93  18.47   8.05   7.12    90  40.18  4152  29.82  16860   1.43   0.80
  0923  59095 414892   8.94  10.13  18.42   8.04   6.83    86  40.11  4149  29.80  16848   1.60   0.64
  0924  59093 414889   9.97   9.40  18.33   8.03   6.79    86  40.08  4155  29.85  16875   1.22   0.71
  0924  59095 414889  11.05   8.13  18.18   8.04   6.83    86  40.04  4164  29.92  16916   1.28   0.62
  0925  59093 414889  11.95   7.39  17.87   8.01   6.57    82  39.78  4165  29.93  16925   2.07   0.62
  0927  59090 414890  13.05   6.11  17.54   7.94   5.53    69  39.44  4159  29.88  16897   0.85   0.63
  0927  59104 414884  14.09   4.44  17.30   7.91   5.21    65  39.23  4160  29.89  16902   0.86   0.74
  0928  59106 414884  14.91   3.66  16.90   7.87   4.60    57  38.90  4160  29.90  16907   0.78   0.69
  0929  59102 414887  16.01   2.63  16.60   7.86   4.54    55  38.68  4165  29.93  16930   0.93   0.65
  0930  59095 414891  17.07   1.70  16.32   7.84   4.11    50  38.40  4161  29.90  16913   0.45   1.14
  0932  59087 414888  17.98   1.03  15.83   7.79   3.37    41  37.99  4163  29.92  16923   0.33   0.80
 -2359  61220 413050   1.00   9999   9999   9999   9999  9999   9999  9999   9999   9999   9999   9999
  2359  61220 413050   8.95   9999   9999   9999   9999  9999   9999  9999   9999   9999   9999   9999
 -2359  62300 412250   1.00   9999   9999   9999   9999  9999   9999  9999   9999   9999   9999   9999
  2359  62300 412250  17.00   9999   9999   9999   9999  9999   9999  9999   9999   9999   9999   9999
 -0830  65274 412085   0.99  12.71  19.28   8.17   8.07   104  40.62  4125  29.61  16730   1.43   0.64
  0831  65279 412098   2.02  12.94  19.28   8.17   8.07   104  40.62  4125  29.60  16729   1.79   0.66
  0832  65278 412101   3.00  12.13  19.26   8.17   8.06   104  40.61  4126  29.61  16735   2.04   0.71
  0832  65277 412100   3.91  11.03  19.24   8.16   7.99   103  40.60  4127  29.62  16738   2.00   0.62
  0833  65281 412088   4.97  11.03  19.13   8.13   7.79   100  40.58  4135  29.69  16777   1.81   0.59
  0834  65280 412084   6.00   5.98  19.06   8.14   7.48    96  40.58  4133  29.67  16767   1.81   0.58
  0835  65277 412082   6.96   4.96  18.96   8.06   7.20    92  40.60  4152  29.82  16857   1.81   0.67
  0835  65277 412086   7.90   6.31  18.91   8.06   7.10    91  40.59  4155  29.84  16870   1.84   0.54
  0836  65279 412087   8.99   5.23  18.92   8.06   7.09    91  40.61  4156  29.85  16875   1.79   0.63
  0836  65279 412089   9.96   4.26  18.93   8.06   7.10    91  40.63  4157  29.87  16882   0.92   0.60
  0836  65279 412091  11.00   3.38  18.92   8.06   7.10    91  40.64  4159  29.88  16890   0.94   0.62
  0837  65281 412091  12.02   2.41  18.86   8.05   6.96    89  40.59  4159  29.88  16892   0.93   0.57
  0837  65277 412088  12.96   1.19  18.86   8.05   6.87    88  40.59  4159  29.88  16889   0.83   0.72
 -2359  66330 411630   1.00   9999   9999   9999   9999  9999   9999  9999   9999   9999   9999   9999
  2359  66330 411630   7.00   9999   9999   9999   9999  9999   9999  9999   9999   9999   9999   9999
 -2359  67340 411360   1.00   9999   9999   9999   9999  9999   9999  9999   9999   9999   9999   9999
  2359  67340 411360  11.97   9999   9999   9999   9999  9999   9999  9999   9999   9999   9999   9999
 -2359  68840 411250   1.00   9999   9999   9999   9999  9999   9999  9999   9999   9999   9999   9999
  2359  68840 411250  10.94   9999   9999   9999   9999  9999   9999  9999   9999   9999   9999   9999
 -2359  69280 410950   1.00   9999   9999   9999   9999  9999   9999  9999   9999   9999   9999   9999
  2359  69280 410950   4.79   9999   9999   9999   9999  9999   9999  9999   9999   9999   9999   9999
