# MEETVAARTUIG : M.S. ARGUS
# MEETDATUM    : 30-07-2002 06:05:38
# MEETGEBIED   : GREVELINGEN
# STARTPUNT    : Grevelingendam
# EINDPUNT     : Brouwersdam
# PROJECTCODE  : E7501X
# OPDRACHTGEVER: ZLXXAXWMDBG
# BEHEERDER    : ZLXXAXWMDBG
# BEMONST. INST:
# WAARNEMER(S) : G.J.Bakker
#
* 20020730
$ 9999 [00000000000000]
>TIJD      uumm                    
>X         coordinaat              
>Y         coordinaat              
>SENSHTE   Diepte set        m     
>ECHOS     Echoset           mtrs  
>Echo      Echoschip         M     
>Temp       Temperatuur       oC                     :10 1.0  11  1.0
>pH        Zuurgraad         dimsls
>O2        Zuurstof          mg/l  
>%O2        Zuurstof%         %     
>GELBH     Geleidendheid     mS/cm 
>SALNTT    Saliniteit        dimsl 
>CL-       Chloride          mg/l  
>FLME      Flur ME           ugr/l 
 -0605  69292 410967   1.06    .42    .00  22.46   8.63   8.31   114  44.06  30.09  16996   1.86
  0606  69296 410956   1.97   3.73    .00  22.51   8.66   8.20   113  44.57  30.44  17199   1.98
  0606  69299 410959   3.00   2.89    .00  22.40   8.67   7.93   109  44.48  30.45  17206   2.30
  0607  69298 410960   4.01   1.87    .00  20.18   8.59   8.49   112  42.51  30.49  17236   2.91
  0609  69283 410968   5.01   2.05    .00  20.75   8.65   4.29    58  43.29  30.69  17353    .81
  0611  69291 410965   6.01    .41    .00  19.63   8.59   3.30    43  42.07  30.53  17264    .34
 -0616  68862 411223   1.05    .41    .00  22.50   8.55   8.22   113  44.60  30.47  17216   1.93
  0616  68840 411228   2.02   9.07    .00  22.25   8.54   8.28   114  44.41  30.51  17237   2.15
  0619  68841 411238   3.03   8.60  12.60  19.95   8.57   4.79    63  42.32  30.51  17247    .47
  0619  68841 411238   4.01   7.65  12.60  19.67   8.52   4.89    64  42.12  30.54  17268    .50
  0619  68841 411238   5.08   6.46  12.70  19.64   8.50   4.88    64  42.09  30.54  17266    .54
  0619  68842 411237   6.05   5.52  12.60  19.61   8.48   4.85    64  42.05  30.52  17257    .51
  0620  68842 411237   7.02   4.51  12.70  19.59   8.36   4.83    63  41.99  30.50  17245    .48
  0620  68843 411236   8.01   3.58  12.70  19.55   8.47   4.79    63  41.98  30.51  17252    .41
  0621  68844 411236   8.99   2.42  12.70  19.51   8.46   4.69    61  41.93  30.50  17248    .39
  0621  68844 411235  10.03   1.40  12.70  19.48   8.43   4.66    61  41.91  30.50  17248    .39
  0621  68845 411235  10.91    .48  12.70  19.46   8.43   4.60    60  41.88  30.50  17247    .39
 -0630  67366 411366   1.05  11.09  12.70  23.09   8.45   8.43   118  45.13  30.47  17211   1.62
  0630  67347 411367   2.05  10.19  12.80  22.92   8.46   8.47   118  45.02  30.50  17230   1.71
  0630  67346 411367   3.06   9.20  12.80  22.73   8.49   8.50   118  44.89  30.53  17249   1.83
  0631  67346 411365   3.99   8.30    .00  21.23   8.49   8.15   110  43.60  30.60  17295   3.07
  0633  67344 411361   4.95   7.26  12.70  19.81   8.47   5.29    69  42.20  30.50  17247   1.98
  0634  67341 411360   6.06   6.13    .00  19.52   8.45   5.63    74  41.92  30.49  17239   1.17
  0635  67341 411359   7.02   5.19  12.70  19.49   8.41   5.60    73  41.87  30.47  17227    .94
  0637  67336 411356   8.16   4.05  12.70  18.96   8.42   4.87    63  41.41  30.48  17238    .57
  0637  67336 411355   9.00   3.21  12.70  18.95   8.40   4.83    63  41.41  30.48  17239    .51
  0637  67335 411355  10.04   2.21  12.70  18.91   8.39   4.81    62  41.40  30.51  17256    .48
  0638  67334 411354  11.04   2.21  12.70  18.86   8.38   4.80    62  41.41  30.55  17279    .40
  0639  67332 411351  11.89    .44  12.60  18.81   8.42   5.02    65  41.40  30.59  17298    .39
 -0645  66350 411622   1.05   7.18   8.60  23.42   8.41   8.32   117  45.53  30.54  17249   1.47
  0645  66323 411629   2.00   6.16   8.10  23.41   8.41   8.31   117  45.53  30.54  17250   1.46
  0645  66313 411632   3.00   4.77   7.80  22.14   8.41   8.58   118  44.35  30.54  17255   2.58
  0646  66315 411628   4.02   3.76    .00  20.79   8.42   6.76    90  43.05  30.48  17229   2.71
  0648  66324 411620   4.99   2.70   8.30  19.68   8.40   5.80    76  42.02  30.46  17220   2.58
  0648  66325 411621   6.01   1.72    .00  19.55   8.31   5.81    76  41.95  30.49  17239   2.05
  0650  66322 411630   7.03    .83   8.20  19.32   8.37   5.29    69  41.70  30.45  17219   1.21
 -0656  65269 412115    .99  14.19  15.80  23.58   8.34   8.43   119  45.60  30.48  17214   1.53
  0656  65250 412114   2.07  13.05  15.80  23.58   8.39   8.43   119  45.46  30.37  17154   1.52
  0657  65249 412111   3.00  11.61    .00  21.57   8.42   8.86   120  43.67  30.41  17184   2.44
  0659  65253 412103   3.97  10.33  15.30  20.34   8.40   6.46    86  42.59  30.44  17207   2.93
  0700  65242 412110   5.06   9.52  15.60  21.53   8.41   5.56    75  43.21  30.08  16995   2.28
  0700  65236 412114   6.01   8.67  15.60  20.58   8.36   5.84    78  42.51  30.20  17065   2.88
  0702  65225 412121   7.00   8.12  15.50  19.02   8.36   5.48    71  41.49  30.50  17248    .88
  0702  65227 412119   8.00   7.11  15.50  19.07   8.37   5.46    71  41.53  30.50  17250    .85
  0703  65228 412118   9.01   6.10  15.50  18.92   8.37   5.48    71  41.46  30.56  17282    .72
  0703  65229 412118  10.06   4.97  15.60  18.81   8.36   5.49    71  41.45  30.62  17320    .51
  0703  65230 412117  11.08   4.03  15.60  18.81   8.34   5.48    71  41.44  30.61  17314    .48
  0703  65231 412116  12.03   3.08  15.60  18.81   8.35   5.47    71  41.44  30.62  17316    .45
  0703  65231 412115  13.01   2.06  15.60  18.81   8.32   5.47    71  41.44  30.62  17318    .44
  0704  65231 412115  13.97    .98  15.60  18.79   8.34   5.45    70  41.44  30.64  17328    .47
 -0719  62317 412241   1.06    .44  17.90  23.71   8.36   8.36   118  45.69  30.47  17207   1.38
  0719  62313 412244   2.03    .44  17.90  23.69   8.38   8.37   118  45.68  30.46  17206   1.44
  0720  62312 412244   3.04  14.48  17.90  23.64   8.38   8.38   118  45.63  30.46  17205   1.58
  0720  62312 412243   3.99  13.45    .00  23.30   8.40   8.41   118  45.26  30.42  17181   1.88
  0720  62312 412242   4.98  12.46    .00  19.83   8.38   8.53   112  42.29  30.56  17281   2.78
  0722  62311 412241   6.06  11.40  17.90  19.15   8.38   5.93    77  41.57  30.47  17231   1.30
  0723  62310 412241   7.00  10.42  17.90  18.88   8.35   5.89    76  41.48  30.60  17304   1.25
  0723  62308 412242   8.00   9.41    .00  18.95   8.37   5.65    73  41.61  30.65  17338    .83
  0724  62304 412244   9.00   8.40  17.80  18.94   8.37   5.86    76  41.61  30.66  17340    .77
  0724  62302 412244   9.99   7.42  17.80  18.82   8.35   5.91    76  41.54  30.69  17359    .68
  0725  62299 412245  11.04   6.38  17.80  18.86   8.34   5.81    75  41.57  30.69  17356    .65
  0725  62297 412246  11.98   5.42  17.80  18.89   8.34   5.81    75  41.60  30.69  17360    .73
  0725  62296 412246  13.02   4.44  17.80  18.90   8.33   5.84    76  41.63  30.71  17369    .80
  0727  62288 412248  14.06   3.30  17.80  18.64   8.31   5.09    65  41.40  30.70  17368    .37
  0727  62287 412249  15.02   2.34  17.80  18.50   8.31   5.03    65  41.29  30.73  17382    .36
  0729  62284 412248  15.95   1.39  17.70  18.36   8.30   3.87    50  41.19  30.75  17393    .30
  0730  62283 412248  16.94    .38  17.70  17.99   8.32   3.74    48  41.05  30.91  17488    .28
 -0737  61237 413034    .99    .38  10.30  23.54   8.34   8.51   119  45.51  30.44  17193   1.35
  0737  61228 413040   2.04    .38  10.30  23.53   8.36   8.51   120  45.51  30.45  17198   1.41
  0737  61226 413040   3.04   7.06    .00  22.32   8.38   8.70   120  44.65  30.64  17313   2.64
  0738  61223 413041   4.07   5.94   1.90  19.93   8.36   8.98   119  43.38  31.36  17744   2.88
  0740  61212 413044   5.03   4.89  10.20  19.30   8.36   6.24    81  41.64  30.42  17200   2.92
  0740  61211 413044   6.12   3.79  10.20  19.24   8.33   6.24    81  41.60  30.43  17204   2.57
  0742  61208 413045   7.02   2.91  10.30  18.93   8.36   5.82    75  41.45  30.54  17272   1.15
  0744  61207 413043   8.02   1.92  10.20  18.76   8.35   4.91    63  41.34  30.57  17290    .48
  0744  61206 413043   9.04   1.92  10.20  18.80   8.31   4.92    63  41.40  30.59  17301    .51
 -0755  59332 414117   1.05    .38  24.10  23.65   8.35   8.32   117  45.73  30.53  17244   2.10
  0755  59319 414123   1.98    .42  23.90  23.54   8.36   8.33   117  45.62  30.52  17239   2.11
  0756  59312 414125   3.00  20.51  23.70  22.50   8.36   8.37   115  44.66  30.52  17244   2.60
  0756  59310 414125   3.98  19.51    .00  20.26   8.37   7.88   105  42.95  30.78  17405   3.03
  0759  59304 414134   5.01  18.51  23.60  19.11   8.37   6.27    81  41.77  30.67  17344   1.15
  0759  59304 414135   6.02  17.48  23.60  19.02   8.35   6.37    83  41.75  30.72  17373   1.25
  0759  59304 414135   7.00  16.45  23.70  18.93   8.33   6.32    82  41.69  30.73  17380   1.09
  0800  59303 414134   8.07  15.31  23.70  18.88   8.34   6.13    79  41.66  30.74  17390    .98
  0801  59302 414134   9.01  14.37  23.60  18.84   8.32   6.11    79  41.64  30.76  17400    .90
  0801  59302 414134   9.98  13.29  23.60  18.84   8.31   6.05    78  41.63  30.75  17396    .80
  0802  59302 414134  11.05  12.33  23.50  18.78   8.30   6.01    78  41.59  30.76  17401    .63
  0802  59302 414133  12.04  11.29  23.50  18.71   8.30   5.95    77  41.53  30.76  17401    .51
  0804  59302 414131  13.00  10.49  23.40  18.32   8.30   4.49    57  41.19  30.77  17408    .23
  0804  59302 414131  14.01   9.40  23.40  18.28   8.27   4.47    57  41.19  30.81  17429    .24
  0806  59304 414128  15.02   8.48  23.40  17.83   8.25   2.99    38  41.01  30.99  17537    .18
  0806  59305 414127  16.06   7.51  23.40  17.60   8.22   2.98    38  40.95  31.12  17613    .16
  0810  59310 414126  17.00   6.80  23.30  17.27   8.22   1.15    15  40.79  31.23  17677    .15
  0811  59312 414127  18.08   5.84  23.30  17.08   8.19    .44     6  40.71  31.31  17724    .17
  0812  59312 414127  19.00   4.91  23.30  17.08   8.19    .41     5  40.71  31.31  17724    .15
  0812  59312 414127  19.96   3.97  23.30  16.92   8.18    .40     5  40.64  31.38  17764    .14
  0812  59312 414127  21.04   2.87  23.30  16.96   8.18    .38     5  40.66  31.37  17760    .14
  0814  59311 414127  22.00   1.97  23.30  16.71   8.20    .13     2  40.55  31.47  17817    .14
  0814  59310 414127  23.04    .83  23.30  16.74   8.18    .11     1  40.56  31.45  17806    .16
 -0830  57966 417199    .84    .39  20.40  23.19   8.31   8.52   119  45.25  30.49  17224   1.64
  0830  57952 417218   2.00  18.31    .00  22.28   8.34   8.67   119  44.74  30.73  17368   2.51
  0831  57952 417220   3.01  17.25    .00  19.86   8.35   7.97   105  42.40  30.63  17321   3.62
  0833  57952 417221   4.00  16.21   2.00  20.89   8.37   6.49    87  43.07  30.42  17195   2.74
  0833  57951 417222   4.98  15.21    .00  19.40   8.32   7.18    94  42.36  30.93  17498   2.52
  0834  57948 417228   6.02  14.05    .00  19.24   8.31   6.41    83  41.90  30.68  17348   2.12
  0835  57947 417229   7.03  13.07  19.90  19.21   8.29   6.36    83  41.90  30.70  17361   2.19
  0835  57945 417230   8.02  12.03    .00  19.09   8.29   6.33    82  41.87  30.76  17398   1.58
  0836  57940 417233   9.03  10.91  19.60  18.95   8.28   6.08    79  41.80  30.80  17424   1.25
  0836  57946 417234  10.10   9.90    .00  18.94   8.27   6.04    78  41.80  30.81  17428   1.21
  0836  57951 417234  11.01   9.11    .00  18.91   8.26   6.03    78  41.82  30.86  17455   1.19
  0837  57957 417234  12.00   8.19   1.90  18.76   8.25   6.03    78  41.76  30.92  17491   1.05
  0837  57964 417233  12.99   7.16    .00  18.77   8.26   5.87    76  41.80  30.94  17504    .76
  0838  57968 417233  14.10   5.99  20.20  18.60   8.25   5.80    75  41.69  30.98  17528    .62
  0839  57977 417229  15.03   4.57  20.10  18.54   8.25   5.22    67  41.62  30.97  17523    .43
  0840  57978 417229  16.05   3.65  20.10  18.53   8.22   5.17    67  41.63  30.98  17527    .35
  0840  57977 417231  17.01   3.05  20.00  18.53   8.23   5.13    66  41.63  30.98  17529    .41
  0840  57976 417232  18.00   2.27  20.00  18.52   8.23   5.10    66  41.62  30.98  17530    .37
  0844  57973 417212  19.01   1.38  20.50  16.95   8.18    .11     1  40.65  31.36  17755    .16
  0844  57973 417213  19.56    .86  20.50  16.94   8.15    .08     1  40.63  31.36  17753    .15
 -0854  57618 418927   1.08  15.19    .00  22.29   8.33   8.79   121  44.42  30.48  17221   1.92
  0854  57619 418933   1.99  14.41    .00  21.81   8.36   8.77   120  43.98  30.48  17223   2.28
  0855  57619 418934   3.05  13.49    .00  20.80   8.30   8.83   118  42.96  30.40  17181   2.83
  0856  57618 418937   4.00  12.73  16.60  20.89   8.33   8.03   108  43.10  30.44  17207   3.44
  0857  57618 418940   4.99  11.42  16.50  19.58   8.32   7.03    92  42.04  30.54  17267   3.66
  0858  57618 418940   6.00  10.36  16.50  19.47   8.31   6.94    91  41.98  30.57  17287   3.40
  0858  57618 418940   7.10   9.19  16.50  19.42   8.30   6.88    90  41.96  30.59  17300   3.10
  0858  57618 418940   8.04   8.24  16.50  19.42   8.28   6.86    90  41.96  30.59  17300   2.81
  0859  57619 418940   9.04   7.22  16.50  19.39   8.30   6.86    90  41.96  30.62  17313   2.28
  0900  57618 418940  10.00   6.32  16.50  19.02   8.29   6.25    81  41.79  30.75  17393   1.45
  0902  57616 418943  11.04   5.55  16.40  18.65   8.25   5.27    68  41.57  30.84  17449    .58
  0902  57615 418944  12.04   4.83  16.40  18.60   8.23   5.25    68  41.56  30.87  17465    .55
  0902  57615 418945  13.02   3.78  16.40  18.57   8.22   5.22    67  41.59  30.91  17489    .47
  0903  57614 418945  13.99   2.80  16.40  18.56   8.22   5.21    67  41.61  30.94  17504    .40
  0903  57614 418946  15.08   1.84  16.40  18.51   8.22   5.21    67  41.61  30.98  17529    .40
  0903  57614 418946  16.02   1.84  16.40  18.46   8.24   5.16    66  41.55  30.97  17523    .42
 -0914  56296 420502   1.08   1.84  12.90  20.08   8.30   9.35   124  42.81  30.80  17414   3.55
  0915  56281 420516   1.99  10.54  12.90  20.78   8.34   7.91   106  43.24  30.63  17316   3.40
  0915  56277 420519   3.01   9.53  12.90  20.43   8.33   7.81   104  43.01  30.70  17359   3.35
  0916  56275 420521   4.01   8.50   2.50  20.23   8.32   7.73   103  42.90  30.76  17393   3.34
  0916  56276 420520   5.01   7.52  13.10  19.64   8.30   7.80   102  42.33  30.74  17382   3.29
  0917  56281 420516   6.05   6.65  13.00  19.72   8.31   7.17    94  42.39  30.72  17370   2.66
  0917  56282 420514   7.06   5.50  12.90  19.64   8.29   7.23    95  42.31  30.72  17372   2.83
  0917  56283 420513   8.08   4.53  12.90  19.60   8.29   7.20    94  42.30  30.74  17383   2.74
  0919  56288 420507   9.05   3.55  12.90  19.32   8.26   6.52    85  42.15  30.82  17433   2.26
  0921  56281 420509  10.05   2.59  12.60  18.98   8.24   5.99    78  41.90  30.87  17460   1.40
  0921  56279 420509  11.02   1.57  12.50  18.87   8.24   5.97    77  41.88  30.94  17501   1.06
  0922  56269 420509  11.99    .38  12.00  18.77   8.23   5.72    74  41.86  30.99  17532    .64
 -0930  55204 421363   1.07    .38  20.60  22.32   8.32   8.78   121  44.50  30.52  17245   1.94
  0930  55185 421370   2.04  14.24  20.40  21.58   8.33   8.81   120  43.89  30.57  17280   2.38
  0931  55179 421372   2.99    .48  20.40  20.42   8.33   8.64   115  42.76  30.51  17250   3.85
  0931  55180 421375   4.04  16.44    .00  20.24   8.34   8.28   110  43.23  31.02  17543   3.63
  0933  55184 421384   5.02  15.83  20.70  19.61   8.33   7.43    97  42.20  30.65  17332   3.88
  0933  55185 421385   6.03  14.84  20.80  19.60   8.31   7.39    97  42.21  30.66  17340   3.58
  0934  55185 421385   7.02  13.86  20.70  19.55   8.31   7.33    96  42.23  30.72  17374   3.38
  0935  55185 421385   8.01  12.88  20.70  19.23   8.30   6.37    83  42.10  30.85  17449   2.65
  0936  55184 421385   9.06  11.68  20.70  19.09   8.28   6.49    84  42.10  30.95  17506   1.78
  0937  55185 421384  10.06  10.73  20.80  19.00   8.26   6.44    84  42.04  30.97  17518   1.40
  0938  55185 421382  11.02   9.69  20.70  18.80   8.27   5.71    74  41.87  30.98  17525    .82
  0938  55185 421381  12.01   8.63  20.70  18.78   8.24   5.69    74  41.87  30.99  17531    .73
  0939  55185 421381  13.11   7.57  20.80  18.76   8.23   5.68    73  41.90  31.03  17557    .58
  0939  55185 421381  14.02   6.64  20.80  18.77   8.23   5.69    74  41.89  31.02  17551    .70
  0939  55185 421380  15.02   5.75  20.60  18.74   8.20   5.71    74  41.89  31.04  17562    .47
  0939  55185 421379  16.02   4.63  20.60  18.68   8.24   5.73    74  41.83  31.03  17558    .48
  0942  55186 421375  17.03   3.58  20.50  17.46   8.18   2.04    26  41.13  31.37  17759    .21
  0942  55185 421374  18.09   2.59  20.50  17.33   8.12   2.04    26  41.08  31.43  17796    .18
  0944  55183 421369  19.02   1.45  20.30  16.99   8.15    .94    12  40.95  31.59  17886    .14
  0944  55182 421368  20.01    .43  20.30  16.98   8.14    .91    11  40.95  31.59  17890    .11
 -0952  53726 421065   1.03  15.97  17.40  21.51   8.31   8.54   116  43.79  30.54  17263   2.39
  0953  53710 421062   2.04    .38  17.40  20.72   8.34   8.62   115  43.38  30.78  17404   2.84
  0953  53710 421062   3.05  14.04  17.50  20.34   8.36   8.45   112  42.85  30.64  17323   3.26
  0954  53711 421062   4.04  13.04  17.40  20.35   8.35   8.39   111  42.87  30.65  17329   3.47
  0954  53711 421062   5.01  12.20  17.40  20.36   8.33   8.36   111  42.85  30.63  17316   3.49
  0954  53711 421062   5.99  11.11  17.50  20.31   8.34   8.35   111  42.81  30.63  17319   3.61
  0955  53711 421061   7.00  10.10  17.50  20.27   8.32   8.35   111  42.79  30.64  17326   3.56
  0957  53714 421053   8.04   8.85  17.20  19.43   8.28   7.10    93  42.46  30.99  17530   2.01
  0959  53719 421047   9.04   7.81  17.10  19.09   8.25   6.59    86  42.19  31.03  17553   1.23
  0959  53724 421054  10.04   6.91  17.10  18.97   8.24   6.58    85  42.10  31.04  17559   1.07
  1000  53730 421062  11.08   6.04  17.10  18.85   8.25   6.03    78  41.97  31.02  17552    .57
  1000  53730 421063  12.17   5.01  17.10  18.73   8.20   6.03    78  41.88  31.04  17561    .61
  1001  53729 421064  12.98   4.21  17.10  18.69   8.23   5.60    72  41.84  31.04  17563    .45
  1002  53728 421064  14.02   3.19  17.10  18.68   8.22   5.57    72  41.85  31.05  17567    .43
  1002  53728 421063  15.04   2.20  17.10  18.65   8.22   5.54    71  41.82  31.05  17570    .38
  1004  53724 421055  15.98   1.09  17.00  18.19   8.20   4.41    56  41.44  31.08  17589    .26
  1004  53724 421053  16.54    .59  17.00  18.08   8.17   4.36    56  41.36  31.10  17597    .39
 -1011  52954 420301   1.08    .59  11.20  22.36   8.32   8.94   123  44.76  30.69  17342   2.14
  1011  52938 420283   1.98   8.74  11.20  21.61   8.35   9.07   123  43.96  30.61  17298   2.68
  1012  52951 420285   3.00   7.71  11.10  21.15   8.33   8.69   117  43.55  30.61  17304   3.64
  1013  52954 420285   4.04   6.61  11.10  20.96   8.34   8.70   117  43.40  30.63  17315   3.56
  1013  52956 420285   5.00   5.69  11.10  20.95   8.34   8.64   116  43.38  30.62  17311   3.73
  1014  52966 420301   6.07   4.81    .00  19.97   8.27   7.43    98  42.64  30.74  17381   3.17
  1015  52953 420305   7.04   3.88    .00  19.48   8.23   5.98    78  42.25  30.78  17409   1.55
  1016  52949 420303   8.04   2.81    .00  19.18   8.24   6.06    79  42.29  31.04  17558   1.61
  1017  52941 420295   9.01   1.86    .00  19.09   8.26   6.35    83  42.29  31.11  17600    .78
  1017  52941 420293  10.05    .76  11.20  18.96   8.23   6.39    83  42.19  31.12  17608    .62
 -1029  51592 418556   1.01    .76  36.70  23.51   8.33   8.61   121  45.69  30.60  17283   1.87
  1030  51559 418539   2.02    .76    .00  23.25   8.33   8.59   120  45.48  30.62  17298   2.09
  1030  51553 418542   3.06  32.94  37.20  23.11   8.32   8.59   120  45.38  30.64  17310   2.09
  1030  51547 418547   3.99  32.56    .00  22.63   8.31   8.66   120  45.02  30.70  17349   2.42
  1031  51545 418553   5.01  31.77    .00  22.25   8.32   8.63   119  44.76  30.77  17388   2.81
  1031  51545 418558   6.05  30.99  35.10  20.85   8.34   8.81   118  43.82  31.04  17552   2.82
  1033  51555 418570   7.04  30.24  35.60  20.09   8.32   7.64   101  43.28  31.17  17628   2.12
  1034  51562 418576   8.02  29.26  36.00  20.05   8.31   7.50    99  43.20  31.13  17609   2.07
  1034  51564 418579   9.04  28.15  36.10  19.60   8.29   7.66   101  42.82  31.16  17628   1.75
  1035  51572 418590   9.99  26.78  36.00  19.48   8.27   7.13    94  42.82  31.25  17679    .91
  1036  51572 418593  10.99  25.69  35.80  19.43   8.26   7.11    93  42.77  31.24  17676    .93
  1036  51573 418597  11.99  24.57  35.60  19.29   8.26   7.04    92  42.58  31.19  17647    .78
  1038  51573 418598  12.99  23.58  35.60  19.41   8.24   6.29    82  42.74  31.24  17672    .60
  1038  51578 418591  14.01  23.03   2.10  18.74   8.22   6.49    84  41.98  31.12  17607    .48
  1040  51592 418575  15.05  21.23  37.10  18.46   8.21   5.49    71  41.70  31.09  17594    .29
  1040  51591 418573  16.10  19.89  37.10  18.43   8.21   5.46    70  41.67  31.09  17590    .31
  1042  51580 418568  17.03  19.62  37.10  17.88   8.16   3.59    46  41.38  31.27  17700    .21
  1043  51577 418569  18.20  18.64  37.00  17.69   8.14   3.61    46  41.36  31.39  17771    .37
  1045  51556 418572  19.00  18.43  35.50  17.51   8.12   2.65    34  41.32  31.50  17831    .19
  1045  51552 418575  20.05  17.29  35.40  17.47   8.13   2.61    33  41.32  31.53  17849    .18
  1047  51557 418584  21.09  14.99  35.70  17.36   8.12   1.91    24  41.29  31.59  17888    .13
  1047  51560 418585  22.01  14.62   2.00  17.31   8.10   1.98    25  41.29  31.63  17911    .19
  1048  51564 418586  22.99  14.03  35.90  17.23   8.10   1.88    24  41.28  31.68  17938    .11
  1048  51566 418586  24.01  13.04  36.00  17.22   8.10   1.83    23  41.28  31.69  17945    .14
  1048  51571 418582  25.00  12.35  36.30  17.18   8.11   1.69    21  41.28  31.72  17963    .09
  1049  51572 418581  25.93  11.48  36.40  17.18   8.08   1.71    21  41.28  31.73  17967    .08
  1049  51574 418579  26.96  10.32  36.60  17.15   8.09   1.71    22  41.27  31.74  17971    .11
  1050  51581 418572  27.99   8.95  37.00  17.12   8.11   1.45    18  41.25  31.75  17977    .10
  1050  51580 418571  28.98   7.96  37.10  17.12   8.11   1.32    17  41.26  31.75  17979    .12
  1053  51576 418563  30.01   6.84  37.20  17.06   8.09    .59     7  41.23  31.77  17992    .11
  1054  51561 418565  31.07   6.39  36.30  17.00   8.08    .12     2  41.19  31.79  18003    .13
  1054  51557 418567  32.04   5.44    .00  16.98   8.05    .09     1  41.19  31.81  18013    .12
  1054  51554 418568  33.02   4.58  35.50  16.96   8.03    .07     1  41.18  31.81  18016    .18
  1055  51552 418568  33.99   3.65  35.10  16.94   8.02    .06     1  41.17  31.82  18020    .22
  1055  51549 418568  35.08   2.54    .00  16.93   8.00    .05     1  41.16  31.82  18018    .17
  1055  51546 418569  35.99   1.53  34.70  16.91   7.96    .04     1  41.14  31.82  18020    .18
  1055  51544 418569  36.98    .46  34.50  16.91   7.97    .04     1  41.15  31.82  18022    .20
 -1101  50742 418384    .99  28.10  29.00  23.39   8.30   8.86   124  45.68  30.67  17326   1.87
  1102  50713 418368   2.05  27.13  28.80  22.82   8.29   8.99   125  45.18  30.69  17340   2.53
  1102  50707 418365   3.00  26.16  28.90  22.11   8.29   9.13   125  44.64  30.78  17395   3.88
  1104  50697 418370   4.01  24.60  28.20  20.91   8.28   8.55   115  43.58  30.81  17420   3.86
  1104  50695 418377   5.08  22.98    .00  20.56   8.28   8.56   114  43.42  30.93  17491   3.25
  1104  50695 418381   6.07  21.78  27.90  20.60   8.28   8.49   114  43.52  30.99  17523   2.86
  1105  50696 418384   7.07  20.71    .00  20.50   8.28   8.50   114  43.52  31.06  17566   2.85
  1106  50715 418381   7.99  20.74    .00  19.81   8.24   7.54   100  43.04  31.18  17639   1.74
  1107  50719 418376   9.07  20.01    .00  20.29   8.26   7.51   100  43.40  31.11  17597   1.88
  1109  50722 418383  10.03  18.73  28.70  19.75   8.25   7.42    98  43.09  31.27  17689   1.26
  1109  50723 418384  10.99  17.71  28.70  19.68   8.25   7.42    98  43.06  31.29  17704   1.22
  1109  50724 418384  12.04  16.81  28.60  19.64   8.22   7.39    97  43.06  31.32  17720   1.24
  1110  50726 418382  13.03  16.08  28.50  19.53   8.24   7.13    94  42.92  31.30  17707    .92
  1111  50726 418383  13.94  15.20  28.40  19.48   8.23   7.14    94  42.86  31.28  17699   1.01
  1111  50723 418384  15.02  14.07  28.30  19.03   8.22   7.08    92  42.34  31.19  17649    .67
  1113  50719 418389  16.03  12.48  28.20  18.46   8.18   4.94    64  41.70  31.10  17596    .31
  1114  50721 418388  17.02  11.59  28.30  17.87   8.13   5.03    64  41.44  31.32  17727    .26
  1116  50736 418378  18.03  11.29  29.10  17.43   8.09   1.89    24  41.33  31.57  17875    .17
  1117  50731 418380  19.02  10.28  28.80  17.38   8.08   1.64    21  41.32  31.60  17892    .15
  1117  50728 418381  20.09   9.14  28.70  17.33   8.07   1.61    20  41.31  31.63  17910    .14
  1118  50720 418386  21.11   7.78  28.10  17.30   8.08   1.40    18  41.30  31.65  17919    .15
  1118  50718 418388  21.98   6.68  28.00  17.28   8.05   1.38    17  41.29  31.66  17926    .14
  1118  50716 418391  22.91   5.54  27.90  17.25   8.07   1.40    18  41.28  31.67  17933    .19
  1119  50714 418395  23.97   4.26  27.70  17.23   8.08   1.47    18  41.27  31.68  17938    .12
  1119  50713 418397  25.02   3.03  27.70  17.20   8.08   1.48    19  41.26  31.68  17941    .10
  1119  50712 418399  26.05   1.77    .00  17.18   8.08   1.51    19  41.27  31.71  17958    .11
  1120  50712 418400  27.03   1.77  27.70  17.12   8.08   1.51    19  41.25  31.74  17975    .08
 -1126  49743 418248   1.00  25.26  22.50  23.54   8.31   8.86   125  45.81  30.66  17322   1.53
  1127  49727 418258   2.07  25.26  21.10  23.12   8.33   8.94   125  45.44  30.68  17334   2.06
  1128  49721 418266   3.02  18.93  18.80  22.65   8.32   9.03   125  45.09  30.74  17370   3.23
  1129  49715 418276   4.00  15.89  18.10  21.94   8.32   8.83   121  44.72  30.96  17500   3.07
  1129  49715 418278   5.04  14.43  18.10  21.33   8.29   8.87   120  44.42  31.16  17622   2.56
  1131  49722 418277   6.08  13.82  18.20  20.42   8.27   7.77   104  43.75  31.31  17708   1.39
  1131  49724 418278   7.02  12.59  18.20  20.25   8.26   7.75   103  43.67  31.36  17740   1.26
  1133  49733 418281   8.02  10.62  18.30  19.84   8.24   7.29    96  43.21  31.30  17705   1.17
  1133  49734 418280   9.07  10.67  18.30  19.76   8.14   7.28    96  43.10  31.27  17690   1.19
  1134  49736 418278  10.04  10.16  18.30  19.75   8.23   7.24    95  43.09  31.27  17689   1.09
  1134  49736 418278  11.05   9.29  18.30  19.77   8.25   7.22    95  43.12  31.27  17692   1.16
  1134  49736 418278  12.04   8.38  18.30  19.69   8.25   7.22    95  43.07  31.30  17705   1.07
  1134  49736 418277  13.03   7.93  18.30  19.46   8.25   7.22    95  42.83  31.27  17692   1.30
  1136  49730 418267  14.01   8.64  18.60  19.24   8.21   6.75    88  42.61  31.26  17688    .86
  1136  49727 418268  15.05   8.64  18.50  19.05   8.23   6.74    88  42.42  31.24  17678    .67
  1138  49727 418276  16.03   4.01  18.20  18.49   8.19   5.70    73  41.79  31.15  17624    .37
  1139  49725 418286  16.96   1.10  18.10  18.38   8.18   4.95    64  41.64  31.10  17599    .28
 -1145  48791 418171   1.00  43.78  45.20  23.60   8.31   8.89   125  45.89  30.68  17334   1.57
  1146  48779 418186   1.99  43.01  45.30  23.54   8.32   8.90   125  45.84  30.68  17332   1.69
  1147  48769 418198   3.01  42.17  45.30  23.35   8.32   8.97   126  45.68  30.70  17343   2.05
  1148  48753 418220   3.97  41.20  45.20  21.97   8.32   8.88   122  44.85  31.04  17547   2.87
  1148  48755 418221   5.06  40.16  45.20  21.84   8.31   8.84   121  44.86  31.14  17604   2.60
  1150  48767 418197   5.99  39.28  45.30  20.64   8.27   8.09   109  43.94  31.29  17698   1.73
  1150  48772 418191   7.02  38.08  45.30  20.77   8.27   7.94   107  44.09  31.31  17709   1.79
  1152  48778 418191   8.03  37.08  45.30  20.41   8.28   7.68   103  43.76  31.32  17716   1.68
  1153  48776 418193   8.98  36.22  45.30  20.23   8.25   7.71   103  43.65  31.36  17742   1.59
  1153  48773 418196  10.05  35.10  45.30  20.18   8.26   7.58   101  43.67  31.42  17774   1.16
  1154  48772 418197  11.09  34.16  45.30  20.16   8.19   7.53   100  43.66  31.42  17775   1.23
  1154  48770 418198  12.00  33.29  45.30  19.81   8.25   7.53   100  43.28  31.38  17752   1.09
  1156  48764 418206  12.97  32.43  45.30  19.37   8.24   6.79    89  42.78  31.30  17708   1.10
  1157  48761 418213  14.02  31.36  45.20  18.98   8.23   6.35    83  42.31  31.21  17660    .53
  1159  48766 418210  15.02  30.01  45.20  18.67   8.20   5.92    76  42.00  31.18  17643    .48
  1202  48780 418212  15.98  29.35  45.20  18.22   8.16   4.70    60  41.61  31.20  17655    .36
  1203  48778 418212  17.06  28.31  45.10  17.75   8.13   3.07    39  41.53  31.49  17829    .30
  1205  48760 418201  18.02  27.33  45.30  17.43   8.06   1.65    21  41.36  31.60  17890    .28
  1205  48757 418200  19.00  26.36  45.30  17.39   8.07   1.63    21  41.35  31.62  17901    .21
  1205  48754 418198  20.00  25.37  45.30  17.30   8.06   1.57    20  41.31  31.66  17926    .24
  1207  48754 418206  20.98  24.36  45.30  17.27   8.06   1.13    14  41.30  31.67  17931    .14
  1207  48757 418205  22.03  23.39  45.30  17.25   8.05   1.09    14  41.29  31.67  17934    .22
  1209  48772 418193  23.03  22.27  45.30  17.23   8.05    .54     7  41.28  31.69  17944    .17
  1209  48774 418191  23.98  21.33  45.30  17.21   8.04    .51     6  41.28  31.70  17948    .15
  1209  48775 418191  24.98  20.36  45.30  17.20   8.05    .49     6  41.27  31.70  17951    .13
  1210  48777 418189  26.08  19.21  45.30  17.18   8.05    .49     6  41.27  31.71  17956    .15
  1210  48777 418188  27.01  18.26  45.30  17.18   8.05    .49     6  41.27  31.71  17958    .15
  1210  48777 418187  28.05  17.30  45.30  17.18   8.05    .49     6  41.27  31.72  17961    .12
  1210  48777 418187  29.00  16.31  45.30  17.17   8.05    .48     6  41.27  31.72  17961    .12
  1211  48768 418194  30.06  15.34  45.40  17.15   8.04    .30     4  41.27  31.74  17973    .11
  1211  48765 418197  30.98  14.58  45.30  17.15   8.05    .25     3  41.27  31.74  17972    .13
  1212  48762 418200  32.09  13.50  45.30  17.14   8.04    .23     3  41.27  31.74  17976    .12
  1212  48759 418203  33.05  12.41  45.30  17.14   8.04    .21     3  41.27  31.74  17976    .13
  1212  48756 418207  34.04  11.47  45.20  17.13   8.04    .16     2  41.27  31.76  17983    .13
  1212  48755 418208  35.09  10.50  45.20  17.13   8.03    .12     2  41.27  31.76  17983    .12
  1213  48753 418211  36.05   9.48  45.20  17.13   8.04    .09     1  41.27  31.76  17983    .16
  1213  48750 418213  37.06   8.51  45.20  17.12   8.03    .07     1  41.27  31.76  17986    .16
  1213  48749 418215  38.08   7.57  45.20  17.12   8.02    .06     1  41.27  31.76  17987    .19
  1213  48747 418217  39.06   6.55  45.10  17.12   8.02    .05     1  41.27  31.76  17987    .15
  1214  48745 418218  40.08   5.61  45.10  17.12   8.02    .05     1  41.27  31.76  17987    .16
  1214  48744 418221  41.05   4.56  45.00  17.12   8.02    .04     0  41.27  31.77  17989    .17
  1214  48742 418223  42.07   3.49  45.10  17.11   8.02    .03     0  41.27  31.77  17990    .18
  1214  48741 418220  43.00   2.50  45.10  17.11   8.01    .03     0  41.27  31.77  17990    .16
  1214  48740 418218  44.11   1.50    .00  17.11   7.99    .03     0  41.27  31.77  17990    .18
  1215  48739 418215  45.02    .56    .00  17.10   7.99    .03     0  41.27  31.77  17992    .17
 -1220  47975 418349   1.06  16.75  17.10  23.39   8.28   8.97   126  45.76  30.73  17360   1.86
  1220  47935 418345   2.07  16.79    .00  23.38   8.29   8.99   126  45.75  30.73  17361   2.34
  1221  47931 418338   3.05  16.01    .00  22.75   8.29   9.18   128  45.31  30.84  17429   2.98
  1222  47926 418345   4.02  14.86   2.20  22.16   8.30   8.95   123  44.98  31.01  17526   3.07
  1224  47914 418374   5.01  12.40   2.20  20.75   8.26   7.89   106  43.89  31.17  17629   2.23
  1225  47914 418384   5.98  10.74   2.40  21.70   8.29   7.65   105  44.44  30.92  17477   2.54
  1225  47915 418386   7.00   9.46   3.30  20.73   8.25   8.12   109  43.94  31.22  17659   2.81
  1227  47915 418375   8.04   9.49    .00  19.92   8.24   7.46    99  43.30  31.31  17713   1.43
  1228  47917 418373   8.99   8.75  17.00  19.58   8.25   7.12    94  42.94  31.27  17692   1.27
  1229  47922 418377  10.04   7.35  16.50  19.47   8.23   6.86    90  42.83  31.26  17688   1.00
  1229  47923 418379  11.06   6.26  16.40  19.46   8.23   6.85    90  42.83  31.27  17692    .87
  1229  47923 418379  11.99   5.23  16.40  19.41   8.22   6.84    90  42.78  31.27  17694    .87
  1230  47923 418379  13.03   4.27  16.40  19.36   8.23   6.75    88  42.74  31.27  17695    .81
  1232  47918 418353  14.05   5.00  17.90  18.37   8.17   5.13    66  41.68  31.14  17624    .30
  1232  47917 418353  15.03   3.99  17.90  18.33   8.16   5.12    66  41.68  31.17  17641    .31
  1234  47914 418374  15.98   1.38  16.80  18.11   8.12   3.20    41  41.62  31.30  17712    .38
  1236  47918 418365  17.00   1.38  17.30  17.71   8.09   1.72    22  41.53  31.52  17847    .35
 -1241  47464 418845   1.04  14.05  14.80  23.11   8.31   9.07   127  45.54  30.76  17382   2.44
  1241  47452 418847   2.00  13.35    .00  23.13   8.32   9.03   126  45.56  30.76  17377   2.54
  1241  47447 418845   3.04  12.51    .00  23.11   8.31   9.04   126  45.54  30.76  17380   2.59
  1241  47447 418847   4.02  12.50   2.10  23.12   8.31   9.03   126  45.56  30.77  17386   2.55
  1242  47449 418852   5.00  12.05    .00  23.11   8.32   9.05   126  45.55  30.77  17384   2.63
  1243  47457 418859   6.06  10.85  15.60  22.63   8.31   8.86   123  45.20  30.84  17429   2.50
  1243  47464 418862   7.07   9.39  14.70  21.27   8.28   8.28   112  44.25  31.08  17574   1.57
  1244  47470 418861   8.04   7.40  13.70  22.22   8.29   8.04   111  44.89  30.89  17460   2.69
  1244  47474 418859   9.04   6.10  12.90  22.15   8.28   8.36   115  44.88  30.93  17483   2.60
  1244  47478 418856  10.03   4.68  11.70  22.22   8.28   8.51   117  44.92  30.91  17473   2.51
  1245  47484 418850  11.04   2.82  10.70  20.01   8.23   8.98   119  43.29  31.23  17669   1.61
