# MEETVAARTUIG : M.C.ECOS2 YSI
# MEETDATUM    : 14-07-2009 07:33:52
# MEETGEBIED   : GREVELINGEN
# STARTPUNT    : Grevelingendam
# EINDPUNT     : Brouwersdam
# PROJECTCODE  : E7501X
# OPDRACHTGEVER: ZLXXAXAMDBG
# BEHEERDER    : ZLXXRWMVSGN
# BEMONST. INST:
# WAARNEMER(S) : Geert den Hartog
#
* 20090714
$ 9999 [000000000000]
>TIJD      uumm                    
>X         coordinaat              
>Y         coordinaat              
>SENSHTE   Diepte set        m     
>Echms     Echoset           mtrs  
>Temp       Temperatuur       oC        : 10  1.0  11  1.0
>pH        Zuurgraad         dimsls
>O2        Zuurstof          mg/l  
>%O2        Zuurstof%         %     
>GELBH     Geleidendheid     mS/cm 
>SALNTT    Saliniteit        dimsl 
>CL-       Chloride          mg/l      : 16500  125  13  125
 -0734  69273 410922   1.16  73.05  18.75   7.83   7.08    92  42.16  31.26  17688
  0734  69282 410941   2.09  70.31  18.73   7.82   7.03    91  42.16  31.27  17696
  0735  69283 410952   3.12  69.76  18.75   7.81   6.86    89  42.18  31.27  17696
  0735  69284 410951   4.12  68.51  18.72   7.78   6.82    88  42.18  31.29  17707
  0736  69284 410952   5.11  71.13  18.74   7.80   6.83    88  42.20  31.30  17709
  0736  69281 410953   6.16  72.30  18.67   7.77   6.37    82  42.17  31.33  17729
 -0740  68841 411237   1.01  68.50  19.05   7.88   8.03   105  42.57  31.37  17750
  0741  68833 411237   2.00  71.20  19.05   7.88   8.13   106  42.57  31.37  17750
  0741  68833 411242   3.00  69.00  19.05   7.88   8.10   105  42.56  31.36  17745
  0742  68839 411260   3.96  73.10  19.00   7.85   7.48    97  42.53  31.37  17753
  0743  68842 411256   4.97  68.50  18.69   7.81   7.41    96  42.38  31.48  17818
  0744  68842 411252   5.99  65.10  18.57   7.80   6.65    86  42.18  31.41  17776
  0745  68841 411246   6.99  72.10  18.39   7.75   6.30    81  42.06  31.45  17798
  0746  68840 411249   7.99  71.40  18.38   7.73   6.10    78  42.02  31.42  17783
  0747  68839 411250   8.99  69.30  18.43   7.76   6.07    78  42.07  31.42  17785
  0747  68839 411250  10.01  70.70  18.37   7.76   6.04    78  42.00  31.41  17778
  0747  68838 411251  11.00  70.00  18.34   7.74   6.01    77  41.99  31.43  17787
 -0756  67359 411370   1.13  71.90  19.05   7.89   8.00   104  42.61  31.40  17769
  0756  67337 411369   2.10  68.50  19.02   7.88   8.02   104  42.60  31.41  17777
  0757  67333 411368   3.08  72.30  19.01   7.87   8.01   104  42.61  31.43  17786
  0757  67333 411365   4.09  69.20  18.99   7.88   8.00   104  42.58  31.42  17781
  0757  67333 411363   5.09  71.90  18.97   7.87   7.94   103  42.56  31.42  17780
  0758  67335 411359   6.10  70.40  18.84   7.85   7.56    98  42.42  31.40  17771
  0759  67337 411358   7.09  68.80  18.54   7.81   6.95    90  42.19  31.44  17794
  0759  67336 411358   8.10  72.40  18.53   7.81   6.85    88  42.20  31.46  17803
  0800  67334 411360   9.10  68.00  18.46   7.82   6.86    88  42.14  31.46  17805
  0800  67333 411362  10.11  72.10  18.42   7.80   6.86    88  42.11  31.46  17809
  0801  67335 411366  11.10  70.10  18.36   7.79   6.62    85  42.09  31.49  17826
 -0807  66355 411614   0.98  71.40  19.14   7.91   8.07   105  42.72  31.42  17781
  0808  66327 411631   2.00  68.70  19.10   7.89   8.11   106  42.72  31.45  17799
  0808  66323 411631   2.99  69.30  19.13   7.92   8.11   106  42.71  31.42  17781
  0808  66321 411631   3.98  71.90  19.10   7.90   8.12   106  42.70  31.44  17789
  0809  66322 411630   5.00  72.30  18.76   7.89   8.09   105  42.54  31.56  17864
  0810  66331 411631   6.00  71.90  18.53   7.83   6.96    90  42.19  31.45  17798
  0810  66331 411632   7.18  71.80  18.42   7.80   6.96    90  42.08  31.44  17794
 -0816  65298 412073   1.00  69.70  19.53   7.94   8.14   107  42.84  31.23  17667
  0818  65256 412084   1.97  67.80  18.97   7.91   7.86   102  42.52  31.39  17761
  0818  65260 412087   2.98  69.00  18.61   7.84   7.10    90  42.30  31.41  17680
  0819  65265 412093   3.98  71.70  18.43   7.80   6.60    85  42.08  31.43  17790
  0820  65271 412094   4.98  72.80  18.41   7.79   6.48    83  42.02  31.40  17770
  0821  65272 412093   5.98  70.90  18.46   7.76   6.53    84  42.10  31.43  17786
  0821  65272 412093   6.99  71.40  18.54   7.79   6.55    84  42.15  31.41  17775
  0821  65273 412092   7.98  70.70  18.50   7.79   6.56    84  42.11  31.40  17773
  0822  65272 412091   8.98  71.90  18.26   7.73   6.30    81  42.00  31.50  17827
  0823  65270 412090   9.99  73.00  18.20   7.71   6.05    78  41.89  31.45  17801
  0823  65268 412089  10.99  72.40  18.20   7.73   5.91    76  41.85  31.42  17781
  0824  65266 412089  11.99  70.60  18.17   7.71   5.79    74  41.84  31.43  17790
  0825  65260 412089  13.00  69.60  18.07   7.69   5.39    69  41.73  31.41  17781
 -0840  62338 412240   1.03  71.10  19.15   7.90   7.67   100  42.82  31.50  17824
  0841  62312 412244   2.02  70.30  19.19   7.92   7.71   101  42.84  31.48  17816
  0841  62303 412246   3.04  69.90  19.14   7.93   7.80   102  42.79  31.48  17814
  0842  62295 412250   4.03  69.00  19.16   7.93   7.96   104  42.80  31.47  17810
  0842  62292 412253   5.03  71.90  19.12   7.91   7.92   103  42.80  31.50  17828
  0843  62294 412256   6.03  71.50  18.81   7.92   8.08   105  42.56  31.54  17851
  0844  62299 412257   7.04  70.40  18.40   7.83   6.65    86  42.08  31.45  17803
  0845  62303 412253   8.04  71.40  18.45   7.83   6.50    84  42.08  31.42  17781
  0846  62305 412251   9.04  70.40  18.39   7.81   6.46    83  42.07  31.45  17803
  0846  62305 412250  10.03  69.20  18.39   7.83   6.44    83  42.06  31.45  17798
  0847  62302 412252  11.05  73.60  18.28   7.80   6.32    81  41.99  31.47  17813
  0847  62299 412254  12.05  71.40  18.29   7.79   6.26    80  42.02  31.49  17824
  0847  62297 412255  13.04  71.80  18.30   7.79   6.22    80  42.03  31.49  17824
  0848  62296 412254  14.03  69.70  18.27   7.78   6.02    77  42.03  31.51  17837
  0849  62300 412251  15.02  72.60  18.11   7.75   5.65    72  41.93  31.55  17861
  0850  62300 412252  16.05  71.70  17.95   7.75   5.45    70  41.78  31.55  17860
  0850  62299 412252  17.02  73.20  17.94   7.76   5.44    69  41.68  31.47  17815
 -0858  61245 413032   0.98  68.80  19.10   7.95   8.65   113  42.84  31.55  17856
  0858  61223 413058   2.00  71.50  19.06   7.98   8.62   112  42.78  31.53  17845
  0859  61219 413060   2.99  70.00  19.06   8.00   8.61   112  42.74  31.50  17826
  0900  61215 413057   3.98  71.70  18.86   7.96   8.36   109  42.56  31.50  17829
  0900  61214 413053   4.99  74.20  18.71   7.94   8.27   107  42.43  31.51  17833
  0901  61217 413052   5.98  70.90  18.56   7.87   7.42    96  42.26  31.48  17819
  0902  61218 413052   6.98  69.80  18.57   7.87   7.19    93  42.26  31.48  17814
  0904  61221 413057   7.97  71.70  18.33   7.78   5.80    75  42.03  31.47  17810
  0905  61222 413054   8.98  73.70  18.27   7.74   5.60    72  42.02  31.50  17832
 -0917  59334 414098   1.00  71.40  19.86   8.06   8.83   117  43.58  31.58  17870
  0917  59317 414110   1.98  73.50  19.79   8.06   9.09   120  43.52  31.59  17873
  0918  59313 414119   2.96  70.40  19.72   8.06   9.20   121  43.47  31.60  17880
  0918  59310 414125   3.96  71.50  19.69   8.07   9.26   122  43.43  31.59  17874
  0919  59311 414131   4.96  68.00  19.58   8.07   9.24   122  43.31  31.57  17866
  0920  59315 414126   5.97  70.60  19.37   8.03   8.55   112  42.77  31.29  17704
  0921  59316 414127   6.95  73.00  18.51   8.02   8.84   114  42.76  31.94  18082
  0922  59314 414129   7.95  65.70  18.58   7.91   6.63    86  42.45  31.63  17901
  0923  59312 414130   8.98  70.70  18.58   7.87   6.22    80  42.47  31.64  17911
  0925  59314 414125   9.98  72.40  18.58   7.85   5.89    76  42.50  31.67  17925
  0925  59314 414124  11.02  73.10  18.59   7.85   5.86    76  42.49  31.65  17916
  0926  59315 414131  12.05  69.50  18.50   7.80   5.60    72  42.51  31.74  17966
  0927  59315 414135  13.06  69.40  18.48   7.82   5.33    69  42.46  31.71  17951
  0927  59313 414136  14.06  72.10  18.46   7.81   5.28    68  42.45  31.72  17955
  0928  59310 414135  15.06  63.70  18.47   7.81   5.22    67  42.45  31.71  17951
  0928  59308 414133  16.02  75.10  18.47   7.81   5.21    67  42.45  31.71  17951
  0928  59306 414132  17.11  70.40  18.45   7.80   5.22    67  42.44  31.72  17955
  0929  59307 414129  18.09  73.00  18.44   7.80   5.19    67  42.42  31.71  17950
  0929  59310 414126  19.05  73.20  18.41   7.79   5.12    66  42.41  31.72  17958
  0929  59312 414124  20.12  73.80  18.41   7.79   5.07    65  42.40  31.71  17954
  0930  59316 414121  21.11  73.70  18.31   7.77   4.91    63  42.34  31.74  17970
  0931  59322 414124  22.07  69.60  18.24   7.75   4.41    57  42.23  31.70  17948
  0933  59327 414128  23.05  72.50  18.06   7.69   3.73    48  42.06  31.70  17947
 -0949  57958 417167   1.00  64.00  19.38   8.05   8.89   117  43.15  31.59  17879
  0950  57940 417218   2.01  72.80  19.28   8.03   8.80   115  43.08  31.61  17890
  0950  57938 417220   2.99  71.70  19.36   8.04   8.78   115  43.15  31.61  17888
  0951  57949 417197   4.04  71.40  19.26   7.99   8.53   112  43.07  31.62  17894
  0952  57952 417194   5.06  69.70  19.21   8.02   8.56   112  43.01  31.61  17888
  0954  57960 417206   6.06  69.70  18.97   7.89   6.52    85  42.85  31.66  17919
  0954  57960 417208   7.07  72.70  18.82   7.85   6.50    84  42.76  31.70  17943
  0955  57963 417207   8.09  69.90  18.79   7.87   6.45    84  42.74  31.71  17946
  0957  57967 417192   9.08  72.70  18.76   7.84   5.99    78  42.68  31.68  17931
  0957  57965 417189  10.12  69.30  18.76   7.83   5.97    78  42.69  31.69  17936
  0957  57960 417195  11.11  66.30  18.71   7.83   5.92    77  42.66  31.70  17944
  0958  57958 417197  12.10  72.10  18.70   7.83   5.89    76  42.65  31.70  17944
  0959  57958 417201  13.07  70.60  18.69   7.84   6.03    78  42.68  31.73  17963
  0959  57957 417202  14.02  72.00  18.63   7.84   6.06    78  42.63  31.74  17965
  1000  57956 417206  15.08  70.40  18.59   7.83   6.21    80  42.61  31.75  17974
  1000  57956 417205  16.06  72.80  18.57   7.84   6.23    81  42.60  31.76  17978
  1000  57956 417203  17.02  75.20  18.52   7.83   6.25    81  42.54  31.75  17972
  1002  57962 417200  17.96  72.80  18.46   7.79   5.53    71  42.47  31.73  17965
  1002  57962 417202  19.00  64.40  18.43   7.76   5.47    71  42.46  31.75  17974
 -1012  57635 418902   1.00  65.80  19.47   7.95   7.40    97  43.37  31.70  17943
  1012  57632 418926   1.99  70.20  19.32   7.94   7.36    96  43.23  31.70  17944
  1013  57631 418931   2.96  68.60  19.15   7.94   7.36    96  43.06  31.69  17939
  1013  57630 418930   3.94  66.40  19.06   7.93   7.30    95  42.96  31.68  17931
  1014  57625 418922   4.98  74.20  18.92   7.91   6.99    91  42.83  31.68  17931
  1016  57617 418931   5.99  64.80  18.75   7.86   6.27    81  42.67  31.68  17931
  1016  57616 418943   7.00  73.20  18.68   7.82   6.12    79  42.66  31.72  17957
  1018  57616 418929   8.00  68.20  18.70   7.83   5.83    76  42.65  31.70  17944
  1018  57616 418928   9.02  66.80  18.69   7.82   5.78    75  42.65  31.71  17948
  1018  57615 418932  10.03  72.50  18.68   7.83   5.75    74  42.64  31.71  17948
  1020  57617 418936  11.04  68.80  18.49   7.78   5.20    67  42.48  31.72  17956
  1021  57618 418933  12.06  72.60  18.50   7.80   5.41    70  42.49  31.72  17956
  1021  57615 418935  13.08  75.90  18.47   7.79   5.57    72  42.50  31.75  17975
  1022  57612 418940  14.07  72.70  18.46   7.80   5.64    73  42.46  31.73  17960
  1023  57609 418945  15.11  65.10  18.42   7.77   5.45    70  42.46  31.76  17978
  1023  57613 418947  16.04  63.50  18.35   7.77   5.37    69  42.40  31.76  17981
 -1034  56293 420482   1.10  64.20  19.50   8.02   8.68   114  43.46  31.76  17973
  1035  56295 420521   1.98  71.50  19.28   8.02   8.57   112  43.24  31.74  17966
  1035  56294 420530   3.05  74.90  19.25   8.01   8.51   112  43.22  31.75  17970
  1036  56289 420539   4.05  72.10  19.37   8.01   8.36   110  43.37  31.78  17988
  1038  56282 420524   5.07  73.10  18.86   7.91   6.71    87  42.81  31.71  17949
  1038  56285 420522   6.08  70.40  18.73   7.90   6.79    88  42.76  31.77  17983
  1039  56288 420522   7.08  72.10  18.68   7.89   6.71    87  42.71  31.76  17981
  1039  56291 420522   8.10  74.50  18.66   7.89   6.70    87  42.70  31.77  17986
  1040  56287 420521   9.11  68.00  18.68   7.89   6.68    87  42.74  31.79  17996
  1040  56281 420519  10.11  65.10  18.69   7.89   6.65    86  42.74  31.78  17991
  1040  56276 420517  11.09  69.80  18.69   7.90   6.64    86  42.72  31.77  17982
  1041  56275 420517  12.06  73.40  18.62   7.88   6.48    84  42.68  31.79  17994
 -1049  55186 421366   1.12  71.60  19.21   8.02   8.64   113  43.16  31.73  17959
  1050  55182 421370   2.14  73.00  19.12   8.02   8.61   112  43.06  31.72  17952
  1050  55188 421370   3.12  73.30  18.89   8.01   8.50   111  42.90  31.76  17978
  1051  55179 421368   3.92  67.50  18.99   7.96   7.51    98  42.93  31.71  17948
  1051  55177 421368   4.91  70.30  18.97   7.95   7.58    99  42.92  31.72  17952
  1052  55174 421368   5.90  66.30  18.93   7.95   7.61    99  42.91  31.74  17965
  1053  55175 421372   6.86  73.90  18.82   7.93   7.27    94  42.82  31.75  17971
  1053  55192 421385   7.98  71.40  18.74   7.91   6.98    90  42.75  31.75  17974
  1054  55198 421389   8.99  77.50  18.73   7.91   6.91    90  42.76  31.77  17983
  1054  55197 421391   9.98  73.80  18.77   7.90   6.86    89  42.81  31.78  17989
  1055  55194 421386  11.02  72.50  18.71   7.90   6.84    89  42.75  31.77  17987
  1055  55191 421378  12.06  74.10  18.70   7.90   6.79    88  42.75  31.78  17992
  1055  55189 421371  13.04  72.10  18.72   7.92   6.75    88  42.77  31.78  17992
  1056  55188 421365  14.06  72.50  18.69   7.89   6.63    86  42.76  31.80  18001
  1056  55188 421363  15.06  71.70  18.68   7.89   6.57    85  42.76  31.81  18006
  1057  55188 421362  16.06  68.90  18.68   7.88   6.53    85  42.75  31.80  18001
  1057  55188 421363  17.09  73.20  18.62   7.85   6.50    84  42.74  31.84  18023
  1058  55185 421372  18.06  73.50  18.61   7.87   6.38    83  42.70  31.81  18008
  1058  55184 421376  19.04  63.90  18.60   7.87   6.34    82  42.69  31.81  18008
 -1107  53745 421073   1.02  70.90  19.37   8.05   8.79   115  43.30  31.72  17955
  1108  53710 421063   2.07  69.90  19.18   8.00   8.69   114  43.14  31.74  17963
  1109  53708 421061   3.08  71.60  18.92   7.98   7.91   103  42.88  31.72  17955
  1110  53707 421059   4.08  65.60  18.91   7.96   7.62    99  42.87  31.72  17955
  1111  53707 421059   5.10  72.80  18.89   7.92   7.50    98  42.91  31.77  17983
  1111  53707 421060   6.12  70.40  18.89   7.95   7.44    97  42.90  31.76  17978
  1112  53702 421049   7.11  72.30  18.79   7.93   7.12    92  42.81  31.76  17980
  1113  53704 421049   8.11  74.20  18.68   7.91   6.90    89  42.70  31.76  17977
  1113  53705 421050   9.10  69.20  18.79   7.93   6.88    89  42.80  31.75  17975
  1114  53705 421055  10.05  70.90  18.76   7.93   6.96    90  42.81  31.79  17994
  1115  53703 421062  11.16  71.40  18.68   7.87   6.76    88  42.78  31.82  18015
  1115  53702 421066  12.16  71.30  18.68   7.89   6.64    86  42.76  31.81  18006
  1116  53703 421067  13.17  71.70  18.67   7.89   6.61    86  42.74  31.80  18000
  1117  53707 421058  14.17  64.10  18.59   7.82   6.07    79  42.70  31.83  18017
  1117  53708 421055  15.12  76.60  18.61   7.85   6.04    78  42.70  31.81  18008
  1118  53708 421053  16.19  73.20  18.61   7.84   6.00    78  42.70  31.81  18008
 -1124  52976 420301   1.03  71.80  19.60   8.04   8.77   116  43.60  31.79  17994
  1125  52975 420297   2.01  70.00  19.52   8.05   8.77   116  43.50  31.77  17983
  1125  52972 420293   3.03  68.50  19.37   8.04   8.78   115  43.36  31.77  17983
  1126  52938 420268   4.05  71.30  19.19   8.00   8.34   109  43.23  31.80  18002
  1127  52935 420267   5.02  66.10  19.29   8.02   8.31   109  43.29  31.78  17985
  1129  52947 420270   6.09  73.40  18.94   7.93   6.92    90  43.00  31.81  18004
  1129  52947 420269   7.08  74.90  19.03   7.94   6.93    90  43.06  31.79  17992
  1130  52943 420265   8.09  74.20  18.99   7.91   6.67    87  43.03  31.79  17996
  1130  52934 420263   9.10  70.90  18.98   7.93   6.82    89  43.00  31.77  17986
  1132  52933 420274  10.08  62.50  18.49   7.84   5.87    76  42.64  31.85  18033
  1132  52934 420278  10.91  72.50  18.54   7.81   5.32    69  42.65  31.82  18016
 -1144  51606 418564   1.06  73.50  19.44   8.03   8.27   109  43.42  31.77  17980
  1145  51572 418555   2.04  73.10  19.23   8.01   8.24   108  43.23  31.77  17984
  1146  51547 418555   3.04  65.20  19.17   7.97   7.45    97  43.18  31.78  17987
  1146  51549 418556   4.07  66.40  19.05   7.96   7.48    98  43.10  31.80  18002
  1147  51558 418559   5.03  73.00  18.68   7.94   6.83    89  42.78  31.82  18015
  1148  51563 418561   6.02  64.20  18.58   7.91   6.45    83  42.69  31.83  18017
  1149  51566 418561   7.03  73.50  18.57   7.90   6.35    82  42.68  31.82  18017
  1149  51570 418562   8.05  73.70  18.54   7.89   6.30    82  42.70  31.86  18040
  1150  51576 418562   9.06  72.20  18.40   7.89   6.04    78  42.64  31.92  18074
  1152  51571 418572  10.07  72.10  18.24   7.87   5.50    71  42.53  31.95  18094
  1153  51561 418578  11.07  70.10  18.16   7.87   5.27    68  42.47  31.97  18101
  1153  51563 418579  12.10  67.70  18.06   7.86   5.23    67  42.44  32.02  18132
  1154  51575 418584  13.10  65.00  17.92   7.84   4.53    58  42.35  32.05  18152
  1155  51578 418584  14.09  71.70  17.87   7.81   4.52    58  42.35  32.09  18175
  1156  51570 418568  15.12  64.90  17.77   7.82   3.91    50  42.24  32.08  18167
  1158  51563 418559  16.10  72.60  17.61   7.79   3.32    42  42.12  32.10  18182
  1159  51566 418568  17.03  75.70  17.43   7.76   2.60    33  41.98  32.13  18196
  1200  51570 418576  18.03  70.60  17.04   7.75   2.12    27  41.72  32.21  18248
  1200  51571 418576  19.01  71.90  15.90   7.72   2.15    26  41.06  32.56  18455
  1201  51572 418573  19.97  72.20  14.70   7.68   0.83    10  39.81  32.43  18386
  1202  51572 418568  21.07  68.90  14.51   7.65   0.56     7  38.69  31.57  17887
  1202  51572 418567  22.09  67.50  14.38   7.64   0.52     6  38.58  31.58  17891
  1203  51571 418566  23.08  65.50  14.29   7.63   0.49     6  38.58  31.65  17934
  1203  51572 418566  24.11  66.70  14.16   7.63   0.46     6  38.42  31.61  17911
  1203  51572 418564  25.09  73.60  14.10   7.62   0.45     5  38.40  31.64  17929
  1204  51572 418564  26.07  63.50  13.97   7.58   0.43     5  38.30  31.66  17939
  1204  51571 418563  27.13  68.30  13.91   7.61   0.42     5  38.26  31.67  17946
  1204  51570 418564  28.11  72.10  13.76   7.59   0.41     5  38.11  31.66  17938
  1205  51569 418566  29.07  72.00  13.77   7.60   0.40     5  38.03  31.57  17890
  1205  51568 418568  30.00  71.30  13.71   7.58   0.39     5  38.07  31.66  17941
  1205  51568 418571  31.09  64.50  13.65   7.57   0.38     4  38.03  31.67  17948
  1206  51567 418573  32.00  74.50  13.61   7.56   0.38     4  38.00  31.68  17952
  1206  51567 418575  33.11  71.80  13.61   7.57   0.38     4  37.90  31.59  17898
  1206  51568 418577  34.12  66.30  13.49   7.54   0.37     4  38.81  32.53  17925
  1207  51569 418577  35.08  72.70  13.49   7.54   0.37     4  37.89  31.68  17950
  1207  51570 418578  35.93  73.60  13.48   7.53   0.37     4  38.79  32.52  18442
 -1213  50754 418389   1.09  71.00  19.47   8.03   8.50   112  43.52  31.83  18014
  1214  50733 418382   2.07  74.10  19.31   8.04   8.53   112  43.35  31.81  18005
  1214  50736 418383   3.09  73.50  19.27   8.03   8.51   112  43.32  31.82  18009
  1215  50736 418380   4.09  71.90  18.90   8.00   7.57    98  42.98  31.82  18012
  1216  50727 418372   5.13  62.70  18.76   7.96   7.08    92  42.85  31.82  18013
  1218  50720 418374   6.13  76.60  18.60   7.90   6.62    86  42.80  31.90  18061
  1218  50722 418376   7.13  71.60  18.61   7.96   6.73    87  42.86  31.94  18085
  1219  50723 418376   8.16  63.30  18.57   7.95   6.75    87  42.85  31.97  18099
  1219  50724 418376   9.17  64.40  18.52   7.92   6.75    87  42.88  32.03  18136
  1220  50728 418374  10.18  67.90  18.42   7.92   6.56    85  42.82  32.06  18152
  1220  50730 418373  11.16  69.00  18.40   7.94   6.46    83  42.75  32.01  18128
  1221  50734 418369  12.11  66.70  18.38   7.94   6.30    81  42.76  32.04  18142
  1221  50738 418364  13.04  71.40  18.33   7.94   6.05    78  42.81  32.12  18189
  1222  50739 418362  13.98  75.80  18.29   7.94   6.05    78  42.82  32.16  18212
  1223  50720 418381  15.09  68.20  18.04   7.90   5.03    64  42.56  32.14  18200
  1225  50717 418384  16.04  65.50  17.42   7.82   3.00    38  42.01  32.16  18216
  1226  50721 418374  16.98  75.10  17.10   7.77   2.09    26  41.76  32.20  18240
  1229  50728 418378  18.06  72.20  15.35   7.68   0.54     7  40.35  32.38  18353
  1229  50729 418380  19.01  67.70  14.94   7.68   0.50     6  40.02  32.42  18380
  1229  50730 418381  20.06  73.40  14.58   7.66   0.47     6  39.70  32.43  18387
  1230  50730 418382  21.01  70.20  14.42   7.63   0.45     5  39.60  32.48  18412
  1230  50730 418383  22.02  70.70  14.23   7.61   0.44     5  39.45  32.50  18426
  1230  50729 418384  22.96  71.30  14.20   7.63   0.44     5  39.39  32.47  18408
  1231  50729 418385  23.98  71.30  14.17   7.62   0.49     6  39.36  32.47  18407
  1231  50729 418386  25.01  75.50  14.12   7.61   0.45     5  39.32  32.47  18410
  1231  50730 418385  26.00  66.60  14.03   7.60   0.42     5  39.25  32.48  18417
  1232  50731 418384  26.94  70.30  13.95   7.61   0.40     5  39.18  32.49  18419
  1232  50731 418383  27.94  62.50  13.86   7.59   0.39     5  39.11  32.50  18426
 -1239  49762 418254   1.02  66.20  19.46   8.06   8.54   112  43.53  31.84  18023
  1239  49753 418251   2.02  66.80  19.34   8.07   8.55   112  43.41  31.84  18020
  1240  49740 418251   3.03  68.20  19.07   8.04   8.38   109  43.19  31.86  18036
  1240  49722 418257   4.03  75.50  18.98   8.02   7.89   103  43.10  31.86  18034
  1241  49708 418262   5.00  75.40  19.27   8.01   8.18   107  43.38  31.87  18037
  1241  49704 418263   6.00  75.50  19.22   8.01   8.31   109  43.34  31.87  18041
  1242  49702 418265   7.00  60.90  19.03   8.03   7.98   104  43.15  31.86  18035
  1242  49707 418267   7.98  67.00  18.86   8.02   7.93   103  43.03  31.89  18054
  1244  49734 418265   8.97  75.00  18.37   7.95   6.21    80  42.76  32.05  18146
  1245  49727 418270   9.97  67.10  18.32   7.92   6.09    79  42.81  32.13  18193
  1245  49723 418272  10.97  65.70  18.14   7.95   6.10    78  42.64  32.13  18193
  1247  49716 418276  12.00  73.00  18.34   7.94   5.14    66  42.78  32.09  18169
  1247  49712 418277  12.99  73.70  18.18   7.91   5.56    72  42.66  32.11  18184
  1248  49714 418275  13.99  66.80  18.09   7.89   5.62    72  42.66  32.18  18226
  1249  49725 418262  14.98  76.30  17.82   7.84   4.49    57  42.41  32.18  18228
  1250  49727 418261  15.97  66.70  17.67   7.85   4.34    55  42.28  32.19  18233
  1252  49730 418267  17.06  68.30  17.10   7.78   2.16    27  41.72  32.16  18220
  1254  49728 418271  18.09  72.80  15.52   7.71   0.76     9  40.52  32.39  18359
 -1301  48805 418167   1.10  64.40  19.61   8.07   8.47   112  43.71  31.88  18042
  1302  48779 418190   2.09  74.30  19.56   8.07   8.46   111  43.67  31.88  18045
  1302  48772 418196   3.05  63.60  19.42   8.07   8.49   112  43.50  31.85  18027
  1302  48773 418195   4.07  69.10  19.05   8.04   8.52   111  43.27  31.94  18083
  1303  48777 418193   5.07  65.50  18.84   8.05   8.18   106  43.11  31.97  18102
  1304  48777 418193   6.07  66.00  18.82   8.04   7.87   102  43.08  31.96  18096
  1305  48775 418190   7.04  74.70  18.66   8.01   7.36    96  42.98  32.00  18121
  1306  48777 418190   8.03  67.10  18.61   8.00   7.03    91  42.93  32.00  18119
  1307  48777 418193   9.03  66.90  18.59   8.00   6.87    89  43.10  32.16  18210
  1307  48772 418200  10.03  73.90  18.61   8.01   6.98    91  43.18  32.21  18240
  1308  48770 418202  11.00  68.00  18.59   8.01   7.02    91  43.18  32.23  18249
  1309  48763 418200  11.99  64.90  18.49   7.97   6.89    89  43.16  32.29  18285
  1310  48766 418194  12.95  66.20  18.46   8.00   6.73    87  43.14  32.29  18289
  1310  48768 418192  13.91  64.90  18.45   8.00   6.68    86  43.13  32.29  18289
  1310  48770 418191  14.97  64.80  18.31   7.96   6.71    87  43.05  32.34  18315
  1312  48775 418188  15.96  65.80  18.21   7.97   5.80    75  42.93  32.31  18302
  1315  48772 418203  16.95  68.90  16.72   7.77   1.42    18  41.47  32.25  18273
  1317  48769 418193  17.94  65.80  16.35   7.74   0.87    11  41.17  32.29  18296
  1318  48771 418186  18.94  66.10  14.62   7.68   0.56     7  39.77  32.46  18404
  1318  48772 418186  19.92  74.30  14.49   7.66   0.52     6  39.64  32.45  18399
  1319  48773 418186  20.90  73.50  14.32   7.65   0.49     6  39.54  32.51  18429
  1319  48775 418187  21.91  71.90  14.19   7.65   0.45     5  39.38  32.47  18408
  1319  48777 418188  22.91  73.10  14.09   7.63   0.44     5  39.29  32.47  18409
  1320  48778 418190  23.90  65.40  14.01   7.62   0.42     5  39.24  32.49  18422
  1320  48779 418192  25.00  63.90  14.02   7.63   0.40     5  39.19  32.44  18390
  1321  48775 418195  25.98  66.30  13.96   7.60   0.50     6  39.18  32.48  18414
  1321  48772 418197  26.97  63.80  13.90   7.60   0.45     5  39.15  32.50  18428
  1321  48769 418199  27.97  73.40  13.84   7.59   0.42     5  39.09  32.50  18425
  1321  48767 418200  28.95  63.30  13.76   7.56   0.41     5  39.05  32.53  18444
  1322  48765 418202  29.93  66.20  13.73   7.55   0.39     5  39.02  32.52  18442
  1322  48763 418203  30.94  75.20  13.70   7.56   0.38     4  38.98  32.51  18436
  1323  48761 418205  31.94  73.30  13.65   7.55   0.37     4  38.94  32.52  18439
  1323  48761 418205  32.90  65.90  13.46   7.50   0.37     4  38.84  32.59  18479
  1323  48764 418201  33.90  65.00  13.46   7.54   0.37     4  38.75  32.50  18431
  1324  48765 418198  35.01  73.50  13.37   7.50   0.36     4  38.57  32.41  18378
  1324  48765 418197  36.04  66.80  13.33   7.49   0.35     4  37.80  31.72  17979
  1324  48766 418197  36.99  71.40  13.27   7.46   0.35     4  38.65  32.57  18471
  1325  48766 418196  37.99  69.90  13.22   7.44   0.35     4  38.64  32.60  18491
  1325  48766 418195  39.03  66.50  13.27   7.46   0.35     4  37.73  31.71  17971
  1326  48765 418195  40.01  68.00  13.26   7.45   0.34     4  37.73  31.72  17976
  1326  48764 418196  41.00  67.70  13.24   7.45   0.34     4  37.71  31.72  17974
  1326  48763 418197  41.99  67.80  13.30   7.46   0.34     4  38.59  32.49  18423
  1327  48762 418197  42.98  64.40  13.22   7.43   0.34     4  38.60  32.57  18469
  1327  48762 418198  43.94  65.80  13.20   7.43   0.34     4  38.58  32.57  18468
 -1333  47972 418346   1.06  66.00  19.34   8.04   8.57   112  43.53  31.93  18077
  1334  47955 418347   2.02  72.20  19.32   8.09   8.56   112  43.45  31.88  18048
  1334  47952 418347   3.02  75.70  19.27   8.07   8.50   112  43.42  31.90  18056
  1335  47956 418355   3.99  73.50  18.80   8.03   7.64    99  43.05  31.95  18091
  1336  47957 418362   4.97  74.40  18.80   8.02   7.62    99  43.00  31.91  18067
  1336  47956 418365   6.01  67.40  18.82   8.00   7.71   100  43.10  31.98  18106
  1337  47959 418367   6.98  66.50  18.76   8.02   7.54    98  43.15  32.07  18157
  1339  47962 418358   7.98  64.40  18.54   7.99   6.73    87  42.96  32.08  18165
  1340  47962 418356   8.95  72.90  18.50   7.96   6.71    87  42.95  32.10  18179
  1341  47962 418354   9.93  66.90  18.54   7.99   6.65    86  42.95  32.07  18161
  1342  47955 418366  10.95  64.50  18.37   7.96   6.23    80  42.87  32.14  18199
  1343  47954 418367  11.93  66.50  18.37   7.96   6.18    80  42.87  32.14  18199
  1343  47952 418367  12.92  71.60  18.39   7.96   6.16    80  42.94  32.18  18224
  1344  47950 418363  13.92  75.50  18.05   7.96   5.53    71  42.66  32.21  18244
  1345  47950 418360  14.94  70.40  18.03   7.90   5.38    69  42.70  32.26  18273
  1346  47949 418362  15.93  72.30  17.85   7.92   4.73    60  42.47  32.21  18243
  1348  47944 418361  16.98  68.50  16.69   7.80   1.74    22  41.50  32.30  18302
 -1353  47482 418825   1.07  74.20  19.67   8.08   8.52   112  42.77  31.07  17573
  1354  47455 418851   2.03  75.20  19.60   8.10   8.79   115  42.72  31.08  17580
  1354  47454 418854   3.03  68.00  19.37   8.10   8.68   114  42.51  31.08  17581
  1355  47457 418853   4.05  70.50  19.11   8.07   8.13   106  42.35  31.14  17619
  1356  47458 418852   5.02  74.30  19.20   8.07   8.16   106  42.39  31.11  17598
  1356  47459 418851   6.03  69.90  19.13   8.08   8.27   108  42.29  31.08  17581
  1357  47460 418847   7.01  73.30  18.94   8.05   7.81   101  42.17  31.12  17607
  1357  47459 418846   8.00  76.10  18.90   8.05   7.88   102  42.19  31.17  17634
  1358  47463 418851   8.99  75.80  18.76   8.05   7.74   100  42.05  31.16  17629
  1359  47465 418854   9.97  70.80  18.71   8.03   7.47    96  42.02  31.17  17637
  1400  47466 418855  10.92  72.90  18.70   8.03   7.38    95  42.01  31.17  17636
  1400  47465 418853  11.91  71.10  18.65   7.99   7.46    95  38.71  28.49  16088
  1401  47462 418847  12.93  72.00  18.57   8.00   7.11    92  41.96  31.23  17670
