# MEETVAARTUIG : M.S. ARGUS
# MEETDATUM    : 19-05-2009 07:49:53
# MEETGEBIED   : GREVELINGEN
# STARTPUNT    : Grevelingendam
# EINDPUNT     : Brouwersdam
# PROJECTCODE  : E7501X
# OPDRACHTGEVER: ZLXXAXAMDBG
# BEHEERDER    : ZLXXAXAMDBG
# BEMONST. INST:
# WAARNEMER(S) : G.J.Bakker
#
* 20090519
$ 9999 [00000000000]
>TIJD      uumm                    
>X         coordinaat              
>Y         coordinaat              
>SENSHTE   Diepte set        m     
>ECHOS     Echoset           mtrs  
>Temp       Temperatuur       oC        : 7  1.0  11  1.0
>O2        Zuurstof          mg/l  
>%O2        Zuurstof%         %     
>GELBH     Geleidendheid     mS/cm 
>SALNTT    Saliniteit        dimsl 
>CL-       Chloride          mg/l      : 16500  125  13  125
 -0750  69288 410941   0.97   4.74  15.04   8.67   104  38.57  31.04  17576
  0750  69276 410943   1.95   3.75  15.04   8.68   104  38.57  31.04  17576
  0750  69271 410944   3.05   2.90  14.91   8.70   104  38.44  31.03  17568
  0751  69269 410944   4.03   2.03  14.96   8.62   103  38.54  31.08  17598
  0751  69269 410944   5.03   1.00  14.96   8.61   103  38.55  31.09  17603
 -0754  68839 411238   0.96  10.60  14.91   8.91   106  38.37  30.96  17532
  0754  68822 411251   2.01  51.30  14.89   8.91   106  38.28  30.90  17494
  0754  68822 411253   3.00   8.30  14.88   8.91   106  38.28  30.91  17499
  0755  68828 411261   4.00   7.00  14.78   8.39   100  38.34  31.04  17577
  0756  68829 411263   4.92   5.95  14.60   8.29    98  38.28  31.13  17629
  0757  68840 411258   6.05   4.45  14.45   7.79    92  38.18  31.16  17647
  0758  68847 411251   7.05   4.25  14.50   7.94    94  38.25  31.18  17660
  0758  68848 411249   8.05   3.45  14.50   7.89    93  38.25  31.18  17660
  0758  68848 411246   9.05   2.60  14.39   7.80    92  38.20  31.22  17686
  0759  68845 411249  10.03   1.70  13.73   6.36    74  37.82  31.41  17797
  0800  68839 411253  10.82   0.45  13.61   5.47    64  37.72  31.42  17801
 -0807  67335 411354   1.04  51.30  14.55   8.82   104  37.94  30.86  17474
  0808  67325 411358   2.05  51.30  14.55   8.82   104  37.96  30.88  17485
  0808  67321 411359   3.02   9.00  14.55   8.82   104  37.98  30.90  17495
  0808  67321 411358   4.05  51.30  14.54   8.81   104  38.00  30.92  17510
  0808  67326 411357   4.98   7.05  14.54   8.80   104  38.02  30.94  17521
  0809  67332 411357   6.05  25.05  14.54   8.77   104  38.05  30.97  17537
  0809  67336 411358   7.01   5.20  14.53   8.76   104  38.07  30.99  17552
  0809  67340 411359   8.00   4.25  14.52   8.76   104  38.10  31.03  17572
  0810  67342 411360   9.02   3.25  14.47   8.67   102  38.13  31.10  17611
  0811  67340 411366  10.00  51.30  13.87   7.17    84  37.89  31.36  17768
  0813  67334 411372  11.03   1.40  13.60   6.11    71  37.72  31.43  17806
 -0818  66319 411629   0.98  51.25  14.47   8.44   100  37.95  30.93  17517
  0819  66313 411635   1.94   1.00  14.57   8.60   102  38.05  30.94  17523
  0819  66318 411635   3.07  51.30  14.52   8.65   102  38.02  30.96  17530
  0819  66318 411634   3.99  51.30  14.53   8.64   102  38.12  31.04  17578
  0820  66320 411635   5.02  51.30  14.52   8.62   102  38.12  31.05  17583
  0821  66327 411637   5.99   1.80  14.40   8.34    98  38.06  31.09  17607
  0821  66331 411638   6.96   1.00  14.35   8.38    99  38.05  31.12  17625
 -0828  65261 412093   1.07  51.30  14.57   8.51   100  37.82  30.74  17402
  0828  65256 412097   2.02  51.30  14.61   8.45   100  37.89  30.77  17420
  0829  65254 412099   2.93  51.30  14.63   8.42   100  37.94  30.80  17437
  0829  65259 412098   4.14   9.75  14.49   8.44   100  37.92  30.89  17492
  0829  65266 412095   4.96   8.80  14.50   8.44   100  38.00  30.95  17529
  0830  65270 412094   6.08   7.75  14.50   8.40    99  38.02  30.97  17539
  0830  65272 412095   7.04   6.85  14.50   8.39    99  38.08  31.03  17571
  0831  65274 412094   8.08   6.00  14.45   8.36    99  38.16  31.14  17636
  0831  65275 412095   9.06   5.15  14.30   8.14    96  38.12  31.22  17686
  0832  65275 412098  10.01   4.50  14.31   8.11    96  38.13  31.23  17686
  0833  65272 412093  11.05   3.05  14.09   7.68    90  38.06  31.34  17753
  0834  65270 412093  11.99   2.05  14.01   7.65    90  38.01  31.36  17765
  0834  65266 412093  13.03   1.10  13.75   7.35    86  37.80  31.38  17777
 -0847  62301 412255   1.06  51.25  14.37   8.57   101  38.18  31.22  17685
  0848  62287 412255   2.03  51.25  14.35   8.57   101  38.18  31.24  17694
  0848  62290 412253   3.10  13.85  14.35   8.56   101  38.17  31.23  17689
  0848  62293 412251   4.08  12.95  14.35   8.53   101  38.19  31.25  17699
  0849  62297 412251   5.03  12.05  14.35   8.48   100  38.20  31.26  17705
  0849  62299 412252   6.00  11.15  14.35   8.46   100  38.21  31.27  17710
  0849  62299 412253   6.94  10.25  14.36   8.45   100  38.24  31.29  17721
  0849  62299 412254   8.07   9.30  14.38   8.44   100  38.27  31.30  17727
  0850  62300 412255   8.94   8.45  14.37   8.32    98  38.30  31.33  17748
  0850  62301 412257   9.96   7.40  14.32   8.29    98  38.32  31.39  17782
  0851  62304 412270  11.06   6.60  13.81   7.29    85  37.97  31.49  17839
  0853  62321 412265  12.01   5.55  13.58   6.58    77  37.83  31.55  17875
  0854  62324 412256  12.99   4.55  13.54   6.66    77  37.80  31.55  17878
  0854  62324 412250  14.10   3.50  13.29   6.52    76  37.67  31.64  17928
  0854  62321 412251  15.01  51.25  12.83   6.62    76  37.32  31.69  17962
  0856  62309 412248  16.01   1.70  12.45   5.36    61  36.96  31.67  17950
  0856  62304 412252  16.99  51.25  12.30   5.31    60  36.82  31.66  17947
 -0904  61214 413066   1.05   8.55  14.50   8.78   104  37.88  30.85  17466
  0904  61224 413070   2.29   0.50  14.50   8.78   104  37.93  30.89  17492
  0905  61227 413070   2.98   6.70  14.48   8.77   104  38.07  31.03  17575
  0905  61231 413070   4.07   5.65  14.48   8.76   104  38.09  31.05  17586
  0905  61232 413069   4.87   4.85  14.47   8.75   103  38.11  31.08  17601
  0905  61235 413069   5.98   3.75  14.47   8.73   103  38.20  31.16  17648
  0906  61238 413063   6.97   2.85  14.46   8.70   103  38.21  31.18  17658
  0906  61238 413061   7.96   1.90  14.46   8.70   103  38.24  31.20  17674
  0908  61220 413054   9.02   0.95  13.88   7.25    85  37.92  31.38  17779
 -0919  59314 414119   1.02  51.25  14.64   8.64   102  38.31  31.12  17626
  0919  59308 414125   2.10  51.25  14.63   8.63   102  38.31  31.13  17631
  0919  59307 414125   3.03  43.40  14.62   8.64   102  38.31  31.14  17636
  0919  59308 414125   4.09  18.55  14.56   8.65   102  38.26  31.14  17637
  0919  59309 414128   5.04  51.25  14.57   8.65   102  38.28  31.15  17643
  0920  59303 414131   5.89  16.85  14.58   8.31    98  38.27  31.14  17633
  0922  59317 414125   7.02  16.00  14.39   7.59    90  38.23  31.25  17701
  0922  59319 414130   7.95  15.35  14.28   7.44    88  38.24  31.35  17759
  0923  59321 414137   8.97  14.70  14.29   7.38    87  38.27  31.37  17770
  0923  59321 414136   9.91  51.25  14.28   7.38    87  38.27  31.38  17775
  0923  59322 414134  10.93  12.80  14.16   7.35    86  38.23  31.44  17810
  0924  59321 414135  12.04  51.25  14.10   7.29    86  38.17  31.43  17807
  0925  59316 414137  12.99  10.60  13.77   6.93    81  37.99  31.54  17869
  0926  59312 414138  14.04   9.45  13.47   6.90    80  37.81  31.62  17917
  0927  59314 414136  14.97   8.65  13.22   6.35    73  37.66  31.69  17957
  0928  59314 414140  16.04   7.75  12.95   6.01    69  37.55  31.81  18029
  0928  59316 414139  17.04  51.25  12.93   5.92    68  37.52  31.80  18022
  0929  59319 414132  18.04   5.80  12.84   5.69    65  37.48  31.83  18045
  0929  59319 414131  19.05  51.25  12.81   5.66    65  37.47  31.85  18054
  0930  59314 414130  20.03   3.80  12.65   5.20    60  37.39  31.91  18089
  0931  59311 414129  21.01  51.25  12.64   5.15    59  37.37  31.90  18083
  0932  59304 414135  22.03  51.25  12.31   4.47    51  37.20  32.02  18153
  0933  59308 414136  23.05   4.15  12.24   4.43    50  37.15  32.03  18160
 -0947  57964 417202   1.04  51.25  14.78   8.67   103  38.30  31.00  17556
  0948  57967 417212   2.03   0.45  14.77   8.68   103  38.30  31.01  17560
  0948  57968 417212   2.96  51.25  14.77   8.68   103  38.32  31.03  17571
  0948  57968 417213   4.05  16.10  14.77   8.67   103  38.36  31.06  17592
  0949  57970 417209   4.98  15.25  14.76   8.66   103  38.36  31.07  17596
  0949  57971 417205   6.03  14.15  14.76   8.63   103  38.39  31.10  17612
  0949  57972 417202   7.00  13.25  14.76   8.63   103  38.41  31.12  17622
  0950  57970 417199   8.02  51.25  14.76   8.63   103  38.41  31.12  17622
  0950  57969 417200   9.04  11.20  14.59   8.60   102  38.34  31.19  17665
  0951  57963 417198  10.05   9.85  14.41   7.79    92  38.27  31.27  17713
  0952  57948 417205  10.98   9.10  14.17   7.35    86  38.19  31.39  17784
  0954  57946 417197  12.00   8.25  13.98   7.13    84  38.10  31.47  17827
  0954  57945 417199  13.00   7.20  13.84   7.10    83  38.03  31.52  17857
  0954  57946 417198  14.05   6.40  13.69   7.13    83  37.94  31.56  17881
  0956  57953 417206  15.06   5.25  13.42   6.57    76  37.77  31.62  17919
  0956  57958 417209  16.04   4.25  13.32   6.53    76  37.73  31.67  17946
  0956  57959 417210  17.04   3.15  13.27   6.51    75  37.70  31.68  17954
  0957  57962 417210  18.06   2.30  13.21   6.44    74  37.68  31.71  17973
  0958  57965 417200  19.03   1.35  13.11   6.01    69  37.64  31.76  18000
 -1006  57617 418915   1.00  15.20  14.97   8.78   105  38.66  31.18  17655
  1006  57601 418943   1.98  14.40  14.96   8.78   105  38.66  31.18  17660
  1007  57599 418947   3.08  13.65  14.95   8.78   105  38.64  31.17  17654
  1007  57599 418946   4.03  12.75  14.95   8.79   105  38.65  31.18  17659
  1007  57600 418945   5.05  11.80  14.94   8.78   105  38.65  31.19  17664
  1007  57602 418941   6.04  10.45  14.91   8.76   104  38.62  31.19  17662
  1008  57604 418938   7.04   9.45  14.89   8.74   104  38.62  31.20  17671
  1008  57606 418934   8.00   9.10  14.87   8.71   104  38.61  31.21  17675
  1008  57610 418928   9.04   7.55  14.84   8.64   103  38.60  31.23  17684
  1009  57613 418925  10.04   6.55  14.69   8.57   102  38.54  31.29  17723
  1009  57618 418922  11.00   5.95  13.88   7.83    92  38.06  31.51  17854
  1009  57621 418923  12.02   4.75  13.80   7.85    92  38.01  31.53  17865
  1011  57624 418937  13.01   3.50  13.51   6.61    77  37.84  31.61  17914
  1011  57624 418946  13.98   2.65  13.35   6.50    75  37.75  31.66  17943
  1011  57625 418949  14.98   1.20  13.31   6.48    75  37.73  31.68  17951
 -1021  56279 420513   1.06   0.40  14.84   8.66   103  38.33  30.98  17543
  1021  56266 420522   1.98   0.40  14.84   8.66   103  38.31  30.96  17533
  1021  56265 420525   2.97  51.25  14.83   8.67   103  38.26  30.93  17512
  1021  56267 420525   4.03   8.25  14.77   8.68   103  38.28  30.99  17550
  1023  56288 420522   5.09   7.60  14.79   8.35    99  38.31  31.00  17556
  1023  56290 420524   6.07   6.75  14.79   8.45   100  38.36  31.05  17582
  1024  56286 420529   7.04   5.80  14.69   8.21    98  38.42  31.18  17660
  1024  56284 420528   8.03   4.80  14.67   8.21    98  38.40  31.18  17659
  1025  56280 420528   9.01   3.85  14.60   7.97    94  38.42  31.26  17703
  1026  56276 420524  10.06   2.55  14.59   7.94    94  38.41  31.25  17702
  1026  56275 420523  11.07   1.55  14.55   7.92    94  38.38  31.26  17705
  1026  56275 420519  11.95   0.70  14.56   7.91    94  38.39  31.26  17706
 -1033  55193 421380   1.03  18.90  14.85   8.60   102  38.52  31.15  17638
  1034  55194 421395   1.95  18.40  14.82   8.57   102  38.46  31.12  17621
  1035  55211 421390   3.09  17.35  14.85   8.59   102  38.52  31.15  17638
  1035  55212 421388   4.01  16.50  14.83   8.58   102  38.50  31.14  17637
  1036  55214 421387   5.20  15.35  14.76   8.58   102  38.47  31.17  17654
  1037  55214 421374   6.02  14.20  14.79   8.25    98  38.47  31.15  17640
  1037  55207 421367   7.03  12.85  14.73   8.35    99  38.45  31.18  17657
  1038  55199 421366   8.05  11.80  14.69   8.21    98  38.43  31.19  17666
  1039  55189 421366   8.99  10.75  14.64   7.94    94  38.44  31.24  17694
  1039  55185 421367   9.97   9.80  14.65   7.93    94  38.47  31.26  17705
  1040  55180 421371  10.97   8.85  14.64   7.92    94  38.46  31.26  17705
  1040  55177 421371  12.00   7.90  14.62   7.92    94  38.48  31.29  17725
  1041  55173 421382  13.05   7.05  14.58   7.88    94  38.47  31.32  17738
  1041  55175 421383  14.04   6.20  14.49   7.84    93  38.44  31.36  17765
  1042  55198 421373  14.96   5.35  14.12   6.91    81  38.26  31.50  17845
  1043  55200 421374  16.03   4.35  14.04   7.06    83  38.24  31.55  17873
  1044  55200 421380  16.99   3.75  14.01   6.72    79  38.22  31.55  17877
  1046  55184 421386  18.03   2.65  13.80   6.03    71  38.17  31.68  17951
  1046  55179 421377  18.96   1.50  13.58   6.01    70  38.10  31.80  18020
 -1058  53688 421062   1.04  15.45  14.78   8.54   102  38.42  31.11  17618
  1059  53705 421055   1.95  14.45  14.79   8.52   101  38.44  31.12  17624
  1059  53714 421064   3.03  13.50  14.75   8.51   101  38.42  31.13  17632
  1100  53717 421061   3.99  12.50  14.73   8.49   101  38.40  31.13  17631
  1100  53719 421056   4.99  11.50  14.71   8.47   101  38.40  31.15  17641
  1101  53718 421056   6.00  10.55  14.71   8.44   100  38.40  31.15  17641
  1101  53716 421059   7.01   9.70  14.71   8.42   100  38.42  31.17  17651
  1101  53714 421061   8.00   8.80  14.69   8.40   100  38.46  31.22  17681
  1102  53709 421064   9.04   7.85  14.65   8.28    98  38.47  31.26  17705
  1102  53706 421063  10.03   7.00  14.64   8.26    98  38.47  31.27  17710
  1103  53703 421059  10.99   5.95  14.65   8.21    98  38.47  31.26  17705
  1103  53701 421059  11.99   4.90  14.64   8.22    98  38.46  31.26  17705
  1103  53701 421058  12.94   3.95  14.64   8.21    98  38.48  31.28  17715
  1104  53700 421059  14.06   2.85  14.57   8.19    97  38.49  31.34  17753
  1104  53703 421057  15.02   1.90  14.47   7.91    94  38.52  31.45  17817
  1107  53730 421057  15.97   0.90  13.64   5.90    69  38.43  32.05  18169
 -1113  52928 420284   1.05  51.25  14.84   8.71   104  38.33  30.98  17543
  1113  52921 420275   1.96   1.00  14.83   8.71   104  38.37  31.03  17569
  1113  52920 420274   3.00   7.60  14.77   8.69   103  38.35  31.06  17586
  1114  52919 420279   4.05  51.25  14.76   8.65   103  38.36  31.07  17596
  1114  52921 420284   5.07   5.75  14.62   8.53   101  38.33  31.16  17646
  1114  52922 420280   6.02   4.70  14.62   8.52   101  38.39  31.21  17677
  1115  52924 420277   6.97   3.75  14.61   7.98    95  38.46  31.28  17719
  1116  52928 420283   8.03   2.75  14.61   8.15    97  38.43  31.26  17703
  1117  52934 420286   9.02   1.80  14.58   7.93    94  38.51  31.35  17759
  1117  52937 420287  10.03   0.75  14.49   7.90    94  38.47  31.39  17781
 -1127  51572 418563   0.99  51.25  14.73   8.71   104  38.53  31.25  17699
  1127  51564 418555   2.10   0.45  14.74   8.70   104  38.55  31.26  17705
  1128  51559 418559   3.03  33.50  14.63   8.52   101  38.51  31.31  17736
  1129  51554 418566   4.03  30.75  14.62   8.50   101  38.55  31.36  17761
  1129  51552 418571   4.96  51.25  14.59   8.48   101  38.60  31.43  17802
  1131  51557 418570   6.02  29.10  14.10   7.53    89  38.55  31.78  18009
  1131  51558 418563   7.00  29.55  13.98   7.42    87  38.57  31.90  18078
  1132  51560 418560   8.06  28.55  13.98   7.38    87  38.57  31.90  18078
  1133  51567 418557   9.04  51.25  13.88   7.27    85  38.59  32.00  18137
  1133  51571 418558   9.99  26.45  13.86   7.19    84  38.59  32.02  18147
  1134  51584 418562  11.06  25.30  13.57   6.99    82  38.57  32.24  18279
  1134  51587 418565  11.95  24.35  13.58   6.98    82  38.57  32.23  18274
  1134  51590 418569  13.03  23.40  13.55   6.98    82  38.57  32.26  18288
  1135  51588 418569  14.09  22.45  13.53   6.92    81  38.56  32.27  18293
  1136  51584 418565  15.04  21.45  13.36   6.62    77  38.51  32.36  18350
  1136  51581 418557  16.03  51.25  13.33   6.62    77  38.51  32.39  18365
  1137  51583 418559  17.03  51.25  13.30   6.59    77  38.56  32.46  18407
  1138  51571 418567  18.09  51.25  12.97   5.75    66  38.23  32.43  18392
  1139  51568 418575  19.00  17.60  12.78   5.27    61  38.05  32.43  18388
  1139  51570 418575  20.00  16.75  12.72   5.28    61  38.01  32.44  18396
  1141  51566 418575  21.07  15.90  12.31   4.09    47  37.67  32.47  18415
  1142  51581 418563  21.98  51.25  12.00   3.57    40  37.40  32.48  18421
  1142  51584 418564  23.04  51.25  11.99   3.52    40  37.39  32.48  18421
  1143  51587 418562  24.03  12.75  11.93   3.57    40  37.34  32.48  18423
  1143  51586 418561  25.07  11.60  11.84   3.58    40  37.25  32.47  18418
  1143  51582 418560  25.99  10.90  11.68   3.52    40  37.13  32.49  18432
  1144  51578 418563  27.08  10.05  11.48   3.42    38  36.93  32.48  18421
  1144  51575 418565  27.98   9.25  11.39   3.43    38  36.82  32.45  18405
  1145  51560 418572  29.00   7.50  11.25   2.86    32  36.65  32.40  18380
  1147  51561 418568  30.02   7.15  11.10   2.33    26  36.50  32.39  18371
  1147  51570 418567  31.07   6.25  11.11   2.23    25  36.52  32.40  18378
  1148  51581 418561  32.01   5.10  11.01   1.98    22  36.43  32.40  18378
  1148  51581 418555  32.98   3.85  11.01   1.92    21  36.41  32.38  18366
  1149  51589 418552  34.03  51.25  10.96   1.70    19  36.38  32.39  18375
  1149  51592 418553  35.05  51.25  10.96   1.70    19  36.37  32.38  18369
 -1155  50739 418379   0.85  51.25  14.80   8.66   103  38.57  31.23  17687
  1155  50718 418374   2.01  51.25  14.75   8.65   103  38.60  31.30  17726
  1155  50709 418370   3.01  51.25  14.74   8.61   102  38.61  31.31  17736
  1156  50707 418370   4.03  51.25  14.74   8.62   103  38.59  31.30  17726
  1157  50710 418393   5.06  21.75  14.31   8.00    95  38.59  31.65  17930
  1157  50692 418383   5.97  20.85  14.14   7.99    94  38.72  31.90  18081
  1158  50715 418378   6.99  20.80  14.07   7.92    93  38.72  31.96  18114
  1159  50716 418366   8.01  20.25  14.07   7.80    92  38.74  31.98  18125
  1159  50721 418367   9.03  19.40  14.09   7.84    92  38.75  31.97  18121
  1159  50726 418374  10.00  18.35  14.14   7.83    92  38.74  31.92  18091
  1200  50736 418383  11.00  17.45  14.08   7.91    93  38.73  31.96  18115
  1201  50738 418372  12.02  16.65  13.74   7.33    86  38.65  32.17  18238
  1201  50742 418374  12.95  15.80  13.73   7.29    85  38.65  32.18  18243
  1202  50744 418376  14.02  14.75  13.72   7.30    86  38.68  32.22  18264
  1202  50744 418378  15.08  13.70  13.67   7.29    85  38.67  32.25  18283
  1202  50743 418378  15.96  12.80  13.46   7.26    85  38.63  32.39  18366
  1203  50733 418376  17.06  11.75  13.05   5.96    69  38.36  32.49  18423
  1204  50732 418381  17.96  10.70  13.02   5.93    69  38.34  32.49  18427
  1204  50730 418381  19.09   9.80  12.56   5.96    68  37.99  32.56  18466
  1204  50728 418382  20.07   8.85  12.49   5.98    68  37.86  32.49  18429
  1207  50731 418376  20.99  51.25  12.28   3.93    45  37.66  32.48  18424
  1208  50744 418380  22.06   6.80  11.95   3.37    38  37.34  32.46  18413
  1209  50752 418381  23.04   6.10  11.89   3.35    38  37.29  32.47  18415
  1209  50749 418380  24.00  51.25  11.85   3.42    39  37.28  32.49  18430
  1210  50736 418385  25.02   3.85  11.66   3.36    38  37.09  32.47  18420
  1210  50728 418378  26.11   2.80  11.60   3.36    38  37.00  32.44  18400
  1211  50724 418367  27.03   2.15  11.51   3.09    35  36.93  32.45  18406
  1211  50726 418370  28.03  51.25  11.49   3.06    34  36.91  32.45  18405
 -1221  49725 418281   1.02  16.35  14.90   8.77   105  38.89  31.44  17807
  1221  49710 418271   2.03  15.95  14.89   8.77   105  38.88  31.44  17807
  1221  49704 418273   2.98  14.50  14.72   8.79   105  38.75  31.46  17819
  1222  49706 418281   4.03  13.15  14.73   8.51   101  38.75  31.45  17814
  1222  49709 418284   5.01  12.45  14.41   8.47   100  38.74  31.70  17961
  1224  49703 418282   6.02  11.20  14.24   8.16    96  38.77  31.87  18059
  1224  49704 418266   7.09  12.05  14.27   8.21    97  38.78  31.85  18050
  1224  49708 418262   8.18  11.90  14.17   8.22    97  38.78  31.93  18098
  1225  49721 418259   8.97  51.25  14.12   8.03    95  38.82  32.01  18144
  1225  49726 418259  10.07  10.70  14.11   8.00    94  38.82  32.02  18148
  1226  49735 418265  11.02   9.80  13.81   7.62    89  38.69  32.15  18225
  1227  49733 418271  12.02   7.15  13.66   7.55    88  38.75  32.33  18331
  1228  49726 418279  13.05   4.90  13.58   7.32    86  38.76  32.41  18376
  1229  49720 418278  14.02   3.85  13.32   6.66    78  38.56  32.44  18397
  1229  49717 418274  15.00   3.90  13.12   6.69    78  38.36  32.43  18388
  1232  49723 418266  16.01  51.25  12.61   4.93    57  37.93  32.46  18407
  1232  49725 418267  17.04   2.60  12.55   4.79    55  37.87  32.45  18404
  1233  49720 418275  18.05   0.40  12.44   4.53    52  37.79  32.47  18416
 -1240  48782 418210   1.01  42.65  14.79   8.95   107  38.66  31.32  17739
  1240  48770 418211   2.04  41.75  14.78   8.96   107  38.73  31.39  17780
  1240  48764 418210   3.04  40.75  14.75   8.96   107  38.72  31.41  17789
  1241  48764 418207   3.96  39.95  14.72   8.97   107  38.70  31.41  17793
  1242  48781 418190   4.99  38.80  14.37   8.69   103  38.65  31.65  17933
  1242  48786 418194   6.07  37.95  14.51   8.67   103  38.68  31.56  17882
  1242  48789 418196   6.96  37.10  14.47   8.69   103  38.70  31.61  17911
  1243  48786 418193   8.00  36.10  14.17   8.35    99  38.94  32.08  18183
  1243  48784 418193   9.03  35.15  14.15   8.30    98  39.03  32.18  18241
  1244  48783 418193  10.05  34.05  14.04   8.27    98  39.14  32.37  18354
  1244  48779 418195  11.01  33.25  13.90   8.06    95  39.17  32.52  18439
  1244  48779 418196  12.03  31.45  13.87   8.06    95  39.16  32.54  18448
  1245  48774 418202  12.96  31.30  13.83   7.58    89  39.12  32.53  18447
  1246  48767 418207  14.04  30.25  13.69   7.36    86  39.02  32.56  18462
  1246  48777 418203  15.04  29.30  13.65   7.24    85  38.97  32.55  18455
  1247  48780 418199  15.99  28.50  13.68   7.23    85  39.00  32.55  18456
  1247  48781 418195  17.06  27.30  13.65   7.23    85  38.99  32.56  18466
  1248  48780 418183  17.99  26.35  13.26   6.24    73  38.61  32.54  18454
  1249  48791 418190  19.05  25.40  12.38   4.84    55  37.77  32.50  18435
  1249  48788 418190  20.06  24.40  12.24   4.87    55  37.63  32.49  18428
  1250  48779 418187  21.00  23.50  12.19   3.72    42  37.58  32.49  18425
  1251  48779 418185  22.08  22.65  12.10   3.66    42  37.52  32.51  18437
  1253  48776 418196  23.02  21.60  11.86   2.51    28  37.28  32.48  18425
  1253  48777 418192  23.98  20.65  11.75   2.50    28  37.16  32.46  18413
  1254  48781 418190  25.07  19.75  11.69   2.03    23  37.14  32.50  18433
  1254  48782 418193  26.03  18.80  11.69   2.03    23  37.14  32.50  18433
  1256  48781 418191  27.00  17.75  11.62   1.58    18  37.07  32.49  18429
  1256  48782 418191  28.02  16.80  11.61   1.55    17  37.07  32.50  18434
  1256  48783 418190  29.04  15.90  11.62   1.52    17  37.08  32.50  18435
  1256  48784 418190  29.94  14.90  11.63   1.49    17  37.09  32.50  18435
  1257  48785 418192  31.08  13.75  11.63   1.44    16  37.11  32.52  18447
  1258  48784 418190  32.03  12.85  11.63   1.13    13  37.10  32.51  18441
  1258  48781 418192  33.05  12.00  11.61   1.07    12  37.11  32.54  18457
  1259  48779 418192  34.05  11.25  11.54   0.69     8  37.03  32.52  18447
  1259  48783 418187  35.06  10.00  11.47   0.66     7  36.99  32.54  18461
  1259  48784 418185  35.98   9.05  11.25   0.66     7  36.76  32.51  18443
  1300  48786 418184  37.03   8.00  11.16   0.63     7  36.68  32.51  18444
  1300  48787 418182  37.94   7.10  10.97   0.60     7  36.49  32.49  18433
  1300  48788 418181  39.03   6.10  10.68   0.60     7  36.21  32.47  18422
  1300  48788 418181  40.12   5.10  10.26   0.59     6  35.80  32.43  18402
  1301  48789 418183  40.96   4.30  10.07   0.57     6  35.64  32.44  18407
  1301  48789 418187  42.04   3.30   9.78   0.57     6  35.34  32.40  18383
  1301  48788 418190  43.27   2.15   9.65   0.56     6  35.23  32.40  18386
  1301  48786 418191  43.95   1.15   9.48   0.55     6  35.09  32.41  18392
 -1308  47968 418357   1.03  51.25  14.72   8.96   107  39.00  31.68  17950
  1308  47954 418376   2.05  14.35  14.72   8.97   107  39.03  31.71  17966
  1309  47942 418392   3.05  12.35  14.71   8.87   106  39.04  31.73  17976
  1310  47956 418366   4.01  51.25  14.49   8.56   102  38.93  31.81  18023
  1310  47958 418363   5.08  11.60  14.47   8.61   102  38.93  31.82  18033
  1311  47963 418363   5.98  10.75  14.33   8.47   100  38.94  31.95  18106
  1311  47962 418364   6.97   9.80  14.29   8.44   100  38.95  31.99  18130
  1311  47964 418364   8.02   8.75  14.28   8.31    98  38.92  31.97  18119
  1312  47965 418364   9.04   8.15  14.30   8.30    98  39.01  32.04  18157
  1312  47964 418363  10.01   7.00  14.15   8.31    98  39.14  32.28  18300
  1314  47949 418366  11.02   6.20  13.75   7.39    87  38.91  32.41  18373
  1314  47949 418366  12.04   5.30  13.72   7.40    87  38.95  32.47  18410
  1315  47952 418364  13.03   4.30  13.67   7.43    87  38.94  32.50  18429
  1315  47958 418363  13.96   2.95  13.63   7.41    87  38.93  32.53  18443
  1315  47957 418365  15.15   1.90  13.62   7.38    86  38.93  32.53  18448
  1316  47955 418366  16.11  51.25  13.58   7.34    86  38.92  32.56  18463
 -1321  47468 418829   1.12  13.85  14.44   8.64   103  39.47  32.34  18333
  1322  47462 418855   2.06  51.25  14.22   8.75   104  39.75  32.78  18591
  1322  47458 418859   3.11  11.95  14.20   8.71   104  39.77  32.82  18611
  1323  47457 418857   3.98  11.10  14.10   8.69   103  39.89  33.01  18726
  1323  47455 418852   5.01  10.55  13.98   8.61   102  39.93  33.15  18808
  1323  47464 418851   5.99   9.20  13.97   8.49   100  39.93  33.16  18813
  1324  47470 418847   7.05   7.40  13.93   8.43   100  39.98  33.24  18860
  1324  47467 418840   8.02   6.95  13.91   8.44   100  40.00  33.28  18881
  1325  47466 418835   9.06   5.50  13.97   8.41   100  39.95  33.18  18823
  1325  47471 418831  10.05   3.50  13.93   8.41   100  39.96  33.23  18849
  1325  47477 418829  11.08   0.80  13.88   8.38    99  40.01  33.32  18901
