# MEETVAARTUIG :
# MEETDATUM    : 2017-08-02 00:00:00
# MEETGEBIED   : GREVELINGEN
# STARTPUNT    : Grevelingen
# EINDPUNT     : Grevelingen
# PROJECTCODE  : E7501X
# OPDRACHTGEVER: ZLXXAXAMDBG
# BEHEERDER    : ZLXXAXBMDBG
# BEMONST. INST:
# WAARNEMER(S) : Kevin de Vlaam
#
* 20170802
$ 9999 [000000000000000]
>TIJD      uumm                    
>X         coordinaat              
>Y         coordinaat              
>SENSHTE   Diepte set        m     
>Echms     Echoset           mtrs  
>Temp      Temperatuur       oC        : 10  1.0  11  1.0
>pH        Zuurgraad         dimsls
>O2        Zuurstof          mg/l  
>%O2       Zuurstof%         %     
>GELBH     Geleidendheid     mS/cm 
>GEL20     Gel20             ???   
>SALNTT    Saliniteit        dimsl 
>CL-       Chloride          mg/l      : 16500  125  13  125
>CHFLYSI   Chlorofyl         ugr/l 
>TURBID    Troebelheid       NTU   
 -2359  47466 418850   1.00   9999   9999   9999   9999  9999   9999  9999   9999   9999   9999   9999
  2359  47466 418850  15.96   9999   9999   9999   9999  9999   9999  9999   9999   9999   9999   9999
 -2359  47960 418357   1.00   9999   9999   9999   9999  9999   9999  9999   9999   9999   9999   9999
  2359  47960 418357  16.06   9999   9999   9999   9999  9999   9999  9999   9999   9999   9999   9999
 -1013  48732 418183   0.99  43.78  19.97   8.00   8.10   106  43.29  4332  31.26  17686   3.50   0.10
  1015  48714 418171   2.00  42.39  19.97   8.00   8.15   107  43.30  4333  31.27  17691   3.30   0.10
  1017  48708 418182   3.00  41.32  19.96   7.98   7.49    98  43.34  4338  31.31  17714   3.00   0.10
  1017  48727 418176   4.00  39.98  19.95   7.99   7.89   104  43.29  4334  31.28  17695   2.80   0.10
  1019  48761 418175   5.01  39.44  19.94   8.00   7.98   105  43.27  4332  31.27  17690   2.80   0.00
  1020  48772 418186   6.00  38.51  19.96   7.95   7.02    92  43.40  4344  31.36  17742   2.80   0.10
  1021  48759 418165   6.97  37.17  19.65   7.94   6.34    83  44.27  4460  32.30  18288   1.20   0.70
  1022  48753 418156   7.99  36.47  19.61   7.94   6.15    81  44.28  4465  32.34  18311   1.20   0.60
  1023  48745 418148   9.00  34.62  19.75   7.97   6.61    87  44.60  4484  32.49  18399   1.20   0.90
  1024  48753 418161   9.95  34.77  19.75   7.95   6.23    82  44.64  4488  32.53  18418   1.10   0.80
  1025  48760 418172  11.00  33.89  19.52   7.94   5.93    78  44.64  4510  32.70  18523   0.90   0.90
  1025  48762 418176  11.96  32.98  19.53   7.95   6.03    79  44.68  4513  32.73  18537   1.00   0.90
  1026  48758 418172  12.98  31.48  19.54   7.95   6.07    80  44.71  4515  32.75  18547   0.70   0.90
  1026  48754 418168  14.02  30.28  19.41   7.95   6.07    80  44.65  4521  32.80  18578   0.80   1.00
  1028  48748 418163  14.99  29.64  18.98   7.90   5.37    70  44.21  4518  32.78  18566   0.90   1.00
  1029  48749 418173  16.03  28.53  18.75   7.87   4.88    63  43.94  4513  32.73  18543   0.70   0.80
  1030  48738 418166  17.03  27.29  18.08   7.81   4.07    52  43.10  4492  32.56  18446   0.60   0.80
  1032  48747 418184  18.02  26.82  16.91   7.70   2.67    33  41.77  4467  32.36  18334   0.40   0.40
  1033  48734 418170  19.00  25.29  16.49   7.65   2.15    27  41.35  4464  32.33  18321   0.40   0.40
  1035  48736 418176  19.99  24.44  15.82   7.60   1.47    18  40.60  4449  32.22  18257   0.40   0.60
  1036  48737 418171  20.99  23.38  15.49   7.57   1.26    15  40.22  4441  32.15  18219   0.20   0.20
  1037  48735 418165  21.98  22.27  15.06   7.54   0.90    11  39.77  4434  32.10  18191   0.20   0.60
  1037  48736 418167  22.98  21.37  14.78   7.52   0.64     8  39.42  4423  32.01  18142   0.30   0.70
  1038  48740 418178  24.00  20.54  14.30   7.50   0.40     5  38.96  4421  31.99  18131   0.10   1.60
  1039  48741 418180  25.00  19.55  14.26   7.49   0.36     4  38.92  4420  31.99  18129   0.10   2.20
  1039  48740 418179  26.00  18.88  13.70   7.49   0.33     4  38.33  4410  31.91  18085   0.20   2.70
  1040  48738 418176  27.01  17.50  13.55   7.48   0.31     4  38.17  4407  31.89  18072   0.10   2.60
  1040  48737 418174  28.00  16.50  13.27   7.47   0.30     4  37.93  4409  31.90  18079   0.10   2.40
  1040  48736 418172  29.02  15.36  12.43   7.46   0.29     3  37.12  4401  31.84  18049   0.30   0.90
  1041  48736 418172  29.98  14.48  11.87   7.44   0.28     3  36.55  4392  31.77  18010   0.30   0.30
  1041  48736 418172  30.95  13.50  11.69   7.43   0.28     3  36.40  4393  31.78  18015   0.30   0.20
  1041  48735 418173  32.00  12.43  10.91   7.42   0.27     3  35.68  4389  31.74  17998   0.30   0.10
  1042  48736 418174  33.03  11.43  10.33   7.40   0.27     3  35.18  4390  31.75  18004   0.10   0.10
  1042  48737 418176  34.00  10.48  10.09   7.39   0.26     3  34.94  4386  31.72  17986   0.10   0.10
  1049  48750 418171  35.00   9.43   9.84   7.45   0.49     5  34.78  4393  31.78  18021   0.10   0.00
  1051  48737 418163  36.01   8.23   9.70   7.39   0.48     5  34.64  4390  31.76  18010   0.20   0.00
  1051  48736 418164  37.03   7.09   9.66   7.38   0.43     5  34.59  4388  31.74  18001   0.10   0.00
  1051  48738 418167  38.02   5.06   9.60   7.38   0.38     4  34.55  4390  31.75  18009   0.20   0.10
  1052  48739 418169  39.01   3.38   9.59   7.38   0.35     4  34.54  4390  31.75  18008   0.30   0.10
  1052  48740 418171  40.01   2.69   9.57   7.38   0.34     4  34.52  4389  31.75  18006   0.20   0.10
  1052  48740 418171  41.00   1.09   9.57   7.38   0.34     4  34.52  4389  31.75  18006   0.20   0.10
 -2359  49730 418270   1.00   9999   9999   9999   9999  9999   9999  9999   9999   9999   9999   9999
  2359  49730 418270  17.00   9999   9999   9999   9999  9999   9999  9999   9999   9999   9999   9999
 -2359  50728 418380   1.00   9999   9999   9999   9999  9999   9999  9999   9999   9999   9999   9999
  2359  50728 418380  27.01   9999   9999   9999   9999  9999   9999  9999   9999   9999   9999   9999
 -2359  51572 418570   1.00   9999   9999   9999   9999  9999   9999  9999   9999   9999   9999   9999
  2359  51572 418570  37.00   9999   9999   9999   9999  9999   9999  9999   9999   9999   9999   9999
 -2359  52940 420290   1.00   9999   9999   9999   9999  9999   9999  9999   9999   9999   9999   9999
  2359  52940 420290  10.00   9999   9999   9999   9999  9999   9999  9999   9999   9999   9999   9999
 -2359  53710 421060   1.00   9999   9999   9999   9999  9999   9999  9999   9999   9999   9999   9999
  2359  53710 421060  16.03   9999   9999   9999   9999  9999   9999  9999   9999   9999   9999   9999
 -2359  55190 421380   1.00   9999   9999   9999   9999  9999   9999  9999   9999   9999   9999   9999
  2359  55190 421380  20.00   9999   9999   9999   9999  9999   9999  9999   9999   9999   9999   9999
 -2359  56280 420520   1.00   9999   9999   9999   9999  9999   9999  9999   9999   9999   9999   9999
  2359  56280 420520  12.02   9999   9999   9999   9999  9999   9999  9999   9999   9999   9999   9999
 -2359  57620 418940   1.00   9999   9999   9999   9999  9999   9999  9999   9999   9999   9999   9999
  2359  57620 418940  16.05   9999   9999   9999   9999  9999   9999  9999   9999   9999   9999   9999
 -2359  57960 417200   1.00   9999   9999   9999   9999  9999   9999  9999   9999   9999   9999   9999
  2359  57960 417200  19.92   9999   9999   9999   9999  9999   9999  9999   9999   9999   9999   9999
 -0857  59107 414914   1.00  17.40  19.99   8.06   8.75   115  42.53  4254  30.64  17324   3.70  -0.10
  0859  59079 414899   2.00  17.06  19.89   7.97   7.42    97  42.55  4265  30.73  17376   2.90  -0.20
  0859  59085 414905   3.04  15.56  19.86   7.96   7.35    96  42.57  4270  30.77  17398   3.20  -0.10
  0900  59094 414919   3.94  13.83  19.81   7.91   6.62    87  42.48  4265  30.73  17377   1.90  -0.20
  0901  59087 414911   5.00  13.36  19.78   7.90   6.50    85  42.47  4267  30.74  17385   1.80  -0.10
  0903  59075 414898   5.99  13.35  19.85   7.97   7.59    99  42.68  4282  30.86  17453   3.00  -0.20
  0904  59090 414929   7.00  10.51  19.88   7.96   7.41    97  42.83  4294  30.96  17510   3.40   0.00
  0906  59074 414907   7.94  11.46  19.71   7.91   6.74    88  42.74  4300  31.01  17542   2.10  -0.20
  0907  59072 414896   8.99  10.74  19.64   7.91   6.75    88  42.69  4302  31.02  17548   1.80  -0.20
  0908  59075 414901   9.95   9.41  19.57   7.86   6.07    79  42.70  4309  31.08  17583   2.10  -0.20
  0909  59085 414920  10.96   7.38  19.54   7.84   5.84    76  42.70  4312  31.11  17596   1.20  -0.30
  0910  59086 414925  12.00   6.01  19.48   7.81   5.32    69  42.68  4315  31.13  17613   0.60  -0.40
  0911  59071 414909  13.00   6.06  19.47   7.81   5.39    70  42.67  4315  31.13  17613   0.40  -0.40
  0912  59063 414905  14.01   5.71  19.47   7.82   5.40    70  42.68  4316  31.14  17618   0.70  -0.30
  0912  59068 414916  15.02   4.43  19.45   7.81   5.41    70  42.67  4317  31.15  17621   0.40  -0.40
  0913  59071 414925  16.00   2.86  19.42   7.81   5.46    71  42.65  4318  31.15  17625   0.20  -0.50
  0913  59072 414928  16.99   1.93  19.42   7.81   5.45    71  42.65  4318  31.15  17625   0.30  -0.40
  0914  59071 414915  18.05   1.08  19.40   7.80   5.18    67  42.64  4319  31.16  17629   0.20  -0.40
 -2359  61220 413050   1.00   9999   9999   9999   9999  9999   9999  9999   9999   9999   9999   9999
  2359  61220 413050   8.95   9999   9999   9999   9999  9999   9999  9999   9999   9999   9999   9999
 -2359  62300 412250   1.00   9999   9999   9999   9999  9999   9999  9999   9999   9999   9999   9999
  2359  62300 412250  17.00   9999   9999   9999   9999  9999   9999  9999   9999   9999   9999   9999
 -0811  65268 412093   1.11  12.72  20.16   8.07   8.67   114  42.48  4233  30.47  17228   3.58  -0.10
  0811  65265 412089   1.99  11.84  20.17   8.07   8.63   113  42.48  4233  30.47  17224   3.27  -0.13
  0812  65267 412088   2.99  10.73  20.17   8.07   8.62   113  42.48  4233  30.47  17224   3.60  -0.10
  0812  65264 412086   4.12   9.40  20.17   8.07   8.61   113  42.48  4233  30.47  17224   3.70  -0.10
  0812  65259 412086   5.11   8.26  20.17   8.07   8.60   113  42.48  4233  30.47  17224   3.50  -0.10
  0812  65255 412086   6.00   7.37  20.16   8.07   8.58   113  42.48  4234  30.47  17229   3.40  -0.10
  0813  65251 412087   6.92   6.58  20.15   8.07   8.56   112  42.47  4234  30.47  17228   3.50  -0.18
  0814  65236 412096   8.05   5.88  19.98   7.97   6.74    88  42.45  4247  30.58  17290   2.00  -0.30
  0815  65241 412110   9.04   5.83  19.70   7.86   5.66    74  42.79  4306  31.06  17569   1.18  -0.30
  0816  65249 412110   9.97   5.08  19.67   7.87   5.82    76  42.79  4309  31.08  17582   1.40  -0.30
  0817  65255 412113  10.93   4.35  19.66   7.87   5.87    77  42.79  4310  31.09  17587   1.18  -0.30
  0818  65251 412117  12.01   3.58  19.63   7.85   5.46    71  42.78  4312  31.10  17595   0.67  -0.40
  0818  65252 412119  13.03   2.64  19.63   7.84   5.43    71  42.78  4312  31.10  17595   0.60  -0.40
  0818  65253 412121  14.07   1.64  19.63   7.85   5.44    71  42.78  4312  31.10  17595   0.40  -0.30
  0819  65251 412120  14.97   0.75  19.63   7.84   5.35    70  42.78  4312  31.10  17595   0.60  -0.30
 -2359  66330 411630   1.00   9999   9999   9999   9999  9999   9999  9999   9999   9999   9999   9999
  2359  66330 411630   7.00   9999   9999   9999   9999  9999   9999  9999   9999   9999   9999   9999
 -2359  67340 411360   1.00   9999   9999   9999   9999  9999   9999  9999   9999   9999   9999   9999
  2359  67340 411360  11.97   9999   9999   9999   9999  9999   9999  9999   9999   9999   9999   9999
 -2359  68840 411250   1.00   9999   9999   9999   9999  9999   9999  9999   9999   9999   9999   9999
  2359  68840 411250  10.94   9999   9999   9999   9999  9999   9999  9999   9999   9999   9999   9999
 -2359  69280 410950   1.00   9999   9999   9999   9999  9999   9999  9999   9999   9999   9999   9999
  2359  69280 410950   4.79   9999   9999   9999   9999  9999   9999  9999   9999   9999   9999   9999
