# MEETVAARTUIG : M.S. ARGUS
# MEETDATUM    : 23-09-2009 08:01:14
# MEETGEBIED   : GREVELINGEN
# STARTPUNT    : Grevelingendam
# EINDPUNT     : Brouwersdam
# PROJECTCODE  : E7501X
# OPDRACHTGEVER: ZLXXAXAMDBG
# BEHEERDER    : ZLXXAXAMDBG
# BEMONST. INST:
# WAARNEMER(S) : Geert den Hartog
#
* 20090923
$ 9999 [00000000000]
>TIJD      uumm                    
>X         coordinaat              
>Y         coordinaat              
>SENSHTE   Diepte set        m     
>ECHOS     Echoset           mtrs  
>Temp       Temperatuur       oC        : 10  1.0  11  1.0
>O2        Zuurstof          mg/l  
>%O2        Zuurstof%         %     
>GELBH     Geleidendheid     mS/cm 
>SALNTT    Saliniteit        dimsl 
>CL-       Chloride          mg/l      : 16750  125  13  125
 -0801  69279 410979   0.97   5.36  17.53   7.72    97  41.56  31.69  17944
  0801  69285 410957   2.03   4.11  17.49   7.71    97  41.56  31.72  17961
  0802  69287 410947   3.02   2.95  17.44   7.73    97  41.37  31.63  17889
  0802  69275 410946   4.08   2.30  17.40   7.82    98  41.32  31.62  17883
  0803  69271 410947   5.05   1.50  17.35   7.84    98  41.46  31.76  17978
  0803  69271 410947   6.01  24.67  17.33   7.86    98  41.45  31.74  17981
 -0806  68863 411225   1.17   0.40  17.42   7.95    99  41.34  31.59  17884
  0806  68833 411252   2.08  51.30  17.47   7.93    99  41.53  31.71  17955
  0807  68834 411256   3.08   7.45  17.45   7.94    99  41.60  31.79  17999
  0807  68836 411259   3.97   6.25  17.41   7.93    99  41.60  31.82  18017
  0807  68838 411261   5.10   4.80  17.44   7.92    99  41.64  31.83  18023
  0807  68839 411264   6.06   3.25  17.43   7.90    99  41.64  31.84  18028
  0808  68843 411262   7.06   1.80  17.35   7.84    98  41.61  31.87  18050
  0808  68845 411262   7.99   0.60  17.31   7.79    97  41.50  31.81  18014
 -0816  67363 411359   1.06  51.25  17.26   8.47   106  41.09  31.50  17833
  0817  67333 411357   2.00  51.25  17.27   8.47   106  41.42  31.77  17992
  0817  67333 411357   3.03   9.15  17.32   8.47   106  41.40  31.72  17959
  0817  67340 411358   4.01   8.15  17.26   8.46   106  41.43  31.79  18002
  0818  67347 411360   5.07   7.15  17.25   8.45   105  41.44  31.81  18011
  0819  67343 411362   6.08   6.20  17.12   8.16   102  41.32  31.81  18012
  0819  67339 411366   7.07   5.30  17.10   8.13   101  41.30  31.80  18011
  0819  67337 411366   8.00   4.45  17.13   8.07   100  41.28  31.76  17987
  0819  67337 411367   9.00   3.50  17.06   8.03   100  41.28  31.82  18019
  0820  67338 411369  10.10   2.55  17.13   7.99   100  41.30  31.78  17997
  0822  67345 411360  11.05   1.45  16.71   6.12    76  41.19  32.02  18137
  0823  67358 411349  12.02   0.40  16.59   5.59    69  41.17  32.10  18183
 -0830  66346 411626   1.05  51.25  17.27   8.51   106  40.93  31.35  17750
  0830  66343 411628   1.98  51.25  17.30   8.44   105  41.43  31.76  17984
  0830  66339 411632   2.98   0.40  17.18   8.41   105  41.40  31.83  18024
  0830  66335 411635   4.10   0.40  17.22   8.36   104  41.41  31.80  18010
  0831  66330 411647   5.06   3.30  17.11   8.00   100  41.33  31.82  18021
  0831  66327 411647   6.01   2.25  17.06   8.00   100  41.30  31.84  18029
  0832  66319 411647   7.00   0.85  17.12   7.94    99  41.36  31.84  18032
 -0839  65291 412077   1.08  11.80  17.11   8.08   101  41.41  31.89  18061
  0839  65259 412079   2.04  10.90  17.17   8.05   100  41.41  31.84  18033
  0839  65255 412080   3.07   9.85  17.11   8.04   100  41.41  31.89  18061
  0840  65257 412081   4.07   8.90  17.11   8.03   100  41.41  31.89  18061
  0840  65259 412084   5.04   8.25  17.11   8.02   100  41.42  31.90  18066
  0840  65261 412086   6.07   7.40  17.09   7.98    99  41.40  31.90  18065
  0840  65265 412088   7.07   6.75  17.08   7.93    99  41.40  31.91  18070
  0841  65271 412094   8.06   6.20  17.07   7.77    97  41.39  31.90  18070
  0841  65272 412095   9.06   5.35  17.11   7.71    96  41.37  31.86  18041
  0842  65272 412096  10.06   4.45  17.04   7.59    94  41.37  31.91  18074
  0842  65270 412097  11.00   3.50  17.03   7.55    94  41.37  31.92  18078
  0843  65263 412087  11.96   1.60  16.87   6.98    86  41.27  31.96  18102
  0843  65265 412086  13.00   0.55  16.87   6.93    86  41.28  31.97  18108
 -0857  62334 412242   1.08  51.25  17.06   8.17   102  41.24  31.78  18000
  0857  62306 412249   2.05  51.25  17.05   8.17   102  41.36  31.89  18064
  0857  62306 412251   3.10  14.00  17.05   8.16   102  41.42  31.95  18094
  0857  62310 412254   4.01  13.40  17.05   8.14   101  41.42  31.95  18094
  0857  62310 412258   5.00  12.40  17.05   8.13   101  41.42  31.95  18094
  0859  62301 412254   6.03  11.30  16.98   7.77    97  41.48  32.05  18156
  0859  62302 412253   6.97  10.45  16.98   7.72    96  41.48  32.05  18156
  0859  62303 412249   8.05   9.40  16.98   7.63    95  41.51  32.08  18171
  0900  62303 412243   9.00   8.45  16.91   7.53    94  41.47  32.10  18184
  0900  62301 412241   9.94   7.40  16.90   7.50    93  41.49  32.13  18199
  0902  62300 412252  11.08   6.55  16.65   6.04    75  41.32  32.18  18231
  0902  62300 412254  12.02   5.60  16.54   6.02    74  41.27  32.22  18257
  0903  62300 412271  13.06   4.75  16.50   5.66    70  41.29  32.27  18286
  0903  62299 412273  14.04   3.70  16.48   5.64    70  41.35  32.34  18326
  0903  62297 412273  15.05  51.20  16.47   5.64    70  41.39  32.39  18351
  0903  62295 412273  16.14  51.25  16.41   5.67    70  41.37  32.42  18369
  0904  62293 412272  17.00  51.25  16.44   5.68    70  41.40  32.42  18370
 -0911  61232 413034   1.15  51.25  16.98   8.06   100  41.21  31.82  18021
  0911  61224 413047   2.06  51.25  16.97   8.05   100  41.33  31.93  18086
  0912  61222 413054   3.06   0.45  16.96   8.06   100  41.33  31.94  18091
  0912  61223 413057   4.01   5.85  16.91   8.05   100  41.26  31.92  18079
  0912  61224 413063   4.97   4.95  16.92   8.02   100  41.36  32.00  18124
  0912  61225 413067   6.03   3.90  16.93   7.99    99  41.34  31.97  18110
  0913  61216 413066   7.07   2.95  16.90   7.69    95  41.42  32.07  18164
  0914  61213 413064   7.96   2.10  16.96   7.63    95  41.50  32.09  18176
  0915  61227 413044   9.15   1.00  16.69   5.93    73  41.34  32.16  18222
 -0927  59318 414101   1.20  51.25  16.82   7.92    98  41.52  32.22  18251
  0927  59311 414105   2.07  51.25  16.81   7.95    99  41.52  32.22  18256
  0927  59310 414107   3.05  51.25  16.81   7.97    99  41.53  32.23  18261
  0927  59312 414109   4.00  51.25  16.82   7.97    99  41.53  32.22  18256
  0928  59309 414108   5.07  51.25  16.81   7.97    99  41.53  32.23  18261
  0928  59308 414109   6.02  16.40  16.80   7.97    99  41.53  32.24  18266
  0928  59307 414111   6.95  15.70  16.79   7.95    99  41.52  32.24  18265
  0928  59307 414111   7.97  14.75  16.79   7.93    98  41.52  32.24  18265
  0929  59306 414111   8.93  13.65  16.81   7.90    98  41.52  32.22  18256
  0929  59305 414109  10.00  12.80  16.81   7.88    98  41.52  32.22  18256
  0929  59305 414109  11.06  51.25  16.80   7.87    98  41.53  32.24  18266
  0929  59304 414110  12.04  10.80  16.80   7.88    98  41.53  32.24  18266
  0929  59303 414113  13.07   9.65  16.80   7.87    98  41.53  32.24  18266
  0930  59304 414113  14.08   8.65  16.80   7.87    98  41.53  32.24  18266
  0932  59312 414131  15.02  51.25  16.45   6.09    75  41.42  32.43  18376
  0932  59308 414132  16.03  51.25  16.48   6.01    74  41.41  32.39  18356
  0932  59307 414134  17.04  51.25  16.43   6.00    74  41.41  32.44  18380
  0933  59308 414136  18.08  16.25  16.47   5.97    74  41.41  32.40  18361
  0933  59310 414137  18.98   4.70  16.47   5.95    73  41.42  32.41  18366
  0933  59312 414138  19.94  51.25  16.42   5.93    73  41.41  32.44  18385
  0933  59313 414140  21.09  51.25  16.46   5.90    73  41.41  32.41  18366
  0934  59312 414140  22.13  51.25  16.45   5.88    72  41.41  32.42  18371
  0934  59311 414141  22.92  51.25  16.40   5.87    72  41.42  32.47  18399
 -0950  57961 417176   1.23  51.25  17.04   8.21   102  41.29  31.84  18034
  0950  57964 417207   2.16  51.25  17.03   8.17   102  41.78  32.27  18283
  0951  57968 417214   3.00  51.15  17.03   8.14   101  41.80  32.29  18293
  0951  57970 417221   3.97  15.95  17.04   8.12   101  41.80  32.28  18288
  0951  57970 417224   5.02  14.85  17.04   8.09   101  41.80  32.28  18288
  0951  57968 417224   5.99  51.25  17.03   8.07   101  41.80  32.29  18293
  0951  57964 417222   7.05   1.95  17.02   8.07   100  41.80  32.30  18298
  0952  57961 417220   8.00  11.95  17.02   8.04   100  41.79  32.29  18293
  0952  57960 417217   9.09  10.85  17.01   8.00   100  41.78  32.29  18292
  0952  57960 417215  10.19   9.85  16.99   7.94    99  41.77  32.30  18297
  0954  57966 417215  11.06   9.05  16.71   6.92    86  41.62  32.39  18353
  0955  57961 417222  12.10   7.95  16.55   6.74    83  41.46  32.38  18348
  0955  57958 417222  13.07   7.05  16.52   6.65    82  41.44  32.39  18353
  0956  57953 417216  14.01   6.20  16.49   6.36    78  41.41  32.39  18352
  0956  57953 417215  14.95   5.55  16.49   6.34    78  41.41  32.39  18352
  0956  57954 417213  16.02  51.25  16.44   6.35    78  41.39  32.41  18365
  0957  57960 417209  16.96   3.60  16.37   6.25    77  41.38  32.46  18393
  0957  57964 417202  18.06   2.45  16.40   6.14    76  41.38  32.43  18379
  0957  57961 417202  18.96   1.55  16.39   6.08    75  41.37  32.43  18379
  0959  57953 417203  19.92  51.25  16.38   5.80    71  41.36  32.43  18378
 -1008  57640 418912   1.05  14.80  16.92   7.70    96  41.64  32.24  18265
  1008  57631 418938   2.04  14.20  16.92   7.62    95  41.64  32.24  18265
  1009  57624 418945   3.05  12.90  16.92   7.60    94  41.65  32.25  18270
  1009  57620 418948   4.03  11.90  16.87   7.59    94  41.62  32.26  18278
  1009  57620 418948   4.97  10.95  16.92   7.56    94  41.62  32.22  18255
  1009  57616 418950   6.00  10.00  16.90   7.54    94  41.63  32.25  18269
  1009  57611 418953   6.99  51.25  16.90   7.52    94  41.64  32.26  18274
  1010  57609 418953   7.95   8.40  16.90   7.51    93  41.64  32.26  18274
  1010  57613 418953   9.00   7.30  16.88   7.49    93  41.65  32.28  18288
  1011  57632 418958  10.07   5.70  16.74   7.02    87  41.59  32.34  18324
  1013  57629 418952  11.00   5.10  16.54   6.50    80  41.44  32.37  18343
  1013  57624 418952  12.04   4.20  16.52   6.50    80  41.45  32.40  18358
  1013  57623 418945  13.01   3.45  16.42   6.44    79  41.41  32.44  18385
  1014  57620 418943  13.92  51.25  16.47   6.38    79  41.40  32.39  18356
  1014  57621 418941  15.02   1.50  16.47   6.34    78  41.40  32.39  18356
  1014  57622 418938  16.05   0.55  16.46   6.30    78  41.40  32.40  18361
 -1025  56266 420502   1.06  51.25  16.99   8.03   100  41.75  32.28  18287
  1025  56258 420510   2.04   9.25  16.97   8.02   100  41.73  32.28  18286
  1025  56263 420511   3.04   8.65  16.94   7.98    99  41.71  32.28  18290
  1025  56268 420511   4.02   8.05  16.97   7.94    99  41.73  32.28  18286
  1026  56272 420508   5.05   7.25  16.97   7.93    99  41.73  32.28  18286
  1026  56280 420507   6.03   6.50  16.94   7.92    98  41.72  32.29  18295
  1026  56289 420504   7.07   5.65  16.95   7.89    98  41.72  32.28  18291
  1027  56293 420501   7.98   4.70  16.93   7.79    97  41.73  32.31  18305
  1029  56271 420521   8.99   3.65  16.53   6.01    74  41.46  32.40  18358
  1029  56275 420520  10.13   2.55  16.53   5.96    74  41.46  32.40  18358
  1029  56279 420520  11.09   1.60  16.48   5.93    73  41.43  32.41  18366
  1029  56281 420517  12.02   0.70  16.45   5.93    73  41.41  32.42  18371
 -1037  55198 421370   1.12  18.50  16.97   8.09   101  41.74  32.29  18291
  1037  55168 421376   1.96  17.70  16.97   8.08   101  41.74  32.29  18291
  1038  55165 421375   3.01  51.25  16.90   8.09   101  41.74  32.34  18324
  1038  55166 421374   4.10  15.55  16.90   8.09   101  41.74  32.34  18324
  1038  55169 421374   5.03  14.65  16.94   8.07   100  41.73  32.30  18300
  1038  55174 421375   6.09  13.70  16.89   8.06   100  41.75  32.36  18334
  1039  55177 421375   7.04  12.85  16.89   8.04   100  41.75  32.36  18334
  1039  55178 421375   8.07  11.80  16.89   8.04   100  41.76  32.37  18339
  1039  55179 421374   9.16  10.85  16.94   8.00   100  41.75  32.32  18310
  1040  55184 421371  10.15   9.85  16.89   7.97    99  41.75  32.36  18334
  1040  55187 421369  11.10   8.95  16.95   7.96    99  41.75  32.31  18306
  1040  55189 421368  12.11   7.90  16.88   7.95    99  41.75  32.37  18339
  1041  55189 421367  13.19   6.85  16.87   7.93    99  41.75  32.38  18343
  1041  55188 421371  14.04   6.20  16.85   7.92    98  41.72  32.37  18338
  1041  55190 421377  15.09   5.45  16.82   7.91    98  41.70  32.37  18342
  1042  55187 421380  15.98   4.85  16.83   7.86    98  41.69  32.36  18332
  1042  55185 421380  17.09   3.55  16.82   7.84    97  41.66  32.34  18322
  1042  55184 421380  17.99   2.65  16.76   7.80    97  41.66  32.39  18350
  1042  55185 421380  18.91   1.95  16.82   7.76    96  41.66  32.34  18322
  1043  55191 421379  20.04  51.25  16.71   7.64    95  41.63  32.40  18358
 -1051  53715 421071   1.04  51.25  16.87   8.10   100  41.68  32.31  18308
  1051  53707 421064   1.98  14.80  16.86   8.08   100  41.72  32.36  18333
  1051  53709 421060   3.07  13.70  16.90   8.04   100  41.73  32.33  18319
  1051  53710 421058   4.07  12.70  16.85   8.03   100  41.73  32.37  18343
  1052  53708 421054   4.99  11.70  16.80   7.98    99  41.70  32.39  18351
  1052  53704 421053   5.97  10.80  16.80   7.91    98  41.69  32.38  18346
  1052  53701 421052   7.08   9.60  16.85   7.87    98  41.69  32.34  18323
  1053  53702 421049   8.13   8.60  16.79   7.84    97  41.70  32.40  18356
  1053  53703 421047   9.19   7.55  16.79   7.82    97  41.69  32.39  18351
  1053  53704 421042  10.05   6.75  16.84   7.79    97  41.69  32.35  18327
  1053  53703 421043  10.96   5.90  16.79   7.78    96  41.69  32.39  18351
  1054  53700 421046  12.08   4.85  16.79   7.75    96  41.69  32.39  18351
  1054  53700 421046  12.97   3.95  16.85   7.73    96  41.69  32.34  18323
  1054  53702 421045  13.95   3.00  16.78   7.71    96  41.68  32.39  18351
  1055  53698 421047  15.05   2.00  16.74   7.53    93  41.66  32.40  18359
  1055  53699 421048  16.02   1.05  16.78   7.47    93  41.66  32.37  18341
 -1102  52951 420280   1.07   9.45  16.82   7.84    97  41.67  32.35  18327
  1103  52934 420282   1.98   8.65  16.82   7.82    97  41.67  32.35  18327
  1103  52930 420282   3.04   7.75  16.82   7.80    97  41.67  32.35  18327
  1103  52926 420279   3.97   6.80  16.83   7.78    96  41.67  32.34  18322
  1103  52924 420278   5.07   5.75  16.82   7.76    96  41.67  32.35  18327
  1103  52925 420276   6.05   4.75  16.83   7.72    96  41.67  32.34  18322
  1104  52928 420270   7.07   3.65  16.77   7.75    96  41.52  32.26  18275
  1104  52930 420269   8.08   2.75  16.77   7.75    96  41.49  32.23  18260
  1104  52930 420268   9.13   1.70  16.82   7.73    96  41.67  32.35  18327
  1105  52929 420267  10.13   0.80  16.82   7.72    96  41.67  32.35  18327
 -1116  51608 418566   0.95  47.75  16.91   7.85    97  41.62  32.23  18259
  1116  51586 418554   1.92  33.70  16.91   7.83    97  41.62  32.23  18259
  1117  51564 418540   2.78  32.75  16.88   7.77    96  41.60  32.24  18263
  1117  51562 418540   3.90  31.95  16.91   7.73    96  41.60  32.21  18249
  1117  51559 418548   5.01  31.15  16.85   7.76    96  41.44  32.12  18197
  1117  51557 418555   5.96  30.05  16.82   7.74    96  41.59  32.28  18286
  1118  51554 418562   7.00  27.70  16.87   7.71    96  41.59  32.24  18263
  1118  51551 418566   8.01  50.30  16.82   7.70    95  41.59  32.28  18286
  1118  51546 418571   8.91  24.50  16.88   7.69    95  41.59  32.23  18258
  1119  51557 418574  10.06  24.30  16.89   7.70    96  41.59  32.22  18254
  1119  51565 418574  10.99  24.25  16.87   7.71    96  41.59  32.24  18263
  1119  51573 418573  12.08  24.10  16.82   7.72    96  41.59  32.28  18286
  1120  51575 418562  13.12  24.05  16.82   7.74    96  41.60  32.29  18291
  1120  51575 418555  14.10  51.25  16.83   7.73    96  41.60  32.28  18287
  1120  51574 418549  15.07  21.65  16.87   7.74    96  41.59  32.24  18263
  1121  51572 418547  15.93  51.25  16.87   7.71    96  41.59  32.24  18263
  1121  51569 418545  16.96  20.70  16.82   7.70    96  41.60  32.29  18291
  1121  51566 418543  18.07  51.20  16.82   7.69    95  41.61  32.29  18297
  1124  51569 418555  19.02  51.25  16.87   6.63    82  41.91  32.51  18424
  1125  51596 418546  19.96  51.25  16.80   5.85    73  42.10  32.74  18553
  1126  51596 418546  21.17  51.25  16.85   5.83    72  42.10  32.69  18529
  1126  51583 418549  22.14  13.55  16.82   5.65    70  42.20  32.81  18593
  1126  51577 418553  23.08  12.95  16.88   5.65    70  42.20  32.76  18565
  1129  51578 418575  24.12  13.05  17.00   4.81    60  42.47  32.89  18643
  1129  51587 418579  25.08  51.25  17.03   4.64    58  42.45  32.85  18619
  1130  51588 418570  26.03  10.60  17.07   4.43    55  42.73  33.06  18740
  1130  51588 418562  27.13  10.75  17.08   4.38    55  42.75  33.07  18745
  1131  51586 418562  28.12   8.50  17.13   4.33    54  42.77  33.05  18731
  1131  51587 418561  29.04  51.25  17.17   4.31    54  42.84  33.07  18747
  1131  51586 418561  29.97  51.25  17.24   4.30    54  42.94  33.10  18764
  1132  51582 418559  31.00  51.25  17.21   4.19    53  43.01  33.19  18813
  1132  51573 418559  32.15  51.25  17.23   3.90    49  43.06  33.21  18829
  1133  51571 418560  32.96  51.25  17.29   3.85    48  43.07  33.17  18805
  1134  51561 418583  34.06  51.25  17.28   3.33    42  43.06  33.17  18805
  1134  51566 418586  35.19  51.25  17.27   3.33    42  43.04  33.16  18799
  1135  51569 418589  36.06  51.25  17.21   2.97    37  43.05  33.22  18833
 -1141  50735 418372   1.13   0.40  16.88   7.63    95  41.57  32.21  18248
  1141  50711 418362   2.09  26.10  16.87   7.63    95  41.57  32.22  18253
  1142  50708 418359   3.05  25.05  16.87   7.66    95  41.58  32.23  18258
  1142  50706 418360   4.03  24.10  16.86   7.66    95  41.58  32.24  18263
  1142  50702 418361   5.04  23.05  16.82   7.68    95  41.38  32.10  18181
  1143  50701 418361   6.06  22.05  16.88   7.65    95  41.58  32.22  18253
  1143  50701 418361   6.97  21.15  16.86   7.65    95  41.58  32.24  18263
  1143  50700 418361   7.98  20.10  16.86   7.64    95  41.57  32.23  18258
  1143  50700 418362   8.97  19.15  16.85   7.63    95  41.57  32.24  18262
  1143  50698 418367   9.98  17.85  16.85   7.60    94  41.57  32.24  18262
  1144  50697 418371  10.95  16.95  16.83   7.58    94  41.55  32.23  18262
  1144  50709 418366  12.07  16.25  16.82   7.36    91  41.57  32.26  18276
  1145  50714 418366  13.06  15.70  16.82   7.32    91  41.57  32.26  18276
  1145  50717 418366  14.01  14.50  16.82   7.29    90  41.57  32.26  18276
  1145  50720 418365  15.04  13.70  16.82   7.28    90  41.57  32.26  18276
  1145  50722 418365  16.15  12.70  16.84   7.26    90  41.59  32.26  18277
  1146  50726 418366  17.08  11.75  16.88   7.26    90  41.75  32.37  18339
  1146  50728 418374  18.16  10.65  16.86   6.92    86  41.96  32.57  18454
  1146  50728 418373  18.95   9.65  16.87   6.92    86  42.01  32.60  18474
  1147  50718 418378  20.09   8.35  16.88   6.17    77  42.06  32.64  18494
  1148  50722 418377  21.00   7.50  16.89   6.05    75  42.14  32.70  18530
  1149  50723 418376  22.13   6.45  16.89   5.86    73  42.12  32.68  18520
  1151  50725 418369  23.08   5.85  17.02   4.66    58  42.51  32.91  18654
  1152  50719 418373  23.96  51.25  17.07   4.43    55  42.61  32.96  18680
  1152  50720 418376  24.99  51.25  17.08   4.38    55  42.64  32.97  18690
  1152  50722 418376  26.06  51.25  17.11   4.34    54  42.70  33.00  18706
  1153  50727 418376  27.10   1.80  17.20   4.22    53  42.89  33.09  18758
  1153  50730 418376  27.92  51.25  17.21   4.19    53  42.90  33.09  18758
 -1159  49750 418266   1.18  51.25  16.95   7.85    98  41.57  32.16  18215
  1159  49721 418258   2.09  51.25  16.94   7.91    98  41.46  32.07  18165
  1159  49719 418256   3.17  51.25  16.94   7.94    99  41.65  32.23  18260
  1159  49717 418253   4.11  51.25  16.94   7.95    99  41.65  32.23  18260
  1200  49716 418251   5.05  17.55  16.95   7.97    99  41.66  32.23  18261
  1200  49715 418249   6.06  51.25  16.90   7.99    99  41.41  32.06  18159
  1200  49715 418248   7.03  47.60  16.94   7.98    99  41.65  32.23  18260
  1201  49716 418244   8.05  51.25  16.88   7.97    99  41.65  32.28  18288
  1201  49717 418243   9.06  51.25  16.87   7.95    99  41.64  32.28  18288
  1201  49716 418241  10.07  51.25  16.84   7.80    97  41.61  32.28  18287
  1202  49716 418241  11.04  11.55  16.85   7.76    96  41.62  32.28  18287
  1202  49715 418242  12.14  10.65  16.84   7.75    96  41.62  32.29  18292
  1202  49716 418244  12.99   9.50  16.82   7.72    96  41.60  32.29  18291
  1203  49717 418246  13.99   8.10  16.87   7.63    95  41.59  32.24  18263
  1203  49720 418246  15.03   7.35  16.81   7.59    94  41.61  32.30  18301
  1204  49724 418262  16.19   4.55  16.90   7.25    90  41.81  32.40  18359
  1204  49725 418264  17.01   3.50  16.89   7.22    90  41.80  32.40  18359
  1205  49727 418268  17.95   3.75  16.84   7.13    88  41.88  32.51  18423
  1206  49732 418269  19.07   0.40  16.84   6.80    84  41.93  32.56  18448
 -1221  48792 418157   0.94  41.80  16.87   7.47    92  41.35  32.03  18143
  1221  48782 418162   1.98  40.90  16.87   7.46    92  41.56  32.21  18248
  1221  48779 418164   3.03  39.90  16.87   7.44    92  41.56  32.21  18248
  1221  48775 418164   4.08  39.00  16.92   7.43    92  41.56  32.17  18224
  1222  48772 418163   5.06  38.05  16.88   7.43    92  41.54  32.19  18233
  1222  48769 418162   6.02  37.10  16.88   7.38    92  41.54  32.19  18233
  1222  48768 418161   6.96  36.20  16.88   7.37    91  41.54  32.19  18233
  1222  48767 418158   7.95  35.15  16.85   7.35    91  41.53  32.20  18242
  1223  48767 418156   8.98  34.20  16.80   7.35    91  41.53  32.24  18266
  1223  48767 418154  10.02  33.15  16.85   7.32    91  41.53  32.20  18242
  1223  48767 418153  11.05  32.15  16.86   7.32    91  41.52  32.18  18233
  1223  48766 418152  12.14  31.35  16.85   7.31    91  41.53  32.20  18242
  1224  48765 418153  13.13  30.35  16.84   7.29    90  41.54  32.22  18252
  1225  48769 418165  14.04  29.65  16.82   6.47    80  41.86  32.51  18422
  1225  48771 418167  14.98  29.10  16.83   6.43    80  41.86  32.50  18418
  1226  48773 418172  16.10  28.00  16.83   6.26    78  41.92  32.55  18448
  1226  48773 418173  17.05  27.25  16.84   6.26    78  42.00  32.62  18483
  1228  48782 418166  18.12  26.05  16.93   5.10    64  42.28  32.79  18581
  1229  48786 418164  19.05  25.45  16.94   5.05    63  42.28  32.78  18576
  1229  48798 418172  20.01  25.20  16.96   4.85    60  42.37  32.84  18612
  1230  48796 418173  21.26  24.20  16.96   4.82    60  42.37  32.84  18612
  1230  48789 418176  22.22  22.05  16.96   4.71    59  42.38  32.85  18617
  1230  48785 418178  23.10  21.45  16.99   4.67    58  42.44  32.88  18633
  1232  48790 418173  24.04  20.75  17.07   4.18    52  42.61  32.96  18680
  1232  48788 418170  25.08  19.60  17.08   4.12    52  42.63  32.97  18685
  1232  48781 418165  26.08  18.40  17.09   4.01    50  42.66  32.98  18695
  1233  48781 418161  27.09  17.30  17.16   3.94    49  42.79  33.04  18727
  1233  48780 418164  28.00  16.80  17.18   3.85    48  42.85  33.07  18748
  1234  48778 418164  29.02  16.05  17.21   3.76    47  42.91  33.10  18763
  1234  48777 418161  30.08  15.10  17.23   3.68    46  42.93  33.10  18764
  1234  48773 418164  31.07  14.95  17.23   3.63    46  42.93  33.10  18764
  1235  48789 418163  32.02  12.70  17.28   3.24    41  43.04  33.16  18795
  1236  48791 418166  33.02  11.65  17.23   3.20    40  43.06  33.21  18829
  1236  48793 418167  34.03  10.60  17.29   3.13    39  43.07  33.17  18805
  1236  48791 418168  35.00   9.75  17.30   3.11    39  43.08  33.17  18805
  1236  48790 418170  36.10   8.80  17.31   3.11    39  43.07  33.16  18795
  1237  48791 418174  37.00   7.95  17.31   3.07    39  43.07  33.16  18795
  1237  48792 418176  37.99   6.95  17.32   3.04    38  43.10  33.17  18805
  1237  48793 418178  39.03   6.15  17.29   2.98    38  43.08  33.18  18810
  1237  48793 418178  40.01   5.10  17.24   2.98    37  43.08  33.22  18834
  1238  48793 418176  41.09   4.10  17.30   2.96    37  43.10  33.19  18815
  1238  48790 418176  41.99   3.20  17.26   2.92    37  43.12  33.24  18844
  1238  48787 418175  43.17   2.10  17.26   2.82    35  42.84  33.00  18704
  1239  48786 418174  43.99   1.50  17.31   2.77    35  43.12  33.20  18820
 -1246  47983 418340   1.04  51.25  16.84   7.40    92  41.55  32.23  18257
  1246  47954 418347   2.01  15.20  16.91   7.37    92  41.56  32.18  18229
  1247  47951 418346   3.07  14.15  16.88   7.35    91  41.54  32.19  18233
  1247  47952 418345   4.10  13.10  16.82   7.36    91  41.54  32.23  18261
  1247  47951 418345   5.08  12.25  16.82   7.36    91  41.54  32.23  18261
  1247  47950 418347   6.07  11.25  16.87   7.34    91  41.54  32.19  18238
  1248  47951 418346   7.09  10.30  16.81   7.34    91  41.54  32.24  18266
  1248  47953 418346   8.02   9.40  16.81   7.34    91  41.53  32.23  18261
  1248  47954 418346   8.95   8.45  16.78   7.31    91  41.54  32.27  18280
  1249  47954 418346   9.99   7.55  16.75   7.11    88  41.61  32.35  18330
  1249  47961 418351  10.93   6.45  16.76   6.85    85  41.67  32.39  18355
  1250  47962 418351  12.03   5.30  16.80   6.83    85  41.67  32.36  18336
  1250  47963 418356  13.08   4.10  16.81   6.58    82  41.78  32.45  18387
  1251  47954 418354  14.05   3.75  16.73   6.48    80  41.80  32.53  18435
  1251  47951 418352  14.93   2.80  16.73   6.39    79  41.82  32.55  18445
  1252  47953 418350  16.20   1.70  16.73   6.35    79  41.82  32.55  18445
  1252  47955 418350  17.04   0.95  16.80   6.29    78  41.82  32.49  18412
 -1256  47487 418826   0.97  11.40  16.79   7.42    92  41.29  32.04  18150
  1257  47470 418837   2.08  12.70  16.85   7.38    92  41.54  32.21  18247
  1257  47468 418839   3.10  11.75  16.79   7.40    92  41.54  32.26  18275
  1257  47469 418841   4.08  10.90  16.81   7.36    91  41.55  32.25  18271
  1258  47472 418842   5.04   9.85  16.81   7.16    89  41.58  32.28  18286
  1258  47474 418843   6.02   9.05  16.81   7.09    88  41.58  32.28  18286
  1258  47471 418845   7.07   7.95  16.80   7.07    88  41.58  32.28  18291
  1258  47467 418845   8.00   7.15  16.81   7.05    87  41.57  32.27  18281
  1259  47465 418848   9.07   6.40  16.82   7.05    87  41.56  32.25  18271
  1259  47464 418851  10.20   5.15  16.76   7.08    88  41.29  32.07  18164
  1259  47462 418854  10.92   4.45  16.82   7.07    88  41.56  32.25  18271
  1259  47464 418852  12.09   3.25  16.82   7.08    88  41.55  32.24  18266
  1300  47468 418854  13.26   2.30  16.78   7.14    88  41.30  32.06  18160
  1300  47471 418855  14.08   1.25  16.78   7.19    89  41.29  32.05  18154
