# MEETVAARTUIG : M.S. ARGUS
# MEETDATUM    : 12-11-2002 08:09:01
# MEETGEBIED   : GREVELINGEN
# STARTPUNT    : Grevelingendam
# EINDPUNT     : Brouwersdam
# PROJECTCODE  : E7501X
# OPDRACHTGEVER: ZLXXAXWMDBG
# BEHEERDER    : ZLXXAXWMDBG
# BEMONST. INST:
# WAARNEMER(S) : Geert den Hartog
#
* 20021112
$ 9999 [00000000000000]
>TIJD      uumm                    
>X         coordinaat              
>Y         coordinaat              
>SENSHTE   Diepte set        m     
>ECHOS     Echoset           mtrs  
>Echo      Echoschip         M     
>Temp       Temperatuur       oC            : 4 1.0  11  1.0
>pH        Zuurgraad         dimsls
>O2        Zuurstof          mg/l  
>%O2        Zuurstof%         %     
>GELBH     Geleidendheid     mS/cm 
>SALNTT    Saliniteit        dimsl 
>CL-       Chloride          mg/l  
>FLME      Flur ME           ugr/l 
 -0809  69273 410975   1.05   5.55   7.02   9.38   7.95   9.79   103  31.57  28.91  16361   -.12
  0809  69278 410960   2.01   4.18   6.70   9.40   7.95   9.77   103  31.64  28.97  16396   -.12
  0809  69281 410960   2.95   3.12   6.60   9.40   7.95   9.76   103  31.66  28.99  16406   -.12
  0810  69284 410962   4.07   1.76   6.70   9.42   7.95   9.72   103  31.83  29.14  16496   -.12
  0810  69285 410958   4.98    .74   6.60   9.51   7.93   9.68   103  31.96  29.20  16528   -.12
 -0816  68852 411275   1.10   7.83   6.60   9.30   7.95   9.93   105  31.46  28.87  16338   -.12
  0817  68837 411262   2.07   8.33  12.90   9.31   7.95   9.92   104  31.48  28.88  16343   -.12
  0817  68830 411253   2.99   8.70  12.80   9.31   7.95   9.90   104  31.48  28.88  16342   -.12
  0817  68829 411252   4.02   7.66  12.70   9.35   7.95   9.87   104  31.61  28.97  16397   -.12
  0818  68829 411252   4.98   6.60  12.80   9.40   7.95   9.84   104  31.79  29.12  16480   -.12
  0818  68829 411253   6.00   5.52   2.40   9.46   7.95   9.80   104  31.98  29.26  16560   -.12
  0819  68821 411277   7.05   3.42  13.20   9.47   7.95   9.53   101  32.01  29.29  16578   -.12
  0819  68816 411280   7.98   2.96  13.60   9.57   7.95   9.49   101  32.23  29.42  16657   -.12
  0820  68812 411283   8.99   2.69  13.60   9.69   7.91   9.44   101  32.65  29.74  16843   -.12
  0821  68825 411277   9.70    .50  12.40   9.76   7.83   8.95    96  32.80  29.85  16901   -.12
 -0829  67418 411372   1.00  11.28  13.10   9.29   7.96   9.77   103  31.82  29.24  16551   -.12
  0829  67348 411381   2.04  10.14  13.10   9.29   7.96   9.78   103  31.82  29.24  16554   -.12
  0829  67338 411384   2.99   9.21  13.20   9.29   7.96   9.78   103  31.83  29.25  16556   -.12
  0830  67331 411383   3.82   8.34  13.10   9.29   7.96   9.77   103  31.82  29.24  16554   -.12
  0830  67322 411376   4.98   7.04  13.10   9.30   7.96   9.76   103  31.84  29.26  16562   -.12
  0830  67320 411370   6.00   5.97  13.10   9.31   7.96   9.76   103  31.86  29.27  16568   -.12
  0831  67317 411364   7.02   4.96  13.10   9.46   7.95   9.71   103  32.15  29.43  16661   -.12
  0831  67314 411361   7.99   3.89  13.10   9.48   7.95   9.69   103  32.21  29.48  16688   -.12
  0831  67313 411355   8.94   2.98  13.00   9.50   7.95   9.61   102  32.38  29.64  16782   -.12
  0832  67314 411354  10.00   1.83  13.00   9.50   7.95   9.58   102  32.39  29.65  16787   -.12
  0832  67317 411353  11.02    .83  13.00   9.50   7.95   9.54   101  32.40  29.65  16790   -.12
 -0839  66370 411619    .95   7.45   8.90   9.33   7.95   9.70   102  31.97  29.36  16618   -.12
  0840  66332 411642   1.99   5.81   8.40   9.33   7.96   9.70   102  31.98  29.37  16625   -.12
  0840  66324 411648   2.99   4.68   8.10   9.35   7.95   9.69   102  32.02  29.39  16639   -.12
  0841  66313 411654   3.99   3.68   8.10   9.41   7.95   9.66   102  32.23  29.56  16735   -.12
  0841  66308 411659   5.03   2.80    .00   9.43   7.96   9.63   102  32.28  29.59  16752   -.12
  0841  66304 411662   5.94   1.90   8.10   9.45   7.95   9.61   102  32.35  29.65  16788   -.12
  0842  66302 411674   7.02   1.23    .00   9.53   7.94   9.51   101  32.48  29.71  16823   -.12
 -0849  65327 412132    .92  14.49  16.30   9.47   7.97   9.75   104  32.28  29.56  16734   -.12
  0849  65250 412125   1.97  13.45  15.70   9.47   7.97   9.76   104  32.29  29.56  16737   -.12
  0850  65241 412123   2.93    .41    .00   9.47   7.97   9.75   103  32.28  29.56  16736   -.12
  0850  65233 412122   4.03    .53  14.90   9.47   7.97   9.74   103  32.29  29.56  16738   -.12
  0850  65229 412120   5.20   9.63  14.80   9.47   7.97   9.74   103  32.29  29.57  16740   -.12
  0851  65228 412118   5.99   8.65    .00   9.48   7.97   9.73   103  32.29  29.57  16741   -.12
  0851  65229 412115   7.01   7.36  14.60   9.48   7.96   9.72   103  32.35  29.62  16770   -.12
  0851  65230 412113   8.06   6.02  14.60   9.50   7.96   9.70   103  32.43  29.69  16812   -.12
  0852  65232 412111   9.06   4.91    .00   9.51   7.96   9.66   103  32.44  29.69  16810   -.12
  0852  65235 412108  10.01   3.78    .00   9.51   7.96   9.63   102  32.45  29.70  16815   -.12
  0853  65237 412107  11.07   2.65  14.40   9.53   7.96   9.60   102  32.47  29.70  16817   -.12
  0853  65238 412106  12.03   1.64  14.30   9.53   7.96   9.58   102  32.47  29.70  16818   -.12
  0853  65240 412110  12.98    .97  14.40   9.61   7.96   9.55   102  32.57  29.73  16837   -.12
  0854  65244 412125  13.97   1.05  15.30   9.65   7.95   9.49   101  32.66  29.79  16872   -.12
  0855  65252 412143  14.67    .39  16.40   9.76   7.93   9.20    98  32.80  29.84  16899   -.12
 -0909  62299 412258    .93    .00  17.90   9.59   7.96   9.51   101  32.55  29.74  16838   -.12
  0909  62283 412250   1.97  15.21  17.80   9.59   7.96   9.50   101  32.57  29.75  16849   -.12
  0909  62279 412245   2.96  14.02  17.70   9.58   7.96   9.51   101  32.56  29.75  16847   -.12
  0910  62277 412240   4.02  12.78  17.70   9.59   7.96   9.51   101  32.57  29.75  16848   -.12
  0910  62276 412243   5.01  11.81  17.70   9.61   7.96   9.51   101  32.60  29.77  16856   -.12
  0910  62276 412246   6.01  10.84   2.10   9.63   7.96   9.49   101  32.63  29.78  16863   -.12
  0910  62274 412250   6.97   9.83   2.10   9.62   7.96   9.49   101  32.61  29.77  16859   -.12
  0911  62271 412254   8.00   8.91    .00   9.64   7.96   9.47   101  32.64  29.79  16867   -.12
  0911  62269 412258   8.91   7.98    .00   9.64   7.96   9.46   101  32.65  29.79  16872   -.12
  0911  62268 412260  10.09   6.79    .00   9.64   7.97   9.46   101  32.65  29.80  16874   -.12
  0912  62268 412263  11.04   5.95    .00   9.66   7.96   9.44   101  32.68  29.81  16880   -.12
  0912  62268 412265  12.00   5.01  17.90   9.69   7.97   9.43   101  32.74  29.84  16898   -.12
  0912  62271 412266  13.08   3.97    .00   9.82   7.97   9.38   101  32.93  29.93  16947   -.12
  0912  62279 412264  14.01   3.16    .00   9.95   7.96   9.35   101  33.16  30.05  17017   -.12
  0913  62296 412261  14.94   2.23    .00   9.96   7.96   9.14    98  33.18  30.05  17021   -.12
  0914  62303 412264  16.03   1.23   2.10   9.97   7.95   9.08    98  33.19  30.06  17024   -.12
  0914  62312 412265  17.02    .44  18.30  10.01   7.94   8.99    97  33.25  30.09  17042   -.12
 -0923  61244 413067    .97   8.76    .00   9.75   7.97   9.46   101  32.88  29.94  16953   -.12
  0923  61233 413067   1.93   7.70  10.70   9.75   7.97   9.44   101  32.88  29.94  16953   -.12
  0924  61229 413064   3.04   6.52  10.70   9.75   7.97   9.44   101  32.89  29.94  16955   -.12
  0924  61227 413062   3.96   5.62  10.70   9.75   7.98   9.44   101  32.89  29.94  16954   -.12
  0924  61226 413061   5.02   4.45    .00   9.75   7.98   9.43   101  32.89  29.94  16956   -.12
  0925  61226 413060   5.98   3.44    .00   9.75   7.98   9.44   101  32.89  29.94  16956   -.12
  0925  61226 413059   7.02   2.34  10.70   9.76   7.98   9.42   101  32.89  29.94  16956   -.12
  0925  61228 413058   7.99   1.37  10.70   9.76   7.98   9.42   101  32.89  29.94  16956   -.12
  0926  61230 413057   8.98    .45    .00   9.76   7.98   9.42   101  32.89  29.94  16956   -.12
 -0938  59336 414139   1.17  23.03  24.30   9.95   7.98   9.20    99  33.14  30.03  17008   -.12
  0938  59317 414152   1.98  22.08  24.30   9.95   7.98   9.19    99  33.15  30.03  17009   -.12
  0938  59313 414155   2.95  20.97  24.20   9.97   7.98   9.17    99  33.21  30.07  17033   -.12
  0939  59311 414155   3.99  19.87  24.20   9.99   7.98   9.16    99  33.25  30.11  17052   -.12
  0939  59309 414153   5.04  18.56   3.40   9.99   7.98   9.12    98  33.26  30.11  17054   -.12
  0939  59307 414152   6.05  17.50   2.10   9.98   7.98   9.12    98  33.25  30.11  17055   -.12
  0940  59306 414149   7.10  16.33   2.10   9.97   7.98   9.10    98  33.26  30.13  17064   -.12
  0940  59305 414146   8.10  15.17   3.30   9.98   7.98   9.08    98  33.27  30.14  17069   -.12
  0940  59304 414145   9.08  14.05  23.80   9.97   7.98   9.07    98  33.27  30.14  17072   -.12
  0940  59304 414144  10.08  13.11  24.00   9.97   7.98   9.06    98  33.27  30.14  17070   -.12
  0941  59306 414143  11.02  12.22  23.90   9.96   7.99   9.07    98  33.27  30.14  17072   -.12
  0941  59309 414143  11.97  11.38  24.00   9.96   7.99   9.05    97  33.27  30.14  17073   -.12
  0941  59312 414143  13.01  10.43  24.00   9.95   7.99   9.04    97  33.26  30.15  17077   -.12
  0942  59314 414144  13.69   9.82  24.10   9.95   7.99   9.04    97  33.25  30.15  17075   -.12
  0942  59319 414140  14.96   8.57    .00   9.93   7.98   9.03    97  33.25  30.15  17079   -.12
  0942  59321 414138  16.04   7.55  24.10   9.93   7.98   9.03    97  33.25  30.16  17081   -.12
  0943  59326 414135  17.04   6.61  24.20   9.93   7.98   9.02    97  33.25  30.16  17081   -.12
  0943  59328 414132  18.01   5.70  24.10   9.93   7.98   9.01    97  33.26  30.16  17081   -.12
  0943  59328 414131  19.06   4.56  24.10   9.93   7.98   9.00    97  33.26  30.16  17084   -.12
  0943  59328 414131  20.00   3.63  24.10   9.93   7.98   8.99    97  33.25  30.16  17083   -.12
  0944  59329 414132  21.05   2.67  24.20   9.92   7.98   8.97    97  33.25  30.17  17088   -.12
  0944  59328 414134  22.00   1.75  24.20   9.91   7.98   8.97    96  33.26  30.17  17091   -.12
  0944  59327 414135  22.98    .76  24.30   9.91   7.98   8.95    96  33.26  30.17  17091   -.12
 -1000  57979 417176   1.00    .76  21.10   9.81   8.00   9.50   102  32.73  29.73  16834   -.12
  1000  57973 417210   2.11  18.23  21.10   9.81   8.00   9.51   102  32.73  29.74  16839   -.12
  1000  57967 417230   2.90  17.25    .00   9.81   8.00   9.52   102  32.73  29.74  16837   -.12
  1001  57953 417242   4.01  15.36  20.70   9.80   8.00   9.53   102  32.74  29.75  16845   -.12
  1001  57944 417238   5.08  14.22    .00   9.80   8.00   9.53   102  32.75  29.76  16849   -.12
  1001  57944 417236   6.05  13.34    .00   9.80   8.00   9.54   102  32.75  29.76  16851   -.12
  1002  57948 417233   6.93  12.61  20.90   9.80   8.00   9.53   102  32.76  29.77  16855   -.12
  1002  57953 417231   7.89  11.92  21.00   9.80   8.00   9.52   102  32.77  29.78  16863   -.12
  1002  57962 417230   9.10  10.60  21.20   9.80   8.00   9.54   102  32.77  29.78  16862   -.12
  1003  57967 417229   9.92   9.90    .00   9.80   8.00   9.51   102  32.84  29.85  16905   -.12
  1003  57971 417230  11.09   8.77    .00   9.82   7.99   9.47   102  32.97  29.97  16972   -.12
  1003  57973 417231  11.96   7.93  21.20   9.82   7.99   9.45   101  32.98  29.98  16977   -.12
  1004  57976 417232  12.99   6.82   2.20   9.82   7.99   9.39   101  32.99  29.99  16983   -.12
  1004  57979 417235  14.07   5.33  21.40   9.82   7.99   9.34   100  33.01  30.00  16992   -.12
  1004  57981 417239  15.16   4.20    .00   9.83   7.99   9.30   100  33.04  30.03  17006   -.12
  1005  57982 417238  15.96   3.40  21.30   9.83   7.99   9.27   100  33.04  30.03  17006   -.12
  1005  57979 417233  17.02   2.67  21.30   9.83   7.99   9.25    99  33.10  30.08  17037   -.12
  1005  57975 417228  18.02   1.92    .00   9.85   7.99   9.21    99  33.10  30.08  17035   -.12
  1006  57972 417227  19.04   1.14    .00   9.86   7.99   9.20    99  33.13  30.09  17045   -.12
 -1016  57634 418891    .97  15.62    .00   9.67   8.00   9.59   102  32.66  29.78  16861   -.12
  1016  57624 418961   2.01  13.45    .00   9.67   8.00   9.57   102  32.65  29.77  16858   -.12
  1016  57613 418969   3.01  13.38    .00   9.66   8.00   9.55   102  32.65  29.77  16859   -.12
  1017  57608 418969   4.00  12.57  17.50   9.66   8.00   9.57   102  32.64  29.77  16858   -.12
  1017  57606 418962   5.02  11.44  17.70   9.66   8.00   9.56   102  32.65  29.77  16860   -.12
  1017  57607 418955   6.12   9.89  17.50   9.67   8.00   9.55   102  32.66  29.78  16861   -.12
  1017  57609 418947   6.98   9.16  17.50   9.69   8.00   9.54   102  32.69  29.79  16868   -.12
  1018  57610 418940   7.98   8.32    .00   9.70   8.00   9.53   102  32.70  29.79  16870   -.12
  1018  57611 418935   9.00   7.86    .00   9.71   8.00   9.53   102  32.72  29.81  16878   -.12
  1018  57612 418930  10.00   6.41  17.20   9.71   8.00   9.52   102  32.73  29.82  16886   -.12
  1018  57614 418927  10.97   5.21    .00   9.66   7.99   9.54   102  32.73  29.85  16904   -.12
  1019  57617 418930  12.09   4.22  17.20   9.80   7.98   9.44   101  33.05  30.07  17029   -.12
  1020  57608 418952  13.00   2.94  17.50   9.86   7.97   8.91    96  33.18  30.15  17075   -.12
  1021  57603 418953  14.02   2.11  17.60   9.87   7.97   8.87    95  33.21  30.16  17085   -.12
  1021  57598 418955  14.96   1.25    .00   9.87   7.97   8.84    95  33.21  30.16  17085   -.12
  1021  57595 418956  15.93   1.25    .00   9.87   7.97   8.83    95  33.21  30.17  17086   -.12
 -1032  56379 420450   1.01  12.07  13.80   9.73   7.99   9.41   101  32.73  29.80  16876   -.12
  1032  56314 420513   2.03  10.88    .00   9.72   7.99   9.40   101  32.72  29.80  16875   -.12
  1032  56301 420516   2.99   9.69  13.10   9.73   7.99   9.41   101  32.72  29.80  16873   -.12
  1032  56291 420517   4.04   8.27  12.70   9.73   7.99   9.41   101  32.73  29.80  16873   -.12
  1033  56283 420517   5.04   7.12   2.20   9.72   7.99   9.40   101  32.73  29.80  16877   -.12
  1033  56277 420515   6.00   5.77    .00   9.73   7.99   9.41   101  32.74  29.81  16879   -.12
  1033  56272 420511   7.05   4.45  11.80   9.74   7.99   9.40   101  32.76  29.82  16885   -.12
  1034  56272 420508   8.02   3.31  11.60   9.75   8.00   9.38   100  32.80  29.85  16901   -.12
  1034  56271 420505   9.00   2.14  11.40   9.74   8.00   9.40   101  32.82  29.88  16922   -.12
  1034  56271 420504  10.03   1.02  11.40   9.74   8.00   9.39   101  32.83  29.89  16927   -.12
  1035  56276 420512  11.12    .71    .00   9.74   8.00   9.37   100  32.83  29.89  16928   -.12
 -1042  55206 421376    .97  19.48    .00   9.78   8.00   9.45   101  32.86  29.89  16927   -.12
  1043  55174 421396   1.98  18.65    .00   9.78   8.00   9.45   101  32.88  29.91  16936   -.12
  1043  55169 421412   2.97  17.98    .00   9.78   8.00   9.46   101  32.89  29.91  16940   -.12
  1043  55161 421412   4.08  16.60    .00   9.78   8.00   9.45   101  32.87  29.90  16932   -.12
  1044  55161 421395   5.17  14.95  20.80   9.78   8.00   9.45   101  32.89  29.91  16939   -.12
  1044  55167 421381   6.06  13.69    .00   9.78   8.00   9.44   101  32.89  29.91  16939   -.12
  1044  55175 421374   6.99  12.73  20.30   9.78   8.00   9.44   101  32.89  29.92  16942   -.12
  1045  55180 421379   8.01  11.92  20.30   9.78   8.00   9.44   101  32.89  29.92  16943   -.12
  1045  55181 421384   9.37  10.68    .00   9.78   8.00   9.44   101  32.91  29.94  16953   -.12
  1045  55182 421389   9.87  10.30   2.30   9.78   8.00   9.43   101  32.91  29.93  16953   -.12
  1045  55181 421391  11.04   9.30   2.30   9.78   8.00   9.42   101  32.91  29.94  16954   -.12
  1046  55179 421389  11.96   8.18   2.30   9.78   8.00   9.42   101  32.92  29.94  16957   -.12
  1046  55178 421387  13.00   7.08    .00   9.78   8.00   9.43   101  32.92  29.95  16963   -.12
  1046  55178 421386  13.97   5.97   2.90   9.78   8.00   9.41   101  32.92  29.95  16964   -.12
  1046  55179 421384  15.02   4.99    .00   9.77   8.00   9.40   101  32.93  29.96  16969   -.12
  1047  55180 421384  16.05   3.90    .00   9.77   8.00   9.40   101  32.93  29.97  16970   -.12
  1047  55183 421383  17.04   2.89    .00   9.74   8.00   9.39   101  32.94  30.00  16992   -.12
  1047  55185 421383  18.07   1.92  20.70   9.75   7.99   9.38   101  32.98  30.03  17008   -.12
  1048  55191 421382  18.99   1.05  20.80   9.78   7.99   9.31   100  33.04  30.07  17028   -.12
  1048  55195 421382  19.87    .42  20.90   9.79   7.98   9.25    99  33.06  30.07  17034   -.12
 -1056  53707 421070    .97    .40  17.80   9.70   8.00   9.42   101  32.88  29.97  16975   -.12
  1056  53692 421072   2.01    .61    .00   9.70   8.00   9.43   101  32.86  29.95  16963   -.12
  1057  53679 421077   3.11  13.81  17.90   9.70   8.00   9.45   101  32.89  29.98  16981   -.12
  1057  53679 421076   3.97  12.91   2.60   9.70   8.00   9.44   101  32.88  29.98  16978   -.12
  1057  53677 421076   5.01  11.82    .00   9.70   8.00   9.44   101  32.89  29.98  16979   -.12
  1058  53677 421077   5.94  10.88    .00   9.70   8.00   9.44   101  32.89  29.98  16981   -.12
  1058  53688 421075   7.04   9.73  17.90   9.70   8.00   9.43   101  32.89  29.98  16980   -.12
  1058  53699 421071   7.94   8.76   2.20   9.70   8.00   9.44   101  32.90  30.00  16989   -.12
  1059  53707 421065   8.94   7.63  17.70   9.70   8.00   9.43   101  32.89  29.99  16984   -.12
  1059  53713 421061  10.06   6.45  17.60   9.70   8.00   9.42   101  32.89  29.99  16985   -.12
  1059  53721 421056  11.00   5.33    .00   9.70   8.00   9.42   101  32.90  29.99  16987   -.12
  1100  53724 421052  11.95   4.35  17.60   9.69   8.00   9.41   101  32.90  30.00  16991   -.12
  1100  53722 421055  12.98   3.33   2.40   9.69   7.99   9.41   101  32.91  30.01  16997   -.12
  1100  53716 421060  13.96   2.49  17.70   9.69   8.00   9.40   101  32.91  30.02  16999   -.12
  1100  53710 421065  15.02   1.58    .00   9.74   7.99   9.36   100  33.00  30.06  17025   -.12
  1101  53683 421087  15.95    .91   2.40   9.77   7.99   9.11    98  33.04  30.08  17037   -.12
 -1108  52950 420305   1.06    .46    .00   9.80   8.00   9.35   100  33.06  30.07  17031   -.12
  1108  52926 420294   2.03   8.56  11.60   9.80   8.00   9.35   100  33.06  30.07  17032   -.12
  1109  52916 420295   2.98   7.65    .00   9.80   8.00   9.36   101  33.06  30.07  17034   -.12
  1109  52916 420292   4.08   6.41    .00   9.80   8.00   9.36   100  33.06  30.08  17034   -.12
  1109  52920 420288   5.03   5.40    .00   9.81   8.00   9.35   100  33.07  30.08  17037   -.12
  1110  52927 420283   6.00   4.25   2.10   9.81   8.00   9.35   100  33.07  30.08  17036   -.12
  1110  52934 420280   6.97   3.20  11.50   9.80   8.00   9.36   100  33.07  30.08  17037   -.12
  1110  52940 420278   8.02   2.15  11.50   9.80   8.00   9.36   100  33.07  30.08  17036   -.12
  1111  52944 420280   9.08   1.05   2.60   9.81   8.00   9.34   100  33.09  30.09  17041   -.12
 -1123  51584 418584   1.12   1.05  37.40   9.86   8.00   9.36   101  33.03  29.99  16984   -.12
  1123  51567 418585   1.95  34.03  36.80   9.86   8.00   9.36   101  33.02  29.99  16984   -.12
  1123  51561 418584   2.99  32.64  36.40   9.86   8.00   9.38   101  33.03  29.99  16984   -.12
  1123  51556 418582   3.84  31.35  36.40   9.86   8.00   9.37   101  33.03  29.99  16987   -.12
  1124  51552 418581   5.04  29.83    .00   9.86   8.00   9.37   101  33.03  30.00  16988   -.12
  1124  51553 418578   6.03  28.85   2.60   9.86   8.00   9.37   101  33.05  30.01  16994   -.12
  1124  51560 418572   6.94  28.81   3.10   9.83   8.00   9.36   101  33.09  30.07  17030   -.12
  1125  51565 418569   8.04  29.01  38.10   9.83   8.01   9.35   100  33.11  30.10  17046   -.12
  1125  51569 418564   9.02  28.09  38.00   9.81   8.00   9.35   100  33.09  30.10  17049   -.12
  1125  51571 418562  10.08  26.99  37.90   9.81   8.00   9.32   100  33.11  30.11  17054   -.12
  1126  51573 418561  11.03  26.03  37.80   9.90   8.01   9.27   100  33.26  30.19  17100   -.12
  1127  51572 418566  11.97  25.13  38.00  10.25   8.02   9.11    99  33.83  30.47  17261   -.12
  1127  51571 418568  13.03  24.09    .00  10.27   8.03   9.05    98  33.87  30.49  17274   -.12
  1127  51567 418570  14.03  22.90    .00  10.30   8.03   8.99    98  33.92  30.52  17289   -.12
  1128  51566 418578  14.96  21.59  38.30  10.30   8.03   8.93    97  33.93  30.53  17296   -.12
  1128  51566 418579  16.11  20.56    .00  10.31   8.03   8.90    97  33.94  30.53  17295   -.12
  1128  51565 418578  16.98  19.40    .00  10.30   8.03   8.88    97  33.94  30.53  17297   -.12
  1129  51562 418578  18.03  17.97  37.60  10.30   8.03   8.84    96  33.94  30.54  17299   -.12
  1129  51558 418579  18.95  16.73  37.20  10.30   8.03   8.84    96  33.94  30.54  17300   -.12
  1129  51554 418581  19.99  15.22  36.10  10.30   8.03   8.83    96  33.94  30.53  17299   -.12
  1129  51549 418584  20.98  13.85  35.60  10.30   8.03   8.82    96  33.94  30.53  17299   -.12
  1130  51549 418584  22.02  12.86  35.50  10.30   8.03   8.81    96  33.94  30.54  17301   -.12
  1130  51552 418583  23.00  12.15  35.90  10.29   8.03   8.81    96  33.93  30.54  17301   -.12
  1130  51557 418580  24.07  11.60  37.40  10.29   8.03   8.80    96  33.93  30.54  17301   -.12
  1131  51563 418569  25.00  12.36    .00  10.28   8.03   8.79    96  33.93  30.54  17301   -.12
  1131  51565 418565  25.98  11.55  37.90  10.29   8.03   8.80    96  33.93  30.54  17303   -.12
  1131  51569 418560  26.95  10.27  37.80  10.29   8.03   8.78    96  33.94  30.54  17303   -.12
  1131  51571 418558  28.01   9.18  37.70  10.29   8.03   8.78    96  33.94  30.54  17302   -.12
  1132  51574 418557  29.06   8.06  37.60  10.29   8.03   8.76    95  33.94  30.54  17304   -.12
  1132  51576 418557  30.02   7.03  37.60  10.29   8.03   8.76    95  33.94  30.54  17304   -.12
  1132  51579 418557  30.95   5.96  37.50  10.29   8.03   8.75    95  33.93  30.54  17302   -.12
  1133  51583 418557  31.98   4.82  37.50  10.28   8.03   8.75    95  33.93  30.54  17303   -.12
  1133  51586 418560  33.05   3.74  37.50  10.29   8.03   8.76    95  33.93  30.54  17303   -.12
  1133  51588 418562  34.01   2.90  37.80  10.29   8.03   8.75    95  33.94  30.54  17304   -.12
  1133  51590 418565  35.05   1.98  38.00  10.29   8.03   8.75    95  33.94  30.54  17304   -.12
  1134  51587 418569  35.94   1.11  38.10  10.29   8.03   8.77    95  33.94  30.55  17305   -.12
  1134  51579 418573  37.02   1.11  38.20  10.29   8.03   8.73    95  33.93  30.54  17300   -.12
 -1140  50731 418399    .98  26.87    .00   9.89   8.01   9.43   101  33.04  29.98  16979   -.12
  1140  50722 418378   2.07  26.47  30.00   9.89   8.01   9.44   102  33.04  29.98  16978   -.12
  1141  50721 418376   3.15  25.31  30.00   9.88   8.01   9.43   101  33.04  29.98  16981   -.12
  1141  50725 418373   4.02  24.75  30.10   9.89   8.01   9.43   101  33.05  29.98  16981   -.12
  1141  50730 418375   5.06  23.61  30.10   9.89   8.01   9.43   101  33.05  29.99  16986   -.12
  1142  50732 418378   5.99  22.59    .00   9.90   8.01   9.42   101  33.08  30.01  16998   -.12
  1142  50731 418382   7.04  21.38    .00   9.90   8.01   9.40   101  33.12  30.05  17017   -.12
  1142  50729 418387   8.03  20.05  29.60  10.14   8.02   9.29   101  33.66  30.39  17218   -.12
  1143  50720 418393   8.98  18.53    .00  10.17   8.02   9.16    99  33.69  30.40  17219   -.12
  1143  50713 418394  10.07  17.18  28.60  10.19   8.02   9.11    99  33.73  30.41  17228   -.12
  1144  50695 418395  11.10  15.92  28.70  10.21   8.02   9.06    98  33.76  30.43  17238   -.12
  1144  50695 418394  11.99  15.10  28.70  10.24   8.02   9.01    98  33.81  30.45  17252   -.12
  1144  50700 418393  12.98  14.16    .00  10.26   8.03   8.98    98  33.84  30.47  17263   -.12
  1145  50713 418392  14.04  13.41  29.20  10.27   8.03   8.95    97  33.88  30.50  17279   -.12
  1145  50719 418392  15.01  12.65  29.60  10.26   8.03   8.95    97  33.87  30.50  17281   -.12
  1145  50726 418389  16.03  12.00  29.60  10.27   8.03   8.93    97  33.90  30.52  17289   -.12
  1145  50730 418384  17.05  11.34  29.70  10.27   8.03   8.92    97  33.90  30.52  17292   -.12
  1146  50731 418383  18.05  10.50  29.70  10.27   8.03   8.91    97  33.90  30.52  17291   -.12
  1146  50731 418384  18.94   9.50  29.60  10.27   8.03   8.90    97  33.90  30.52  17292   -.12
  1146  50728 418387  20.06   8.40  29.60  10.27   8.03   8.89    97  33.91  30.53  17295   -.12
  1147  50719 418393  21.04   6.92  29.20  10.28   8.03   8.87    96  33.92  30.53  17297   -.12
  1147  50714 418396  22.04   5.67  28.90  10.28   8.03   8.87    96  33.92  30.53  17298   -.12
  1147  50705 418402  23.06   5.67    .00  10.28   8.03   8.85    96  33.92  30.53  17299   -.12
  1148  50709 418400  24.23   3.16  28.60  10.28   8.03   8.83    96  33.92  30.54  17300   -.12
  1148  50712 418396  25.07   2.73  29.10  10.28   8.03   8.84    96  33.92  30.54  17300   -.12
  1148  50722 418387  25.87   2.73  29.60  10.29   8.03   8.82    96  33.93  30.54  17300   -.12
  1149  50723 418385  27.03   2.73  29.70  10.29   8.03   8.81    96  33.93  30.54  17301   -.12
  1149  50718 418387  28.09   2.73  29.30  10.28   8.03   8.81    96  33.93  30.54  17302   -.12
 -1156  49732 418277   1.10  17.97  23.40   9.92   8.01   9.38   101  33.08  29.99  16984   -.12
  1156  49735 418264   2.05  18.57    .00   9.93   8.01   9.38   101  33.09  30.00  16988   -.12
  1157  49734 418264   2.88  18.03  25.20   9.93   8.01   9.38   101  33.10  30.00  16990   -.12
  1157  49733 418263   3.97  17.63  25.00   9.94   8.01   9.38   101  33.10  30.00  16992   -.12
  1157  49734 418264   5.03  16.14  25.30   9.94   8.01   9.38   101  33.10  30.00  16992   -.12
  1157  49736 418264   6.10  15.01  25.60   9.94   8.01   9.38   101  33.12  30.02  16999   -.12
  1158  49739 418264   7.09  14.14  25.60   9.94   8.01   9.38   101  33.12  30.02  17001   -.12
  1158  49743 418264   8.05  13.76  25.90   9.94   8.01   9.36   101  33.16  30.06  17022   -.12
  1158  49751 418264   9.04  11.30  25.50  10.04   8.01   9.30   101  33.38  30.19  17097   -.12
  1159  49752 418269   9.96   8.66    .00  10.10   8.01   9.22   100  33.55  30.31  17167   -.12
  1159  49748 418276  11.00   6.79    .00  10.10   8.01   9.18    99  33.53  30.30  17162   -.12
  1159  49737 418283  11.93   5.51  19.50  10.16   8.02   9.10    99  33.65  30.36  17201   -.12
  1200  49729 418284  12.99   4.40  20.00  10.16   8.02   9.07    98  33.66  30.37  17204   -.12
  1200  49722 418285  13.97   3.35  20.30  10.18   8.02   9.05    98  33.69  30.39  17213   -.12
  1200  49716 418274  15.07   3.46  21.50  10.19   8.02   9.02    98  33.72  30.41  17224   -.12
  1201  49716 418272  16.04   3.09  21.80  10.19   8.02   9.01    98  33.73  30.41  17227   -.12
  1201  49715 418273  17.06   1.94  21.60  10.20   8.02   8.99    98  33.73  30.42  17230   -.12
  1202  49714 418278  17.80    .51    .00  10.29   8.02   8.95    98  33.91  30.51  17287   -.12
 -1208  48770 418207   1.02  44.48  46.20  10.14   8.00   9.27   100  33.24  29.97  16974   -.12
  1209  48765 418199   1.98  43.44  46.10  10.14   8.00   9.27   100  33.25  29.98  16975   -.12
  1209  48771 418192   3.00  42.33  46.10  10.16   8.00   9.26   100  33.27  29.99  16983   -.12
  1209  48776 418187   3.96  41.26  45.90  10.17   8.00   9.25   100  33.30  30.00  16992   -.12
  1209  48780 418185   4.95  40.23  45.90  10.18   8.00   9.23   100  33.36  30.06  17025   -.12
  1210  48781 418186   6.00  39.14  46.00  10.16   8.00   9.24   100  33.40  30.12  17058   -.12
  1211  48785 418193   7.04  38.13  46.10  10.12   8.00   9.17    99  33.40  30.14  17072   -.12
  1211  48786 418197   8.06  37.16  46.10  10.05   8.01   9.16    99  33.43  30.23  17124   -.12
  1212  48781 418194   8.98  36.23  46.10  10.05   8.01   9.14    99  33.45  30.25  17136   -.12
  1212  48774 418189  10.01  35.19  46.00  10.08   8.01   9.11    99  33.49  30.28  17149   -.12
  1213  48766 418187  10.99  34.20  46.00  10.09   8.01   9.09    98  33.53  30.30  17162   -.12
  1213  48761 418189  11.97  33.22  46.00  10.10   8.01   9.07    98  33.53  30.30  17164   -.12
  1214  48763 418190  13.00  32.14  46.00  10.13   8.02   9.05    98  33.61  30.35  17191   -.12
  1214  48772 418187  14.00  31.19  45.90  10.22   8.03   9.02    98  33.80  30.47  17259   -.12
  1214  48779 418186  15.04  30.10  46.10  10.22   8.03   9.02    98  33.81  30.47  17264   -.12
  1215  48782 418187  16.01  29.21  46.00  10.22   8.03   9.02    98  33.81  30.48  17266   -.12
  1215  48785 418189  16.97  28.27  46.00  10.22   8.03   9.01    98  33.83  30.49  17273   -.12
  1215  48788 418192  17.95  27.33  46.10  10.23   8.03   9.01    98  33.84  30.50  17278   -.12
  1216  48785 418196  18.96  26.37  46.20  10.24   8.03   8.99    98  33.87  30.51  17287   -.12
  1216  48777 418200  19.94  25.40  46.10  10.24   8.03   8.98    98  33.87  30.52  17289   -.12
  1216  48775 418201  21.00  24.43  46.20  10.25   8.03   8.99    98  33.87  30.51  17287   -.12
  1217  48775 418198  22.03  23.36  46.20  10.25   8.03   8.98    98  33.88  30.52  17289   -.12
  1217  48775 418194  22.98  22.43  46.10  10.26   8.03   8.96    98  33.89  30.52  17292   -.12
  1217  48777 418192  23.99  21.49  46.10  10.26   8.03   8.96    98  33.90  30.53  17294   -.12
  1218  48782 418188  24.99  20.31  46.00  10.26   8.03   8.95    97  33.90  30.53  17295   -.12
  1218  48786 418186  25.98  19.36  46.00  10.26   8.03   8.95    97  33.90  30.53  17296   -.12
  1218  48788 418185  27.16  18.25  45.90  10.26   8.03   8.93    97  33.91  30.53  17297   -.12
  1219  48788 418186  27.92  17.47  46.00  10.26   8.03   8.91    97  33.90  30.53  17297   -.12
  1219  48786 418186  29.01  16.38  46.10  10.26   8.03   8.91    97  33.91  30.53  17297   -.12
  1219  48780 418187  30.02  15.45  46.00  10.27   8.03   8.90    97  33.91  30.53  17298   -.12
  1220  48769 418184  30.98  14.38  45.90  10.27   8.03   8.89    97  33.91  30.53  17298   -.12
  1220  48766 418175  32.01  13.35  45.60  10.27   8.03   8.89    97  33.91  30.53  17297   -.12
  1220  48765 418171  32.99  12.25  45.40  10.27   8.03   8.89    97  33.91  30.53  17298   -.12
  1221  48765 418174  34.02  11.31  45.60  10.27   8.03   8.88    97  33.91  30.54  17301   -.12
  1221  48765 418179  35.01  10.43   2.60  10.26   8.03   8.89    97  33.91  30.53  17298   -.12
  1222  48764 418185  36.03   9.51   2.60  10.27   8.03   8.87    97  33.91  30.53  17299   -.12
  1222  48761 418190  37.06   8.53  46.00  10.27   8.03   8.86    96  33.91  30.54  17299   -.12
  1222  48753 418196  38.01   7.59  46.00  10.27   8.03   8.86    97  33.91  30.53  17298   -.12
  1222  48748 418200  39.06   6.52  46.10  10.27   8.03   8.87    97  33.91  30.54  17300   -.12
  1223  48748 418200  39.99   5.63  46.20  10.27   8.03   8.86    97  33.92  30.54  17301   -.12
  1223  48759 418202  41.22   4.44  46.20  10.27   8.03   8.86    96  33.92  30.54  17301   -.12
  1223  48766 418200  42.15   3.46  46.20  10.27   8.03   8.85    96  33.92  30.54  17302   -.12
  1224  48773 418200  42.99   2.71  46.20  10.27   8.03   8.84    96  33.92  30.54  17302   -.12
  1224  48777 418201  43.84   1.90  46.20  10.27   8.03   8.83    96  33.92  30.54  17303   -.12
  1224  48780 418203  45.06    .69  46.20  10.27   8.03   8.82    96  33.92  30.54  17302   -.12
 -1231  47974 418358   1.08  15.84  18.60  10.11   8.01   9.32   101  33.29  30.04  17012   -.12
  1231  47949 418359   2.10  15.18    .00  10.12   8.01   9.31   101  33.29  30.04  17013   -.12
  1231  47939 418366   3.08  13.47    .00  10.11   8.01   9.31   101  33.28  30.04  17011   -.12
  1232  47924 418377   4.05  12.13  18.50  10.15   8.00   9.30   101  33.36  30.08  17039   -.12
  1232  47921 418377   4.96  10.97    .00  10.16   8.01   9.27   100  33.42  30.13  17067   -.12
  1232  47933 418369   5.98  10.84   3.00  10.14   8.01   9.26   100  33.52  30.25  17136   -.12
  1233  47959 418356   7.05   9.73    .00  10.10   8.01   9.18    99  33.51  30.28  17150   -.12
  1233  47966 418352   8.02   9.26    .00  10.10   8.01   9.18    99  33.52  30.29  17155   -.12
  1233  47973 418348   9.13   8.03  19.00  10.12   8.02   9.14    99  33.56  30.31  17170   -.12
  1234  47976 418348  10.05   7.04  19.00  10.12   8.02   9.15    99  33.57  30.32  17172   -.12
  1234  47978 418350  10.92   6.18    .00  10.12   8.02   9.17    99  33.57  30.32  17174   -.12
  1234  47977 418354  12.03   5.10    .00  10.16   8.02   9.15    99  33.69  30.40  17224   -.12
  1235  47976 418359  13.01   3.77  18.90  10.24   8.02   9.11    99  33.85  30.49  17274   -.12
  1235  47975 418366  14.05   2.66  18.90  10.25   8.02   9.07    99  33.85  30.49  17274   -.12
  1235  47976 418371  15.03   1.43    .00  10.25   8.02   9.04    98  33.86  30.50  17276   -.12
  1235  47972 418378  15.99    .60    .00  10.26   8.02   8.99    98  33.87  30.50  17279   -.12
 -1241  47472 418841    .99  13.73    .00  10.07   8.01   9.33   101  33.23  30.02  17000   -.12
  1241  47453 418864   2.04  14.00  18.00  10.08   8.01   9.33   101  33.24  30.02  17000   -.12
  1242  47446 418872   2.95  12.60  16.80  10.07   8.01   9.33   101  33.24  30.02  17003   -.12
  1242  47441 418872   4.05  10.87    .00  10.08   8.01   9.32   101  33.25  30.03  17006   -.12
  1242  47447 418866   5.01  10.47    .00  10.10   8.01   9.31   101  33.27  30.04  17011   -.12
  1243  47458 418862   5.99   8.86  16.30  10.09   8.01   9.32   101  33.26  30.03  17006   -.12
  1243  47467 418861   7.03   7.65    .00  10.10   8.01   9.31   101  33.26  30.03  17007   -.12
  1243  47477 418858   8.04   4.99  14.30  10.11   8.01   9.30   101  33.28  30.04  17012   -.12
  1243  47483 418857   8.98   2.61  13.40  10.12   8.01   9.28   100  33.32  30.06  17024   -.12
  1244  47489 418854   9.89    .43  12.30  10.12   8.01   9.28   100  33.31  30.06  17022   -.12
  1245  47469 418855  10.96   3.11    .00  10.11   8.01   9.25   100  33.30  30.05  17017   -.12
  1246  47461 418855  12.02   3.15    .00  10.12   8.01   9.25   100  33.31  30.05  17021   -.12
  1246  47454 418856  13.02   2.91    .00  10.12   8.01   9.25   100  33.30  30.05  17019   -.12
  1246  47450 418859  13.92   2.25    .00  10.11   8.01   9.25   100  33.30  30.05  17017   -.12
  1246  47448 418861  15.08    .92  17.70  10.12   8.01   9.24   100  33.30  30.05  17017   -.12
