# MEETVAARTUIG         : MILIEUCONTAINER
# MEETDATUM            : 12-05-2026 11:36:40
# MEETGEBIED           : ZEELAND
# STARTPUNT            : BRUINISSE
# EINDPUNT             : BRUINISSE
# PROJECTCODE          : GTS-VERTIKALEN
# OPDRACHTGEVER        : WVL
# BEHEERDER            : MOBIEL METEN
# BEMONST. INST        : []
# WAARNEMER(S)         : Bernaards
#
* 20260512
$ 9999 [00000000000000000000]
>TIJD       uumm                         
>X          coordinaat                   
>Y          coordinaat                   
>SENSHTE    Diepte set           m       
>Echms      Echoset              mtrs    
>Temp       Temperatuur          oC      
>pH         Zuurgraad            pH      
>O2         Zuurstof             mg/l    
>%O2        Zuurstof%            %       
>GELBH      Geleidendheid        mS/cm   
>GELDHD     Geleidendheid        ???     
>SALNTT     Saliniteit           dimsl   
>CL-        Chloride             mg/l    
>CHLFRFU    Chlorofyl            RFU     
>TROEBHFNU  Troebelheid          FNU     
>PHYCOUGL   Phycocyanine         ug/l    
 -1137    47683   418713    0.95    9.64   14.39    8.14    6.86     81   38.25    4330   31.26   17709    0.53    4.31    0.10
  1138    47683   418713    1.99    8.65   14.40    8.14    6.84     81   38.25    4330   31.26   17709    1.22    4.67    0.20
  1138    47683   418713    2.98    7.56   14.40    8.14    6.82     81   38.25    4330   31.27   17710    0.65    4.48    0.14
  1138    47683   418713    4.01    6.43   14.40    8.14    6.81     81   38.25    4331   31.27   17710    0.43    4.49    0.14
  1138    47683   418713    4.96    5.19   14.37    8.15    6.88     82   38.22    4330   31.26   17709    0.71    2.62    0.14
  1139    47683   418713    6.05    3.99   14.37    8.14    6.89     82   38.22    4330   31.27   17709    1.05    3.00    0.47
  1139    47683   418713    6.98    2.94   14.36    8.14    6.88     81   38.22    4330   31.26   17708    0.72    3.46    0.11
  1139    47683   418713    7.97    1.93   14.36    8.14    6.83     81   38.22    4331   31.27   17712    0.53    4.58    0.16
  1139    47683   418713    9.04    1.07   14.29    8.14    6.70     79   38.20    4336   31.31   17737    0.64    2.38    0.10
 -1143    47832   418622    1.05   13.21   14.52    8.23    7.54     90   38.37    4331   31.27   17710    0.77    0.92    0.12
  1144    47832   418622    2.09   14.01   14.52    8.23    7.83     93   38.36    4331   31.27   17709    1.40    0.90    0.23
  1144    47832   418622    3.07   13.54   14.51    8.23    7.83     93   38.35    4331   31.27   17710    1.30    0.98    0.20
  1144    47832   418622    3.94   13.07   14.51    8.23    7.82     93   38.35    4331   31.27   17710    1.40    0.91    0.28
  1145    47832   418622    5.08   12.46   14.51    8.23    7.84     93   38.36    4331   31.27   17712    1.26    0.92    0.27
  1145    47832   418622    5.92   11.66   14.50    8.22    7.83     93   38.35    4331   31.27   17710    1.06    0.93    0.13
  1145    47832   418622    7.05   10.77   14.50    8.22    7.82     93   38.34    4330   31.26   17709    1.20    1.12    0.41
  1145    47832   418622    8.02    9.96   14.51    8.23    7.85     93   38.36    4331   31.27   17712    1.10    0.84    0.06
  1146    47832   418622    9.02    9.09   14.51    8.23    7.85     93   38.36    4331   31.27   17711    1.12    0.84    0.28
  1146    47832   418622   10.07    8.08   14.52    8.23    7.86     93   38.36    4331   31.27   17711    1.26    0.93    0.40
  1146    47832   418622   10.98    7.27   14.51    8.23    7.86     93   38.36    4332   31.27   17714    0.96    0.85    0.14
  1147    47832   418622   12.07    6.72   14.51    8.24    7.86     93   38.37    4332   31.28   17718    0.88    0.70    0.05
  1147    47832   418622   13.09    6.05   14.32    8.19    7.51     89   38.23    4336   31.31   17735    0.89    0.96    0.36
  1147    47832   418622   14.09    5.17   13.77    8.06    5.65     66   37.82    4345   31.39   17782    0.85    0.91    0.17
  1148    47832   418622   15.02    4.15   12.71    7.86    3.05     35   37.13    4370   31.59   17901    0.50    2.47    0.14
  1149    47832   418622   15.90    3.28   11.84    7.64    1.09     12   36.54    4394   31.78   18017    0.22    3.79    0.15
  1149    47832   418622   17.07    0.87   10.93    7.56    0.42      5   35.93    4418   31.98   18134    0.20    3.70    0.31
 -1205    48775   418207    0.95   44.17   14.47    8.25    8.11     96   38.30    4328   31.25   17700    0.99    1.02    0.35
  1206    48775   418207    2.09   42.88   14.46    8.25    8.08     96   38.30    4330   31.26   17706    1.16    0.85    0.42
  1206    48775   418207    3.07   41.95   14.46    8.25    8.07     96   38.30    4330   31.26   17706    1.21    0.81    0.33
  1206    48775   418207    4.09   40.40   14.46    8.25    8.07     96   38.31    4331   31.27   17710    1.38    0.71    0.29
  1207    48775   418207    5.07   39.48   14.45    8.25    8.05     96   38.30    4331   31.27   17710    1.14    0.92    0.43
  1207    48775   418207    6.11   37.83   14.46    8.25    8.04     95   38.31    4331   31.27   17710    1.43    0.81    0.39
  1207    48775   418207    7.03   36.50   14.46    8.25    8.06     96   38.31    4331   31.27   17712    1.40    0.86    0.53
  1207    48775   418207    7.99   35.30   14.46    8.25    8.07     96   38.32    4332   31.27   17714    1.23    0.79    0.20
  1207    48775   418207    9.01   33.86   14.46    8.25    8.07     96   38.32    4332   31.28   17715    1.21    1.01    0.21
  1208    48775   418207    9.98   32.58   14.47    8.25    8.07     96   38.33    4332   31.28   17716    1.44    0.87    0.27
  1208    48775   418207   10.91   31.01   14.45    8.25    8.04     95   38.31    4332   31.28   17717    1.62    0.73    0.41
  1208    48775   418207   11.96   29.94   14.44    8.25    8.00     95   38.31    4332   31.28   17717    1.71    0.67    0.17
  1209    48775   418207   12.92   29.65   14.44    8.24    7.97     95   38.31    4332   31.28   17718    1.09    0.84    0.32
  1209    48775   418207   13.89   31.25   14.44    8.24    7.96     94   38.31    4332   31.28   17718    1.25    0.78    0.37
  1209    48775   418207   14.90   30.40   14.43    8.24    7.94     94   38.30    4333   31.28   17719    1.15    0.96    0.28
  1210    48775   418207   16.10   28.56   11.81    7.71    2.48     28   36.57    4402   31.85   18057    0.30    0.80    0.10
  1211    48775   418207   16.90   30.32   11.17    7.57    0.81      9   36.10    4413   31.93   18108    0.22    1.51    0.08
  1211    48775   418207   17.96   26.76   10.47    7.55    0.78      9   35.56    4421   32.01   18152    0.42    0.49    0.21
  1212    48775   418207   19.00   25.63   10.34    7.59    0.95     10   35.46    4424   32.03   18165    0.22    0.61    0.16
  1212    48775   418207   20.04   24.70   10.13    7.61    1.09     12   35.29    4425   32.04   18171    0.13    0.54    0.15
  1212    48775   418207   20.94   23.43   10.08    7.55    0.77      8   35.26    4426   32.04   18175    0.09    1.90    0.25
  1212    48775   418207   22.03   22.43   10.00    7.54    0.43      5   35.19    4427   32.05   18179    0.07    3.48    0.23
  1213    48775   418207   23.01   21.36    9.92    7.58    0.58      6   35.11    4426   32.05   18178    0.15    0.62    0.26
  1213    48775   418207   24.04   20.01    9.85    7.55    0.57      6   35.06    4427   32.05   18180    0.08    0.62    0.24
  1213    48775   418207   25.08   19.09    9.80    7.52    0.39      4   35.02    4428   32.06   18185    0.09    1.37    0.20
  1214    48775   418207   25.88   18.18    9.75    7.52    0.23      3   34.98    4428   32.06   18186    0.12    1.56    0.28
  1214    48775   418207   27.01   16.81    9.72    7.52    0.17      2   34.96    4428   32.06   18188    0.15    1.82    0.33
  1214    48775   418207   27.96   15.65    9.55    7.50    0.14      1   34.82    4430   32.07   18195    0.09    1.57    0.27
  1215    48775   418207   28.99   13.66    9.41    7.47    0.12      1   34.71    4431   32.08   18200    0.11    0.98    0.30
  1215    48775   418207   29.87   13.07    9.33    7.46    0.10      1   34.64    4431   32.08   18200    0.12    0.84    0.18
  1215    48775   418207   30.82   12.69    8.99    7.40    0.08      1   34.37    4434   32.11   18216    0.11    1.02    0.22
  1216    48775   418207   31.82   12.53    8.70    7.36    0.05      1   34.10    4433   32.10   18211    0.02    0.80    0.14
  1217    48775   418207   32.96   11.92    8.63    7.36    0.05      0   34.04    4433   32.10   18212    0.04    0.76    0.17
  1217    48775   418207   34.10   10.22    8.45    7.32    0.04      0   33.90    4435   32.12   18223    0.08    0.78    0.18
  1217    48775   418207   35.16    9.79    8.41    7.31    0.04      0   33.86    4434   32.11   18219    0.00    0.73    0.21
  1218    48775   418207   36.10    8.52    8.30    7.28    0.03      0   33.77    4434   32.11   18219    0.07    0.76    0.11
  1218    48775   418207   36.90    7.45    8.28    7.27    0.02      0   33.75    4434   32.11   18220    0.09    0.79    0.17
  1219    48775   418207   38.02    4.98    8.27    7.26    0.01      0   33.74    4434   32.11   18218    0.11    0.79    0.17
  1220    48775   418207   38.77    4.17    8.26    7.26   -0.00      0   33.73    4433   32.11   18217    0.11    0.81    0.20
 -1120    49928   418245    0.99   20.86   14.41    8.26    8.05     95   38.29    4334   31.29   17724    1.01    0.89    0.21
  1121    49928   418245    2.10   23.50   14.41    8.26    8.02     95   38.29    4333   31.29   17723    1.33    0.90    0.28
  1121    49928   418245    3.05   22.27   14.43    8.26    8.03     95   38.30    4333   31.29   17722    1.50    0.89    0.33
  1121    49928   418245    4.02   21.39   14.42    8.26    8.03     95   38.30    4334   31.29   17724    1.18    0.91    0.17
  1122    49928   418245    5.05   20.39   14.42    8.26    8.02     95   38.30    4333   31.29   17723    1.15    0.89    0.18
  1122    49928   418245    6.00   19.44   14.42    8.26    8.00     95   38.30    4333   31.29   17723    1.04    0.69    0.19
  1122    49928   418245    7.05   18.28   14.42    8.26    8.00     95   38.30    4333   31.29   17723    1.25    0.83    0.21
  1122    49928   418245    8.06   17.27   14.41    8.26    8.00     95   38.29    4333   31.29   17723    1.20    0.96    0.43
  1123    49928   418245    8.93   16.89   14.41    8.26    7.99     95   38.29    4334   31.29   17724    1.16    0.92    0.21
  1123    49928   418245   10.01   15.89   14.39    8.26    7.98     95   38.28    4334   31.29   17724    1.08    1.05    0.18
  1123    49928   418245   11.03   15.05   14.35    8.25    7.95     94   38.24    4334   31.29   17725    0.95    0.90    0.21
  1123    49928   418245   12.01   14.26   14.37    8.25    7.92     94   38.25    4334   31.29   17724    0.83    0.85    0.03
  1124    49928   418245   13.04   13.14   14.33    8.24    7.86     93   38.22    4334   31.29   17726    0.88    1.03    0.18
  1124    49928   418245   13.98   11.69   14.28    8.24    7.81     92   38.19    4336   31.31   17734    0.82    1.04    0.27
  1124    49928   418245   15.00    9.01   14.25    8.23    7.70     91   38.17    4335   31.30   17732    0.98    1.38    0.19
  1125    49928   418245   15.98    6.51   14.11    8.22    7.54     89   38.07    4339   31.33   17749    0.89    1.75    0.28
  1126    49928   418245   17.02    2.97   11.74    7.84    3.63     41   36.56    4404   31.86   18064    1.19    1.00    0.17
  1126    49928   418245   18.02    1.58   10.40    7.58    1.48     16   35.51    4423   32.02   18160    0.20    0.68    0.17
  1127    49928   418245   19.02    0.83   10.25    7.58    1.24     14   35.38    4423   32.02   18163    0.27    0.72    0.19
 -1104    50642   418327    1.07   29.27   14.51    8.27    8.20     97   38.36    4332   31.28   17716    0.83    0.80    0.12
  1105    50642   418327    1.92   28.63   14.51    8.27    8.21     98   38.37    4332   31.28   17716    1.13    0.92    0.24
  1105    50642   418327    3.06   27.09   14.51    8.27    8.22     98   38.37    4332   31.28   17718    1.36    0.79    0.25
  1105    50642   418327    3.93   26.10   14.52    8.27    8.22     98   38.37    4332   31.28   17716    1.10    0.84    0.22
  1105    50642   418327    5.06   24.64   14.52    8.27    8.21     97   38.38    4332   31.28   17717    1.29    0.67    0.22
  1106    50642   418327    6.07   23.64   14.52    8.27    8.22     98   38.38    4332   31.28   17717    1.38    1.00    0.24
  1106    50642   418327    6.99   22.50   14.52    8.27    8.20     97   38.38    4332   31.28   17717    1.43    0.82    0.34
  1106    50642   418327    8.04   21.35   14.52    8.27    8.21     98   38.38    4332   31.28   17716    1.34    0.80    0.28
  1106    50642   418327    9.06   20.23   14.52    8.27    8.19     97   38.37    4332   31.28   17718    1.07    0.88    0.15
  1107    50642   418327   10.03   18.95   14.52    8.27    8.18     97   38.38    4333   31.28   17719    1.32    0.67    0.14
  1107    50642   418327   10.94   17.88   14.51    8.27    8.16     97   38.37    4332   31.28   17718    1.13    0.87    0.18
  1107    50642   418327   11.98   16.63   14.51    8.27    8.16     97   38.37    4333   31.28   17719    1.05    0.80    0.23
  1107    50642   418327   13.04   15.64   14.50    8.27    8.15     97   38.36    4332   31.28   17718    1.74    0.66    0.27
  1108    50642   418327   14.07   14.46   14.50    8.27    8.14     97   38.37    4333   31.28   17720    1.30    0.80    0.29
  1108    50642   418327   15.03   13.24   14.40    8.25    8.06     95   38.30    4335   31.30   17731    2.01    0.82    0.18
  1108    50642   418327   15.93   12.01   14.25    8.23    7.82     92   38.20    4339   31.34   17752    1.15    0.64    0.16
  1109    50642   418327   16.95   10.83   12.91    8.08    6.16     71   37.26    4369   31.58   17895    0.81    0.87    0.25
  1110    50642   418327   18.08    9.52   10.66    7.79    3.71     41   35.73    4422   32.01   18153    0.48    0.65    0.22
  1110    50642   418327   19.05    8.57   10.25    7.69    2.85     31   35.39    4425   32.03   18169    0.15    0.82    0.12
  1111    50642   418327   20.08    8.89   10.10    7.59    1.58     17   35.26    4424   32.03   18166    0.16    0.64    0.28
  1112    50642   418327   20.99    8.43   10.00    7.61    1.40     15   35.18    4425   32.03   18170    0.15    0.63    0.26
  1114    50675   418293   22.11    8.29    9.97    7.61    1.23     13   35.14    4425   32.03   18169    0.22    0.66    0.30
  1114    50675   418293   22.94    6.49    9.92    7.62    1.25     14   35.11    4425   32.03   18170    0.14    0.61    0.07
  1115    50675   418293   24.08    2.92    9.83    7.64    1.39     15   35.02    4425   32.03   18169    0.07    0.70    0.14
  1115    50675   418293   25.01    1.12    9.77    7.65    1.48     16   34.97    4425   32.04   18172    0.05    0.73    0.22
 -1044    51657   418653    1.01   35.41   14.39    8.28    8.23     98   38.25    4331   31.27   17713    0.75    0.80    0.11
  1045    51657   418653    2.03   34.62   14.39    8.28    8.26     98   38.25    4331   31.27   17714    1.11    0.81    0.30
  1045    51657   418653    3.03   33.48   14.40    8.28    8.27     98   38.26    4331   31.27   17714    0.91    0.71    0.25
  1045    51657   418653    4.04   32.24   14.40    8.28    8.28     98   38.26    4332   31.27   17715    0.94    0.74    0.23
  1045    51657   418653    5.09   31.14   14.39    8.28    8.28     98   38.26    4332   31.28   17715    1.17    0.95    0.29
  1046    51657   418653    6.09   29.86   14.40    8.28    8.28     98   38.26    4332   31.27   17715    1.00    0.63    0.17
  1046    51657   418653    6.90   28.59   14.41    8.28    8.27     98   38.27    4331   31.27   17713    1.46    0.64    0.17
  1046    51657   418653    7.98   28.39   14.41    8.27    8.27     98   38.28    4332   31.28   17715    1.12    0.69    0.27
  1047    51657   418653    9.05   28.46   14.43    8.27    8.28     98   38.29    4332   31.28   17715    1.21    0.65    0.31
  1047    51657   418653   10.07   28.12   14.44    8.28    8.28     98   38.30    4332   31.27   17715    1.14    0.62    0.24
  1047    51657   418653   11.00   28.39   14.43    8.28    8.28     98   38.29    4332   31.28   17715    1.24    0.71    0.32
  1048    51657   418653   12.10   21.35   14.40    8.28    8.26     98   38.27    4331   31.27   17714    1.30    0.68    0.23
  1048    51657   418653   13.09   19.49   14.36    8.27    8.23     98   38.23    4332   31.28   17718    0.94    0.68    0.03
  1049    51657   418653   13.93   18.70   14.38    8.27    8.22     97   38.25    4332   31.28   17715    1.08    0.61    0.11
  1049    51657   418653   14.94   18.55   14.26    8.26    8.18     97   38.15    4332   31.28   17717    0.94    0.50    0.22
  1049    51657   418653   16.03   19.60   14.23    8.26    8.13     96   38.12    4332   31.28   17717    1.09    0.64    0.14
  1050    51657   418653   17.01   19.35   13.57    8.17    7.21     84   37.69    4350   31.42   17804    0.81    0.79    0.05
  1051    51657   418653   17.89   19.23   10.45    7.73    3.32     36   35.55    4422   32.01   18156    0.19    0.59    0.16
  1051    51657   418653   19.01   18.66   10.16    7.77    3.37     37   35.31    4425   32.03   18170    0.14    0.61    0.22
  1052    51657   418653   20.08   15.96   10.04    7.74    3.07     33   35.21    4425   32.04   18172    0.11    0.67    0.32
  1052    51657   418653   21.11   15.53    9.99    7.72    2.86     31   35.17    4425   32.04   18173    0.15    0.60    0.16
  1052    51657   418653   22.05   15.16    9.93    7.73    2.84     31   35.12    4426   32.04   18175    0.09    0.71    0.18
  1053    51657   418653   22.95   15.09    9.84    7.73    2.81     30   35.04    4425   32.04   18172    0.09    0.91    0.35
  1054    51657   418653   24.06   13.12    9.76    7.72    2.73     29   34.97    4426   32.04   18176    0.11    0.94    0.28
  1054    51657   418653   24.99   11.27    9.68    7.71    2.64     28   34.90    4425   32.04   18171    0.06    0.83    0.24
  1054    51657   418653   25.93    9.76    9.67    7.70    2.50     27   34.88    4425   32.03   18170    0.11    1.08    0.06
  1054    51657   418653   27.08    9.61    9.59    7.67    2.26     24   34.81    4425   32.04   18172    0.13    1.26    0.17
  1055    51657   418653   27.95    9.71    9.51    7.63    1.82     20   34.74    4424   32.03   18168    0.16    1.45    0.40
  1055    51657   418653   29.08    8.74    9.46    7.60    1.48     16   34.69    4424   32.03   18167    0.13    1.68    0.23
  1055    51657   418653   29.86    7.04    9.39    7.54    0.78      8   34.63    4423   32.02   18166    0.15    2.21    0.31
  1056    51657   418653   30.95    5.57    9.28    7.54    0.52      6   34.54    4424   32.03   18169    0.07    3.55    0.19
  1056    51657   418653   32.14    3.01    9.14    7.60    0.32      3   34.41    4423   32.02   18163    0.11    5.84    0.34
  1056    51657   418653   32.98    1.41    9.11    7.59    0.22      2   34.38    4422   32.02   18163    0.16    5.79    0.23
  1057    51657   418653   33.71    0.26    9.07    7.57    0.18      2   34.35    4423   32.02   18164    0.16    5.86    0.24
 -1032    52917   420283    1.06    9.99   13.75    8.18    7.53     88   37.67    4330   31.26   17709    0.98    0.77    0.20
  1032    52917   420283    2.10    8.76   13.77    8.18    7.53     88   37.69    4330   31.26   17709    0.95    0.77    0.29
  1033    52917   420283    2.95    7.92   13.77    8.18    7.53     88   37.69    4330   31.26   17710    1.36    0.85    0.08
  1033    52917   420283    4.01    6.85   13.81    8.19    7.53     88   37.72    4329   31.26   17707    1.76    0.83    0.23
  1033    52917   420283    5.00    5.85   13.79    8.18    7.52     88   37.71    4330   31.26   17709    1.40    0.98    0.10
  1033    52917   420283    6.00    4.78   13.79    8.18    7.53     88   37.71    4330   31.26   17711    1.04    1.04    0.23
  1034    52917   420283    7.05    3.66   13.80    8.19    7.53     88   37.71    4330   31.26   17709    1.19    0.85    0.06
  1034    52917   420283    8.07    2.58   13.75    8.17    7.47     87   37.68    4330   31.26   17710    1.14    0.89    0.41
  1034    52917   420283    9.14    1.45   13.72    8.16    7.37     86   37.65    4330   31.26   17709    1.21    1.21    0.25
  1034    52917   420283    9.84    0.66   13.83    8.19    7.38     87   37.74    4329   31.26   17707    1.39    0.85    0.13
 -1021    53778   421062    1.02   15.68   14.00    8.22    7.64     90   37.88    4327   31.24   17698    2.36    1.50    0.63
  1021    53778   421062    2.07   14.62   14.01    8.22    7.64     90   37.88    4327   31.24   17697    2.06    1.52    0.46
  1021    53778   421062    3.09   13.59   14.00    8.22    7.61     90   37.88    4328   31.25   17700    1.81    1.62    0.72
  1022    53778   421062    3.99   12.68   14.00    8.21    7.56     89   37.88    4328   31.25   17700    1.62    1.21    0.41
  1022    53778   421062    4.99   11.62   13.99    8.21    7.53     89   37.87    4328   31.25   17701    2.22    1.29    0.50
  1022    53778   421062    6.06   10.44   13.99    8.21    7.52     88   37.87    4328   31.25   17701    1.46    1.03    0.54
  1022    53778   421062    7.06    9.27   13.98    8.21    7.47     88   37.87    4328   31.25   17701    1.72    1.06    0.30
  1023    53778   421062    7.92    8.27   13.97    8.21    7.46     88   37.86    4328   31.25   17701    1.64    1.08    0.46
  1023    53778   421062    9.02    7.30   13.90    8.18    7.34     86   37.80    4329   31.26   17707    1.13    0.88    0.29
  1023    53778   421062    9.98    5.94   13.86    8.17    7.28     85   37.77    4329   31.26   17708    1.44    0.90    0.22
  1023    53778   421062   10.99    4.75   13.82    8.17    7.25     85   37.74    4330   31.27   17711    1.30    0.80    0.30
  1024    53778   421062   12.04    3.49   13.77    8.16    7.20     84   37.69    4330   31.27   17712    1.07    0.87    0.32
  1024    53778   421062   13.02    2.42   13.74    8.15    7.12     83   37.67    4331   31.27   17714    1.20    0.79    0.31
  1024    53778   421062   14.09    1.20   13.73    8.15    7.07     83   37.66    4331   31.27   17713    1.14    0.86    0.31
 -1008    55214   421361    0.98   19.23   14.00    8.23    7.64     90   37.89    4329   31.25   17703    1.17    0.95    0.18
  1008    55214   421361    1.96   18.42   14.01    8.23    7.64     90   37.89    4329   31.25   17703    1.01    1.02    0.26
  1008    55214   421361    3.05   17.35   14.02    8.23    7.64     90   37.90    4328   31.25   17702    1.08    0.94    0.15
  1008    55214   421361    4.11   16.13   14.01    8.23    7.65     90   37.89    4328   31.25   17701    1.15    0.91    0.30
  1009    55214   421361    5.03   15.27   14.02    8.23    7.64     90   37.90    4329   31.25   17702    1.03    0.87    0.39
  1009    55214   421361    6.03   14.22   14.02    8.23    7.64     90   37.90    4328   31.25   17701    1.07    0.91    0.19
  1009    55214   421361    7.06   13.14   14.02    8.23    7.64     90   37.90    4328   31.25   17701    1.15    1.03    0.37
  1009    55214   421361    7.97   12.27   14.02    8.23    7.64     90   37.90    4329   31.25   17703    1.08    2.97    0.22
  1010    55214   421361    9.05   11.07   14.02    8.23    7.64     90   37.90    4328   31.25   17702    1.41    0.80    0.19
  1010    55214   421361   10.12    9.89   14.01    8.22    7.63     90   37.90    4329   31.25   17703    1.75    0.99    0.45
  1010    55214   421361   10.99    8.86   14.01    8.22    7.62     90   37.90    4329   31.25   17704    1.86    0.95    0.34
  1010    55214   421361   12.05    7.59   14.00    8.22    7.60     89   37.89    4329   31.25   17704    1.22    0.85    0.25
  1011    55214   421361   13.02    6.04   13.59    8.10    6.38     74   37.56    4333   31.29   17724    1.45    0.98    0.22
  1012    55214   421361   13.98    4.93   13.52    8.07    5.80     67   37.51    4334   31.30   17731    1.60    0.96    0.26
  1012    55214   421361   15.08    3.47   13.39    7.99    4.92     57   37.40    4334   31.30   17733    0.87    1.06    0.24
  1013    55214   421361   15.98    2.13   13.14    7.90    3.83     44   37.17    4334   31.29   17730    1.14    1.18    0.25
  1013    55214   421361   17.02    0.40   12.75    7.81    2.83     32   36.92    4344   31.38   17779    2.40    2.84    0.64
 -0959    56360   420365    1.01    9.50   14.07    8.25    7.80     92   37.95    4329   31.25   17703    1.09    0.63    0.09
  0959    56360   420365    2.07    8.49   14.07    8.25    7.79     92   37.95    4329   31.25   17704    0.78    0.57    0.20
  0959    56360   420365    3.08    7.51   14.06    8.24    7.79     92   37.94    4329   31.25   17704    1.06    0.68    0.40
  0959    56360   420365    4.01    6.65   14.06    8.24    7.79     92   37.94    4329   31.25   17704    1.47    0.60    0.33
  0960    56360   420365    5.00    5.73   14.06    8.24    7.79     92   37.94    4329   31.26   17705    1.34    0.73    0.14
  1000    56360   420365    6.02    4.77   14.06    8.24    7.79     92   37.94    4329   31.25   17703    0.99    0.74    0.10
  1000    56360   420365    7.04    3.78   14.05    8.24    7.79     92   37.94    4329   31.26   17705    1.01    0.71    0.33
  1000    56360   420365    8.05    2.80   13.91    8.23    7.79     91   37.81    4329   31.26   17707    0.93    0.78    0.16
  1000    56360   420365    9.04    1.92   13.80    8.22    7.79     91   37.72    4329   31.26   17708    0.80    0.73    0.41
  1001    56360   420365   10.04    0.97   13.69    8.22    7.80     91   37.62    4330   31.26   17709    1.85    0.78    0.17
 -0945    57588   418821    1.10   14.69   14.51    8.27    7.82     93   38.29    4324   31.21   17678    0.86    0.83    0.08
  0945    57588   418821    2.05   13.80   14.50    8.27    7.82     93   38.28    4324   31.21   17677    1.21    0.93    0.15
  0946    57588   418821    3.02   12.97   14.50    8.27    7.83     93   38.28    4324   31.21   17678    1.09    0.73    0.18
  0946    57588   418821    4.10   11.99   14.49    8.27    7.82     93   38.28    4324   31.21   17679    0.94    0.62    0.45
  0946    57588   418821    4.93   11.25   14.49    8.27    7.82     93   38.27    4324   31.21   17679    1.02    0.85    0.23
  0946    57588   418821    6.05   10.39   14.49    8.27    7.81     93   38.28    4324   31.22   17681    1.05    0.79    0.20
  0946    57588   418821    6.88    9.96   14.49    8.27    7.81     93   38.28    4324   31.22   17680    0.93    0.75    0.26
  0947    57588   418821    7.97    9.13   14.49    8.27    7.79     92   38.28    4324   31.22   17681    1.04    0.77    0.16
  0947    57588   418821    8.96    7.84   14.46    8.26    7.79     92   38.26    4325   31.22   17684    1.00    0.72    0.22
  0947    57588   418821    9.98    6.86   14.45    8.26    7.78     92   38.25    4325   31.22   17685    1.12    0.68    0.30
  0948    57588   418821   11.09    5.82   14.43    8.26    7.80     93   38.24    4326   31.23   17688    1.04    0.92    0.17
  0948    57588   418821   12.04    4.74   14.42    8.26    7.81     93   38.24    4326   31.23   17690    0.78    0.88    0.27
  0948    57588   418821   13.04    3.73   14.33    8.26    7.83     93   38.19    4329   31.26   17705    0.69    0.71    0.24
  0948    57588   418821   14.00    3.03   14.31    8.26    7.84     93   38.17    4330   31.26   17707    0.70    0.77    0.18
  0948    57588   418821   15.09    1.93   14.30    8.26    7.84     93   38.16    4330   31.26   17707    0.79    1.00    0.14
  0949    57588   418821   16.09    1.01   14.30    8.26    7.83     93   38.17    4330   31.26   17708    0.77    1.15    0.32
 -0932    57954   417168    0.96   19.85   14.77    8.27    7.73     92   38.44    4314   31.13   17632    1.45    1.03    0.39
  0932    57954   417168    2.13   18.53   14.77    8.27    7.73     92   38.44    4314   31.13   17632    1.33    1.11    0.31
  0932    57954   417168    2.97   17.67   14.77    8.27    7.73     92   38.44    4314   31.13   17632    1.85    1.02    0.26
  0933    57954   417168    3.94   16.74   14.77    8.27    7.72     92   38.44    4315   31.14   17634    1.13    0.90    0.29
  0933    57954   417168    5.04   15.57   14.53    8.26    7.66     91   38.35    4328   31.24   17695    0.91    0.77    0.27
  0933    57954   417168    6.00   14.59   14.49    8.27    7.72     92   38.31    4328   31.24   17697    0.79    0.73    0.15
  0934    57954   417168    6.93   13.64   14.33    8.26    7.80     92   38.19    4331   31.27   17711    0.65    1.04    0.09
  0934    57954   417168    8.00   12.41   14.22    8.26    7.83     92   38.09    4330   31.26   17707    0.62    0.98    0.10
  0934    57954   417168    9.01   11.14   14.20    8.26    7.86     93   38.07    4329   31.26   17705    0.77    0.81    0.23
  0935    57954   417168   10.05    9.93   14.20    8.26    7.86     93   38.07    4329   31.26   17706    0.72    0.95    0.19
  0935    57954   417168   11.05    8.81   14.21    8.26    7.87     93   38.07    4329   31.25   17703    0.75    0.90    0.06
  0935    57954   417168   11.96    7.75   14.18    8.26    7.88     93   38.05    4329   31.26   17704    1.16    0.87    0.20
  0935    57954   417168   13.10    6.58   14.15    8.26    7.89     93   38.02    4329   31.25   17704    0.82    0.91    0.14
  0936    57954   417168   14.08    5.55   14.11    8.26    7.88     93   37.99    4330   31.26   17710    0.80    0.74    0.11
  0936    57954   417168   14.99    4.68   14.09    8.26    7.88     93   37.98    4330   31.26   17708    0.60    1.09    0.28
  0936    57954   417168   16.03    3.73   14.06    8.26    7.88     93   37.95    4330   31.27   17711    0.67    0.97    0.15
  0936    57954   417168   17.07    2.67   13.99    8.25    7.87     93   37.91    4332   31.28   17717    0.85    0.91    0.33
  0937    57954   417168   17.89    1.50   13.98    8.25    7.87     92   37.89    4331   31.27   17716    0.65    1.19    0.32
  0937    57954   417168   19.06   14.42   13.97    8.25    7.86     92   37.89    4332   31.28   17719    0.74    2.21    0.25
 -0910    59227   414691    0.99   18.30   14.84    8.25    7.46     89   38.40    4304   31.05   17582    1.18    1.17    0.23
  0915    59227   414691    1.89   16.37   14.83    8.25    7.46     89   38.40    4304   31.05   17585    1.08    1.05    0.26
  0915    59227   414691    2.90   14.69   14.83    8.25    7.47     89   38.40    4304   31.06   17586    1.39    1.15    0.29
  0915    59227   414691    3.95   13.73   14.83    8.26    7.49     89   38.40    4304   31.05   17586    1.05    1.00    0.40
  0916    59227   414691    5.05   12.66   14.84    8.26    7.50     90   38.42    4305   31.06   17591    1.47    1.04    0.21
  0916    59227   414691    6.00   11.55   14.84    8.26    7.54     90   38.43    4306   31.07   17594    1.28    0.95    0.14
  0916    59227   414691    7.04   10.36   14.84    8.26    7.57     90   38.44    4307   31.08   17600    1.04    0.88    0.39
  0916    59227   414691    7.92    9.72   14.84    8.26    7.59     91   38.43    4306   31.07   17595    1.64    0.94    0.08
  0917    59227   414691    9.08    8.34   14.84    8.26    7.61     91   38.43    4307   31.07   17596    1.41    0.97    0.34
  0917    59227   414691    9.92    6.96   14.85    8.27    7.61     91   38.45    4308   31.08   17601    1.30    1.13    0.24
  0917    59227   414691   11.08    5.37   14.85    8.27    7.66     92   38.46    4309   31.09   17608    1.23    0.97    0.20
  0917    59227   414691   11.99    4.42   14.85    8.27    7.68     92   38.46    4309   31.10   17609    1.39    0.88    0.13
  0918    59227   414691   13.05    3.72   14.84    8.27    7.70     92   38.47    4311   31.11   17617    1.20    0.92    0.19
  0918    59227   414691   13.99    3.09   14.83    8.27    7.72     92   38.48    4313   31.12   17625    1.29    0.69    0.30
  0918    59227   414691   15.01    2.06   14.81    8.27    7.75     93   38.48    4315   31.14   17636    0.91    0.97    0.41
  0919    59227   414691   15.87    1.06   14.81    8.27    7.75     93   38.48    4315   31.14   17637    1.21    0.78    0.15
 -0855    61257   412964    1.00    9.15   14.83    8.27    7.66     91   38.41    4306   31.07   17592    1.03    0.94    0.30
  0855    61257   412964    2.08    8.07   14.83    8.27    7.66     91   38.42    4306   31.07   17595    1.42    0.99    0.07
  0856    61257   412964    3.05    7.08   14.84    8.27    7.65     91   38.42    4306   31.07   17592    1.66    0.98    0.07
  0856    61257   412964    4.09    5.99   14.85    8.27    7.66     92   38.42    4305   31.06   17591    1.56    0.86    0.19
  0856    61257   412964    5.02    5.03   14.84    8.27    7.65     91   38.42    4306   31.07   17593    1.44    0.97    0.24
  0856    61257   412964    6.02    4.00   14.81    8.26    7.64     91   38.42    4308   31.09   17604    1.36    0.98    0.21
  0857    61257   412964    7.03    3.05   14.80    8.26    7.62     91   38.41    4309   31.09   17607    1.45    0.91    0.34
  0857    61257   412964    8.08    2.00   14.64    8.25    7.58     90   38.35    4318   31.16   17649    1.48    1.15    0.26
  0857    61257   412964    9.11    0.96   14.37    8.23    7.47     89   38.27    4335   31.30   17730    0.96    1.80    0.35
 -0844    62581   412223    0.99   16.59   14.50    8.24    7.62     90   38.14    4307   31.08   17601    0.99    1.56    0.22
  0845    62581   412223    1.94   15.59   14.50    8.23    7.62     90   38.13    4307   31.08   17600    1.20    1.87    0.36
  0845    62581   412223    3.11   14.01   14.50    8.25    7.61     90   38.13    4307   31.07   17598    0.97    1.81    0.11
  0845    62581   412223    3.98   13.06   14.50    8.25    7.61     90   38.13    4307   31.08   17599    1.06    1.75    0.24
  0845    62581   412223    5.05   11.94   14.50    8.24    7.60     90   38.13    4307   31.08   17600    1.62    1.56    0.16
  0846    62581   412223    5.94   11.04   14.48    8.24    7.60     90   38.14    4309   31.09   17607    1.59    1.59    0.28
  0846    62581   412223    7.00    9.99   14.50    8.24    7.60     90   38.14    4307   31.08   17601    1.11    1.42    0.22
  0846    62581   412223    8.08    8.89   14.49    8.24    7.59     90   38.14    4309   31.09   17607    1.12    1.45    0.18
  0847    62581   412223    9.09    7.88   14.47    8.24    7.59     90   38.15    4311   31.11   17620    1.22    1.59    0.22
  0847    62581   412223    9.93    7.06   14.48    8.24    7.57     90   38.14    4310   31.10   17614    1.34    1.55    0.27
  0847    62581   412223   11.11    5.99   14.32    8.23    7.57     90   38.17    4330   31.26   17707    0.97    1.75    0.21
  0848    62581   412223   11.95    5.14   14.27    8.23    7.58     90   38.13    4329   31.26   17705    0.75    1.41    0.15
  0848    62581   412223   12.95    4.41   14.17    8.23    7.58     89   38.06    4331   31.27   17714    1.07    1.71    0.26
  0848    62581   412223   14.09    2.78   14.12    8.24    7.59     89   38.01    4330   31.26   17710    0.84    1.55    0.14
  0848    62581   412223   15.05    1.77   14.00    8.25    7.60     89   37.92    4332   31.28   17720    0.86    1.21    0.08
  0849    62581   412223   16.00    0.77   13.69    8.24    7.57     88   37.81    4351   31.44   17811    0.70    2.92    0.15
 -0828    65288   412123    1.08   14.59   14.36    8.25    7.67     91   37.86    4290   30.94   17522    2.45    1.39    0.43
  0828    65288   412123    2.06   13.67   14.36    8.25    7.65     90   37.86    4290   30.94   17522    2.03    1.26    0.40
  0828    65288   412123    3.07   12.53   14.36    8.25    7.65     90   37.86    4290   30.94   17521    2.05    1.51    0.38
  0828    65288   412123    4.09   11.49   14.36    8.25    7.64     90   37.87    4290   30.94   17522    2.71    1.39    0.39
  0828    65288   412123    5.02   10.56   14.37    8.25    7.64     90   37.87    4290   30.94   17522    1.89    1.38    0.32
  0829    65288   412123    6.10    9.45   14.36    8.25    7.63     90   37.87    4290   30.94   17522    1.96    1.42    0.27
  0829    65288   412123    7.05    8.40   14.36    8.25    7.64     90   37.87    4291   30.95   17524    2.52    1.65    0.34
  0829    65288   412123    8.01    7.26   14.36    8.25    7.64     90   37.87    4290   30.95   17524    1.95    1.25    0.37
  0829    65288   412123    8.97    5.76   14.34    8.24    7.62     90   37.85    4291   30.95   17524    1.86    1.81    0.23
  0830    65288   412123   10.00    4.48   14.34    8.24    7.60     90   37.85    4290   30.94   17523    2.18    1.40    0.23
  0830    65288   412123   11.04    3.30   14.31    8.24    7.57     89   37.83    4291   30.95   17527    1.90    1.78    0.25
  0830    65288   412123   12.06    2.06   14.31    8.24    7.55     89   37.83    4292   30.95   17530    2.46    2.00    0.30
  0831    65288   412123   13.05    0.91   14.30    8.24    7.54     89   37.82    4291   30.95   17528    2.66    1.69    0.48
 -0816    66377   411610    1.08    7.01   14.04    8.22    7.34     86   37.54    4285   30.90   17501    1.06    1.25    0.26
  0816    66377   411610    1.99    6.01   14.03    8.22    7.33     86   37.54    4286   30.91   17504    0.89    1.01    0.05
  0817    66377   411610    3.03    4.81   14.04    8.22    7.32     86   37.54    4286   30.91   17503    1.16    1.04    0.30
  0817    66377   411610    4.05    4.07   14.06    8.22    7.33     86   37.56    4286   30.91   17502    0.99    1.29    0.29
  0817    66377   411610    4.97    3.09   14.05    8.22    7.33     86   37.56    4286   30.91   17502    0.84    1.49    0.16
  0818    66377   411610    6.12    1.89   14.05    8.22    7.31     86   37.55    4286   30.91   17503    1.10    1.03    0.23
  0818    66377   411610    7.02    0.97   14.04    8.22    7.31     86   37.54    4286   30.91   17503    1.46    1.12    0.06
 -0808    67434   411392    1.07   11.23   14.38    8.25    7.80     92   37.91    4294   30.97   17538    1.87    1.43    0.47
  0808    67434   411392    2.05   10.41   14.40    8.25    7.82     93   37.92    4293   30.97   17536    1.94    1.34    0.34
  0808    67434   411392    3.08    9.41   14.40    8.25    7.82     93   37.92    4293   30.97   17537    1.73    1.32    0.20
  0808    67434   411392    3.96    8.57   14.40    8.25    7.82     93   37.92    4293   30.97   17537    1.79    1.35    0.26
  0809    67434   411392    4.99    7.66   14.38    8.25    7.80     92   37.92    4294   30.97   17539    1.91    1.36    0.31
  0809    67434   411392    6.08    6.58   14.35    8.25    7.79     92   37.89    4295   30.98   17544    3.07    1.41    0.51
  0809    67434   411392    7.07    5.62   14.33    8.25    7.74     92   37.88    4295   30.98   17544    1.88    1.32    0.30
  0810    67434   411392    8.15    4.56   14.32    8.25    7.73     91   37.88    4296   30.99   17547    1.37    1.36    0.20
  0810    67434   411392    9.06    3.60   14.33    8.25    7.72     91   37.89    4296   30.99   17550    2.27    1.60    0.19
  0810    67434   411392   10.02    2.63   14.26    8.24    7.69     91   37.84    4297   31.00   17554    2.53    1.53    0.28
  0811    67434   411392   10.99    1.64   14.10    8.23    7.58     89   37.70    4297   31.00   17556    1.91    1.98    0.42
  0811    67434   411392   11.94    0.64   14.07    8.23    7.46     88   37.67    4296   30.99   17553    2.04    2.08    0.32
 -0758    68897   411211    1.08    7.82   14.30    8.24    7.82     92   37.88    4297   31.00   17557    1.97    1.45    0.31
  0759    68897   411211    1.98    9.95   14.29    8.24    7.80     92   37.85    4296   30.99   17552    1.60    1.31    0.28
  0759    68897   411211    3.01    9.20   14.29    8.24    7.80     92   37.85    4296   30.99   17549    2.56    1.21    0.11
  0759    68897   411211    3.94    8.17   14.30    8.24    7.80     92   37.86    4296   30.99   17550    1.60    1.29    0.30
  0800    68897   411211    4.94    7.21   14.29    8.24    7.79     92   37.86    4296   30.99   17551    1.67    1.15    0.22
  0800    68897   411211    6.06    6.14   14.29    8.24    7.79     92   37.86    4296   30.99   17551    1.96    1.47    0.35
  0800    68897   411211    7.01    5.16   14.29    8.24    7.79     92   37.86    4297   31.00   17554    1.27    1.35    0.45
  0800    68897   411211    8.02    4.07   14.28    8.24    7.77     92   37.86    4298   31.00   17557    2.13    1.42    0.28
  0801    68897   411211    8.95    3.02   14.27    8.24    7.75     92   37.86    4298   31.01   17560    2.32    1.25    0.35
  0801    68897   411211   10.08    1.55   14.24    8.24    7.76     92   37.83    4299   31.01   17562    1.93    1.43    0.20
  0801    68897   411211   10.97    0.28   14.17    8.23    7.69     91   37.77    4298   31.01   17559    1.81    1.43    0.30
 -0754    69280   410950    1.01    6.24   14.00    8.24    7.76     91   37.49    4283   30.89   17493    1.44    1.35    0.34
  0755    69280   410950    2.01    4.90   14.14    8.24    7.76     91   37.65    4287   30.92   17510    1.48    1.37    0.27
  0755    69280   410950    3.09    3.35   14.11    8.24    7.77     91   37.62    4287   30.92   17510    1.40    1.28    0.18
  0755    69280   410950    4.01    1.77   14.23    8.23    7.77     92   37.74    4288   30.93   17514    1.51    1.24    0.31
