# MEETVAARTUIG :
# MEETDATUM    : 2012-05-14 00:00:00
# MEETGEBIED   : GREVELINGEN
# STARTPUNT    : Bruinisse
# EINDPUNT     : Bruinisse
# PROJECTCODE  : E7501X
# OPDRACHTGEVER: ZLXXAXAMDBG
# BEHEERDER    : ZLXXAXBMDBG
# BEMONST. INST:
# WAARNEMER(S) : Geert den Hartog
#
* 20120514
$ 9999 [000000000000]
>TIJD      uumm                    
>X         coordinaat              
>Y         coordinaat              
>SENSHTE   Diepte set        m     
>Echms     Echoset           mtrs  
>Temp       Temperatuur       oC        : 10  1.0  11  1.0
>pH        Zuurgraad         dimsls
>O2        Zuurstof          mg/l  
>%O2       Zuurstof%         %     
>GELBH     Geleidendheid     mS/cm 
>SALNTT    Saliniteit        dimsl 
>CL-       Chloride          mg/l      : 16750  125  13  125
 -2359  47466 418850   1.00   9999   9999   9999   9999  9999   9999   9999   9999
  2359  47466 418850  15.96   9999   9999   9999   9999  9999   9999   9999   9999
 -2359  47960 418357   1.00   9999   9999   9999   9999  9999   9999   9999   9999
  2359  47960 418357  16.06   9999   9999   9999   9999  9999   9999   9999   9999
 -1322  48782 418177   1.13  28.64  12.80   8.23   9.62   109  36.02  30.49  17267
  1322  48742 418166   2.15  28.64  12.75   8.23   9.66   110  35.98  30.50  17270
  1323  48741 418167   3.13   0.56  12.74   8.23   9.65   110  35.98  30.50  17270
  1323  48743 418168   4.16  28.64  12.58   8.23   9.66   109  35.89  30.54  17296
  1324  48744 418172   5.17  28.64  12.32   8.20   9.40   106  35.74  30.62  17339
  1324  48745 418175   6.17  28.65  12.04   8.19   9.35   105  35.74  30.85  17474
  1325  48741 418174   7.15  28.64  11.95   8.18   9.10   102  35.73  30.91  17512
  1326  48745 418170   8.14  28.64  11.82   8.17   8.95   100  35.71  30.99  17561
  1326  48748 418169   9.17  28.64  11.62   8.17   8.91    99  35.57  31.03  17581
  1327  48746 418166  10.16  28.67  11.42   8.16   8.93    99  35.54  31.17  17664
  1327  48746 418164  11.14  28.64  11.43   8.16   8.69    96  35.62  31.24  17704
  1328  48747 418164  12.14  28.64  11.20   8.15   8.59    95  35.45  31.27  17722
  1329  48752 418162  13.12  28.64  10.95   8.14   8.28    91  35.31  31.34  17767
  1330  48744 418168  14.08  28.26  10.55   8.13   7.96    87  35.14  31.52  17868
  1330  48744 418171  15.02  27.57  10.11   8.11   7.91    86  35.00  31.76  18012
  1331  48753 418178  16.14  27.01   9.73   8.09   7.24    78  34.79  31.88  18084
  1331  48748 418167  16.99  25.79   9.70   8.08   7.14    77  34.78  31.90  18094
  1332  48742 418160  18.15  24.64   9.70   8.09   7.08    76  34.78  31.91  18095
  1332  48741 418156  19.13  23.65   9.66   8.08   7.02    75  34.77  31.93  18108
  1332  48742 418154  20.11  22.61   9.62   8.09   6.97    75  34.75  31.94  18117
  1333  48742 418156  21.04  21.80   9.59   8.08   6.94    74  34.74  31.96  18128
  1333  48742 418160  22.12  21.37   9.58   8.08   6.87    74  34.73  31.96  18126
  1333  48739 418163  23.13  20.18   9.56   8.08   6.84    73  34.72  31.97  18135
  1334  48738 418165  24.13  19.26   9.55   8.09   6.81    73  34.73  31.98  18140
  1334  48739 418168  25.10  18.41   9.55   8.09   6.78    73  34.73  31.98  18141
  1334  48743 418170  26.04  17.68   9.54   8.09   6.78    73  34.73  31.99  18146
  1335  48754 418175  26.89  17.20   9.54   8.09   6.74    72  34.72  31.98  18141
  1336  48757 418176  28.17  15.87   9.53   8.09   6.73    72  34.72  31.99  18147
  1336  48751 418175  29.17  14.92   9.54   8.09   6.73    72  34.73  31.99  18146
  1336  48748 418173  30.13  13.93   9.54   8.09   6.71    72  34.74  32.00  18150
  1337  48748 418173  31.07  13.00   9.53   8.08   6.75    72  34.73  32.00  18152
  1337  48750 418174  32.09  12.26   9.53   8.08   6.71    72  34.73  32.00  18151
  1338  48750 418176  33.04  11.18   9.53   8.09   6.70    72  34.73  32.00  18152
  1338  48750 418177  33.94  10.40   9.53   8.09   6.67    71  34.73  32.00  18152
  1338  48749 418178  35.01   9.37   9.52   8.09   6.67    71  34.72  32.00  18151
  1339  48744 418172  36.02   8.26   9.52   8.08   6.65    71  34.73  32.01  18157
  1339  48738 418165  37.08   7.08   9.52   8.08   6.60    71  34.73  32.01  18157
  1340  48737 418164  38.00   6.18   9.52   8.08   6.59    70  34.73  32.01  18157
  1340  48740 418164  39.07   5.35   9.52   8.08   6.56    70  34.74  32.02  18162
  1340  48744 418165  39.98   4.50   9.52   8.08   6.54    70  34.73  32.01  18157
  1341  48748 418166  41.07   3.65   9.52   8.08   6.54    70  34.73  32.01  18159
  1341  48750 418167  42.02   2.63   9.51   8.08   6.51    70  34.73  32.02  18162
  1342  48754 418168  43.11   1.74   9.51   8.08   6.51    70  34.73  32.01  18160
  1342  48751 418168  44.20   0.81   9.51   8.08   6.53    70  34.73  32.02  18162
 -2359  49730 418270   1.00   9999   9999   9999   9999  9999   9999   9999   9999
  2359  49730 418270  17.00   9999   9999   9999   9999  9999   9999   9999   9999
 -2359  50728 418380   1.00   9999   9999   9999   9999  9999   9999   9999   9999
  2359  50728 418380  27.01   9999   9999   9999   9999  9999   9999   9999   9999
 -2359  51572 418570   1.00   9999   9999   9999   9999  9999   9999   9999   9999
  2359  51572 418570  37.00   9999   9999   9999   9999  9999   9999   9999   9999
 -2359  52940 420290   1.00   9999   9999   9999   9999  9999   9999   9999   9999
  2359  52940 420290  10.00   9999   9999   9999   9999  9999   9999   9999   9999
 -2359  53710 421060   1.00   9999   9999   9999   9999  9999   9999   9999   9999
  2359  53710 421060  16.03   9999   9999   9999   9999  9999   9999   9999   9999
 -2359  55190 421380   1.00   9999   9999   9999   9999  9999   9999   9999   9999
  2359  55190 421380  20.00   9999   9999   9999   9999  9999   9999   9999   9999
 -2359  56280 420520   1.00   9999   9999   9999   9999  9999   9999   9999   9999
  2359  56280 420520  12.02   9999   9999   9999   9999  9999   9999   9999   9999
 -2359  57620 418940   1.00   9999   9999   9999   9999  9999   9999   9999   9999
  2359  57620 418940  16.05   9999   9999   9999   9999  9999   9999   9999   9999
 -2359  57960 417200   1.00   9999   9999   9999   9999  9999   9999   9999   9999
  2359  57960 417200  19.92   9999   9999   9999   9999  9999   9999   9999   9999
 -1459  59131 414888   1.05  15.12  13.67   8.30   9.54   110  36.49  30.23  17114
  1459  59105 414888   2.08  15.06  13.64   8.29   9.54   110  36.48  30.25  17123
  1459  59093 414888   3.06  14.73  13.59   8.29   9.53   110  36.45  30.26  17130
  1500  59089 414889   4.09  13.97  13.57   8.29   9.55   110  36.45  30.28  17139
  1500  59084 414891   5.09  13.13  13.58   8.29   9.52   110  36.45  30.27  17135
  1501  59083 414892   6.10  12.32  13.52   8.29   9.49   110  36.44  30.31  17157
  1501  59082 414895   7.07  11.37  13.43   8.27   9.45   109  36.36  30.30  17156
  1502  59087 414900   8.07  10.05  12.22   8.20   8.92   100  35.52  30.49  17266
  1503  59093 414903   9.08   8.88  12.25   8.19   8.39    94  35.51  30.45  17246
  1504  59094 414904  10.09   7.78  12.08   8.18   8.32    93  35.42  30.51  17277
  1504  59095 414903  11.08   7.00  12.09   8.18   8.26    93  35.43  30.51  17278
  1504  59094 414902  12.05   6.13  11.75   8.17   8.21    92  35.30  30.66  17368
  1506  59090 414899  13.09   5.38  11.22   8.14   7.66    84  34.91  30.72  17405
  1506  59094 414900  14.05   4.34  10.99   8.13   7.47    82  34.80  30.81  17455
  1507  59101 414901  15.07   2.91  10.85   8.13   7.38    81  34.70  30.83  17467
  1507  59108 414901  16.03   1.76  10.79   8.13   7.29    80  34.66  30.84  17473
  1508  59110 414903  17.11   0.59  10.74   8.13   7.19    79  34.63  30.85  17481
 -2359  61220 413050   1.00   9999   9999   9999   9999  9999   9999   9999   9999
  2359  61220 413050   8.95   9999   9999   9999   9999  9999   9999   9999   9999
 -2359  62300 412250   1.00   9999   9999   9999   9999  9999   9999   9999   9999
  2359  62300 412250  17.00   9999   9999   9999   9999  9999   9999   9999   9999
 -1556  65248 412060   0.98  11.00  14.29   8.28   9.12   107  36.72  29.96  16953
  1557  65270 412103   2.06  11.93  14.36   8.28   9.10   107  36.77  29.95  16948
  1557  65265 412105   3.14  11.06  14.35   8.28   9.05   106  36.77  29.96  16953
  1558  65249 412106   4.14   9.77  14.25   8.28   9.04   106  36.69  29.96  16956
  1559  65250 412107   5.11   8.96  14.21   8.28   9.03   106  36.67  29.98  16963
  1559  65254 412106   6.16   8.15  14.15   8.28   9.05   106  36.59  29.95  16948
  1600  65254 412098   7.16   6.64  14.12   8.27   8.95   104  36.56  29.95  16946
  1600  65254 412095   8.18   5.57  14.03   8.28   8.98   104  36.49  29.95  16950
  1600  65252 412094   9.16   5.57  13.77   8.27   8.98   104  36.39  30.06  17015
  1601  65252 412092  10.16   3.42  13.53   8.23   8.63   100  36.26  30.13  17056
  1602  65250 412092  11.15   2.60  13.48   8.23   8.63   100  36.24  30.15  17068
  1603  65235 412102  12.06   2.07  13.09   8.19   8.00    92  35.98  30.22  17109
  1604  65233 412107  12.99   1.46  13.09   8.18   7.78    89  35.97  30.21  17103
  1604  65237 412108  13.95   0.73  12.97   8.17   7.70    88  35.91  30.25  17127
 -2359  66330 411630   1.00   9999   9999   9999   9999  9999   9999   9999   9999
  2359  66330 411630   7.00   9999   9999   9999   9999  9999   9999   9999   9999
 -2359  67340 411360   1.00   9999   9999   9999   9999  9999   9999   9999   9999
  2359  67340 411360  11.97   9999   9999   9999   9999  9999   9999   9999   9999
 -2359  68840 411250   1.00   9999   9999   9999   9999  9999   9999   9999   9999
  2359  68840 411250  10.94   9999   9999   9999   9999  9999   9999   9999   9999
 -2359  69280 410950   1.00   9999   9999   9999   9999  9999   9999   9999   9999
  2359  69280 410950   4.79   9999   9999   9999   9999  9999   9999   9999   9999
