# MEETVAARTUIG :
# MEETDATUM    : 2013-04-17 00:00:00
# MEETGEBIED   : GREVELINGEN
# STARTPUNT    : Dreischor
# EINDPUNT     : Dreischor
# PROJECTCODE  : E7501R
# OPDRACHTGEVER: RIKZMON_CHEMIE
# BEHEERDER    : RIKZITSDHG
# BEMONST. INST:
# WAARNEMER(S) : Otwin
#
* 20130417
$ 9999 [0000000000000]
>TIJD      uumm                    
>X         coordinaat              
>Y         coordinaat              
>SENSHTE   Diepte set        m     
>ECHOS     Echoset           mtrs  
>Temp       Temperatuur       oC        : 2  1.0  11  1.0
>pH        Zuurgraad         dimsls
>O2        Zuurstof          mg/l  
>%O2       Zuurstof%         %     
>GELBH     Geleidendheid     mS/cm 
>GEL20     Gel20             ???   
>SALNTT    Saliniteit        dimsl 
>CL-       Chloride          mg/l      : 16750  125  13  125
 -2359  47466 418850   1.00   9999   9999   9999   9999  9999   9999  9999   9999   9999
  2359  47466 418850  15.96   9999   9999   9999   9999  9999   9999  9999   9999   9999
 -2359  47960 418357   1.00   9999   9999   9999   9999  9999   9999  9999   9999   9999
  2359  47960 418357  16.06   9999   9999   9999   9999  9999   9999  9999   9999   9999
 -2359  48775 418191   1.00   9999   9999   9999   9999  9999   9999  9999   9999   9999
  2359  48775 418191  45.01   9999   9999   9999   9999  9999   9999  9999   9999   9999
 -2359  49730 418270   1.00   9999   9999   9999   9999  9999   9999  9999   9999   9999
  2359  49730 418270  17.00   9999   9999   9999   9999  9999   9999  9999   9999   9999
 -2359  50728 418380   1.00   9999   9999   9999   9999  9999   9999  9999   9999   9999
  2359  50728 418380  27.01   9999   9999   9999   9999  9999   9999  9999   9999   9999
 -2359  51572 418570   1.00   9999   9999   9999   9999  9999   9999  9999   9999   9999
  2359  51572 418570  37.00   9999   9999   9999   9999  9999   9999  9999   9999   9999
 -2359  52940 420290   1.00   9999   9999   9999   9999  9999   9999  9999   9999   9999
  2359  52940 420290  10.00   9999   9999   9999   9999  9999   9999  9999   9999   9999
 -2359  53710 421060   1.00   9999   9999   9999   9999  9999   9999  9999   9999   9999
  2359  53710 421060  16.03   9999   9999   9999   9999  9999   9999  9999   9999   9999
 -2359  55190 421380   1.00   9999   9999   9999   9999  9999   9999  9999   9999   9999
  2359  55190 421380  20.00   9999   9999   9999   9999  9999   9999  9999   9999   9999
 -2359  56280 420520   1.00   9999   9999   9999   9999  9999   9999  9999   9999   9999
  2359  56280 420520  12.02   9999   9999   9999   9999  9999   9999  9999   9999   9999
 -2359  57620 418940   1.00   9999   9999   9999   9999  9999   9999  9999   9999   9999
  2359  57620 418940  16.05   9999   9999   9999   9999  9999   9999  9999   9999   9999
 -2359  57960 417200   1.00   9999   9999   9999   9999  9999   9999  9999   9999   9999
  2359  57960 417200  19.92   9999   9999   9999   9999  9999   9999  9999   9999   9999
 -1013  59112 414868   1.00  16.80   7.46   8.31  10.76   108  31.02  4162  29.94  16962
  1013  59117 414873   2.02  15.80   7.41   8.32  10.77   108  30.96  4160  29.92  16950
  1014  59111 414889   3.02  14.55   7.20   8.32  10.78   108  30.81  4162  29.94  16963
  1014  59108 414895   3.99  13.60   7.17   8.32  10.80   108  30.79  4163  29.95  16966
  1015  59106 414901   5.03  12.35   7.16   8.32  10.80   108  30.77  4161  29.93  16958
  1015  59101 414908   6.01  11.55   6.87   8.32  10.83   108  30.55  4163  29.95  16967
  1015  59098 414910   7.02  10.60   6.71   8.32  10.90   108  30.42  4162  29.95  16967
  1016  59097 414906   8.01   9.75   6.11   8.32  11.04   108  30.06  4179  30.08  17045
  1017  59099 414910   8.99   8.90   5.80   8.32  11.08   108  29.73  4167  29.99  16993
  1017  59094 414907  10.00   7.90   5.63   8.31  11.05   107  29.60  4168  29.99  16997
  1017  59099 414911  11.00   6.80   5.52   8.31  11.02   106  29.54  4172  30.03  17015
  1018  59096 414909  12.01   5.75   5.48   8.31  11.00   106  29.49  4169  30.01  17003
  1018  59094 414911  13.02   4.75   5.15   8.30  11.08   106  29.22  4168  30.00  16998
  1018  59095 414913  14.00   3.85   5.02   8.30  11.07   106  29.14  4171  30.02  17014
  1019  59094 414914  15.03   3.05   4.97   8.30  10.99   105  29.10  4171  30.02  17014
  1019  59091 414909  16.00   2.05   4.64   8.29  10.89   103  28.93  4184  30.13  17075
  1020  59094 414912  16.98   1.10   4.44   8.28  10.87   102  28.74  4179  30.09  17054
 -2359  61220 413050   1.00   9999   9999   9999   9999  9999   9999  9999   9999   9999
  2359  61220 413050   8.95   9999   9999   9999   9999  9999   9999  9999   9999   9999
 -2359  62300 412250   1.00   9999   9999   9999   9999  9999   9999  9999   9999   9999
  2359  62300 412250  17.00   9999   9999   9999   9999  9999   9999  9999   9999   9999
 -2359  65270 412090   1.00   9999   9999   9999   9999  9999   9999  9999   9999   9999
  2359  65270 412090  13.88   9999   9999   9999   9999  9999   9999  9999   9999   9999
 -2359  66330 411630   1.00   9999   9999   9999   9999  9999   9999  9999   9999   9999
  2359  66330 411630   7.00   9999   9999   9999   9999  9999   9999  9999   9999   9999
 -2359  67340 411360   1.00   9999   9999   9999   9999  9999   9999  9999   9999   9999
  2359  67340 411360  11.97   9999   9999   9999   9999  9999   9999  9999   9999   9999
 -2359  68840 411250   1.00   9999   9999   9999   9999  9999   9999  9999   9999   9999
  2359  68840 411250  10.94   9999   9999   9999   9999  9999   9999  9999   9999   9999
 -2359  69280 410950   1.00   9999   9999   9999   9999  9999   9999  9999   9999   9999
  2359  69280 410950   4.79   9999   9999   9999   9999  9999   9999  9999   9999   9999
