# MEETVAARTUIG :
# MEETDATUM    : 2019-08-27 00:00:00
# MEETGEBIED   :
# STARTPUNT    :
# EINDPUNT     :
# PROJECTCODE  :
# OPDRACHTGEVER:
# BEHEERDER    :
# BEMONST. INST:
# WAARNEMER(S) : Michel de Wit
#
* 20190827
$ 9999 [00000000000000]
>TIJD      uumm                    
>X         coordinaat              
>Y         coordinaat              
>SENSHTE   Diepte set        m     
>Echms     Echoset           mtrs  
>Temp      Temperatuur       oC        : 8  1.0  11  1.0
>pH        Zuurgraad         dimsls
>O2        Zuurstof          mg/l  
>%O2       Zuurstof%         %     
>GEL20     Gel20             ???   
>SALNTT    Saliniteit        dimsl 
>CL-       Chloride          mg/l      : 16750  125  13  125
>CHFLYSI   Chlorofyl         ugr/l 
>TURBID    Troebelheid       NTU   
 -2359  47466 418850   1.00   9999   9999   9999   9999  9999  9999   9999   9999   9999   9999
  2359  47466 418850  15.96   9999   9999   9999   9999  9999  9999   9999   9999   9999   9999
 -2359  47960 418357   1.00   9999   9999   9999   9999  9999  9999   9999   9999   9999   9999
  2359  47960 418357  16.06   9999   9999   9999   9999  9999  9999   9999   9999   9999   9999
 -1359  48756 418162   1.02  42.21  23.55   8.22  10.30   146  4385  31.69  17539   1.50   0.30
  1359  48741 418169   2.00  41.47  23.46   8.22  10.30   145  4385  31.69  17541   1.70   0.40
  1400  48738 418170   3.02  40.31  23.36   8.23  10.20   144  4386  31.69  17543   1.80   0.40
  1401  48734 418173   4.05  39.38  22.60   8.20   9.94   138  4402  31.82  17616   1.90   0.60
  1401  48734 418170   5.09  38.22  21.88   8.19  10.00   138  4429  32.04  17737   2.00   0.90
  1403  48733 418168   6.04  37.23  21.27   8.16   9.03   123  4476  32.43  17951   1.50   1.10
  1404  48735 418162   7.01  36.13  21.15   8.15   8.80   119  4490  32.54  18014   1.10   1.20
  1405  48742 418169   7.98  35.48  20.56   8.13   8.02   108  4525  32.83  18172   1.00   1.40
  1406  48745 418171   9.02  34.55  20.39   8.11   7.66   103  4535  32.91  18218   0.80   1.40
  1407  48747 418169  10.01  33.55  20.28   8.12   7.72   103  4536  32.92  18221   0.70   1.30
  1407  48749 418167  10.94  32.60  20.15   8.12   7.64   102  4541  32.95  18241   0.80   1.20
  1408  48737 418187  12.04  31.78  19.71   8.08   7.12    94  4540  32.95  18238   0.60   1.00
  1410  48736 418184  13.05  30.74  19.52   8.06   6.73    89  4544  32.98  18258   0.60   1.10
  1411  48742 418172  14.06  29.63  19.22   8.05   6.52    86  4548  33.02  18275   0.80   1.00
  1411  48745 418168  15.01  28.62  19.20   8.05   6.46    85  4550  33.03  18284   0.90   1.10
  1412  48746 418163  15.99  27.60  19.10   8.03   6.32    83  4552  33.04  18292   0.70   1.00
  1413  48744 418168  17.03  26.67  18.92   8.02   6.05    79  4554  33.06  18302   0.50   1.20
  1413  48741 418169  17.98  25.74  18.90   8.02   5.99    78  4555  33.07  18306   0.60   1.20
  1414  48739 418170  19.00  24.89  18.87   8.02   5.89    77  4556  33.08  18310   0.50   1.10
  1415  48740 418168  19.97  23.84  18.86   8.01   5.84    76  4557  33.09  18315   0.70   1.10
  1416  48741 418162  21.04  22.68  18.83   8.00   5.59    73  4559  33.10  18323   0.50   1.20
  1416  48742 418159  21.97  21.70  18.83   8.00   5.51    72  4559  33.10  18323   0.50   1.20
  1417  48740 418171  23.07  21.03  18.83   8.00   5.41    71  4559  33.10  18323   0.60   1.30
  1418  48740 418174  24.00  20.02  18.83   8.00   5.36    70  4559  33.10  18323   0.60   1.20
  1418  48739 418177  25.07  19.04  18.82   8.00   5.30    69  4560  33.11  18328   0.60   1.10
  1419  48740 418177  26.02  18.14  18.81   8.00   5.23    68  4560  33.11  18328   0.60   1.60
  1419  48740 418177  27.01  17.19  18.80   8.00   5.18    68  4561  33.12  18332   0.50   1.10
  1420  48741 418176  28.02  16.24  18.80   8.00   5.17    67  4561  33.12  18332   0.50   1.20
  1420  48742 418173  29.04  15.20  18.80   8.00   5.16    67  4561  33.12  18332   0.50   1.20
  1421  48743 418168  30.08  14.11  18.79   8.00   5.14    67  4561  33.12  18332   0.40   1.20
  1422  48746 418164  31.00  13.14  18.75   8.00   4.99    65  4561  33.12  18336   0.40   1.00
  1423  48747 418166  32.03  12.10  18.75   8.00   4.93    64  4561  33.12  18336   0.50   1.20
  1423  48747 418166  32.99   6.88  18.75   8.00   4.91    64  4561  33.12  18336   0.40   1.20
  1424  48749 418164  33.99  10.15  18.75   8.00   4.90    64  4561  33.12  18336   0.40   1.30
  1424  48750 418162  34.97   9.16  18.74   8.00   4.90    64  4562  33.13  18340   0.40   1.40
  1425  48744 418170  36.06   8.36  18.71   8.00   4.82    63  4562  33.13  18340   0.50   1.10
  1426  48743 418173  36.95   7.50  18.69   7.99   4.71    61  4562  33.13  18339   0.30   1.50
  1427  48743 418171  38.13   6.29  18.68   7.99   4.66    61  4561  33.12  18335   0.40   1.20
  1427  48743 418172  39.00   5.46  18.66   7.98   4.59    60  4561  33.12  18334   0.40   1.40
  1428  48744 418173  40.00   4.49  18.65   7.97   4.52    59  4561  33.12  18334   0.40   1.40
  1428  48745 418172  40.98   3.56  18.63   7.97   4.48    58  4562  33.13  18338   0.30   1.20
  1430  48749 418164  42.06   2.43  18.22   7.87   2.95    38  4553  33.06  18298   0.40   2.20
 -2359  49730 418270   1.00   9999   9999   9999   9999  9999  9999   9999   9999   9999   9999
  2359  49730 418270  17.00   9999   9999   9999   9999  9999  9999   9999   9999   9999   9999
 -2359  50728 418380   1.00   9999   9999   9999   9999  9999  9999   9999   9999   9999   9999
  2359  50728 418380  27.01   9999   9999   9999   9999  9999  9999   9999   9999   9999   9999
 -2359  51572 418570   1.00   9999   9999   9999   9999  9999  9999   9999   9999   9999   9999
  2359  51572 418570  37.00   9999   9999   9999   9999  9999  9999   9999   9999   9999   9999
 -2359  52940 420290   1.00   9999   9999   9999   9999  9999  9999   9999   9999   9999   9999
  2359  52940 420290  10.00   9999   9999   9999   9999  9999  9999   9999   9999   9999   9999
 -2359  53710 421060   1.00   9999   9999   9999   9999  9999  9999   9999   9999   9999   9999
  2359  53710 421060  16.03   9999   9999   9999   9999  9999  9999   9999   9999   9999   9999
 -2359  55190 421380   1.00   9999   9999   9999   9999  9999  9999   9999   9999   9999   9999
  2359  55190 421380  20.00   9999   9999   9999   9999  9999  9999   9999   9999   9999   9999
 -2359  56280 420520   1.00   9999   9999   9999   9999  9999  9999   9999   9999   9999   9999
  2359  56280 420520  12.02   9999   9999   9999   9999  9999  9999   9999   9999   9999   9999
 -2359  57620 418940   1.00   9999   9999   9999   9999  9999  9999   9999   9999   9999   9999
  2359  57620 418940  16.05   9999   9999   9999   9999  9999  9999   9999   9999   9999   9999
 -2359  57960 417200   1.00   9999   9999   9999   9999  9999  9999   9999   9999   9999   9999
  2359  57960 417200  19.92   9999   9999   9999   9999  9999  9999   9999   9999   9999   9999
 -1547  59089 414902   1.04  17.80  23.36   8.18   8.92   125  4359  31.48  17427   2.20   0.10
  1548  59086 414899   1.99  17.10  22.70   8.18   8.99   125  4358  31.47  17419   2.30   0.10
  1549  59087 414897   3.02  16.00  20.25   8.16   9.79   130  4364  31.52  17449   2.30   0.30
  1608  59107 414901   4.02   0.90  19.68   8.07   8.45   111  4394  31.77  17584   4.10   0.40
  1551  59083 414907   5.00  14.11  19.25   8.04   8.28   108  4381  31.67  17529   3.20   0.20
  1554  59093 414899   6.04  12.61  18.97   7.97   7.01    91  4389  31.72  17561  11.70   1.00
  1556  59097 414897   7.01  11.69  18.77   7.83   4.91    64  4407  31.88  17646   3.20   0.20
  1557  59099 414894   8.03  10.60  18.72   7.86   4.99    65  4427  32.03  17731   2.30   0.20
  1558  59098 414895   8.99   9.64  18.88   7.92   5.23    68  4468  32.36  17915   1.50   0.00
  1559  59101 414883   9.99   8.83  18.72   7.93   4.84    63  4497  32.60  18045   0.90   0.00
  1559  59102 414882  11.02   7.69  18.78   7.93   4.81    63  4497  32.60  18046   0.90  -0.10
  1600  59103 414883  12.07   6.69  18.82   7.95   4.87    63  4509  32.70  18102   0.80   0.00
  1601  59097 414896  12.96   5.64  18.85   7.98   5.09    66  4513  32.73  18117   0.80   0.00
  1601  59095 414902  13.94   4.54  18.88   7.98   5.10    66  4516  32.75  18131   0.80   0.00
  1602  59096 414904  15.01   3.51  18.76   7.96   4.84    63  4515  32.75  18128   0.60  -0.10
  1603  59097 414904  16.00   2.41  18.77   7.97   4.85    63  4515  32.75  18129   0.60   0.00
  1604  59096 414906  17.05   1.41  18.72   7.95   4.57    59  4515  32.75  18128   0.60   0.00
 -2359  61220 413050   1.00   9999   9999   9999   9999  9999  9999   9999   9999   9999   9999
  2359  61220 413050   8.95   9999   9999   9999   9999  9999  9999   9999   9999   9999   9999
 -2359  62300 412250   1.00   9999   9999   9999   9999  9999  9999   9999   9999   9999   9999
  2359  62300 412250  17.00   9999   9999   9999   9999  9999  9999   9999   9999   9999   9999
 -1648  65249 412104   0.92   0.83  22.94   8.26  10.50   147  4346  31.37  17366   1.80   0.30
  1650  65246 412106   2.05   0.75  20.75   8.16  10.30   138  4353  31.43  17399   3.40   0.40
  1651  65246 412094   3.00  10.58  19.80   8.08   9.24   122  4361  31.50  17439   5.60   0.60
  1652  65248 412091   4.01   9.51  19.55   8.05   8.84   116  4359  31.48  17426   5.60   0.50
  1654  65239 412100   5.05   8.86  18.87   7.87   5.81    75  4371  31.59  17484   3.40   0.00
  1655  65236 412100   6.01   7.88  18.86   7.87   5.71    74  4370  31.58  17479   4.50   0.10
  1655  65237 412100   6.99   6.93  18.83   7.87   5.80    75  4371  31.58  17483   3.50   0.10
  1657  65246 412098   8.03   5.83  18.68   7.86   5.13    66  4416  31.95  17684   0.60  -0.20
  1657  65246 412098   9.01   4.80  18.68   7.86   5.10    66  4422  32.00  17712   0.60  -0.10
  1658  65247 412097  10.03   3.79  18.69   7.86   5.00    65  4428  32.05  17740   0.60   0.10
  1700  65247 412102  10.99   3.19  18.63   7.84   4.17    54  4455  32.26  17858   0.50   0.10
  1700  65248 412104  12.05   2.38  18.62   7.83   4.01    52  4457  32.28  17867   0.70   0.20
  1701  65249 412104  13.07   1.39  18.62   7.82   3.95    51  4457  32.28  17867   0.50   0.20
 -2359  66330 411630   1.00   9999   9999   9999   9999  9999  9999   9999   9999   9999   9999
  2359  66330 411630   7.00   9999   9999   9999   9999  9999  9999   9999   9999   9999   9999
 -2359  67340 411360   1.00   9999   9999   9999   9999  9999  9999   9999   9999   9999   9999
  2359  67340 411360  11.97   9999   9999   9999   9999  9999  9999   9999   9999   9999   9999
 -2359  68840 411250   1.00   9999   9999   9999   9999  9999  9999   9999   9999   9999   9999
  2359  68840 411250  10.94   9999   9999   9999   9999  9999  9999   9999   9999   9999   9999
 -2359  69280 410950   1.00   9999   9999   9999   9999  9999  9999   9999   9999   9999   9999
  2359  69280 410950   4.79   9999   9999   9999   9999  9999  9999   9999   9999   9999   9999
