# MEETVAARTUIG :
# MEETDATUM    : 2022-07-27 00:00:00
# MEETGEBIED   : GREVELINGEN
# STARTPUNT    : bruinnisse
# EINDPUNT     : bruinnisse
# PROJECTCODE  : Grev water
# OPDRACHTGEVER: RIKZMON_CHEMIE
# BEHEERDER    : RIKZITSMDBG
# BEMONST. INST:
# WAARNEMER(S) : Bernaards
#
* 20220727
$ 9999 [000000000000000]
>TIJD      uumm                    
>X         coordinaat              
>Y         coordinaat              
>SENSHTE   Diepte set        m     
>Echms     Echoset           mtrs  
>Temp      Temperatuur       oC    
>pH        Zuurgraad         dimsls
>O2        Zuurstof          mg/l  
>%O2       Zuurstof%         %     
>GELBH     Geleidendheid     mS/cm 
>GEL20     Gel20             ???   
>SALNTT    Saliniteit        dimsl 
>CL-       Chloride          mg/l  
>CHFLYSI   Chlorofyl         ugr/l 
>TURBID    Troebelheid       NTU   
 -2359  47466 418850   1.00   9999   9999   9999   9999  9999   9999  9999   9999   9999   9999   9999
  2359  47466 418850  15.96   9999   9999   9999   9999  9999   9999  9999   9999   9999   9999   9999
 -2359  47960 418357   1.00   9999   9999   9999   9999  9999   9999  9999   9999   9999   9999   9999
  2359  47960 418357  16.06   9999   9999   9999   9999  9999   9999  9999   9999   9999   9999   9999
 -1012  48847 418218   1.03  42.49  21.18   7.93   6.37    85  43.58  4251  30.61  17303   1.02   0.46
  1013  48836 418214   2.01   0.00  21.18   7.93   6.34    85  43.58  4251  30.61  17303   1.09   0.41
  1013  48821 418213   3.01  41.87  21.17   7.93   6.31    84  43.56  4251  30.61  17303   0.99   0.41
  1014  48814 418210   4.01  40.46  21.17   7.93   6.37    85  43.57  4251  30.61  17303   1.05   0.33
  1015  48804 418203   5.04  39.68  21.16   7.93   6.29    84  43.56  4251  30.61  17303   1.16   0.51
  1015  48799 418198   5.95  39.37  21.16   7.93   6.34    85  43.56  4251  30.61  17304   1.00   0.45
  1016  48797 418196   7.05  38.03  21.15   7.93   6.27    84  43.55  4251  30.61  17303   0.99   0.45
  1016  48794 418203   8.05  36.23  21.14   7.92   6.22    83  43.53  4251  30.61  17302   1.24   0.42
  1017  48794 418211   8.99  24.58  21.15   7.93   6.26    84  43.55  4251  30.61  17303   1.07   0.40
  1018  48796 418215   9.99  34.57  21.08   7.91   5.94    79  43.52  4254  30.64  17319   0.88   0.41
  1019  48798 418217  11.00  33.92  21.01   7.90   5.45    73  43.60  4268  30.75  17385   1.01   0.42
  1020  48804 418216  11.97  32.83  20.85   7.89   5.01    67  43.48  4270  30.77  17396   0.61   0.55
  1021  48804 418209  13.04  19.45  20.58   7.86   4.69    62  43.30  4277  30.83  17429   0.65   0.58
  1022  48809 418206  14.04  30.79  19.96   7.81   3.72    49  42.74  4277  30.82  17432   0.47   0.58
  1023  48811 418211  15.05  29.48  19.79   7.79   3.55    46  42.56  4274  30.80  17419   0.42   0.66
  1025  48813 418212  16.00  28.63  18.45   7.70   2.20    28  41.23  4263  30.71  17373   0.49   0.43
  1026  48814 418216  17.00  27.78  16.61   7.60   0.81    10  39.55  4257  30.67  17358   0.28   0.82
  1027  48806 418205  18.01  26.97  14.60   7.55   0.22     3  37.64  4242  30.55  17296   0.21   1.39
  1027  48803 418199  18.98  26.14  13.74   7.54   0.17     2  36.88  4239  30.53  17288   0.19   0.90
  1027  48796 418194  20.03  17.74  13.25   7.53   0.17     2  36.43  4236  30.51  17276   0.22   0.44
  1028  48791 418187  21.00  24.14  13.10   7.52   0.17     2  36.29  4235  30.51  17274   0.19   0.50
  1028  48792 418183  22.01  23.22  12.93   7.51   0.16     2  36.12  4232  30.48  17261   0.19   0.26
  1029  48793 418179  23.05  22.09  12.83   7.51   0.14     2  36.07  4236  30.51  17277   0.21   0.29
  1029  48796 418176  24.00  20.74  12.65   7.51   0.14     2  35.88  4232  30.48  17261   0.24   0.28
  1029  48798 418172  25.00  19.89  12.61   7.50   0.15     2  35.83  4230  30.46  17250   0.23   0.07
  1030  48802 418170  26.02  19.18  12.56   7.50   0.14     2  35.79  4230  30.47  17253   0.22   0.25
  1030  48804 418169  27.02  17.49  12.49   7.50   0.12     1  35.71  4229  30.46  17247   0.20   0.14
  1031  48806 418173  28.00  16.75  12.40   7.49   0.11     1  35.65  4230  30.46  17251   0.27   0.24
  1031  48806 418175  28.97  15.69  12.20   7.49   0.13     1  35.47  4229  30.46  17249   0.24   0.25
  1031  48806 418179  29.95  15.04  12.06   7.48   0.14     2  35.33  4227  30.44  17240   0.20   0.28
  1032  48808 418189  30.98  13.94  11.91   7.48   0.13     1  35.20  4226  30.44  17237   0.25   0.13
  1033  48806 418195  32.08  12.79  11.64   7.46   0.10     1  34.97  4225  30.43  17235   0.24   0.11
  1033  48807 418197  33.01  12.08  11.58   7.46   0.10     1  34.90  4223  30.41  17224   0.25   0.18
  1034  48805 418201  34.00  10.78  11.21   7.45   0.11     1  34.58  4222  30.41  17222   0.23   0.12
  1034  48802 418198  34.97  10.09  11.04   7.44   0.12     1  34.43  4221  30.40  17219   0.15   0.15
  1035  48806 418195  35.95   8.88  10.70   7.41   0.12     1  34.12  4219  30.38  17209   0.25   0.18
  1035  48803 418191  37.00   7.99  10.57   7.40   0.11     1  34.00  4218  30.37  17204   0.33   0.24
  1036  48800 418186  37.97   6.84  10.51   7.39   0.10     1  33.95  4217  30.37  17201   0.20   0.24
  1036  48798 418185  39.05   5.73  10.43   7.39   0.09     1  33.88  4217  30.37  17202   0.24   0.25
  1037  48798 418191  40.07   4.86  10.39   7.39   0.08     1  33.85  4217  30.36  17200   0.21   0.20
  1037  48800 418195  41.09   3.73  10.37   7.39   0.08     1  33.83  4217  30.37  17201   0.21   0.21
  1037  48798 418197  41.95   2.81  10.34   7.38   0.09     1  33.80  4217  30.36  17200   0.17   0.27
  1038  48797 418201  42.95   1.73  10.29   7.37   0.10     1  33.76  4216  30.36  17199   0.31   0.11
  1038  48793 418202  44.08   0.75  10.25   7.37   0.11     1  33.72  4216  30.36  17198   0.20   0.23
 -2359  49730 418270   1.00   9999   9999   9999   9999  9999   9999  9999   9999   9999   9999   9999
  2359  49730 418270  17.00   9999   9999   9999   9999  9999   9999  9999   9999   9999   9999   9999
 -2359  50728 418380   1.00   9999   9999   9999   9999  9999   9999  9999   9999   9999   9999   9999
  2359  50728 418380  27.01   9999   9999   9999   9999  9999   9999  9999   9999   9999   9999   9999
 -2359  51572 418570   1.00   9999   9999   9999   9999  9999   9999  9999   9999   9999   9999   9999
  2359  51572 418570  37.00   9999   9999   9999   9999  9999   9999  9999   9999   9999   9999   9999
 -2359  52940 420290   1.00   9999   9999   9999   9999  9999   9999  9999   9999   9999   9999   9999
  2359  52940 420290  10.00   9999   9999   9999   9999  9999   9999  9999   9999   9999   9999   9999
 -2359  53710 421060   1.00   9999   9999   9999   9999  9999   9999  9999   9999   9999   9999   9999
  2359  53710 421060  16.03   9999   9999   9999   9999  9999   9999  9999   9999   9999   9999   9999
 -2359  55190 421380   1.00   9999   9999   9999   9999  9999   9999  9999   9999   9999   9999   9999
  2359  55190 421380  20.00   9999   9999   9999   9999  9999   9999  9999   9999   9999   9999   9999
 -2359  56280 420520   1.00   9999   9999   9999   9999  9999   9999  9999   9999   9999   9999   9999
  2359  56280 420520  12.02   9999   9999   9999   9999  9999   9999  9999   9999   9999   9999   9999
 -2359  57620 418940   1.00   9999   9999   9999   9999  9999   9999  9999   9999   9999   9999   9999
  2359  57620 418940  16.05   9999   9999   9999   9999  9999   9999  9999   9999   9999   9999   9999
 -2359  57960 417200   1.00   9999   9999   9999   9999  9999   9999  9999   9999   9999   9999   9999
  2359  57960 417200  19.92   9999   9999   9999   9999  9999   9999  9999   9999   9999   9999   9999
 -0907  59087 414868   1.02  17.68  21.47   7.94   6.64    89  43.43  4212  30.30  17119   2.13   0.63
  0908  59093 414873   1.98  17.09  21.46   7.94   6.63    89  43.42  4212  30.30  17119   2.01   0.49
  0908  59099 414879   3.02  15.60  21.46   7.94   6.62    89  43.43  4212  30.30  17120   2.37   0.45
  0909  59095 414892   4.00  14.74  21.45   7.94   6.55    88  43.42  4212  30.30  17121   1.95   0.41
  0910  59088 414897   4.96  13.17  21.45   7.94   6.64    89  43.42  4212  30.30  17120   2.10   0.53
  0910  59085 414898   5.96  12.61  21.44   7.94   6.51    87  43.42  4212  30.30  17122   2.01   0.34
  0911  59079 414886   6.96  12.50  21.41   7.87   5.63    75  43.45  4218  30.34  17148   1.12   0.38
  0913  59068 414881   8.04  12.05  21.35   7.85   5.47    73  43.38  4217  30.34  17144   0.95   0.37
  0913  59059 414890   9.02  11.23  21.23   7.82   4.89    65  43.26  4216  30.33  17142   0.96   0.42
  0914  59057 414892  10.02  10.04  21.20   7.81   4.77    64  43.24  4217  30.34  17146   0.76   0.38
  0914  59058 414895  11.00   9.01  21.18   7.80   4.62    62  43.24  4218  30.35  17150   0.64   0.33
  0915  59058 414896  12.04   8.07  21.16   7.80   4.52    60  43.22  4218  30.35  17152   0.81   0.28
  0915  59058 414895  13.04   7.19  21.15   7.79   4.52    60  43.21  4218  30.35  17152   0.88   0.39
  0916  59057 414895  14.00   6.29  21.11   7.80   4.44    59  43.21  4221  30.37  17164   0.89   0.31
  0917  59051 414903  15.00   5.46  21.02   7.76   4.12    55  43.14  4223  30.39  17175   0.68   0.25
  0917  59043 414903  16.02   4.51  20.90   7.73   3.58    47  43.03  4223  30.38  17173   0.43   0.22
  0918  59038 414898  17.01   3.92  20.65   7.69   2.90    38  42.81  4222  30.38  17173   0.29   0.25
  0919  59027 414899  18.01   1.84  20.51   7.66   2.57    34  42.69  4223  30.39  17177   0.39   0.28
  0920  59024 414898  19.04   2.19  20.48   7.66   2.47    33  42.67  4224  30.40  17182   0.37   0.26
  0920  59025 414895  19.93   1.36  20.41   7.64   2.25    30  42.59  4223  30.39  17177   0.24   0.12
 -2359  61220 413050   1.00   9999   9999   9999   9999  9999   9999  9999   9999   9999   9999   9999
  2359  61220 413050   8.95   9999   9999   9999   9999  9999   9999  9999   9999   9999   9999   9999
 -2359  62300 412250   1.00   9999   9999   9999   9999  9999   9999  9999   9999   9999   9999   9999
  2359  62300 412250  17.00   9999   9999   9999   9999  9999   9999  9999   9999   9999   9999   9999
 -0825  65221 412088   1.02  11.56  21.75   7.86   5.57    75  43.73  4215  30.33  17135   0.89   0.42
  0826  65209 412086   2.01  12.23  21.75   7.86   5.62    76  43.73  4216  30.33  17136   0.85   0.33
  0826  65206 412083   3.01  10.99  21.75   7.86   5.56    75  43.73  4216  30.33  17137   0.95   0.36
  0827  65206 412080   4.03   9.87  21.74   7.86   5.63    76  43.72  4216  30.33  17137   0.95   0.33
  0827  65196 412080   5.04   8.91  21.75   7.86   5.56    75  43.73  4216  30.33  17138   0.89   0.38
  0828  65186 412082   6.01   8.02  21.75   7.86   5.61    76  43.73  4216  30.33  17138   0.81   0.34
  0829  65189 412089   6.98   7.29  21.75   7.86   5.53    74  43.73  4216  30.33  17138   1.07   0.27
  0829  65192 412098   7.98   6.58  21.74   7.86   5.57    75  43.72  4216  30.33  17138   0.88   0.30
  0830  65201 412103   9.03   5.54  21.68   7.84   5.25    71  43.70  4219  30.35  17151   0.82   0.38
  0830  65209 412104  10.01   4.73  21.66   7.84   5.25    71  43.67  4217  30.34  17145   0.83   0.28
  0831  65214 412108  10.99   4.04  21.65   7.84   5.19    70  43.66  4218  30.34  17146   0.73   0.36
  0831  65222 412113  11.92   3.70  21.64   7.84   5.28    71  43.65  4217  30.34  17145   0.83   0.40
  0832  65224 412113  12.97   2.61  21.61   7.84   5.20    70  43.63  4218  30.35  17147   0.74   0.29
  0832  65232 412111  13.99   1.75  21.59   7.84   5.22    70  43.60  4217  30.34  17144   0.57   0.36
  0833  65245 412112  15.02   0.89  21.53   7.83   5.15    69  43.55  4217  30.34  17145   0.54   0.42
 -2359  66330 411630   1.00   9999   9999   9999   9999  9999   9999  9999   9999   9999   9999   9999
  2359  66330 411630   7.00   9999   9999   9999   9999  9999   9999  9999   9999   9999   9999   9999
 -2359  67340 411360   1.00   9999   9999   9999   9999  9999   9999  9999   9999   9999   9999   9999
  2359  67340 411360  11.97   9999   9999   9999   9999  9999   9999  9999   9999   9999   9999   9999
 -2359  68840 411250   1.00   9999   9999   9999   9999  9999   9999  9999   9999   9999   9999   9999
  2359  68840 411250  10.94   9999   9999   9999   9999  9999   9999  9999   9999   9999   9999   9999
 -2359  69280 410950   1.00   9999   9999   9999   9999  9999   9999  9999   9999   9999   9999   9999
  2359  69280 410950   4.79   9999   9999   9999   9999  9999   9999  9999   9999   9999   9999   9999
