# MEETVAARTUIG :
# MEETDATUM    : 2020-08-12 00:00:00
# MEETGEBIED   : GREVELINGEN
# STARTPUNT    : BRU
# EINDPUNT     : BRU
# PROJECTCODE  : GTS
# OPDRACHTGEVER: ZLXXAXAMDBG
# BEHEERDER    : ZLXXAXBMDBG
# BEMONST. INST:
# WAARNEMER(S) : Michel
#
* 20200812
$ 9999 [000000000000000]
>TIJD      uumm                    
>X         coordinaat              
>Y         coordinaat              
>SENSHTE   Diepte set        m     
>Echms     Echoset           mtrs  
>Temp      Temperatuur       oC
>pH        Zuurgraad         dimsls
>O2        Zuurstof          mg/l  
>%O2       Zuurstof%         %     
>GELBH     Geleidendheid     mS/cm 
>GEL20     Gel20             ???   
>SALNTT    Saliniteit        dimsl 
>CL-       Chloride          mg/l      : 16750  125  13  125
>CHFLYSI   Chlorofyl         ugr/l 
>TURBID    Troebelheid       NTU   
 -2359  47466 418850   1.00   9999   9999   9999   9999  9999   9999  9999   9999   9999   9999   9999
  2359  47466 418850  15.96   9999   9999   9999   9999  9999   9999  9999   9999   9999   9999   9999
 -1027  47978 418357   1.00  10.66  24.66   8.03   7.60   110  48.53  4412  31.90  18032   1.96   0.52
  1027  47979 418356   2.04  15.18  24.59   8.03   7.60   109  48.46  4411  31.90  18031   2.44   0.49
  1028  47981 418358   2.99  14.23  24.47   8.04   7.49   108  48.40  4416  31.94  18056   2.82   0.48
  1028  47981 418360   4.04  11.15  24.41   8.05   7.36   106  48.31  4413  31.92  18042   2.45   0.61
  1029  47981 418362   5.03  12.16  24.24   8.05   7.24   104  48.24  4422  31.98  18082   2.53   0.73
  1029  47980 418362   6.00  11.14  24.10   8.06   7.08   101  48.05  4416  31.94  18058   2.22   1.05
  1030  47982 418363   7.02  10.09  24.01   8.07   7.03   100  47.97  4417  31.95  18064   2.15   1.10
  1030  47984 418364   8.01   8.93  23.75   8.08   6.94    98  47.78  4422  31.99  18089   2.25   1.24
  1031  47988 418364   9.01   7.84  22.80   8.10   6.37    89  47.01  4435  32.10  18155   1.48   1.90
  1032  47983 418363   9.97   7.10  22.31   8.08   5.99    83  46.60  4440  32.14  18182   1.22   2.09
  1032  47977 418366  11.02   6.30  21.96   8.06   5.68    78  46.23  4438  32.12  18171   0.85   1.76
  1033  47972 418365  12.01   3.91  20.88   8.02   4.95    67  45.34  4451  32.23  18240   0.30   1.52
  1034  47975 418364  12.99   4.35  20.26   7.98   4.36    58  44.82  4457  32.28  18270  -0.04   0.89
  1034  47976 418363  14.04   3.20  20.15   7.95   4.16    55  44.69  4455  32.26  18261   0.03   0.69
  1035  47969 418364  14.98   2.19  19.86   7.89   3.51    47  44.42  4455  32.26  18261   0.00   0.77
  1037  47963 418366  16.05   1.24  19.55   7.80   2.30    30  44.12  4454  32.26  18262  -0.07   0.47
 -0954  48813 418180   1.00   0.00  24.55   7.99   7.29   105  48.49  4417  31.94  18058   2.35   0.54
  0954  48812 418175   1.96  41.94  24.52   8.00   7.28   105  48.46  4417  31.95  18059   2.67   0.60
  0955  48809 418175   3.00  27.94  24.45   7.99   7.11   102  48.40  4418  31.95  18062   2.61   0.45
  0955  48810 418176   3.98   0.00  24.44   7.98   7.02   101  48.37  4416  31.94  18056   2.42   0.49
  0955  48813 418173   4.97  39.01  24.41   7.98   7.01   101  48.35  4416  31.94  18056   2.46   0.54
  0956  48814 418175   6.00  38.02  24.38   7.99   7.13   102  48.31  4416  31.94  18054   2.54   0.42
  0956  48816 418175   6.97  19.63  24.36   7.98   6.90    99  48.30  4416  31.94  18057   2.55   0.63
  0957  48817 418175   7.99   0.00  23.80   8.03   6.93    98  47.88  4427  32.03  18112   2.07   0.64
  0957  48817 418175   9.06  35.05  23.70   8.03   6.86    97  47.76  4425  32.01  18101   1.73   0.61
  0958  48817 418175   9.98  30.78  23.21   8.02   6.52    92  47.32  4428  32.04  18117   1.44   0.71
  0959  48812 418174  11.01  33.18  21.84   8.01   5.76    79  46.20  4446  32.18  18209   0.79   0.53
  1000  48809 418177  12.01  32.17  21.42   7.99   5.50    75  45.82  4448  32.20  18221   0.69   0.48
  1001  48809 418175  13.03   0.00  20.53   7.96   4.82    65  45.10  4459  32.29  18279   0.19   0.45
  1002  48814 418179  13.97  30.37  19.98   7.88   3.99    53  44.61  4463  32.33  18301   0.03   0.52
  1002  48813 418183  15.04  29.30  19.78   7.85   3.68    49  44.35  4457  32.27  18271  -0.01   0.44
  1003  48807 418181  15.98  28.35  19.40   7.78   3.11    41  44.04  4460  32.30  18290   0.11   0.47
  1004  48808 418179  16.98  14.81  19.36   7.77   3.00    39  43.88  4448  32.20  18231   0.01   0.44
  1004  48811 418176  18.01   0.00  19.31   7.75   2.82    37  43.83  4448  32.20  18234   0.04   0.27
  1004  48813 418176  19.03  25.39  19.31   7.74   2.73    36  43.85  4450  32.22  18244  -0.02   0.46
  1005  48812 418178  20.01  24.44  19.27   7.72   2.57    34  43.81  4449  32.22  18240  -0.10   0.55
  1005  48810 418179  20.97  23.52  19.25   7.71   2.52    33  43.77  4447  32.20  18230  -0.06   0.23
  1006  48808 418178  22.00  22.50  19.19   7.70   2.41    32  43.72  4448  32.20  18234   0.03   0.21
  1006  48806 418179  23.03  21.50  19.15   7.70   2.33    30  43.67  4447  32.20  18229  -0.04   0.30
  1007  48807 418178  23.99  20.57  19.14   7.69   2.27    30  43.66  4447  32.20  18230  -0.03   0.21
  1007  48807 418178  24.99  19.58  19.05   7.67   2.00    26  43.54  4443  32.17  18214   0.02   0.27
  1008  48807 418179  25.99  18.59  18.92   7.65   1.74    23  43.45  4446  32.19  18228  -0.12   0.20
  1008  48809 418182  27.00  17.63  18.86   7.64   1.61    21  43.38  4445  32.18  18223   0.33   0.37
  1009  48809 418178  27.98  16.69  18.78   7.63   1.44    19  43.32  4446  32.19  18226  -0.12   0.30
  1010  48807 418179  29.00  15.68  18.10   7.56   0.34     4  42.69  4447  32.20  18235  -0.14   1.56
  1010  48805 418179  30.05  14.58  16.84   7.52   0.29     4  41.93  4490  32.55  18444  -0.08   5.14
  1010  48803 418180  31.03  13.61  12.71   7.36   0.28     3  38.27  4507  32.69  18544  -0.14   5.12
  1010  48802 418179  32.03  12.41  10.82   7.35   0.28     3  35.58  4386  31.72  17983  -0.05   5.44
  1011  48803 418176  32.99  11.64   9.15   7.30   0.28     3  34.13  4385  31.72  17990   0.04   4.33
  1011  48804 418176  33.98  10.74   8.28   7.28   0.27     3  33.41  4389  31.75  18008  -0.04   3.32
  1012  48806 418178  34.97   9.71   7.78   7.22   0.27     3  33.10  4404  31.87  18083  -0.01   2.27
  1012  48809 418177  35.97   8.73   7.77   7.18   0.26     3  33.01  4393  31.78  18030  -0.08   2.07
  1012  48812 418179  37.04   7.73   7.71   7.12   0.26     3  32.96  4394  31.79  18036  -0.07   1.75
  1013  48812 418181  38.01   6.74   7.69   7.07   0.26     3  32.92  4392  31.77  18025  -0.06   1.72
  1013  48813 418182  38.96   5.78   7.67   7.05   0.26     3  32.91  4392  31.77  18025  -0.05   1.61
  1013  48813 418180  39.99   4.75   7.64   7.03   0.25     3  32.89  4392  31.78  18029  -0.02   1.38
  1013  48812 418179  40.99   3.73   7.61   7.00   0.26     3  32.87  4393  31.78  18030  -0.04   1.28
  1014  48811 418178  41.99   2.73   7.60   6.98   0.25     3  32.86  4393  31.78  18029   0.00   1.24
  1014  48810 418179  42.97   1.78   7.59   6.96   0.26     3  32.84  4392  31.77  18025  -0.03   1.12
 -0934  49761 418291   1.04  16.86  24.35   7.94   7.35   105  48.23  4411  31.90  18032   2.02   0.52
  0934  49773 418295   2.02  15.86  24.32   7.95   7.27   104  48.20  4411  31.90  18033   2.07   0.56
  0934  49773 418292   2.99  14.93  24.31   7.95   7.25   104  48.19  4411  31.90  18033   2.09   0.43
  0935  49772 418291   3.99  13.99  24.31   7.96   7.22   103  48.19  4411  31.90  18033   2.09   0.52
  0935  49771 418290   4.99  13.04  24.30   7.96   7.22   103  48.19  4411  31.90  18033   2.18   0.37
  0935  49768 418291   6.00  12.06  24.30   7.96   7.21   103  48.18  4411  31.90  18034   2.05   0.54
  0936  49764 418292   7.01  11.05  24.30   7.97   7.19   103  48.19  4412  31.90  18036   2.06   0.54
  0936  49762 418292   7.98  10.21  24.19   7.97   7.17   103  48.19  4421  31.98  18080   1.60   0.40
  0937  49755 418288   8.99   9.28  22.88   8.00   6.21    87  47.05  4432  32.07  18140   1.14   0.55
  0937  49750 418287   9.99   8.54  22.78   8.01   6.25    87  46.97  4433  32.08  18146   1.23   0.64
  0939  49745 418283  10.98   7.58  21.74   7.98   5.73    79  46.12  4447  32.19  18214   2.26   0.58
  0939  49739 418282  12.00   6.64  21.09   7.96   5.36    73  45.57  4454  32.25  18250   0.32   0.62
  0940  49731 418280  13.00   5.65  20.66   7.94   5.11    69  45.18  4455  32.26  18259   0.11   0.55
  0941  49723 418274  14.05   6.29  20.26   7.88   4.53    61  44.80  4455  32.26  18262   0.11   0.36
  0942  49725 418267  14.96   5.73  19.93   7.84   4.02    53  44.49  4456  32.27  18267   0.16   0.35
  0943  49721 418267  15.97   4.83  19.68   7.80   3.54    47  44.22  4452  32.24  18251  -0.01   0.31
  0944  49723 418270  17.00   3.86  19.53   7.77   3.20    42  44.06  4450  32.22  18242  -0.07   0.27
  0944  49724 418270  17.99   2.81  19.49   7.76   3.11    41  44.00  4448  32.20  18233  -0.05   0.31
  0945  49723 418269  19.02   0.00  19.36   7.74   2.90    38  43.88  4448  32.20  18234   0.05   0.29
  0946  49721 418270  19.95   0.80  19.11   7.70   2.39    31  43.60  4444  32.17  18217  -0.12   0.18
 -2359  50728 418380   1.00   9999   9999   9999   9999  9999   9999  9999   9999   9999   9999   9999
  2359  50728 418380  27.01   9999   9999   9999   9999  9999   9999  9999   9999   9999   9999   9999
 -2359  51572 418570   1.00   9999   9999   9999   9999  9999   9999  9999   9999   9999   9999   9999
  2359  51572 418570  37.00   9999   9999   9999   9999  9999   9999  9999   9999   9999   9999   9999
 -0910  52994 420284   0.99   9.51  24.03   7.88   6.79    97  47.88  4407  31.87  18014   4.32   0.70
  0911  52995 420287   2.00   8.59  24.02   7.88   6.78    97  47.87  4407  31.87  18016   4.27   0.60
  0911  52992 420289   2.98   7.74  23.96   7.91   6.92    99  47.80  4406  31.86  18011   4.02   0.42
  0911  52989 420290   4.01   6.78  23.96   7.92   6.94    99  47.80  4406  31.86  18010   3.93   0.70
  0912  52985 420291   5.02   5.85  23.94   7.93   6.97    99  47.78  4406  31.86  18010   3.48   0.54
  0912  52982 420294   5.95   5.04  23.92   7.94   6.99    99  47.76  4407  31.86  18013   3.01   0.57
  0913  52978 420297   7.02   3.99  23.77   7.93   6.88    98  47.62  4405  31.85  18008   2.00   0.50
  0914  52968 420302   7.96   3.16  23.22   7.90   5.88    83  47.24  4419  31.96  18074   1.03   0.25
  0915  52951 420313   9.02   2.48  21.77   7.82   5.01    69  45.69  4403  31.83  18007   0.65   0.34
  0915  52943 420317  10.05   1.35  20.86   7.77   4.50    61  44.82  4402  31.83  18009   0.24   0.38
 -0851  54166 421212   1.04  16.60  24.11   7.88   6.96    99  47.97  4408  31.87  18019   2.77   0.62
  0851  54140 421205   2.03  15.70  24.11   7.89   6.92    99  47.97  4408  31.88  18020   2.77   0.55
  0852  54135 421209   2.99  14.88  24.12   7.89   6.89    98  47.98  4409  31.88  18023   2.71   0.53
  0852  54139 421213   4.00  14.05  24.12   7.90   6.83    97  47.99  4410  31.89  18028   2.83   0.63
  0853  54147 421214   4.99  13.20  24.11   7.91   6.79    97  47.99  4410  31.89  18027   2.43   0.57
  0853  54156 421216   6.02  12.25  24.04   7.92   6.84    98  47.92  4409  31.88  18025   2.52   0.55
  0853  54156 421217   7.04  11.34  23.78   7.93   6.85    97  47.71  4413  31.91  18043   1.74   0.31
  0855  54159 421231   7.98  11.01  22.57   7.86   5.58    78  46.58  4415  31.93  18061   0.75   0.31
  0856  54166 421233   8.99  10.28  21.51   7.88   4.95    68  45.75  4432  32.07  18147   0.39   0.37
  0857  54160 421241  10.04   9.41  21.03   7.86   4.46    60  45.37  4439  32.13  18181   0.12   0.38
  0857  54152 421241  11.05   8.43  20.67   7.86   4.52    61  45.05  4442  32.16  18199   0.12   0.67
  0858  54148 421244  12.05   7.54  20.33   7.87   4.43    59  44.82  4451  32.23  18242   0.13   0.30
  0858  54148 421245  13.05   6.63  20.29   7.87   4.41    59  44.78  4451  32.23  18241   0.14   0.38
  0859  54151 421250  13.98   5.70  19.89   7.84   4.12    55  44.40  4450  32.22  18241  -0.03   0.37
  0859  54151 421253  14.99   4.79  19.78   7.82   3.97    53  44.30  4450  32.22  18240   0.06   0.46
  0900  54145 421258  15.99   3.98  19.63   7.77   3.46    46  44.13  4447  32.20  18229   0.09   0.37
  0901  54147 421261  17.00   2.91  19.60   7.74   3.23    43  44.10  4448  32.20  18231   0.07   0.57
  0901  54149 421263  18.04   1.94  19.50   7.70   2.82    37  43.99  4446  32.19  18224   0.08   0.49
  0902  54146 421271  19.00   1.00  19.46   7.69   2.65    35  43.95  4446  32.18  18222   0.05   0.66
 -2359  55190 421380   1.00   9999   9999   9999   9999  9999   9999  9999   9999   9999   9999   9999
  2359  55190 421380  20.00   9999   9999   9999   9999  9999   9999  9999   9999   9999   9999   9999
 -0832  56672 419967   1.03  12.30  23.73   7.94   7.18   102  47.27  4377  31.62  17875   1.77   0.40
  0833  56624 420029   1.98  11.08  23.74   7.94   7.14   101  47.35  4384  31.68  17908   1.79   0.31
  0833  56612 420042   3.01   9.98  23.67   7.91   6.99    99  47.48  4402  31.83  17993   1.70   0.35
  0833  56605 420053   4.01   8.90  23.68   7.94   7.07   100  47.49  4402  31.83  17993   1.87   0.22
  0834  56601 420059   5.03   7.88  23.67   7.95   7.10   101  47.50  4403  31.84  17999   2.22   0.33
  0834  56594 420069   6.01   6.90  23.62   7.94   6.94    98  47.49  4407  31.87  18018   1.87   0.32
  0835  56587 420080   6.98   5.86  23.16   7.91   6.32    89  47.13  4415  31.93  18055   1.55   0.35
  0835  56577 420090   8.03   4.74  22.89   7.89   6.15    86  46.83  4410  31.90  18038   1.33   0.31
  0836  56573 420101   9.00   3.68  22.48   7.88   5.84    81  46.49  4414  31.93  18058   0.65   0.38
  0837  56564 420112   9.99   2.71  20.96   7.89   4.75    64  45.26  4436  32.11  18168   0.23   0.22
  0838  56555 420131  11.01   1.64  20.34   7.85   4.17    56  44.74  4443  32.16  18203   0.03   0.37
 -2359  57620 418940   1.00   9999   9999   9999   9999  9999   9999  9999   9999   9999   9999   9999
  2359  57620 418940  16.05   9999   9999   9999   9999  9999   9999  9999   9999   9999   9999   9999
 -0807  58096 416940   1.05  17.29  24.22   7.89   7.00   100  47.75  4378  31.63  17879   1.79   0.56
  0807  58076 416981   2.01  19.80  24.22   7.91   7.01   100  47.74  4378  31.63  17878   1.97   0.51
  0808  58068 416991   3.03  18.60  24.19   7.92   7.08   101  47.73  4379  31.64  17883   2.36   0.55
  0808  58064 416997   3.99  17.69  23.86   7.93   7.04   100  47.60  4396  31.78  17966   3.87   0.50
  0809  58056 417008   5.05  16.84  23.13   7.92   6.61    93  47.04  4408  31.88  18027   3.40   0.34
  0809  58050 417015   6.03  15.50  22.82   7.91   6.28    88  46.77  4411  31.90  18041   2.75   0.33
  0810  58045 417018   6.99  14.31  22.35   7.90   5.87    81  46.39  4417  31.95  18071   2.70   0.33
  0810  58038 417021   8.03  13.21  21.88   7.86   5.46    75  45.90  4414  31.92  18059   1.71   0.26
  0811  58031 417022   9.03  12.08  21.66   7.85   5.30    72  45.73  4418  31.95  18078   0.85   0.23
  0812  58024 417023   9.99  11.28  21.23   7.84   4.95    67  45.42  4427  32.03  18123   1.38   0.43
  0812  58018 417022  11.00  10.18  20.87   7.83   4.76    64  45.09  4427  32.03  18126   0.22   0.26
  0813  58006 417023  11.99   9.10  20.57   7.81   4.64    62  44.78  4425  32.02  18121   0.18   0.26
  0814  57994 417018  13.00   8.18  20.25   7.79   4.29    57  44.50  4427  32.03  18128   0.16   0.23
  0815  57984 417015  13.99   6.61  19.99   7.76   3.87    51  44.28  4429  32.05  18140   0.11   0.29
  0815  57977 417015  14.98   5.64  19.92   7.74   3.70    49  44.23  4431  32.07  18151   0.00   0.63
  0816  57972 417014  15.97   4.95  19.91   7.73   3.65    48  44.22  4431  32.07  18151  -0.06   0.62
  0816  57968 417012  17.00   3.71  19.90   7.72   3.61    48  44.22  4431  32.07  18153   0.02   0.48
  0817  57962 417011  18.01   2.61  19.86   7.71   3.53    47  44.19  4432  32.07  18155  -0.01   0.57
  0817  57954 417011  18.98   0.89  19.85   7.70   3.42    45  44.18  4432  32.08  18157   0.05   1.04
 -0735  59321 414595   1.00  15.44  24.01   7.95   7.20   102  47.71  4394  31.76  17952   1.86   0.38
  0735  59301 414612   1.99  14.59  24.01   7.95   7.17   102  47.73  4394  31.76  17955   1.92   0.52
  0736  59292 414623   3.00  13.73  24.01   7.95   7.14   102  47.73  4394  31.76  17955   1.89   0.46
  0737  59263 414650   4.01  13.13  23.19   7.91   6.40    90  46.94  4395  31.77  17962   1.74   0.28
  0738  59250 414657   5.02  12.31  21.91   7.84   5.42    74  45.79  4400  31.82  17996   1.79   0.22
  0738  59238 414661   6.01  11.55  20.91   7.78   4.49    60  44.85  4401  31.82  18002   1.44   0.20
  0739  59232 414668   7.00  10.84  20.36   7.78   4.36    58  44.38  4404  31.85  18022   0.53   0.33
  0739  59225 414669   8.01   9.98  20.27   7.80   4.49    60  44.35  4409  31.89  18046   0.37   0.28
  0739  59217 414673   9.04   9.08  20.22   7.78   4.41    59  44.31  4410  31.90  18050   0.24   0.22
  0740  59205 414683  10.01   8.35  19.83   7.68   3.38    45  43.85  4401  31.82  18009   0.12   0.17
  0741  59197 414685  10.99   7.53  19.72   7.66   3.20    42  43.76  4402  31.83  18017   0.01   0.21
  0741  59189 414686  12.03   6.71  19.72   7.67   3.30    43  43.82  4408  31.88  18044   0.05   0.29
  0742  59181 414696  12.99   5.80  19.73   7.67   3.33    44  43.85  4410  31.90  18055  -0.01   0.31
  0742  59184 414716  14.03   4.70  19.79   7.69   3.51    46  44.00  4420  31.98  18100   0.02   0.37
  0743  59188 414727  15.04   3.00  19.83   7.72   3.64    48  44.15  4431  32.06  18149   0.08   0.57
  0743  59188 414736  16.02   1.94  19.71   7.69   3.12    41  44.08  4435  32.10  18172   0.15   0.83
  0744  59187 414743  17.01   1.03  19.69   7.67   2.81    37  44.09  4439  32.13  18188   0.11   1.04
 -0717  61481 413008   1.03   8.70  23.96   7.91   7.35   104  47.70  4397  31.78  17967   2.12   0.26
  0718  61440 413017   2.07   7.85  23.98   7.92   7.37   105  47.73  4398  31.79  17971   2.19   0.22
  0718  61426 413021   3.00   6.90  23.99   7.93   7.35   105  47.74  4398  31.79  17970   2.47   0.19
  0718  61412 413024   3.94   5.98  23.99   7.94   7.31   104  47.74  4397  31.79  17969   2.37   0.17
  0719  61386 413023   4.92   5.01  23.80   7.92   6.89    98  47.54  4396  31.78  17965   2.39   0.33
  0720  61372 413016   6.03   4.20  22.63   7.85   5.52    77  46.39  4393  31.75  17956   1.95   0.40
  0721  61359 413011   7.06   3.40  20.32   7.78   4.28    57  44.25  4395  31.78  17981   0.44   0.23
  0721  61350 413002   8.03   2.61  19.95   7.76   3.97    53  43.90  4395  31.77  17980   0.23   0.17
  0722  61340 412993   9.01   1.76  19.89   7.72   3.79    50  43.85  4395  31.78  17984   0.20   0.16
  0723  61330 412974   9.98   0.78  19.83   7.66   3.43    45  43.80  4396  31.78  17986   0.22   0.20
 -2359  62300 412250   1.00   9999   9999   9999   9999  9999   9999  9999   9999   9999   9999   9999
  2359  62300 412250  17.00   9999   9999   9999   9999  9999   9999  9999   9999   9999   9999   9999
 -0646  65574 412070   1.00  12.51  22.79   7.80   6.67    93  46.49  4387  31.71  17929   4.26   0.32
  0647  65551 412071   1.99  12.91  22.49   7.84   6.90    96  46.18  4385  31.69  17920   4.98   0.30
  0647  65531 412072   3.01  11.98  22.38   7.81   6.60    91  46.06  4384  31.68  17915   4.98   0.26
  0648  65512 412078   4.00  10.98  21.56   7.69   4.71    64  45.33  4387  31.71  17937   2.89   0.18
  0649  65503 412075   4.98   9.89  21.03   7.69   4.47    60  44.86  4390  31.73  17952   2.38   0.22
  0649  65488 412076   6.01   8.89  20.59   7.72   4.75    64  44.44  4389  31.73  17951   1.11   0.18
  0650  65479 412072   6.97   7.83  20.36   7.71   4.55    61  44.24  4390  31.74  17957   0.68   0.17
  0650  65463 412067   8.03   6.73  20.05   7.65   3.74    50  43.92  4387  31.71  17943   0.54   0.16
  0651  65448 412069   9.03   5.64  19.92   7.63   3.50    46  43.78  4386  31.70  17940   0.43   0.07
  0652  65440 412064   9.97   4.24  19.78   7.61   3.25    43  43.66  4386  31.70  17941   0.28   0.04
  0652  65438 412060  11.02   3.24  19.68   7.58   3.00    39  43.57  4387  31.71  17944   0.12   0.12
  0653  65432 412058  12.05   2.26  19.60   7.56   2.83    37  43.51  4388  31.72  17950   0.14   0.34
  0653  65428 412057  13.01   1.30  19.59   7.56   2.77    36  43.49  4387  31.71  17945   0.20   0.42
 -2359  66330 411630   1.00   9999   9999   9999   9999  9999   9999  9999   9999   9999   9999   9999
  2359  66330 411630   7.00   9999   9999   9999   9999  9999   9999  9999   9999   9999   9999   9999
 -0630  67532 411425   1.00  11.21  22.75   7.79   6.97    97  46.45  4387  31.70  17926   3.86   0.15
  0630  67496 411415   2.00  10.15  22.37   7.80   6.90    95  46.05  4383  31.68  17914   4.22   0.28
  0631  67477 411415   3.01   9.41  21.52   7.72   5.76    78  45.33  4391  31.74  17955   4.28   0.22
  0632  67461 411417   3.95   8.41  20.41   7.61   3.70    49  44.24  4386  31.70  17935   2.94   0.16
  0632  67454 411419   4.98   7.51  20.29   7.59   3.54    47  44.12  4385  31.70  17935   1.73   0.23
  0633  67452 411415   6.08   6.69  20.21   7.60   3.55    47  44.04  4385  31.69  17932   1.55   0.14
  0634  67448 411412   6.98   5.63  19.97   7.57   3.30    44  43.82  4385  31.69  17933   1.12   0.30
  0634  67441 411413   8.03   4.51  19.81   7.55   3.00    40  43.66  4384  31.69  17930   0.39   0.28
  0635  67437 411415   9.02   3.63  19.76   7.54   2.89    38  43.62  4384  31.68  17931   0.31   0.38
  0635  67435 411417  10.00   2.71  19.75   7.54   2.88    38  43.61  4384  31.68  17930   0.22   0.30
  0635  67434 411416  11.05   1.75  19.75   7.54   2.85    38  43.60  4384  31.68  17930   0.28   0.64
  0636  67431 411413  12.01   0.75  19.61   7.52   2.58    34  43.47  4383  31.68  17928   0.06   0.49
 -2359  68840 411250   1.00   9999   9999   9999   9999  9999   9999  9999   9999   9999   9999   9999
  2359  68840 411250  10.94   9999   9999   9999   9999  9999   9999  9999   9999   9999   9999   9999
 -0617  69131 411106   1.03   5.58  21.78   7.76   6.20    85  45.49  4382  31.67  17912   3.82   0.16
  0618  69191 411039   2.00   5.53  21.31   7.68   5.04    68  45.09  4387  31.71  17936   5.00   0.10
  0618  69199 411031   3.01   4.94  21.10   7.62   4.38    59  44.90  4388  31.71  17941   4.02   0.18
  0620  69203 411025   4.02   3.61  20.52   7.54   3.20    43  44.35  4387  31.71  17940   3.93   0.33
  0621  69202 411022   5.01   2.28  20.33   7.51   2.81    37  44.17  4386  31.70  17939   1.75   0.21
  0621  69203 411018   6.01   1.11  20.17   7.50   2.56    34  44.03  4387  31.71  17941   0.99   0.43
