# code TURBID    is (nog ? ) niet bekend
# MEETVAARTUIG :
# MEETDATUM    : 2015-03-31 00:00:00
# MEETGEBIED   : GREVELINGEN
# STARTPUNT    : Bruinisse
# EINDPUNT     : Bruinisse
# PROJECTCODE  : E7501X
# OPDRACHTGEVER: ZLXXAXAMDBG
# BEHEERDER    : ZLXXAXAMDBG
# BEMONST. INST:
# WAARNEMER(S) : Kevin de Vlaam
#
* 20150331
$ 9999 [0000000000000]
>TIJD      uumm                    
>X         coordinaat              
>Y         coordinaat              
>SENSHTE   Diepte set        m     
>Temp      Temperatuur       oC        : 4  1.0  11  1.0 
>pH        Zuurgraad         dimsls
>O2        Zuurstof          mg/l  
>%O2       Zuurstof%         %     
>GELBH     Geleidendheid     mS/cm 
>CL-       Chloride          mg/l      : 16250  125  13  125 
>SALNTT    Saliniteit        dimsl 
>TURBID    nog niet gedefinieerd   
>CHFLYSI   Chlorofyl         ugr/l 
 -2359  47466 418850   1.00   9999   9999   9999  9999   9999   9999   9999   9999   9999
  2359  47466 418850  15.96   9999   9999   9999  9999   9999   9999   9999   9999   9999
 -1140  47960 418357   0.98   6.90   8.36   9.61    98  30.33  16814  29.68   2.90   1.90
  1140  47960 418357   2.23   6.91   8.35   9.62    98  30.34  16815  29.69   0.80   0.90
  1141  47960 418357   3.15   6.90   8.35   9.62    98  30.33  16814  29.68   0.00   0.60
  1141  47960 418357   4.20   6.91   8.35   9.61    98  30.33  16809  29.68  -0.20   0.60
  1141  47960 418357   5.23   6.90   8.35   9.61    98  30.33  16814  29.68  -0.20   0.50
  1141  47960 418357   6.19   6.87   8.35   9.59    98  30.32  16823  29.70  -0.30   0.50
  1142  47960 418357   7.10   6.86   8.34   9.59    98  30.32  16828  29.71  -0.20   0.50
  1142  47960 418357   8.15   6.87   8.36   9.57    97  30.32  16823  29.70  -0.40   0.40
  1142  47960 418357   9.11   6.89   8.36   9.59    98  30.33  16819  29.69  -0.30   0.50
  1142  47960 418357  10.16   6.87   8.28   9.57    97  30.32  16823  29.70  -0.30   0.50
  1143  47960 418357  11.12   6.87   8.35   9.56    97  30.32  16823  29.70  -0.30   0.70
  1143  47960 418357  12.22   6.87   8.35   9.55    97  30.32  16823  29.70  -0.40   0.60
  1143  47960 418357  12.96   6.87   8.34   9.54    97  30.32  16823  29.70  -0.20   0.50
  1144  47960 418357  14.27   6.87   8.34   9.52    97  30.33  16829  29.71  -0.20   0.50
  1144  47960 418357  15.13   6.78   8.33   9.52    97  30.32  16868  29.78  -0.20   0.50
  1144  47960 418357  15.98   6.73   8.32   9.49    96  30.30  16881  29.80  -0.20   0.50
 -2359  48775 418191   1.00   9999   9999   9999  9999   9999   9999   9999   9999   9999
  2359  48775 418191  45.01   9999   9999   9999  9999   9999   9999   9999   9999   9999
 -1125  49730 418270   1.20   7.09   8.37   9.74    99  30.25  16669  29.43   0.20   0.50
  1125  49730 418270   1.96   7.10   8.39   9.73    99  30.25  16664  29.43   0.50   0.50
  1126  49730 418270   3.11   7.10   8.38   9.73    99  30.26  16671  29.44   0.20   0.60
  1126  49730 418270   4.01   7.10   8.37   9.75   100  30.26  16671  29.44   0.40   0.60
  1126  49730 418270   5.02   7.11   8.37   9.75   100  30.26  16666  29.43   0.30   0.70
  1127  49730 418270   5.89   7.11   8.37   9.73    99  30.26  16666  29.43   0.20   0.70
  1127  49730 418270   7.00   7.09   8.37   9.72    99  30.26  16676  29.45   0.20   0.70
  1127  49730 418270   7.96   7.09   8.37   9.72    99  30.25  16669  29.43   0.20   0.60
  1127  49730 418270   9.13   7.10   8.36   9.70    99  30.26  16671  29.44   0.30   0.70
  1128  49730 418270  10.07   7.10   8.36   9.69    99  30.25  16664  29.43   0.40   0.60
  1128  49730 418270  10.97   7.10   8.36   9.70    99  30.25  16664  29.43   0.30   0.60
  1128  49730 418270  11.90   7.08   8.37   9.70    99  30.24  16668  29.43   0.30   0.50
  1128  49730 418270  12.85   7.05   8.38   9.67    99  30.25  16689  29.47   0.60   0.50
  1129  49730 418270  14.31   7.06   8.36   9.65    98  30.24  16678  29.45   0.30   0.60
  1129  49730 418270  15.00   7.03   8.36   9.64    98  30.25  16699  29.49   0.30   0.60
  1129  49730 418270  16.29   7.01   8.37   9.63    98  30.27  16722  29.52   0.30   0.50
  1129  49730 418270  16.99   7.03   8.30   9.63    98  30.25  16699  29.49   0.20   0.50
  1130  49730 418270  18.22   7.01   8.38   9.62    98  30.27  16722  29.52   0.20   0.80
  1130  49730 418270  19.23   6.97   8.36   9.63    98  30.29  16754  29.58   0.00   0.60
  1130  49730 418270  19.90   6.94   8.36   9.60    98  30.28  16763  29.60  -0.10   0.80
 -2359  50728 418380   1.00   9999   9999   9999  9999   9999   9999   9999   9999   9999
  2359  50728 418380  27.01   9999   9999   9999  9999   9999   9999   9999   9999   9999
 -2359  51572 418570   1.00   9999   9999   9999  9999   9999   9999   9999   9999   9999
  2359  51572 418570  37.00   9999   9999   9999  9999   9999   9999   9999   9999   9999
 -1058  52940 420290   0.89   7.44   8.41   9.65    99  30.18  16454  29.06   1.90   1.70
  1058  52940 420290   2.07   7.44   8.40   9.65    99  30.18  16454  29.06   1.30   1.00
  1059  52940 420290   3.20   7.43   8.39   9.64    99  30.18  16459  29.07   1.00   0.90
  1059  52940 420290   3.94   7.45   8.39   9.64    99  30.18  16449  29.06   1.10   0.80
  1059  52940 420290   5.16   7.45   8.33   9.64    99  30.18  16449  29.06   1.00   0.70
  1059  52940 420290   6.30   7.43   8.39   9.64    99  30.17  16453  29.06   1.10   0.90
  1100  52940 420290   6.89   7.44   8.39   9.65    99  30.18  16454  29.06   1.00   0.70
  1100  52940 420290   8.12   7.42   8.39   9.64    99  30.17  16458  29.07   1.10   0.80
  1100  52940 420290   9.06   7.40   8.39   9.62    99  30.17  16467  29.09   1.10   0.80
  1100  52940 420290  10.23   7.38   8.39   9.62    99  30.16  16471  29.09   1.00   0.70
 -1047  53710 421060   0.94   7.39   8.40   9.61    98  30.19  16485  29.12   3.00   6.80
  1047  53710 421060   2.29   7.38   8.39   9.61    98  30.18  16483  29.11   3.00   2.30
  1047  53710 421060   2.78   7.38   8.39   9.61    98  30.18  16483  29.11   2.40   1.20
  1047  53710 421060   4.13   7.38   8.39   9.62    99  30.18  16483  29.11   2.30   1.00
  1048  53710 421060   5.18   7.37   8.39   9.61    98  30.17  16482  29.11   3.00   1.00
  1048  53710 421060   5.98   7.37   8.39   9.61    98  30.17  16482  29.11   3.80   1.00
  1048  53710 421060   7.10   7.37   8.38   9.61    98  30.17  16482  29.11   3.90   0.90
  1048  53710 421060   8.25   7.38   8.38   9.61    98  30.17  16477  29.10   3.40   1.00
  1049  53710 421060   8.97   7.38   8.40   9.59    98  30.18  16483  29.11   3.10   0.90
  1049  53710 421060  10.33   7.38   8.38   9.59    98  30.18  16483  29.11   2.50   0.80
  1049  53710 421060  10.88   7.38   8.32   9.58    98  30.18  16483  29.11   2.50   0.90
  1049  53710 421060  11.94   7.37   8.38   9.57    98  30.17  16482  29.11   4.70   1.00
  1050  53710 421060  13.09   7.37   8.38   9.57    98  30.17  16482  29.11   3.40   0.90
  1050  53710 421060  13.86   7.37   8.38   9.56    98  30.18  16488  29.12   3.70   0.90
  1050  53710 421060  15.15   7.36   8.38   9.56    98  30.17  16487  29.12   4.80   0.90
  1051  53710 421060  16.16   7.37   8.38   9.56    98  30.17  16482  29.11   6.40   1.10
 -2359  55190 421380   1.00   9999   9999   9999  9999   9999   9999   9999   9999   9999
  2359  55190 421380  20.00   9999   9999   9999  9999   9999   9999   9999   9999   9999
 -1022  56280 420520   1.23   7.43   8.39   9.68    99  30.23  16490  29.13   1.60   3.50
  1022  56280 420520   1.80   7.43   8.40   9.66    99  30.22  16483  29.11   1.50   1.20
  1023  56280 420520   3.25   7.42   8.39   9.65    99  30.22  16488  29.12   1.30   0.90
  1023  56280 420520   3.99   7.43   8.39   9.64    99  30.22  16483  29.11   1.10   0.90
  1023  56280 420520   5.26   7.42   8.33   9.63    99  30.22  16488  29.12   0.80   0.80
  1024  56280 420520   6.07   7.43   8.39   9.64    99  30.22  16483  29.11   1.60   0.80
  1024  56280 420520   7.25   7.43   8.39   9.65    99  30.22  16483  29.11   1.20   0.80
  1024  56280 420520   8.11   7.43   8.39   9.63    99  30.22  16483  29.11   0.80   0.70
  1024  56280 420520   9.19   7.43   8.39   9.61    99  30.22  16483  29.11   1.00   0.70
  1025  56280 420520  10.07   7.43   8.39   9.61    99  30.22  16483  29.11   1.00   0.80
  1025  56280 420520  11.20   7.43   8.39   9.60    98  30.22  16483  29.11   1.20   0.80
  1025  56280 420520  12.28   7.43   8.39   9.59    98  30.22  16483  29.11   1.10   0.80
  1025  56280 420520  13.01   7.43   8.39   9.59    98  30.22  16483  29.11   1.30   1.10
 -2359  57620 418940   1.00   9999   9999   9999  9999   9999   9999   9999   9999   9999
  2359  57620 418940  16.05   9999   9999   9999  9999   9999   9999   9999   9999   9999
 -0959  57960 417200   0.98   7.33   8.41   9.65    99  29.99  16390  28.95  -0.50   0.80
  0959  57960 417200   2.36   7.32   8.41   9.70    99  29.99  16395  28.96  -0.90   0.60
  0959  57960 417200   3.45   7.33   8.41   9.73   100  29.99  16390  28.95  -0.90   0.50
  1000  57960 417200   3.97   7.33   8.41   9.73   100  29.98  16384  28.94  -1.00   0.60
  1000  57960 417200   4.89   7.33   8.41   9.74   100  29.98  16384  28.94  -0.90   0.70
  1000  57960 417200   6.30   7.32   8.42   9.73   100  29.98  16389  28.95  -1.00   0.60
  1000  57960 417200   6.80   7.33   8.41   9.73   100  29.98  16384  28.94  -1.00   0.60
  1001  57960 417200   8.10   7.33   8.42   9.73   100  29.99  16390  28.95  -1.00   0.70
  1001  57960 417200   9.23   7.32   8.41   9.72    99  30.00  16401  28.97  -1.00   0.60
  1001  57960 417200  10.68   7.33   8.41   9.71    99  29.99  16390  28.95  -1.00   0.60
  1001  57960 417200  11.31   7.33   8.41   9.71    99  29.99  16390  28.95  -1.00   0.70
  1002  57960 417200  12.07   7.32   8.41   9.71    99  29.99  16395  28.96  -1.00   0.60
  1002  57960 417200  13.21   7.32   8.41   9.70    99  30.00  16401  28.97  -1.00   0.60
  1002  57960 417200  13.75   7.32   8.42   9.69    99  30.00  16401  28.97  -1.00   0.60
  1003  57960 417200  15.06   7.32   8.35   9.68    99  30.00  16401  28.97  -1.00   0.60
  1003  57960 417200  16.67   7.32   8.41   9.67    99  30.03  16420  29.00  -1.00   0.80
  1003  57960 417200  16.97   7.32   8.41   9.69    99  30.02  16414  28.99  -1.00   0.70
  1004  57960 417200  18.22   7.32   8.41   9.67    99  30.08  16451  29.06  -1.00   0.60
  1004  57960 417200  19.18   7.32   8.40   9.65    99  30.09  16457  29.07  -1.00   0.60
  1004  57960 417200  20.21   7.32   8.40   9.63    98  30.09  16457  29.07  -0.90   0.50
 -0941  59090 414900   1.13   7.30   8.41   9.55    98  29.95  16380  28.94   9999   9999
  0941  59090 414900   2.20   7.32   8.41   9.64    98  29.94  16364  28.91   9999   9999
  0941  59090 414900   3.24   7.31   8.40   9.66    99  29.94  16369  28.92   9999   9999
  0942  59090 414900   4.17   7.30   8.39   9.66    99  29.94  16374  28.93   9999   9999
  0942  59090 414900   5.23   7.30   8.38   9.68    99  29.94  16374  28.93   9999   9999
  0942  59090 414900   5.97   7.30   8.38   9.67    99  29.95  16380  28.94   9999   9999
  0943  59090 414900   6.89   7.30   8.38   9.66    99  29.95  16380  28.94   9999   9999
  0943  59090 414900   8.17   7.30   8.38   9.66    99  29.95  16380  28.94   9999   9999
  0943  59090 414900   9.08   7.30   8.40   9.67    99  29.94  16374  28.93   9999   9999
  0943  59090 414900  10.45   7.30   8.38   9.68    99  29.96  16386  28.95   9999   9999
  0943  59090 414900  10.86   7.30   8.38   9.68    99  29.96  16386  28.95   9999   9999
  0944  59090 414900  11.88   7.30   8.38   9.65    99  29.97  16393  28.96   9999   9999
  0944  59090 414900  13.32   7.30   8.39   9.65    99  29.98  16399  28.97   9999   9999
  0944  59090 414900  14.32   7.30   8.39   9.64    98  29.97  16393  28.96   9999   9999
  0945  59090 414900  15.12   7.30   8.39   9.63    98  29.97  16393  28.96   9999   9999
  0945  59090 414900  15.89   7.30   8.39   9.63    98  29.99  16405  28.98   9999   9999
  0945  59090 414900  16.86   7.30   8.39   9.65    99  30.02  16423  29.01   9999   9999
  0945  59090 414900  18.05   7.30   8.39   9.66    99  30.03  16430  29.02   9999   9999
 -0925  61220 413050   0.90   7.50   8.41   9.67    99  29.85  16222  28.66   0.30   1.20
  0925  61220 413050   1.94   7.49   8.39   9.69    99  29.86  16233  28.68   0.10   0.80
  0925  61220 413050   2.77   7.49   8.38   9.68    99  29.86  16233  28.68  -0.40   0.70
  0926  61220 413050   4.11   7.48   8.38   9.68    99  29.86  16238  28.69  -0.60   0.60
  0926  61220 413050   5.27   7.48   8.38   9.67    99  29.86  16238  28.69  -0.60   0.70
  0926  61220 413050   6.12   7.49   8.38   9.65    99  29.86  16233  28.68  -0.60   0.60
  0926  61220 413050   7.04   7.48   8.38   9.66    99  29.86  16238  28.69  -0.60   0.70
  0927  61220 413050   7.84   7.49   8.39   9.66    99  29.86  16233  28.68  -0.60   0.60
  0927  61220 413050   8.76   7.48   8.39   9.66    99  29.86  16238  28.69  -0.60   0.60
 -2359  62300 412250   1.00   9999   9999   9999  9999   9999   9999   9999   9999   9999
  2359  62300 412250  17.00   9999   9999   9999  9999   9999   9999   9999   9999   9999
 -0903  65270 412088   0.92   7.69   8.37   9.53    98  29.92  16174  28.58   4.70   1.40
  0904  65270 412088   2.25   7.74   8.36   9.50    98  29.95  16169  28.57   3.30   0.90
  0904  65270 412088   3.10   7.70   8.35   9.50    98  29.94  16182  28.59   4.80   0.80
  0904  65270 412088   4.18   7.73   8.35   9.50    98  29.95  16174  28.58   4.50   2.40
  0904  65270 412088   5.22   7.73   8.35   9.50    98  29.96  16180  28.59   3.80   1.90
  0905  65270 412088   5.61   7.72   8.36   9.47    98  29.95  16178  28.59   2.80   1.00
  0905  65270 412088   7.00   7.68   8.34   9.47    97  29.93  16185  28.60   3.70   0.80
  0906  65270 412088   8.30   7.70   8.33   9.46    97  29.93  16176  28.58   3.20   0.80
  0906  65270 412088   9.13   7.68   8.34   9.45    97  29.92  16179  28.59   2.90   0.70
  0906  65270 412088  10.51   7.66   8.34   9.48    97  29.90  16176  28.58   3.90   1.00
  0907  65270 412088  11.25   7.65   8.28   9.48    97  29.90  16181  28.59   5.40   1.50
 -2359  66330 411630   1.00   9999   9999   9999  9999   9999   9999   9999   9999   9999
  2359  66330 411630   7.00   9999   9999   9999  9999   9999   9999   9999   9999   9999
 -0836  67340 411360   0.90   7.79   8.31   9.58    99  29.89  16109  28.47   6.60   0.90
  0837  67340 411360   2.12   7.78   8.30   9.53    98  29.89  16113  28.48   4.70   0.90
  0837  67340 411360   3.35   7.79   8.30   9.51    98  29.89  16109  28.47   4.80   0.80
  0837  67340 411360   4.13   7.81   8.31   9.50    98  29.89  16099  28.45   4.50   0.90
  0837  67340 411360   5.28   7.80   8.29   9.49    98  29.89  16104  28.46   4.40   0.80
  0838  67340 411360   5.78   7.75   8.30   9.50    98  29.89  16127  28.50   4.40   0.70
  0838  67340 411360   7.18   7.79   8.24   9.49    98  29.89  16109  28.47   4.60   0.70
  0838  67340 411360   8.15   7.70   8.30   9.50    98  29.90  16157  28.55   4.50   0.70
  0839  67340 411360   9.04   7.74   8.31   9.48    98  29.90  16138  28.52   4.20   0.70
  0839  67340 411360  10.16   7.67   8.31   9.47    97  29.90  16172  28.58   4.20   0.80
  0839  67340 411360  11.16   7.66   8.31   9.47    97  29.90  16176  28.58   4.90   0.70
  0839  67340 411360  12.16   7.66   8.31   9.47    97  29.90  16176  28.58   6.20   0.80
 -2359  68840 411250   1.00   9999   9999   9999  9999   9999   9999   9999   9999   9999
  2359  68840 411250  10.94   9999   9999   9999  9999   9999   9999   9999   9999   9999
 -0821  69280 410950   0.92   8.16   8.19   9.60    99  29.59  15755  27.86   7.20   1.00
  0822  69280 410950   2.21   8.12   8.20   9.57    99  29.63  15797  27.93   7.00   0.90
  0822  69280 410950   3.14   8.08   8.22   9.52    98  29.69  15852  28.02   6.60   1.00
  0823  69280 410950   4.27   8.08   8.17   9.47    98  29.72  15870  28.06   6.10   0.90
  0823  69280 410950   5.33   7.86   8.25   9.43    97  30.03  16160  28.56   5.60   1.00
