# MEETVAARTUIG : M.S. ARGUS
# MEETDATUM    : 11-08-2011 08:18:44
# MEETGEBIED   : GREVELINGEN
# STARTPUNT    : Brouwersdam
# EINDPUNT     : Grevelingendam
# PROJECTCODE  : E7501X
# OPDRACHTGEVER: ZLXXAXAMDBG
# BEHEERDER    : ZLXXAXAMDBG
# BEMONST. INST:
# WAARNEMER(S) : G.J.Bakker
#
* 20110811
$ 9999 [000000000000]
>TIJD      uumm                    
>X         coordinaat              
>Y         coordinaat              
>SENSHTE   Diepte set        m     
>ECHOS     Echoset           mtrs  
>Temp       Temperatuur       oC        : 9  1.0  11  1.0
>pH        Zuurgraad         dimsls
>O2        Zuurstof          mg/l  
>%O2       Zuurstof%         %     
>GELBH     Geleidendheid     mS/cm 
>SALNTT    Saliniteit        dimsl 
>CL-       Chloride          mg/l      : 16500  125  13  125
 -0818  47494 418853   1.01  11.93  17.49   8.08   7.24    91  40.77  31.04  17568
  0819  47469 418862   2.08  12.16  17.50   8.08   7.21    91  40.77  31.04  17569
  0819  47457 418856   3.02  12.30  17.50   8.08   7.14    90  40.78  31.05  17574
  0820  47456 418852   3.96  11.50  17.50   8.08   7.14    90  40.78  31.05  17570
  0820  47455 418850   5.02  10.60  17.50   8.08   7.13    90  40.77  31.04  17567
  0820  47455 418849   6.06   9.55  17.49   8.07   7.12    90  40.78  31.05  17574
  0820  47455 418851   7.08   8.55  17.50   8.07   7.09    89  40.78  31.05  17573
  0821  47457 418851   8.08   7.45  17.50   8.07   7.08    89  40.78  31.05  17573
  0821  47458 418849   9.07   6.39  17.49   8.07   7.07    89  40.78  31.05  17575
  0821  47461 418850  10.04   5.35  17.50   8.07   7.05    89  40.78  31.05  17574
  0821  47462 418846  11.01   4.30  17.50   8.07   7.00    88  40.79  31.06  17576
  0822  47462 418847  12.04   3.44  17.49   8.07   7.00    88  40.78  31.06  17576
  0822  47460 418846  13.01   2.75  17.49   8.06   6.99    88  40.78  31.06  17577
  0822  47456 418844  14.01   2.09  17.49   8.07   6.99    88  40.78  31.06  17577
  0822  47452 418839  15.07   1.20  17.49   8.07   7.03    89  40.77  31.05  17573
 -0827  47980 418353   0.92  16.15  17.61   8.16   8.18   103  40.70  30.90  17484
  0829  47959 418353   2.03  14.60  17.60   8.15   8.03   101  40.70  30.91  17488
  0829  47954 418362   3.01  13.45  17.58   8.15   7.99   101  40.70  30.92  17497
  0830  47952 418365   4.03  12.55  17.57   8.15   7.99   101  40.71  30.94  17507
  0830  47949 418368   5.07  11.60  17.56   8.15   7.95   100  40.71  30.94  17511
  0830  47948 418371   6.07  10.60  17.52   8.15   7.93   100  40.72  30.98  17534
  0830  47945 418378   7.01   9.05  17.52   8.14   7.84    99  40.72  30.98  17534
  0831  47945 418375   7.98   8.35  17.52   8.14   7.79    98  40.72  30.98  17534
  0831  47945 418373   9.02   7.45  17.52   8.14   7.74    98  40.73  30.99  17539
  0831  47944 418375  10.02   6.35  17.51   8.14   7.73    98  40.73  31.00  17543
  0832  47941 418383  11.15   5.05  17.49   8.13   7.66    96  40.75  31.03  17562
  0832  47937 418372  11.99   4.75  17.50   8.13   7.62    96  40.75  31.02  17557
  0832  47936 418363  13.04   4.15  17.48   8.13   7.62    96  40.75  31.04  17566
  0834  47944 418347  14.02   3.55  17.47   8.07   6.52    82  40.84  31.12  17615
  0834  47958 418351  15.06   2.45  17.47   8.03   6.44    81  40.94  31.21  17664
  0836  47970 418348  16.01   1.60  17.44   8.00   5.44    69  40.94  31.23  17678
  0838  47955 418366  16.99  33.85  17.33   7.92   4.40    55  40.99  31.36  17752
 -0843  48761 418201   0.98  32.45  17.66   8.19   8.52   108  40.69  30.85  17457
  0843  48763 418190   2.02  34.65  17.67   8.19   8.53   108  40.70  30.85  17457
  0844  48761 418188   3.06  30.85  17.66   8.19   8.48   107  40.69  30.85  17457
  0844  48762 418187   4.02  33.85  17.64   8.19   8.45   107  40.69  30.87  17466
  0844  48764 418189   5.04  31.25  17.63   8.19   8.42   106  40.68  30.87  17465
  0845  48767 418192   6.06  32.45  17.63   8.18   8.43   106  40.68  30.87  17465
  0845  48770 418196   7.05  32.80  17.62   8.18   8.35   105  40.67  30.86  17465
  0845  48775 418200   8.08  29.95  17.60   8.18   8.28   105  40.67  30.88  17474
  0845  48776 418204   8.99  34.55  17.60   8.18   8.27   104  40.67  30.88  17474
  0847  48764 418199  10.04  33.60  17.53   8.15   7.63    96  40.69  30.95  17515
  0848  48768 418194  11.03  32.65  17.51   8.14   7.51    95  40.69  30.97  17523
  0848  48770 418196  12.07  31.70  17.51   8.14   7.48    94  40.70  30.97  17528
  0849  48771 418203  13.01  30.85  17.51   8.11   7.07    89  40.76  31.02  17558
  0850  48768 418195  14.01  29.85  17.50   8.08   6.67    84  40.83  31.09  17597
  0851  48769 418192  15.05  28.85  17.51   8.08   6.61    83  40.84  31.09  17597
  0851  48771 418193  16.05  27.50  17.48   8.07   6.52    82  40.87  31.14  17625
  0853  48776 418199  17.02  27.00  17.34   7.93   4.12    52  41.04  31.39  17772
  0854  48772 418193  18.07  26.00  17.21   7.82   2.76    35  41.16  31.60  17891
  0855  48773 418191  19.05  25.10  17.18   7.79   2.34    29  41.17  31.63  17910
  0857  48778 418196  19.98  24.20  17.11   7.75   1.83    23  41.20  31.71  17957
  0858  48769 418213  21.10  23.10  17.07   7.72   1.47    18  41.22  31.76  17985
  0859  48768 418206  22.01  22.25  17.04   7.71   1.47    18  41.23  31.79  18004
  0859  48773 418200  23.03  21.30  17.02   7.70   1.24    16  41.24  31.82  18018
  0901  48780 418188  24.00  20.30  17.00   7.68   1.00    13  41.24  31.83  18027
  0901  48773 418191  25.04  19.35  16.99   7.67   0.98    12  41.24  31.84  18032
  0901  48770 418189  26.07  18.40  16.99   7.67   0.96    12  41.25  31.85  18037
  0902  48766 418190  27.05  17.50  16.99   7.67   0.95    12  41.25  31.85  18037
  0902  48766 418193  28.00  16.60  16.99   7.67   0.95    12  41.26  31.86  18042
  0902  48762 418201  29.00  15.60  16.98   7.67   0.93    12  41.26  31.86  18046
  0903  48761 418203  30.05  14.65  16.98   7.67   0.92    12  41.26  31.86  18046
  0903  48760 418203  31.03  13.70  16.98   7.67   0.92    12  41.26  31.86  18046
  0903  48763 418201  32.02  12.70  16.98   7.66   0.91    11  41.27  31.87  18051
  0904  48774 418198  33.01  11.80  16.96   7.66   0.80    10  41.27  31.89  18061
  0904  48777 418199  34.05  10.75  16.96   7.65   0.78    10  41.27  31.89  18061
  0905  48778 418194  35.07   9.90  16.96   7.65   0.75     9  41.27  31.89  18061
  0905  48778 418194  36.05   8.90  16.96   7.65   0.73     9  41.27  31.89  18061
  0906  48778 418195  37.10   7.85  16.96   7.65   0.72     9  41.27  31.89  18061
  0906  48776 418193  38.06   6.95  16.96   7.64   0.61     8  41.27  31.89  18061
  0907  48774 418193  39.01   6.00  16.95   7.64   0.59     7  41.27  31.90  18065
  0907  48774 418191  40.01   5.05  16.95   7.64   0.56     7  41.27  31.90  18065
  0907  48776 418188  41.01   4.05  16.95   7.64   0.55     7  41.27  31.90  18065
  0908  48776 418185  42.04   3.05  16.95   7.64   0.53     7  41.27  31.90  18065
  0908  48773 418187  43.00   2.20  16.95   7.63   0.51     6  41.27  31.90  18065
  0908  48773 418191  43.98   1.25  16.95   7.63   0.49     6  41.27  31.90  18065
 -0917  49706 418279   1.18  16.50  17.70   8.19   8.39   106  40.67  30.80  17429
  0917  49713 418257   2.02  33.85  17.70   8.19   8.38   106  40.68  30.81  17434
  0918  49713 418259   3.06  16.80  17.70   8.19   8.36   106  40.68  30.81  17434
  0918  49713 418264   4.06  14.95  17.69   8.19   8.36   106  40.67  30.81  17434
  0918  49714 418271   5.04  13.25  17.69   8.19   8.34   106  40.67  30.81  17434
  0919  49714 418280   6.01  11.45  17.67   8.19   8.35   106  40.67  30.83  17443
  0919  49710 418278   7.04  10.50  17.66   8.19   8.36   106  40.68  30.84  17452
  0919  49707 418276   8.03   9.50  17.64   8.20   8.38   106  40.67  30.85  17456
  0919  49704 418276   9.03   8.65  17.63   8.20   8.37   106  40.67  30.86  17460
  0920  49702 418278  10.03   7.35  17.61   8.19   8.22   104  40.68  30.88  17474
  0920  49702 418283  11.09  13.65  17.61   8.19   8.21   104  40.68  30.88  17474
  0920  49704 418297  12.03   5.60  17.60   8.18   8.11   102  40.69  30.90  17483
  0922  49707 418272  13.02   5.25  17.60   8.18   8.02   101  40.69  30.90  17483
  0922  49727 418263  14.01   6.10  17.60   8.18   8.00   101  40.69  30.90  17483
  0923  49736 418262  15.03  32.55  17.60   8.18   7.98   101  40.69  30.90  17483
  0923  49741 418264  16.01   4.35  17.60   8.18   7.96   101  40.69  30.90  17483
  0924  49722 418283  17.08  33.85  17.49   8.04   5.59    71  40.92  31.18  17645
  0925  49712 418293  17.80  33.80  17.39   8.00   5.20    66  41.01  31.33  17735
 -0931  50744 418391   0.95  26.60  17.69   8.14   7.74    98  40.62  30.77  17409
  0932  50732 418379   2.03  25.80  17.69   8.14   7.76    98  40.62  30.77  17409
  0932  50729 418377   3.01  24.75  17.69   8.14   7.75    98  40.63  30.78  17414
  0932  50726 418377   4.02  23.75  17.69   8.14   7.76    98  40.62  30.77  17409
  0932  50722 418374   5.03  22.70  17.69   8.14   7.77    98  40.63  30.78  17414
  0933  50720 418370   6.03  21.85  17.69   8.14   7.75    98  40.63  30.78  17414
  0933  50718 418369   7.01  20.95  17.69   8.14   7.75    98  40.63  30.78  17414
  0933  50716 418372   8.06  19.75  17.68   8.15   7.79    98  40.63  30.79  17419
  0934  50715 418368   9.02  19.05  17.68   8.15   7.82    99  40.63  30.79  17419
  0934  50716 418372  10.02  18.05  17.67   8.15   7.83    99  40.63  30.79  17423
  0934  50718 418371  11.04  17.10  17.67   8.16   7.87    99  40.63  30.79  17423
  0935  50720 418370  12.04  16.15  17.67   8.16   7.86    99  40.63  30.79  17423
  0935  50723 418370  13.03  15.20  17.62   8.16   7.89   100  40.64  30.84  17450
  0935  50725 418372  14.22  14.10  17.58   8.16   7.86    99  40.65  30.88  17473
  0936  50740 418381  15.04  13.45  17.56   8.15   7.56    95  40.66  30.90  17486
  0936  50741 418382  16.08  12.50  17.55   8.15   7.54    95  40.66  30.91  17491
  0937  50736 418382  17.08  11.30  17.55   8.15   7.50    95  40.67  30.92  17496
  0938  50722 418389  18.08   9.60  17.56   8.13   7.10    90  40.73  30.96  17521
  0939  50717 418393  19.10   8.30  17.27   7.89   3.20    40  41.10  31.50  17834
  0940  50719 418388  20.09   7.80  17.15   7.85   3.31    42  41.20  31.68  17938
  0941  50725 418389  21.00   6.90  17.12   7.79   2.00    25  41.20  31.70  17952
  0943  50722 418374  22.00   6.80  17.04   7.75   1.59    20  41.24  31.80  18009
  0943  50724 418373  23.03   5.85  17.04   7.74   1.58    20  41.24  31.80  18009
  0943  50728 418372  23.99   5.00  17.03   7.73   1.51    19  41.25  31.82  18018
  0944  50731 418373  25.03   4.15  17.03   7.73   1.48    19  41.25  31.82  18018
  0944  50732 418376  26.03   2.95  17.00   7.73   1.46    18  41.28  31.87  18047
  0945  50728 418382  27.06   1.85  16.98   7.72   1.59    20  41.28  31.88  18056
  0945  50716 418374  28.01   0.85  16.98   7.71   1.35    17  41.28  31.88  18056
 -0951  51581 418552   0.90  34.55  17.67   8.09   7.41    94  40.57  30.74  17394
  0951  51590 418546   2.05  31.85  17.67   8.09   7.41    94  40.57  30.74  17394
  0952  51579 418551   3.02  32.05  17.67   8.09   7.41    94  40.56  30.73  17389
  0952  51572 418558   4.12  31.80  17.67   8.10   7.42    94  40.56  30.73  17389
  0952  51567 418565   5.01  30.85  17.67   8.10   7.41    94  40.57  30.74  17394
  0953  51559 418590   6.17  28.05  17.67   8.10   7.42    94  40.56  30.73  17389
  0954  51558 418592   7.08  27.10  17.67   8.10   7.41    94  40.57  30.74  17394
  0954  51559 418587   8.04  26.40  17.67   8.10   7.42    94  40.57  30.74  17394
  0954  51566 418581   9.10  26.00  17.66   8.10   7.45    94  40.57  30.75  17398
  0955  51575 418577  10.02  25.95  17.66   8.10   7.46    94  40.57  30.75  17398
  0955  51579 418575  11.06  24.95  17.67   8.10   7.44    94  40.57  30.74  17394
  0955  51579 418569  12.03  24.25  17.66   8.10   7.43    94  40.56  30.74  17393
  0956  51574 418562  13.10  23.35  17.65   8.10   7.35    93  40.55  30.74  17393
  0956  51567 418563  14.07  22.55  17.64   8.09   7.29    92  40.56  30.76  17402
  0957  51559 418570  14.99  20.95  17.64   8.09   7.16    90  40.60  30.79  17422
  0957  51559 418567  16.04  20.00  17.64   8.09   7.15    90  40.60  30.79  17422
  0959  51571 418575  17.06  19.25  17.55   8.03   6.02    76  40.83  31.05  17574
  1001  51563 418571  18.01  18.15  17.51   8.00   5.44    69  40.92  31.16  17636
  1002  51575 418590  19.07  16.70  17.31   7.89   3.36    42  41.11  31.48  17820
  1004  51560 418571  19.98  15.80  17.07   7.77   1.81    23  41.24  31.78  17995
  1004  51559 418572  21.03  14.90  17.06   7.76   1.77    22  41.24  31.78  18000
  1005  51560 418576  22.07  13.55  17.06   7.75   1.75    22  41.24  31.78  18000
  1005  51564 418561  22.98  14.00  17.04   7.74   1.67    21  41.27  31.83  18024
  1006  51567 418561  24.09  12.95  17.04   7.74   1.66    21  41.27  31.83  18024
  1006  51570 418561  25.02  11.95  17.03   7.73   1.64    21  41.28  31.84  18033
  1006  51575 418560  25.98  11.00  17.01   7.73   1.61    20  41.28  31.86  18043
  1007  51577 418572  26.95  10.00  16.98   7.72   1.51    19  41.30  31.90  18066
  1008  51569 418569  27.99   8.75  16.97   7.72   1.38    17  41.29  31.90  18066
  1009  51577 418585  29.02   7.40  16.94   7.70   1.10    14  41.29  31.92  18080
  1009  51580 418582  30.04   6.75  16.90   7.68   0.89    11  41.27  31.94  18089
  1010  51569 418572  31.02  34.00  16.90   7.68   0.71     9  41.28  31.94  18094
  1011  51562 418571  31.97   4.60  16.89   7.66   0.42     5  41.27  31.94  18093
  1011  51564 418570  33.06   3.75  16.89   7.66   0.41     5  41.27  31.94  18093
  1012  51567 418570  33.97   3.10  16.88   7.65   0.34     4  41.26  31.94  18093
  1012  51571 418570  35.06   2.10  16.86   7.65   0.30     4  41.25  31.95  18097
  1012  51576 418569  36.01   1.35  16.85   7.65   0.28     4  41.24  31.95  18097
 -1024  52939 420295   0.85   9.60  17.65   8.20   8.37   106  40.61  30.79  17422
  1024  52932 420281   2.15   8.40  17.65   8.20   8.37   106  40.61  30.79  17422
  1025  52931 420274   3.13   7.45  17.65   8.20   8.35   106  40.61  30.79  17422
  1025  52935 420275   4.01   6.55  17.65   8.20   8.33   105  40.61  30.79  17422
  1026  52943 420273   5.06   5.50  17.64   8.20   8.31   105  40.60  30.79  17422
  1026  52943 420274   6.06   4.60  17.64   8.20   8.30   105  40.61  30.80  17427
  1027  52943 420281   7.12   3.60  17.64   8.20   8.30   105  40.61  30.80  17427
  1027  52942 420286   7.94   2.90  17.64   8.20   8.31   105  40.60  30.79  17422
  1027  52942 420291   8.99   1.95  17.64   8.20   8.30   105  40.61  30.80  17427
  1027  52941 420296  10.09   0.90  17.65   8.20   8.29   105  40.61  30.79  17422
 -1034  53721 421050   0.93  15.60  17.73   8.10   7.48    95  40.53  30.66  17348
  1035  53697 421062   2.06  14.70  17.73   8.10   7.48    95  40.53  30.66  17348
  1035  53691 421073   3.01  13.75  17.74   8.10   7.51    95  40.53  30.66  17343
  1036  53696 421082   4.04  12.80  17.73   8.09   7.50    95  40.53  30.66  17348
  1036  53698 421081   5.04  11.90  17.74   8.09   7.50    95  40.53  30.66  17343
  1036  53702 421075   6.01  11.00  17.73   8.10   7.50    95  40.53  30.66  17348
  1037  53706 421052   7.03   9.60  17.73   8.09   7.47    94  40.54  30.67  17353
  1037  53704 421047   8.04   8.55  17.73   8.09   7.47    94  40.53  30.66  17348
  1038  53703 421042   9.06   7.55  17.72   8.09   7.47    94  40.52  30.66  17347
  1038  53702 421038  10.08   6.50  17.71   8.09   7.43    94  40.51  30.66  17347
  1038  53704 421033  11.03   5.50  17.72   8.09   7.40    94  40.52  30.66  17347
  1038  53708 421031  11.94   4.60  17.72   8.09   7.41    94  40.52  30.66  17347
  1039  53717 421030  13.01   3.45  17.71   8.09   7.40    94  40.52  30.67  17352
  1039  53723 421041  13.97   2.80  17.68   8.08   7.33    93  40.51  30.68  17360
  1039  53721 421054  15.02   1.95  17.68   8.08   7.32    92  40.51  30.68  17360
  1040  53714 421057  15.95   1.20  17.65   8.09   7.32    92  40.53  30.72  17383
 -1049  55217 421379   0.88  19.45  17.73   8.08   7.38    93  40.52  30.65  17343
  1049  55195 421395   2.06  18.50  17.72   8.08   7.37    93  40.53  30.67  17352
  1049  55184 421396   3.09  17.30  17.72   8.08   7.35    93  40.53  30.67  17352
  1050  55177 421400   4.11  16.30  17.72   8.08   7.33    93  40.52  30.66  17347
  1050  55176 421403   5.03  15.40  17.71   8.08   7.32    92  40.52  30.67  17352
  1050  55178 421406   6.07  14.55  17.71   8.08   7.30    92  40.52  30.67  17352
  1050  55181 421405   7.02  13.70  17.71   8.08   7.29    92  40.52  30.67  17352
  1051  55184 421404   8.10  12.65  17.72   8.08   7.29    92  40.52  30.66  17347
  1051  55189 421398   9.01  11.65  17.72   8.08   7.30    92  40.52  30.66  17347
  1051  55193 421387   9.97  10.45  17.71   8.08   7.29    92  40.52  30.67  17352
  1051  55194 421384  11.09   9.50  17.71   8.08   7.29    92  40.52  30.67  17352
  1052  55192 421382  12.03   8.45  17.71   8.08   7.28    92  40.52  30.67  17352
  1052  55191 421382  13.04   7.45  17.71   8.08   7.26    92  40.51  30.66  17347
  1052  55189 421385  14.02   6.55  17.70   8.08   7.26    92  40.51  30.67  17351
  1052  55185 421390  14.99   5.70  17.70   8.08   7.24    92  40.51  30.67  17351
  1053  55182 421395  16.05   4.85  17.70   8.07   7.24    92  40.51  30.67  17351
  1053  55177 421399  17.09   3.95  17.69   8.07   7.22    91  40.50  30.67  17351
  1053  55173 421403  18.19   2.95  17.69   8.07   7.19    91  40.50  30.67  17351
  1054  55171 421403  18.93   2.10  17.69   8.07   7.17    91  40.50  30.67  17351
  1054  55173 421401  20.01   1.00  17.68   8.07   7.16    90  40.50  30.68  17355
 -1103  56275 420528   1.05  11.15  17.51   8.11   7.55    95  40.38  30.70  17371
  1103  56277 420521   2.06  10.10  17.50   8.11   7.54    95  40.38  30.71  17376
  1103  56279 420519   3.03   9.20  17.49   8.11   7.54    95  40.37  30.71  17375
  1104  56284 420516   4.07   8.40  17.51   8.11   7.53    95  40.39  30.71  17376
  1104  56289 420516   4.95   7.75  17.50   8.11   7.54    95  40.38  30.71  17376
  1104  56292 420517   6.05   6.75  17.50   8.11   7.53    95  40.38  30.71  17376
  1105  56292 420520   7.07   5.75  17.49   8.11   7.53    95  40.38  30.72  17380
  1105  56291 420521   8.10   4.75  17.49   8.11   7.54    95  40.38  30.72  17380
  1105  56287 420525   9.08   3.95  17.49   8.11   7.56    95  40.37  30.71  17375
  1105  56283 420526  10.03   2.90  17.49   8.11   7.57    95  40.38  30.72  17380
  1106  56279 420525  10.97   1.75  17.49   8.11   7.58    95  40.37  30.71  17375
  1106  56270 420517  11.98   0.40  17.48   8.11   7.58    95  40.37  30.72  17380
 -1117  57623 418929   0.94  15.60  17.78   8.09   7.37    93  40.34  30.47  17233
  1117  57622 418918   1.97  31.65  17.78   8.09   7.36    93  40.35  30.47  17238
  1118  57628 418919   3.08  12.60  17.78   8.09   7.37    93  40.35  30.47  17238
  1118  57637 418921   4.06  12.00  17.80   8.09   7.35    93  40.36  30.47  17234
  1119  57645 418931   5.09  10.10  17.80   8.09   7.35    93  40.36  30.47  17234
  1119  57640 418929   6.03   9.45  17.79   8.09   7.34    93  40.35  30.47  17234
  1119  57636 418929   6.92   8.95  17.69   8.09   7.34    93  40.32  30.52  17263
  1120  57631 418929   8.01   7.85  17.65   8.09   7.35    93  40.33  30.55  17285
  1120  57627 418931   9.05   7.10  17.63   8.10   7.35    93  40.42  30.65  17338
  1120  57620 418934  10.05   6.80  17.62   8.11   7.49    94  40.44  30.67  17352
  1121  57619 418934  11.10   5.65  17.57   8.12   7.51    95  40.42  30.69  17364
  1122  57625 418949  12.03   4.05  17.38   8.11   7.16    90  40.30  30.73  17390
  1122  57623 418948  13.07   3.15  17.35   8.11   7.14    90  40.27  30.73  17388
  1122  57620 418941  14.05   2.45  17.32   8.11   7.09    89  40.24  30.73  17387
  1122  57619 418936  15.03   1.70  17.31   8.11   7.07    89  40.24  30.74  17391
  1123  57619 418935  16.03  35.80  17.31   8.10   7.06    89  40.24  30.74  17391
 -1132  57980 417218   1.05  18.85  18.01   8.10   7.42    94  40.55  30.47  17235
  1132  57974 417200   1.98  18.15  18.01   8.10   7.41    94  40.60  30.51  17259
  1132  57976 417195   2.99  17.00  18.00   8.10   7.40    94  40.59  30.51  17259
  1133  57980 417192   4.00  15.85  18.00   8.10   7.39    94  40.60  30.52  17264
  1133  57979 417191   4.99  15.00  17.99   8.10   7.38    94  40.59  30.52  17263
  1133  57972 417188   6.04  13.65  17.98   8.10   7.37    94  40.58  30.52  17263
  1133  57968 417189   7.03  12.55  17.92   8.10   7.34    93  40.58  30.56  17289
  1134  57965 417189   8.08  11.75  17.94   8.10   7.25    92  40.58  30.55  17280
  1134  57967 417195   9.09  10.85  17.67   8.10   7.17    91  40.47  30.66  17345
  1135  57973 417197  10.05  10.35  17.67   8.10   7.13    90  40.48  30.67  17350
  1135  57975 417195  10.98   9.50  17.66   8.10   7.10    90  40.47  30.67  17349
  1135  57970 417192  12.03   8.00  17.56   8.10   7.09    89  40.40  30.68  17359
  1136  57967 417193  13.05   7.00  17.49   8.10   7.09    89  40.35  30.69  17365
  1136  57966 417193  14.05   6.05  17.48   8.10   7.11    90  40.35  30.70  17370
  1136  57966 417192  15.07   5.05  17.46   8.11   7.11    90  40.33  30.70  17369
  1136  57966 417191  16.08   4.00  17.46   8.10   7.12    90  40.34  30.71  17374
  1137  57969 417189  17.09   3.10  17.45   8.11   7.12    90  40.32  30.70  17368
  1137  57971 417194  17.99   2.75  17.44   8.11   7.12    90  40.32  30.70  17373
  1137  57972 417201  19.08   1.65  17.44   8.11   7.12    90  40.32  30.70  17373
  1137  57973 417208  20.00   0.70  17.43   8.11   7.11    89  40.32  30.71  17377
 -1153  59305 414144   0.99  28.85  17.86   8.09   7.01    89  40.39  30.45  17223
  1153  59306 414137   2.00  20.85  17.87   8.09   7.01    89  40.40  30.45  17223
  1153  59306 414135   2.99  33.60  17.86   8.09   7.01    89  40.40  30.46  17228
  1153  59310 414133   4.02  18.80  17.85   8.09   7.01    89  40.39  30.46  17227
  1154  59313 414133   5.02  30.05  17.83   8.09   7.00    89  40.38  30.46  17231
  1154  59316 414132   6.09  28.95  17.83   8.08   6.87    87  40.41  30.49  17246
  1155  59316 414134   7.03  16.30  17.86   8.08   6.82    86  40.47  30.52  17262
  1155  59314 414134   8.01  15.35  17.87   8.07   6.83    86  40.50  30.53  17272
  1155  59311 414136   9.01  32.55  17.89   8.07   6.79    86  40.54  30.55  17283
  1156  59310 414137  10.01  33.00  17.88   8.07   6.79    86  40.56  30.58  17297
  1156  59312 414136  11.04  12.40  17.86   8.08   6.85    87  40.57  30.60  17310
  1156  59314 414134  12.06  31.65  17.81   8.07   6.86    87  40.56  30.63  17327
  1157  59310 414130  13.06  35.25  17.81   8.07   6.82    86  40.56  30.63  17327
  1157  59309 414125  14.00  32.60  17.80   8.07   6.79    86  40.57  30.64  17337
  1157  59308 414121  15.06  34.20  17.79   8.07   6.76    86  40.57  30.65  17341
  1158  59319 414122  16.02   7.55  17.67   8.05   6.31    80  40.52  30.70  17369
  1159  59315 414120  17.08  35.50  17.63   8.03   6.15    78  40.52  30.73  17387
  1159  59317 414121  18.04   5.55  17.63   8.03   6.11    77  40.52  30.73  17387
  1200  59319 414122  19.04   4.70  17.62   8.03   6.11    77  40.52  30.74  17391
  1201  59318 414122  20.00   3.85  17.54   7.94   4.50    57  40.54  30.82  17437
  1203  59315 414138  21.11  32.30  17.25   7.81   2.76    35  40.52  31.02  17556
  1204  59316 414121  22.05  29.55  16.98   7.75   1.80    22  40.48  31.19  17658
  1205  59332 414121  22.97  30.45  16.95   7.73   1.55    19  40.47  31.21  17666
 -1221  61242 413060   1.03   8.70  18.01   8.10   7.28    92  40.40  30.35  17163
  1223  61198 413063   2.10   7.55  17.99   8.10   7.28    92  40.38  30.34  17162
  1223  61192 413058   3.05   6.65  17.99   8.10   7.27    92  40.37  30.33  17157
  1223  61196 413044   4.03   5.70  17.99   8.10   7.25    92  40.39  30.35  17166
  1224  61198 413040   5.12   4.70  17.98   8.10   7.25    92  40.38  30.35  17166
  1224  61201 413038   6.09   3.80  17.98   8.10   7.24    92  40.38  30.35  17166
  1224  61206 413039   7.02   2.85  17.98   8.10   7.24    92  40.37  30.34  17161
  1224  61213 413040   8.06   1.95  17.96   8.10   7.24    92  40.36  30.35  17165
  1225  61221 413044   9.05   1.00  17.97   8.10   7.19    91  40.36  30.34  17160
 -1233  62318 412257   0.98  16.25  18.00   8.09   7.20    91  40.38  30.34  17157
  1233  62292 412254   1.98  15.10  17.99   8.09   7.20    91  40.38  30.34  17162
  1233  62279 412251   3.04  13.90  17.98   8.09   7.18    91  40.37  30.34  17161
  1233  62274 412252   3.98  12.95  17.97   8.09   7.18    91  40.37  30.35  17165
  1233  62272 412252   5.03  11.90  17.97   8.09   7.16    91  40.37  30.35  17165
  1234  62275 412256   6.00  11.10  17.95   8.09   7.16    91  40.36  30.36  17169
  1234  62283 412265   7.07  10.25  17.96   8.09   7.14    90  40.36  30.35  17165
  1234  62288 412273   7.99   9.55  17.95   8.09   7.14    90  40.36  30.36  17169
  1235  62289 412281   9.07   8.45  17.95   8.09   7.13    90  40.35  30.35  17164
  1235  62281 412280  10.09   7.50  17.94   8.09   7.08    90  40.34  30.35  17164
  1236  62278 412270  10.96   6.55  17.92   8.08   7.08    90  40.32  30.34  17163
  1236  62283 412259  12.00   5.45  17.93   8.08   7.07    90  40.33  30.35  17163
  1237  62294 412251  13.02   4.55  17.93   8.08   7.07    90  40.34  30.35  17168
  1237  62303 412247  14.04   3.50  17.93   8.08   7.07    90  40.34  30.35  17168
  1237  62309 412249  15.03   2.65  17.87   8.08   7.07    90  40.31  30.37  17180
  1238  62315 412248  15.98   1.75  17.80   8.07   6.88    87  40.25  30.38  17181
  1238  62314 412249  17.03   0.90  17.77   8.07   6.88    87  40.23  30.38  17184
 -1252  65261 412076   1.06  11.55  17.77   8.08   7.12    90  40.11  30.28  17126
  1253  65267 412071   1.98  10.80  17.77   8.08   7.14    90  40.11  30.28  17126
  1253  65270 412072   3.05   9.85  17.76   8.08   7.15    90  40.09  30.27  17120
  1253  65274 412083   4.02   9.45  17.74   8.08   7.09    89  40.09  30.29  17129
  1254  65273 412084   5.06   8.60  17.71   8.07   7.08    89  40.08  30.30  17137
  1254  65267 412090   6.04   7.90  17.71   8.07   7.04    89  40.07  30.29  17132
  1254  65265 412096   7.03   7.35  17.75   8.07   7.05    89  40.10  30.29  17130
  1254  65265 412103   8.10   6.70  17.73   8.07   7.06    89  40.08  30.28  17129
  1255  65263 412116   9.02   6.25  17.69   8.07   7.02    88  40.08  30.31  17146
  1255  65257 412106   9.97   4.70  17.69   8.06   6.97    88  40.08  30.31  17146
  1256  65253 412088  11.06   2.45  17.65   8.06   6.91    87  40.05  30.32  17149
  1256  65255 412086  12.02   1.55  17.62   8.06   6.90    87  40.01  30.31  17142
  1257  65260 412088  13.03   0.90  17.56   8.05   6.81    86  39.96  30.31  17144
 -1303  66326 411638   0.91   6.55  17.71   8.11   7.65    96  40.06  30.28  17127
  1304  66328 411616   2.10   5.60  17.71   8.11   7.66    97  40.04  30.27  17118
  1304  66328 411616   3.00   4.80  17.70   8.11   7.65    96  40.04  30.27  17122
  1304  66330 411616   4.08   3.80  17.69   8.11   7.65    96  40.02  30.26  17117
  1304  66332 411612   4.99   2.85  17.68   8.11   7.62    96  40.02  30.27  17121
  1304  66336 411610   6.06   1.95  17.67   8.11   7.61    96  40.02  30.28  17125
  1305  66338 411611   6.97   1.05  17.62   8.11   7.55    95  39.98  30.28  17128
 -1311  67336 411380   0.98  11.05  17.54   8.14   7.55    95  39.90  30.27  17123
  1311  67330 411358   2.02  10.05  17.53   8.14   7.54    95  39.89  30.27  17123
  1311  67328 411350   3.04   9.00  17.51   8.14   7.53    95  39.87  30.27  17122
  1312  67323 411351   4.08   8.05  17.50   8.14   7.52    94  39.88  30.29  17131
  1312  67322 411353   5.05   7.20  17.50   8.14   7.52    94  39.87  30.28  17126
  1312  67323 411356   5.98   6.30  17.50   8.14   7.51    94  39.87  30.28  17126
  1313  67330 411353   7.04   5.20  17.49   8.14   7.50    94  39.87  30.29  17130
  1313  67334 411355   8.01   4.35  17.49   8.14   7.49    94  39.87  30.29  17130
  1313  67336 411357   9.00   3.35  17.48   8.14   7.49    94  39.87  30.29  17135
  1313  67336 411359  10.04   2.45  17.49   8.14   7.49    94  39.88  30.29  17135
  1314  67337 411362  10.94   1.50  17.47   8.14   7.46    94  39.88  30.31  17144
  1314  67330 411375  11.95   0.70  17.20   8.13   7.30    91  39.74  30.39  17193
 -1322  68863 411257   0.94   9.45  17.32   8.19   7.65    96  39.67  30.24  17106
  1322  68855 411240   2.06   9.00  17.30   8.19   7.63    96  39.65  30.24  17105
  1322  68851 411240   3.04   8.35  17.29   8.19   7.62    95  39.64  30.24  17105
  1323  68846 411243   4.03   7.80  17.31   8.19   7.61    95  39.66  30.24  17106
  1323  68842 411240   4.97   6.90  17.27   8.19   7.60    95  39.63  30.25  17108
  1323  68840 411243   6.03   5.90  17.25   8.19   7.59    95  39.62  30.25  17112
  1323  68836 411245   7.04   4.80  17.24   8.19   7.59    95  39.62  30.26  17117
  1324  68833 411247   8.00   3.80  17.18   8.19   7.59    95  39.59  30.28  17128
  1324  68832 411251   8.98   2.65  17.16   8.19   7.54    94  39.57  30.28  17127
  1324  68830 411257  10.00   1.55  17.08   8.19   7.52    94  39.54  30.31  17147
  1325  68828 411262  11.09   0.40  17.01   8.19   7.54    94  39.51  30.34  17163
 -1328  69294 410969   1.02   4.65  17.59   8.15   7.60    96  39.92  30.25  17111
  1328  69286 410953   2.02   3.85  17.57   8.15   7.63    96  39.90  30.25  17110
  1329  69283 410950   3.05   3.05  17.54   8.14   7.64    96  39.88  30.26  17113
  1329  69279 410949   4.09   2.15  17.49   8.14   7.64    96  39.83  30.25  17111
  1329  69280 410952   5.05   1.25  16.78   8.15   7.41    92  39.25  30.29  17135
