# code TURBID    is (nog ? ) niet bekend
# MEETVAARTUIG :
# MEETDATUM    : 2015-05-11 00:00:00
# MEETGEBIED   : GREVELINGEN
# STARTPUNT    : Grevelingen
# EINDPUNT     : Grevelingen
# PROJECTCODE  : E7501X
# OPDRACHTGEVER: ZLXXAXAMDBG
# BEHEERDER    : ZLXXAXBMDBG
# BEMONST. INST:
# WAARNEMER(S) : K.de Vlaam
#
* 20150511
$ 9999 [000000000000000]
>TIJD      uumm                    
>X         coordinaat              
>Y         coordinaat              
>SENSHTE   Diepte set        m     
>Echms     Echoset           mtrs  
>Temp      Temperatuur       oC        : 4  1.0  11  1.0 
>pH        Zuurgraad         dimsls
>O2        Zuurstof          mg/l  
>%O2       Zuurstof%         %     
>GELBH     Geleidendheid     mS/cm 
>GEL20     Gel20             ???   
>SALNTT    Saliniteit        dimsl 
>CL-       Chloride          mg/l      : 16250  125  13  125 
>CHFLYSI   Chlorofyl         ugr/l 
>TURBID    nog niet gedefinieerd   
 -2359  47466 418850   1.00   9999   9999   9999   9999  9999   9999  9999   9999   9999   9999   9999
  2359  47466 418850  15.96   9999   9999   9999   9999  9999   9999  9999   9999   9999   9999   9999
 -2359  47960 418357   1.00   9999   9999   9999   9999  9999   9999  9999   9999   9999   9999   9999
  2359  47960 418357  16.06   9999   9999   9999   9999  9999   9999  9999   9999   9999   9999   9999
 -1559  48750 418128   1.00  39.56  14.70   8.28   9.39   110  36.36  4088  29.32  16583   0.90   0.00
  1600  48744 418129   2.05  38.79  14.70   8.28   9.38   110  36.38  4090  29.34  16594   1.00   0.10
  1600  48742 418130   2.96  38.04  14.67   8.28   9.37   110  36.35  4089  29.34  16591   1.10  -0.10
  1600  48741 418130   3.94  37.06  14.64   8.29   9.37   110  36.34  4091  29.35  16599   1.50   0.00
  1600  48740 418130   4.87  36.10  14.50   8.29   9.41   110  36.28  4097  29.40  16630   2.10   0.20
  1601  48739 418130   5.88  35.18  14.47   8.29   9.48   111  36.24  4096  29.39  16622   1.70   0.20
  1601  48740 418130   6.94  34.19  14.00   8.30   9.57   111  36.01  4114  29.54  16711   1.60   0.20
  1602  48749 418133   7.96  33.68  13.12   8.26   8.73    99  35.52  4143  29.77  16847   1.80   0.30
  1603  48754 418141   9.10  33.85  12.87   8.25   8.36    95  36.10  4236  30.51  17277   1.10   0.70
  1604  48758 418142  10.11  32.97  12.80   8.24   8.36    95  36.18  4252  30.64  17353   0.60   1.20
  1605  48760 418145  11.10  32.30  12.47   8.23   8.04    91  35.94  4257  30.68  17378   0.60   0.70
  1605  48759 418146  11.98  31.67  12.26   8.22   7.85    88  35.72  4252  30.65  17357   0.20   0.80
  1606  48759 418146  13.07  30.60  12.11   8.21   7.72    86  35.63  4257  30.68  17379   0.40   0.50
  1607  48760 418146  14.11  29.60  11.99   8.20   7.54    84  35.47  4250  30.63  17348   0.20   0.30
  1607  48757 418147  15.07  28.63  11.93   8.19   7.41    83  35.47  4256  30.68  17377   0.10   0.30
  1607  48757 418147  16.07  27.58  12.14   8.21   7.39    83  35.71  4264  30.73  17409   0.10   0.80
  1608  48757 418146  16.96  26.65  12.19   8.21   7.49    84  35.81  4270  30.79  17441   0.20   0.90
  1608  48758 418145  18.06  25.57  12.31   8.22   7.51    85  35.97  4277  30.84  17472   0.50   0.80
  1609  48757 418145  19.07  24.55  12.61   8.23   7.78    88  36.38  4295  30.99  17553   0.30   1.00
  1609  48757 418145  19.89  23.70  12.54   8.23   7.80    88  36.29  4291  30.96  17537   0.30   1.20
  1610  48757 418145  21.02  22.64  12.48   8.23   7.79    88  36.24  4292  30.96  17539   0.50   1.00
  1610  48757 418145  22.06  21.63  12.47   8.23   7.76    88  36.25  4294  30.98  17549   0.40   1.00
  1610  48757 418145  23.04  20.78  12.48   8.23   7.72    87  36.31  4300  31.03  17577   0.90   1.40
  1610  48757 418145  24.09  19.62  12.48   8.23   7.71    87  36.31  4300  31.03  17577   0.60   6.20
  1611  48758 418145  25.09  18.65  12.46   8.22   7.69    87  36.30  4301  31.03  17581   0.50   1.50
  1611  48758 418144  26.10  17.63  12.42   8.22   7.60    86  36.26  4300  31.03  17579   0.60   1.50
  1612  48758 418145  27.06  16.71  12.31   8.21   7.58    86  36.18  4302  31.04  17588   0.40   1.10
  1612  48758 418145  28.00  15.86  12.29   8.21   7.52    85  36.17  4303  31.05  17592   0.40   1.30
  1612  48758 418145  29.27  14.56  12.28   8.21   7.48    84  36.16  4303  31.05  17591   0.50   1.00
  1612  48757 418146  29.99  13.90  12.26   8.21   7.46    84  36.14  4302  31.05  17590   0.40   1.20
  1613  48757 418146  31.08  12.93  12.25   8.21   7.43    84  36.14  4303  31.05  17594   0.40   1.60
  1613  48757 418146  32.18  11.75  12.20   8.21   7.40    83  36.10  4304  31.06  17596   0.40   0.90
  1614  48758 418147  33.04  11.05  12.11   8.20   7.25    81  36.02  4304  31.06  17596   0.20   1.60
  1614  48760 418148  34.17  10.11  12.01   8.19   7.14    80  35.94  4304  31.06  17600   0.10   0.90
  1615  48762 418150  35.10   9.29  11.97   8.18   7.04    79  35.88  4301  31.04  17586   0.30   1.10
  1615  48762 418151  36.19   8.15  11.94   8.18   7.01    78  35.86  4302  31.04  17589   0.20   0.60
  1616  48765 418154  37.27   7.20  11.82   8.17   6.83    76  35.76  4302  31.05  17592   0.40   2.60
  1616  48767 418155  38.10   6.50  11.55   8.16   6.79    75  35.54  4304  31.06  17600   0.40   0.70
  1617  48768 418160  39.21   5.56  10.84   8.05   5.67    62  34.80  4288  30.93  17529   0.00   0.30
  1618  48765 418153  40.00   4.63  10.14   7.97   4.53    49  34.15  4281  30.88  17500   0.10   0.40
 -2359  49730 418270   1.00   9999   9999   9999   9999  9999   9999  9999   9999   9999   9999   9999
  2359  49730 418270  17.00   9999   9999   9999   9999  9999   9999  9999   9999   9999   9999   9999
 -2359  50728 418380   1.00   9999   9999   9999   9999  9999   9999  9999   9999   9999   9999   9999
  2359  50728 418380  27.01   9999   9999   9999   9999  9999   9999  9999   9999   9999   9999   9999
 -2359  51572 418570   1.00   9999   9999   9999   9999  9999   9999  9999   9999   9999   9999   9999
  2359  51572 418570  37.00   9999   9999   9999   9999  9999   9999  9999   9999   9999   9999   9999
 -2359  52940 420290   1.00   9999   9999   9999   9999  9999   9999  9999   9999   9999   9999   9999
  2359  52940 420290  10.00   9999   9999   9999   9999  9999   9999  9999   9999   9999   9999   9999
 -2359  53710 421060   1.00   9999   9999   9999   9999  9999   9999  9999   9999   9999   9999   9999
  2359  53710 421060  16.03   9999   9999   9999   9999  9999   9999  9999   9999   9999   9999   9999
 -2359  55190 421380   1.00   9999   9999   9999   9999  9999   9999  9999   9999   9999   9999   9999
  2359  55190 421380  20.00   9999   9999   9999   9999  9999   9999  9999   9999   9999   9999   9999
 -2359  56280 420520   1.00   9999   9999   9999   9999  9999   9999  9999   9999   9999   9999   9999
  2359  56280 420520  12.02   9999   9999   9999   9999  9999   9999  9999   9999   9999   9999   9999
 -2359  57620 418940   1.00   9999   9999   9999   9999  9999   9999  9999   9999   9999   9999   9999
  2359  57620 418940  16.05   9999   9999   9999   9999  9999   9999  9999   9999   9999   9999   9999
 -2359  57960 417200   1.00   9999   9999   9999   9999  9999   9999  9999   9999   9999   9999   9999
  2359  57960 417200  19.92   9999   9999   9999   9999  9999   9999  9999   9999   9999   9999   9999
 -1453  59106 414906   1.00  16.96  14.18   8.30   9.13   106  35.49  4038  28.93  16358   0.70   0.00
  1453  59093 414909   1.98  16.34  14.13   8.30   9.13   106  35.41  4034  28.89  16338   0.70  -0.10
  1453  59088 414909   2.91  15.65  13.91   8.30   9.14   105  35.26  4037  28.92  16356   1.50   0.00
  1454  59087 414911   4.07  14.49  13.84   8.30   9.13   105  35.24  4041  28.96  16376   1.90   0.00
  1454  59089 414913   4.95  13.43  13.83   8.30   9.10   105  35.25  4044  28.97  16386   1.80   0.00
  1455  59090 414914   6.08  12.38  13.80   8.29   9.07   104  35.25  4046  29.00  16399   1.60   0.00
  1455  59090 414915   6.92  11.48  13.78   8.29   9.02   104  35.25  4048  29.01  16407   1.60  -0.10
  1456  59088 414905   8.01  10.70  13.64   8.27   8.83   101  35.21  4057  29.08  16448   1.40   0.00
  1457  59087 414896   8.99  10.00  13.48   8.22   8.08    92  35.21  4072  29.20  16519   0.50   0.10
  1458  59089 414896   9.96   9.01  13.42   8.22   8.03    92  35.19  4076  29.23  16535   0.50  -0.10
  1459  59093 414899  10.97   7.75  13.01   8.20   7.61    86  34.84  4074  29.22  16531   0.20   0.10
  1500  59094 414904  12.14   6.35  13.03   8.19   7.46    84  34.88  4077  29.24  16544   0.30  -0.10
  1500  59094 414906  13.05   5.45  12.95   8.19   7.43    84  34.81  4077  29.24  16542   0.50   0.10
  1500  59090 414908  14.13   4.50  12.87   8.19   7.35    83  34.72  4074  29.22  16529   0.30   0.00
  1501  59089 414909  15.01   3.78  12.80   8.19   7.32    82  34.66  4073  29.22  16528   0.10  -0.10
  1501  59087 414910  15.92   2.89  12.75   8.20   7.29    82  34.61  4072  29.21  16524   0.40  -0.10
  1501  59087 414911  17.11   1.68  12.69   8.20   7.26    82  34.55  4071  29.20  16518   0.30  -0.10
  1501  59087 414910  18.09   0.76  12.58   8.20   7.25    81  34.45  4070  29.19  16514   0.30  -0.10
 -2359  61220 413050   1.00   9999   9999   9999   9999  9999   9999  9999   9999   9999   9999   9999
  2359  61220 413050   8.95   9999   9999   9999   9999  9999   9999  9999   9999   9999   9999   9999
 -2359  62300 412250   1.00   9999   9999   9999   9999  9999   9999  9999   9999   9999   9999   9999
  2359  62300 412250  17.00   9999   9999   9999   9999  9999   9999  9999   9999   9999   9999   9999
 -1412  65270 412098   1.02   1.19  15.21   8.28   8.92   105  36.02  4002  28.64  16189   0.27   0.14
  1412  65258 412111   2.07  13.22  15.21   8.27   8.95   106  36.03  4003  28.65  16192   0.40   0.20
  1413  65255 412113   2.97  12.41  15.17   8.28   8.94   105  36.00  4003  28.65  16194   0.50   0.29
  1413  65252 412110   4.03  11.34  14.98   8.27   8.92   105  35.82  4001  28.63  16185   1.01   0.01
  1414  65252 412103   5.03   9.63  14.31   8.28   8.82   102  35.39  4015  28.74  16250   1.34   0.00
  1414  65253 412101   6.06   8.49  13.68   8.27   8.85   101  34.97  4025  28.83  16300   1.22  -0.02
  1415  65255 412099   7.04   7.44  13.26   8.24   8.10    92  34.78  4044  28.97  16388   0.59  -0.10
 -2359  66330 411630   1.00   9999   9999   9999   9999  9999   9999  9999   9999   9999   9999   9999
  2359  66330 411630   7.00   9999   9999   9999   9999  9999   9999  9999   9999   9999   9999   9999
 -2359  67340 411360   1.00   9999   9999   9999   9999  9999   9999  9999   9999   9999   9999   9999
  2359  67340 411360  11.97   9999   9999   9999   9999  9999   9999  9999   9999   9999   9999   9999
 -2359  68840 411250   1.00   9999   9999   9999   9999  9999   9999  9999   9999   9999   9999   9999
  2359  68840 411250  10.94   9999   9999   9999   9999  9999   9999  9999   9999   9999   9999   9999
 -2359  69280 410950   1.00   9999   9999   9999   9999  9999   9999  9999   9999   9999   9999   9999
  2359  69280 410950   4.79   9999   9999   9999   9999  9999   9999  9999   9999   9999   9999   9999
