# M.C. ECOS2
# 02-05-2001 07:01:45
# PROJECTCODE: E7501X
# STARTPUNT: GREVELINGENDAM
# EINDPUNT: BROUWERSDAM
# OPDRACHTGEVER: ZLXXAXWMDBG
# BEHEERDER: ZLXXAXWMDBG
# BEMONST. INST.: ZLXXAXMVSGN
# TLU        oC    9.1
# LUCHTDK    hPa    1021
# WINDSHD    m/s    8.8
# WINDRTG    gradn    47
# BEWKGD     /8    7
* 20010502
$ -9999 [000000000000]
> TIJD
> X-COORD
> Y-COORD
>SENSHTE   Diepte set        m
>Echms     Echoset           mtrs
>Temp       Temperatuur       oC                     :7  0.5  11  0.5
>pH        Zuurgraad         dimsls
>O2        Zuurstof          mg/l
>%O2        Zuurstof%         %
>GELBH     Geleidendheid     ms/cm
>SALNTT    Saliniteit        dimsls
>CL-       Chloride          mg/l
 -657  69280 410964   1.06   0.00  10.90   8.48  10.13    109  31.11  27.28  15415
  658  69261 410951   2.16   0.00  10.88   8.48  10.15    109  31.11  27.29  15424
  659  69257 410953   3.00   0.00  10.86   8.47  10.21    110  31.10  27.30  15429
  700  69273 410963   4.29   0.00  10.90   8.48  10.13    109  31.12  27.29  15419
  701  69280 410962   5.15   0.00  10.88   8.48  10.22    110  31.11  27.29  15420
  701  69277 410950   6.58   0.00  10.89   8.49  10.19    110  31.12  27.29  15423
 -710  68830 411236   1.08   0.00  11.04   8.50  10.33    112  31.24  27.30  15428
  712  68846 411260   1.99   0.00  11.13   8.51  10.40    113  31.29  27.28  15415
  712  68838 411252   3.05   0.00  11.01   8.50  10.39    112  31.22  27.31  15430
  713  68838 411249   4.16   0.00  10.93   8.49  10.27    111  31.16  27.31  15432
  715  68841 411240   5.05   0.00  10.87   8.49  10.16    110  31.14  27.33  15442
  715  68842 411238   6.00   0.00  10.96   8.49  10.19    110  31.17  27.29  15418
  716  68850 411246   7.20   0.00  10.85   8.48  10.14    109  31.09  27.30  15427
  718  68847 411260   7.93   0.00  10.86   8.48  10.17    110  31.10  27.30  15426
 -731  67322 411350   1.07   0.00  11.29   8.54  10.35    113  31.41  27.28  15412
  733  67317 411323   2.01   0.00  11.30   8.53  10.36    113  31.41  27.27  15410
  734  67339 411317   3.03   0.00  11.27   8.53  10.40    113  31.41  27.29  15422
  735  67375 411331   4.05   0.00  11.30   8.54  10.45    114  31.41  27.27  15409
  736  67384 411363   5.15   0.00  11.26   8.54  10.52    114  31.40  27.30  15424
  736  67377 411383   6.09   0.00  11.28   8.54  10.59    115  31.41  27.29  15418
  738  67350 411388   7.12   0.00  11.30   8.54  10.63    116  31.41  27.27  15410
  739  67321 411373   8.07   0.00  11.26   8.53  10.63    116  31.40  27.29  15422
  740  67324 411369   9.11   0.00  11.26   8.53  10.65    116  31.40  27.29  15422
  742  67340 411352  10.14   0.00  11.05   8.53  10.59    115  31.26  27.32  15436
  742  67355 411341  11.24   0.00  10.59   8.50  10.52    113  30.93  27.34  15450
 -753  66341 411642   1.06   0.00  11.19   8.56  10.33    112  31.34  27.29  15420
  754  66328 411618   1.91   0.00  11.18   8.56  10.41    113  31.34  27.29  15423
  755  66333 411610   3.15   0.00  11.22   8.57  10.52    114  31.35  27.27  15410
  756  66352 411624   4.05   0.00  11.21   8.56  10.56    115  31.34  27.27  15410
  757  66365 411635   5.08   0.00  11.19   8.56  10.57    115  31.34  27.29  15418
  758  66362 411638   6.05   0.00  11.13   8.55  10.54    114  31.32  27.31  15434
  758  66347 411632   7.04   0.00  11.16   8.56  10.52    114  31.33  27.30  15428
 -812  65267 412132   1.04   0.00  11.14   8.58  10.53    114  31.31  27.29  15422
  813  65264 412121   2.09   0.00  11.14   8.58  10.58    115  31.31  27.29  15423
  814  65255 412114   2.98   0.00  11.16   8.58  10.62    115  31.32  27.28  15417
  815  65249 412115   4.08   0.00  11.18   8.58  10.71    116  31.31  27.27  15408
  816  65243 412120   5.13   0.00  11.16   8.59  10.81    117  31.31  27.29  15418
  816  65239 412123   6.16   0.00  11.16   8.58  10.86    118  31.31  27.28  15414
  817  65236 412125   7.15   0.00  11.18   8.58  10.88    118  31.31  27.27  15407
  818  65258 412127   8.14   0.00  11.14   8.59  11.01    119  31.31  27.29  15423
  819  65258 412109   9.20   0.00  11.08   8.57  10.73    116  31.23  27.27  15407
  820  65260 412105  10.03   0.00  11.06   8.57  10.78    117  31.25  27.29  15420
  822  65267 412097  11.11   0.00  10.35   8.50  10.29    110  30.74  27.33  15445
  824  65253 412105  12.08   0.00  10.05   8.46   9.79    104  30.53  27.34  15454
  824  65254 412104  13.18   0.00  10.01   8.46   9.86    104  30.52  27.37  15470
  826  65254 412094  14.06   0.00   9.75   8.43   9.54    100  30.34  27.38  15477
 -853  62274 412275   1.09   0.00  11.33   8.61  10.36    113  31.43  27.27  15408
  854  62244 412236   1.93   0.00  11.29   8.61  10.45    114  31.43  27.29  15422
  856  62326 412216   3.11   0.00  11.32   8.61  10.64    116  31.41  27.26  15402
  857  62338 412264   4.12   0.00  11.29   8.61  10.69    116  31.42  27.29  15422
  857  62332 412270   5.10   0.00  11.29   8.61  10.71    117  31.43  27.29  15422
  858  62325 412271   6.12   0.00  11.30   8.61  10.72    117  31.43  27.29  15418
  859  62325 412266   7.00   0.00  11.30   8.61  10.78    117  31.43  27.29  15419
  859  62326 412264   8.13   0.00  11.33   8.61  10.81    118  31.43  27.27  15408
  900  62321 412260   9.02   0.00  11.29   8.61  10.90    119  31.43  27.30  15423
  901  62318 412263  10.03   0.00  11.27   8.61  10.89    119  31.41  27.29  15422
  901  62314 412265  11.17   0.00  10.76   8.54  10.79    116  31.10  27.38  15470
  902  62299 412275  12.01   0.00   9.46   8.42   9.61    101  30.16  27.43  15505
  904  62281 412284  13.10   0.00   9.12   8.38   8.70     90  29.93  27.46  15523
  905  62274 412234  13.33   0.00   9.05   8.38   8.50     88  29.89  27.47  15527
 -917  61220 413049   1.08   0.00  11.23   8.61  10.31    112  31.35  27.26  15404
  918  61221 413029   2.11   0.00  11.22   8.61  10.41    113  31.34  27.26  15405
  918  61221 413034   3.04   0.00  11.19   8.60  10.44    113  31.34  27.29  15420
  920  61230 413052   4.01   0.00  11.21   8.61  10.53    114  31.34  27.27  15408
  920  61227 413062   5.05   0.00  11.18   8.60  10.60    115  31.33  27.29  15420
  922  61223 413057   6.13   0.00  11.22   8.61  10.68    116  31.34  27.26  15406
  922  61220 413052   7.09   0.00  11.18   8.61  10.73    117  31.34  27.29  15419
  923  61221 413056   8.18   0.00  11.18   8.61  10.77    117  31.33  27.29  15418
  924  61225 413056   9.01   0.00  11.21   8.61  10.78    117  31.34  27.27  15409
 -939  59305 414141   1.14   0.00  11.38   8.62  10.37    113  31.42  27.23  15384
  940  59269 414180   2.16   0.00  11.38   8.62  10.41    114  31.41  27.21  15376
  941  59275 414164   3.07   0.00  11.39   8.62  10.47    114  31.43  27.22  15381
  942  59302 414146   4.23   0.00  11.36   8.62  10.57    115  31.42  27.23  15386
  942  59312 414142   5.04   0.00  11.35   8.61  10.66    116  31.41  27.24  15389
  943  59314 414140   6.13   0.00  11.35   8.61  10.70    117  31.40  27.23  15385
  944  59333 414133   7.18   0.00  11.34   8.61  10.82    118  31.40  27.24  15390
  944  59336 414129   8.27   0.00  11.32   8.61  10.83    118  31.40  27.25  15398
  945  59335 414123   9.16   0.00  11.29   8.61  10.87    118  31.39  27.26  15402
  945  59338 414117  10.15   0.00   9.75   8.44  10.57    112  30.81  27.86  15750
  947  59349 414113  11.17   0.00   9.19   8.38   8.37     87  30.28  27.75  15691
  947  59352 414117  12.14   0.00   9.26   8.38   8.33     87  30.36  27.79  15713
  949  59353 414098  13.06   0.00   9.47   8.39   8.52     90  30.73  28.00  15833
  949  59358 414098  14.24   0.00   9.46   8.39   8.49     89  30.78  28.05  15864
  950  59363 414101  15.20   0.00   9.50   8.39   8.44     89  30.92  28.16  15927
  951  59369 414109  16.05   0.00   9.40   8.38   8.20     86  30.89  28.20  15951
  951  59365 414112  17.20   0.00   9.37   8.37   8.13     85  30.90  28.24  15973
  952  59360 414114  18.14   0.00   9.37   8.37   8.11     85  30.93  28.26  15987
  952  59354 414115  19.29   0.00   9.38   8.37   8.11     85  30.94  28.28  15995
  953  59344 414120  20.20   0.00   9.44   8.37   8.12     85  31.04  28.32  16021
  954  59326 414120  21.29   0.00   9.47   8.38   8.17     86  31.08  28.35  16036
  954  59320 414115  22.00   0.00   9.47   8.38   8.16     86  31.08  28.35  16034
-1049  57934 417213   1.09   0.00  10.92   8.64  11.26    122  31.03  27.18  15359
 1050  57942 417217   2.00   0.00  10.94   8.64  11.35    123  31.03  27.17  15352
 1051  57949 417197   2.89   0.00  10.91   8.64  11.39    123  31.01  27.18  15356
 1052  57955 417188   4.15   0.00  10.93   8.64  11.44    124  31.01  27.15  15343
 1052  57962 417192   5.22   0.00  10.88   8.63  11.49    124  30.99  27.18  15357
 1054  57974 417211   6.14   0.00  10.89   8.63  11.43    123  30.98  27.16  15344
 1055  57967 417219   7.22   0.00  10.82   8.63  11.42    123  30.94  27.17  15354
 1056  57954 417214   8.15   0.00  10.76   8.61  10.68    115  30.97  27.25  15397
 1058  57932 417220   9.04   0.00  10.30   8.52  10.47    112  30.99  27.61  15605
 1059  57942 417203  10.00   0.00  10.31   8.53  10.46    112  31.08  27.70  15658
 1059  57956 417190  10.92   0.00  10.29   8.53  10.43    112  31.19  27.82  15727
 1101  57999 417183  12.25   0.00  10.13   8.50   9.95    106  31.19  27.95  15801
 1103  57973 417194  13.01   0.00  10.13   8.49   9.42    101  31.28  28.03  15848
 1104  57973 417162  14.31   0.00   9.92   8.45   8.78     93  31.24  28.15  15921
 1107  57945 417163  14.70   0.00   9.76   8.43   8.49     90  31.29  28.32  16021
 1109  57917 417197  16.11   0.00   9.91   8.44   8.43     90  31.42  28.35  16033
 1110  57884 417189  17.13   0.00   9.82   8.43   8.57     91  31.44  28.43  16080
-1123  57624 418944   1.06   0.00  10.87   8.64  11.62    126  31.00  27.19  15365
 1124  57621 418976   2.14   0.00  10.84   8.64  11.71    126  30.98  27.20  15368
 1124  57618 418979   3.12   0.00  10.83   8.64  11.79    127  30.98  27.21  15375
 1125  57616 418985   4.18   0.00  10.82   8.64  11.89    128  30.98  27.21  15378
 1126  57627 418972   5.06   0.00  10.79   8.63  11.28    122  30.95  27.21  15373
 1127  57626 418959   6.08   0.00  10.23   8.55  11.10    118  30.79  27.47  15525
 1128  57623 418953   7.20   0.00  10.43   8.57  10.94    117  30.83  27.35  15459
 1130  57591 418923   8.17   0.00  10.05   8.49   9.91    105  30.66  27.47  15530
 1132  57606 418925   9.16   0.00   9.51   8.43   9.08     95  30.41  27.64  15627
 1133  57630 418941  10.23   0.00   9.36   8.41   8.74     92  30.37  27.72  15671
 1135  57628 418948  11.08   0.00   9.26   8.39   8.37     88  30.28  27.71  15665
 1136  57617 418948  12.19   0.00   9.62   8.40   8.25     87  31.19  28.34  16033
 1137  57612 418947  13.16   0.00   9.73   8.41   8.40     89  31.36  28.43  16079
 1139  57637 418935  14.14   0.00   9.64   8.39   8.11     86  31.31  28.44  16090
 1139  57641 418932  15.11   0.00   9.65   8.39   8.12     86  31.34  28.46  16099
-1152  56253 420535   1.00   0.00  10.62   8.59  11.13    116  30.86  27.24  15395
 1153  56236 420555   2.08   0.00  10.64   8.59  11.24    118  30.87  27.23  15389
 1154  56235 420557   3.26   0.00  10.60   8.59  11.34    119  30.87  27.27  15411
 1154  56237 420551   4.06   0.00  10.63   8.59  11.35    119  30.86  27.24  15394
 1155  56240 420543   5.08   0.00  10.55   8.59  11.40    119  30.92  27.36  15460
 1156  56245 420524   6.10   0.00  10.50   8.58  11.23    117  30.91  27.38  15473
 1156  56255 420520   7.11   0.00  10.48   8.58  11.26    118  30.92  27.40  15488
 1158  56281 420527   8.16   0.00  10.45   8.57  11.07    116  31.06  27.56  15579
 1159  56281 420540   9.13   0.00  10.42   8.56  10.87    114  31.15  27.68  15648
 1201  56260 420566  10.16   0.00  10.38   8.54  10.50    110  31.21  27.77  15700
 1202  56260 420575  11.08   0.00  10.10   8.47   9.37     98  31.62  28.38  16055
 1204  56250 420553  12.11   0.00  10.03   8.46   9.18     96  31.70  28.52  16131
-1219  55120 421350   1.04   0.00  10.62   8.60  11.13    120  31.02  27.40  15487
 1220  55144 421323   2.24   0.00  10.59   8.60  11.25    121  31.01  27.41  15494
 1220  55158 421343   3.09   0.00  10.55   8.60  11.25    121  31.00  27.43  15503
 1221  55171 421374   4.24   0.00  10.53   8.60  11.34    122  30.98  27.43  15501
 1222  55173 421386   5.01   0.00  10.50   8.60  11.37    122  30.97  27.44  15511
 1223  55173 421391   6.09   0.00  10.46   8.59  11.40    122  30.99  27.49  15539
 1223  55176 421401   7.18   0.00  10.45   8.59  11.39    122  31.02  27.52  15557
 1224  55181 421405   8.15   0.00  10.43   8.59  11.40    122  31.03  27.55  15571
 1224  55186 421408   9.20   0.00  10.43   8.59  11.41    122  31.03  27.55  15573
 1225  55187 421407  10.22   0.00  10.42   8.59  11.42    122  31.03  27.56  15575
 1225  55185 421403  11.14   0.00  10.40   8.59  11.40    122  31.03  27.57  15586
 1226  55177 421380  12.03   0.00  10.37   8.58  10.76    115  31.06  27.63  15618
 1228  55189 421349  13.19   0.00  10.06   8.47   9.21     98  31.55  28.36  16039
 1229  55187 421356  13.96   0.00   9.98   8.45   8.87     95  31.67  28.53  16142
 1231  55146 421384  15.01   0.00   9.75   8.42   8.49     90  31.62  28.66  16215
 1233  55149 421389  16.30   0.00   9.56   8.37   7.45     79  31.45  28.64  16204
 1234  55178 421389  17.17   0.00   9.41   8.32   6.80     72  31.33  28.64  16206
 1236  55189 421399  18.03   0.00   9.33   8.30   6.47     68  31.29  28.67  16220
 1238  55190 421388  18.95   0.00   9.13   8.22   4.94     52  31.14  28.67  16224
 1241  55195 421374  19.83   0.00   8.80   7.99   1.26     13  30.97  28.77  16283
-1252  53672 421021   1.09   0.00  10.39   8.59  11.18    120  30.88  27.44  15509
 1253  53711 421079   2.08   0.00  10.39   8.59  11.27    121  30.88  27.44  15507
 1254  53718 421081   2.18   0.00  10.38   8.59  11.27    121  30.88  27.45  15513
 1255  53716 421080   4.12   0.00  10.37   8.59  11.49    123  30.88  27.45  15514
 1255  53714 421078   5.03   0.00  10.36   8.59  11.50    123  30.87  27.45  15516
 1256  53706 421080   6.21   0.00  10.34   8.58  11.28    121  30.87  27.46  15522
 1257  53710 421088   7.13   0.00  10.33   8.58  11.33    121  30.87  27.47  15525
 1258  53709 421087   8.21   0.00  10.34   8.58  11.36    122  30.89  27.48  15532
 1258  53708 421082   8.97   0.00  10.38   8.59  11.30    121  30.94  27.50  15543
 1300  53700 421068  10.09   0.00  10.40   8.59  11.50    123  30.96  27.51  15548
 1300  53702 421068  11.05   0.00  10.41   8.59  11.47    123  30.97  27.51  15547
 1301  53713 421068  12.17   0.00  10.45   8.60  11.63    125  31.07  27.58  15589
 1302  53714 421062  13.09   0.00  10.40   8.59  11.36    122  31.11  27.65  15629
 1304  53720 421069  14.04   0.00  10.15   8.50   9.46    101  31.48  28.21  15951
 1307  53693 421072  15.10   0.00   9.93   8.44   8.58     92  31.80  28.70  16240
 1308  53691 421046  16.11   0.00   9.57   8.35   7.24     77  31.52  28.71  16242
-1318  52889 420328   1.07   0.00  10.62   8.62  11.29    122  31.04  27.43  15500
 1318  52888 420345   2.07   0.00  10.54   8.61  11.36    122  31.02  27.45  15517
 1319  52899 420329   3.12   0.00  10.46   8.59  11.06    119  30.96  27.46  15522
 1321  52914 420310   4.17   0.00  10.39   8.59  10.90    117  30.93  27.48  15533
 1324  52944 420314   4.96   0.00  10.53   8.61  11.59    125  31.05  27.50  15541
 1324  52934 420311   6.12   0.00  10.51   8.61  11.64    125  31.07  27.53  15558
 1326  52944 420326   7.00   0.00  10.54   8.61  11.59    125  31.07  27.51  15549
 1328  52938 420309   7.97   0.00  10.58   8.62  11.98    129  31.13  27.54  15564
 1330  52931 420293   9.16   0.00  10.48   8.60  11.27    121  31.03  27.52  15557
 1332  52958 420286  10.19   0.00  10.56   8.62  11.97    129  31.14  27.56  15578
-1347  51580 418538   1.06   0.00  10.88   8.65  11.48    124  31.08  27.26  15406
 1348  51541 418550   2.20   0.00  10.74   8.65  11.57    125  30.98  27.27  15412
 1349  51548 418559   3.15   0.00  10.69   8.65  11.60    125  30.97  27.30  15425
 1350  51574 418577   4.14   0.00  10.70   8.65  11.50    124  31.03  27.35  15454
 1351  51577 418581   5.02   0.00  10.75   8.65  11.58    125  31.06  27.34  15450
 1351  51563 418584   6.14   0.00  10.77   8.65  11.62    125  31.12  27.38  15474
 1352  51546 418587   7.24   0.00  10.74   8.64  11.56    125  31.10  27.39  15479
 1353  51548 418587   8.18   0.00  10.68   8.63  11.58    125  31.06  27.39  15482
 1353  51555 418582   9.18   0.00  10.66   8.63  11.48    124  31.06  27.41  15493
 1354  51572 418571  10.11   0.00  10.71   8.62  11.38    123  31.12  27.43  15502
 1356  51561 418555  11.16   0.00  10.69   8.60  10.46    113  31.36  27.68  15646
 1358  51554 418551  12.27   0.00  10.39   8.51   9.44    102  31.91  28.45  16089
 1358  51558 418569  13.11   0.00  10.37   8.51   9.44    102  31.91  28.46  16101
 1360  51564 418590  14.32   0.00  10.30   8.50   9.35    101  31.98  28.59  16172
 1401  51564 418600  15.23   0.00  10.27   8.51   9.66    104  32.06  28.69  16232
 1403  51581 418600  16.10   0.00  10.10   8.47   8.97     96  32.06  28.83  16310
 1406  51542 418574  16.95   0.00   9.91   8.43   8.29     89  32.00  28.91  16362
 1408  51535 418546  18.35   0.00   9.62   8.37   7.22     77  31.85  29.00  16410
 1409  51556 418547  19.25   0.00   9.15   8.21   4.61     49  31.57  29.10  16470
 1410  51567 418551  20.15   0.00   8.98   8.16   4.74     50  31.56  29.22  16543
 1412  51577 418570  21.26   0.00   8.39   7.84   0.33      3  31.44  29.59  16759
 1413  51578 418579  22.00   0.00   8.30   7.82   0.17      2  31.43  29.66  16795
 1414  51575 418582  23.26   0.00   8.28   7.80   0.10      1  31.44  29.69  16815
 1415  51564 418582  24.20   0.00   8.26   7.79   0.05      1  31.45  29.71  16827
 1416  51555 418586  25.25   0.00   8.21   7.79   0.04      0  31.45  29.75  16849
 1416  51560 418584  26.17   0.00   8.20   7.80   0.10      1  31.44  29.76  16853
 1417  51562 418572  27.24   0.00   8.17   7.80   0.06      1  31.46  29.79  16874
 1418  51561 418569  28.27   0.00   8.17   7.80   0.05      1  31.46  29.80  16880
 1418  51563 418568  29.08   0.00   8.16   7.80   0.04      0  31.47  29.81  16886
 1418  51566 418568  30.16   0.00   8.17   7.80   0.04      0  31.47  29.82  16888
 1419  51568 418567  31.02   0.00   8.16   7.79   0.03      0  31.48  29.83  16896
 1419  51570 418566  32.17   0.00   8.16   7.79   0.03      0  31.49  29.83  16898
 1419  51571 418564  33.00   0.00   8.16   7.79   0.01      0  31.49  29.83  16898
 1420  51570 418560  33.91   0.00   8.16   7.79   0.02      0  31.49  29.84  16901
 1421  51572 418568  34.94   0.00   8.15   7.78   0.02      0  31.49  29.85  16907
 1421  51573 418575  36.26   0.00   8.15   7.77   0.02      0  31.49  29.85  16907
-1429  50744 418402   1.01   0.00  10.78   8.64  10.90    117  30.30  26.58  15012
 1430  50725 418389   2.15   0.00  10.77   8.64  11.00    118  30.36  26.65  15052
 1433  50734 418381   3.19   0.00  10.88   8.65  11.40    123  30.66  26.85  15168
 1434  50734 418378   4.14   0.00  10.80   8.64  11.17    120  30.59  26.85  15167
 1435  50753 418401   5.17   0.00  11.08   8.67  11.85    129  31.29  27.32  15438
 1436  50758 418401   6.18   0.00  11.09   8.68  11.94    130  31.32  27.34  15452
 1437  50763 418397   7.02   0.00  10.94   8.67  11.95    130  31.25  27.38  15475
 1439  50755 418380   8.16   0.00  10.86   8.66  11.84    128  31.20  27.39  15479
 1439  50749 418370   9.16   0.00  10.85   8.66  11.78    128  31.18  27.39  15477
 1440  50748 418369  10.14   0.00  10.83   8.66  11.79    128  31.18  27.40  15487
 1442  50751 418373  10.92   0.00  10.66   8.63  11.26    121  31.02  27.37  15469
 1443  50753 418383  11.96   0.00  10.69   8.58  10.42    113  31.56  27.87  15758
 1446  50750 418386  12.99   0.00  10.28   8.50   9.16     99  31.97  28.59  16173
 1447  50750 418382  14.10   0.00  10.11   8.47   8.93     96  32.04  28.80  16296
 1449  50748 418375  15.17   0.00   9.84   8.43   7.93     85  31.95  28.93  16370
 1451  50744 418378  16.15   0.00   9.31   8.24   4.86     51  31.71  29.11  16477
 1453  50742 418379  16.97   0.00   9.12   8.19   4.38     46  31.60  29.15  16502
 1455  50749 418395  18.18   0.00   8.75   7.97   1.51     16  31.54  29.40  16646
 1458  50750 418408  19.08   0.00   8.63   7.90   0.67      7  31.53  29.48  16695
 1458  50750 418408  20.04   0.00   8.61   7.89   0.65      7  31.53  29.50  16703
 1500  50748 418407  21.11   0.00   8.52   7.84   0.18      2  31.52  29.57  16743
 1501  50743 418398  21.94   0.00   8.40   7.81   0.04      0  31.49  29.63  16781
 1501  50742 418394  22.94   0.00   8.36   7.81   0.04      0  31.47  29.66  16794
 1501  50741 418392  24.16   0.00   8.34   7.79   0.04      0  31.48  29.67  16803
 1502  50739 418388  25.22   0.00   8.25   7.78   0.04      0  31.46  29.74  16842
 1502  50738 418386  26.25   0.00   8.22   7.79   0.02      0  31.46  29.76  16857
 1502  50736 418382  27.10   0.00   8.21   7.79   0.04      0  31.46  29.77  16862
 1503  50734 418379  28.07   0.00   8.20   7.79   0.03      0  31.46  29.77  16862
-1513  49733 418279   1.13   0.00  10.79   8.64  11.00    119  30.72  26.98  15245
 1514  49735 418280   2.08   0.00  10.81   8.64  10.87    117  30.73  26.97  15239
 1515  49734 418275   2.97   0.00  10.90   8.64  11.09    120  30.48  26.67  15064
 1516  49733 418272   4.16   0.00  10.88   8.65  11.20    121  30.79  26.99  15247
 1517  49729 418267   5.02   0.00  10.95   8.67  11.55    125  31.21  27.34  15451
 1518  49730 418269   6.28   0.00  10.92   8.67  11.68    127  31.22  27.36  15463
 1519  49729 418268   7.28   0.00  10.94   8.67  11.75    128  31.23  27.36  15464
 1520  49725 418266   8.07   0.00  10.87   8.66  11.78    128  31.19  27.38  15472
 1521  49723 418265   8.88   0.00  10.88   8.66  11.72    127  31.19  27.37  15469
 1523  49724 418263  10.29   0.00  10.73   8.64  11.41    123  31.12  27.41  15492
 1525  49736 418267  11.16   0.00  10.32   8.50   8.94     96  31.80  28.39  16060
 1526  49737 418269  12.24   0.00  10.27   8.49   8.95     96  31.83  28.47  16101
 1526  49739 418269  13.19   0.00  10.21   8.48   8.77     94  31.95  28.63  16199
 1527  49739 418269  13.93   0.00  10.17   8.48   8.80     95  31.97  28.68  16225
 1527  49739 418269  14.97   0.00  10.12   8.47   8.79     95  31.98  28.73  16254
 1527  49738 418268  15.88   0.00   9.88   8.43   8.72     93  31.96  28.90  16354
 1528  49738 418267  16.89   0.00   9.79   8.33   8.09     87  31.92  28.93  16372
 1528  49738 418267  18.01   0.00   8.55   8.13   7.64     80  31.60  29.63  16778
 1528  49737 418266  18.90   0.00   8.46   7.96   5.43     57  31.52  29.62  16772
 1529  49736 418265  19.89   0.00   8.34   7.82   2.11     22  31.49  29.69  16816
 1529  49736 418264  20.98   0.00   8.31   7.81   1.22     13  31.49  29.71  16829
-1537  48778 418173   1.12   0.00  11.11   8.64  11.15    121  30.04  26.09  14731
 1538  48788 418173   2.12   0.00  11.00   8.64  11.31    122  29.96  26.10  14733
 1539  48803 418186   3.28   0.00  10.90   8.64  11.10    120  30.01  26.21  14800
 1540  48811 418196   4.22   0.00  10.82   8.64  11.00    119  30.97  27.20  15369
 1540  48810 418200   5.15   0.00  10.83   8.64  11.05    120  31.00  27.22  15382
 1542  48798 418196   6.22   0.00  10.82   8.65  11.33    123  31.11  27.34  15450
 1542  48796 418195   7.17   0.00  10.80   8.64  11.34    123  31.11  27.35  15458
 1543  48791 418194   7.96   0.00  10.77   8.64  11.31    122  31.10  27.37  15466
 1544  48786 418197   9.21   0.00  10.76   8.64  11.43    124  31.11  27.38  15474
 1545  48784 418200  10.20   0.00  10.73   8.64  11.45    124  31.12  27.41  15491
 1547  48771 418190  11.31   0.00  10.20   8.46   8.46     91  31.86  28.55  16150
 1548  48769 418193  12.04   0.00  10.12   8.46   8.50     91  31.88  28.63  16198
 1549  48769 418195  13.06   0.00  10.06   8.45   8.49     91  31.94  28.73  16256
 1551  48772 418189  13.95   0.00   9.73   8.35   6.76     72  31.85  28.91  16362
 1553  48771 418194  15.19   0.00   9.46   8.28   4.47     47  31.73  29.01  16418
 1556  48768 418189  16.23   0.00   8.77   7.90   0.38      4  31.57  29.41  16651
 1558  48774 418177  17.21   0.00   8.54   7.83   0.07      1  31.53  29.56  16739
 1558  48775 418178  18.19   0.00   8.54   7.83   0.05      1  31.53  29.56  16740
 1558  48775 418182  19.15   0.00   8.44   7.80   0.06      1  31.52  29.64  16784
 1559  48775 418187  20.24   0.00   8.41   7.79   0.03      0  31.51  29.64  16788
 1559  48774 418191  21.22   0.00   8.37   7.78   0.03      0  31.50  29.68  16806
 1559  48772 418197  22.20   0.00   8.31   7.77   0.03      0  31.49  29.71  16828
 1600  48768 418201  23.29   0.00   8.31   7.77   0.04      0  31.49  29.72  16833
 1600  48765 418204  24.26   0.00   8.25   7.75   0.04      0  31.49  29.76  16857
 1600  48762 418205  24.96   0.00   8.25   7.74   0.02      0  31.49  29.76  16856
 1601  48761 418204  26.21   0.00   8.23   7.74   0.03      0  31.49  29.77  16862
 1601  48759 418202  27.22   0.00   8.23   7.73   0.04      0  31.48  29.77  16863
 1602  48758 418197  28.06   0.00   8.23   7.73   0.02      0  31.48  29.77  16860
 1602  48758 418194  29.15   0.00   8.22   7.72   0.01      0  31.48  29.78  16868
 1602  48759 418192  30.17   0.00   8.22   7.71   0.02      0  31.49  29.79  16871
 1603  48760 418191  31.18   0.00   8.21   7.71   0.02      0  31.49  29.79  16873
 1603  48761 418192  32.03   0.00   8.21   7.71   0.02      0  31.49  29.79  16873
 1603  48763 418193  33.24   0.00   8.18   7.71   0.02      0  31.49  29.82  16887
 1604  48768 418195  34.12   0.00   8.18   7.70   0.03      0  31.49  29.83  16894
 1604  48773 418197  35.17   0.00   8.18   7.70   0.02      0  31.50  29.83  16898
 1605  48782 418202  36.12   0.00   8.16   7.70   0.02      0  31.50  29.85  16906
 1605  48787 418205  37.28   0.00   8.16   7.70   0.03      0  31.50  29.85  16909
 1605  48789 418205  38.38   0.00   8.17   7.70   0.02      0  31.51  29.85  16906
 1606  48791 418203  39.32   0.00   8.16   7.70   0.02      0  31.51  29.86  16914
 1606  48792 418201  40.22   0.00   8.15   7.70   0.04      0  31.51  29.86  16914
 1606  48793 418199  41.21   0.00   8.16   7.70   0.03      0  31.51  29.86  16912
 1607  48795 418195  42.18   0.00   8.15   7.69   0.04      0  31.51  29.87  16919
 1607  48798 418184  43.15   0.00   8.15   7.69   0.02      0  31.51  29.87  16920
 1608  48798 418178  43.95   0.00   8.15   7.69   0.02      0  31.52  29.88  16922
-1619  47934 418343   1.01   0.00  10.98   8.65  11.09    120  30.08  26.23  14810
 1620  47954 418376   2.12   0.00  10.97   8.65  11.30    122  30.06  26.22  14802
 1621  47945 418361   3.02   0.00  10.82   8.65  10.95    118  30.84  27.07  15295
 1622  47946 418324   4.29   0.00  10.80   8.65  10.95    119  30.99  27.24  15391
 1624  47957 418364   5.23   0.00  10.83   8.65  11.06    120  31.11  27.33  15446
 1624  47958 418381   6.21   0.00  10.75   8.65  11.14    121  31.06  27.34  15451
 1625  47959 418387   7.18   0.00  10.73   8.64  11.15    121  31.05  27.34  15452
 1626  47953 418359   8.24   0.00  10.68   8.64  11.37    123  31.01  27.35  15456
 1628  47965 418340   9.27   0.00  10.63   8.61  10.71    116  31.14  27.52  15552
 1629  47963 418364  10.16   0.00  10.68   8.60  10.51    114  31.30  27.62  15613
 1630  47949 418359  11.14   0.00  10.61   8.56   9.83    107  31.75  28.13  15904
 1632  47961 418344  12.21   0.00  10.14   8.46   8.11     87  31.82  28.56  16158
 1633  47966 418359  13.23   0.00   9.77   8.38   7.14     76  31.88  28.91  16360
 1635  47953 418350  14.06   0.00   9.57   8.30   5.98     64  31.82  29.01  16418
 1637  47951 418383  14.64   0.00   9.39   8.22   4.01     43  31.75  29.09  16463
 1639  47960 418398  15.95   0.00   8.82   7.84   0.17      2  31.59  29.38  16636
-1646  47444 418838   0.96   0.00  10.99   8.66  10.98    119  30.78  26.89  15192
 1647  47450 418851   2.12   0.00  10.96   8.66  11.08    120  30.85  26.98  15241
 1647  47458 418848   3.14   0.00  10.93   8.65  11.12    121  31.06  27.21  15374
 1648  47470 418843   4.16   0.00  10.96   8.65  11.18    121  30.95  27.09  15303
 1649  47476 418844   5.09   0.00  10.92   8.65  11.26    122  31.07  27.22  15380
 1649  47479 418842   6.21   0.00  10.77   8.65  11.29    122  31.10  27.36  15462
 1650  47479 418833   7.08   0.00  10.81   8.65  11.24    122  31.13  27.36  15463
 1650  47478 418830   8.21   0.00  10.82   8.64  11.21    122  31.15  27.38  15473
 1651  47479 418830   9.14   0.00  10.83   8.64  11.19    121  31.20  27.42  15496
 1652  47488 418839  10.06   0.00  10.82   8.63  11.05    120  31.23  27.46  15517
