# MEETVAARTUIG : M.S. ARGUS
# MEETDATUM    : 14-03-2007 08:03:10
# MEETGEBIED   : GREVELINGEN
# STARTPUNT    : Brouwersdam
# EINDPUNT     : Grevelingendam
# PROJECTCODE  : E7501X
# OPDRACHTGEVER: ZLXXAXAMDBG
# BEHEERDER    : ZLXXAXAMDBG
# BEMONST. INST:
# WAARNEMER(S) : G.J.Bakker.
#
# OPMERKING : plaatsbepaling geeft soms afwijkende waarden
#             terwijl wel op de juiste positie is gemeten
#
#
* 20070314
$ 9999 [00000000000]
>TIJD      uumm                    
>X         coordinaat              
>Y         coordinaat              
>SENSHTE   Diepte set        m     
>ECHOS     Echoset           mtrs  
>Temp       Temperatuur       oC        : 4  1.0  11  1.0
>O2        Zuurstof          mg/l  
>%O2        Zuurstof%         %     
>GELBH     Geleidendheid     mS/cm 
>SALNTT    Saliniteit        dimsl 
>CL-       Chloride          mg/l      : 16500  125  13  125
 -0803  47483 418848   0.94  11.90   8.60   9.65    98  31.38  29.36  16620
  0803  47472 418851   1.99  12.25   8.59   9.67    99  31.46  29.45  16673
  0803  47469 418852   2.98  11.70   8.60   9.68    99  31.67  29.66  16794
  0804  47472 418847   4.03  10.65   8.59   9.62    98  31.83  29.83  16895
  0804  47471 418850   5.01   9.80   8.59   9.57    98  31.63  29.62  16775
  0805  47464 418856   6.03   9.50   8.62   9.55    98  31.64  29.61  16766
  0805  47459 418857   7.00   8.80   8.60   9.54    98  31.71  29.70  16818
  0805  47452 418860   8.01   8.10   8.60   9.47    97  32.13  30.13  17070
  0806  47448 418857   8.97   7.40   8.62   9.36    96  32.00  29.98  16982
  0806  47441 418862  10.01   6.20   8.62   9.36    96  31.90  29.88  16922
  0807  47415 418854  10.95   4.55   8.65   9.33    96  32.20  30.16  17088
  0807  47418 418842  12.07   2.20   8.66   9.29    95  32.29  30.25  17137
  0807  47422 418844  12.94   0.95   8.65   9.26    95  32.36  30.33  17184
 -0813  47964 418347   1.02  16.65   8.47  10.08   102  30.68  28.74  16263
  0813  47955 418335   1.98  15.65   8.47  10.08   102  30.70  28.76  16275
  0814  47976 418308   3.03  14.60   8.48  10.07   102  30.70  28.75  16270
  0814  47971 418311   3.96  13.45   8.48  10.06   102  30.70  28.75  16270
  0815  47968 418313   4.97  12.40   8.57  10.03   102  30.83  28.81  16306
  0815  47967 418315   5.97  11.35   8.53  10.02   102  30.95  28.97  16396
  0815  47968 418319   7.03  51.30   8.57   9.92   101  31.21  29.20  16533
  0816  47968 418316   7.96   9.65   8.67   9.72    99  31.49  29.41  16652
  0817  47967 418319   9.00   9.35   8.70   9.66    99  31.58  29.48  16691
  0817  47967 418323  10.00   7.30   8.62   9.62    98  31.88  29.86  16910
  0819  47970 418331  11.02   6.75   8.47   9.17    94  32.26  30.38  17214
  0819  47992 418327  11.97   5.50   8.37   9.16    94  32.25  30.46  17258
  0821  47961 418352  13.02   4.75   7.99   9.07    92  32.26  30.80  17457
  0821  47967 418357  14.05   3.75   7.97   9.00    91  32.30  30.86  17492
  0822  47992 418332  14.99   2.90   7.95   8.94    91  32.34  30.92  17527
  0823  48000 418347  16.02   1.45   7.92   8.90    90  32.37  30.98  17561
  0823  47992 418341  16.98   0.40   7.94   8.80    89  32.42  31.01  17581
 -0830  48777 418191   1.00  43.45   8.39  10.05   102  30.63  28.75  16271
  0830  48773 418177   1.99  42.45   8.38  10.04   102  30.63  28.76  16276
  0831  48774 418146   3.06  41.50   8.44   9.98   101  30.71  28.79  16295
  0832  48794 418147   4.03  40.55   8.56   9.90   101  30.94  28.93  16376
  0832  48794 418149   4.99  39.70   8.56   9.87   100  30.94  28.93  16376
  0833  48769 418161   6.01  38.70   8.60   9.79   100  31.11  29.08  16459
  0833  48767 418177   7.00  37.75   8.59   9.79   100  31.19  29.17  16511
  0834  48773 418185   8.06  36.65   8.64   9.75   100  31.48  29.43  16661
  0835  48779 418161   8.99  35.80   8.70   9.54    98  31.73  29.63  16781
  0835  48786 418156  10.01  34.75   8.70   9.51    97  31.74  29.64  16787
  0835  48789 418156  10.99  33.95   8.68   9.49    97  31.87  29.80  16875
  0835  48793 418156  12.03  33.00   8.43   9.49    97  32.20  30.35  17197
  0837  48806 418167  13.00  32.00   8.00   9.07    92  32.27  30.80  17458
  0837  48802 418168  14.00  31.05   8.00   9.01    92  32.29  30.82  17470
  0837  48796 418168  15.03  30.05   7.95   8.99    91  32.37  30.95  17545
  0838  48780 418176  15.99  29.10   7.90   8.93    91  32.42  31.05  17602
  0838  48781 418211  17.00  28.10   7.90   8.79    89  32.46  31.09  17626
  0839  48795 418214  18.00  27.15   7.90   8.75    89  32.47  31.10  17632
  0839  48807 418207  19.01  26.20   7.90   8.71    88  32.48  31.11  17639
  0839  48807 418198  20.03  25.10   7.90   8.69    88  32.48  31.11  17639
  0840  48805 418193  21.07  24.20   7.90   8.67    88  32.48  31.11  17639
  0840  48805 418190  22.03  23.30   7.90   8.65    88  32.49  31.12  17645
  0840  48804 418189  23.00  22.20   7.90   8.64    88  32.49  31.12  17645
  0841  48804 418188  23.99  21.60   7.90   8.61    88  32.50  31.13  17651
  0841  48818 418166  25.07  21.45   7.90   8.61    87  32.49  31.12  17645
  0841  48809 418152  26.05  19.30   7.89   8.61    87  32.50  31.14  17656
  0842  48801 418149  27.04  18.40   7.90   8.60    87  32.50  31.13  17651
  0842  48798 418150  27.99  17.45   7.89   8.60    87  32.49  31.13  17650
  0842  48794 418152  29.02  16.35   7.90   8.60    87  32.50  31.13  17651
  0843  48791 418154  30.02  15.45   7.89   8.59    87  32.50  31.14  17656
  0843  48785 418157  31.00  14.45   7.90   8.59    87  32.50  31.13  17651
  0843  48779 418161  32.00  13.60   7.89   8.58    87  32.51  31.15  17662
  0844  48771 418171  33.00  13.10   7.89   8.56    87  32.51  31.15  17662
  0844  48773 418181  34.05  11.80   7.90   8.53    87  32.51  31.14  17657
  0845  48775 418182  34.97  11.20   7.90   8.53    87  32.51  31.14  17657
  0845  48777 418182  35.99  10.20   7.89   8.53    87  32.52  31.16  17668
  0845  48779 418182  36.97   9.20   7.89   8.53    87  32.51  31.15  17662
  0846  48786 418183  38.00   8.20   7.90   8.50    86  32.52  31.15  17663
  0847  48788 418184  39.06   7.10   7.90   8.50    86  32.52  31.15  17663
  0847  48801 418176  40.02   5.70   7.89   8.50    86  32.52  31.16  17668
  0847  48817 418181  41.04   4.50   7.90   8.50    86  32.52  31.15  17663
  0848  48819 418192  42.05   3.85   7.90   8.49    86  32.52  31.15  17663
  0848  48815 418196  43.03   2.80   7.90   8.48    86  32.52  31.15  17663
  0849  48809 418192  44.03   1.75   7.89   8.48    86  32.52  31.16  17668
  0849  48807 418192  45.02   1.05   7.90   8.46    86  32.53  31.16  17669
 -0857  49736 418257   1.04   0.45   8.50  10.16   103  30.72  28.76  16273
  0857  49775 418266   1.98  51.30   8.57  10.12   103  30.86  28.84  16323
  0857  49753 418285   3.08  17.35   8.60   9.98   102  30.89  28.85  16327
  0858  49770 418274   4.04  15.40   8.61   9.96   101  30.91  28.86  16334
  0858  49769 418254   4.99  13.15   8.62   9.93   101  30.90  28.84  16324
  0858  49766 418250   6.03  12.15   8.55   9.94   101  30.88  28.88  16345
  0859  49764 418274   6.94  11.55   8.54   9.90   101  31.16  29.18  16517
  0900  49733 418270   8.01  11.25   8.62   9.66    99  31.48  29.44  16670
  0901  49755 418236   9.03  10.70   8.63   9.44    97  31.87  29.84  16899
  0902  49763 418242  10.02   9.55   8.64   9.39    96  31.96  29.92  16948
  0902  49763 418245  11.03   8.10   8.56   9.36    96  32.06  30.09  17048
  0903  49762 418250  12.02   6.20   8.26   9.19    94  32.15  30.45  17252
  0903  49761 418251  13.02   5.10   8.18   9.15    93  32.18  30.55  17311
  0904  49761 418252  14.02   4.10   8.03   9.08    92  32.25  30.75  17430
  0904  49761 418253  15.03   3.15   7.97   9.04    92  32.35  30.91  17522
  0904  49762 418254  16.03   2.15   7.96   8.98    91  32.37  30.94  17540
  0905  49762 418256  17.03   1.15   7.95   8.91    90  32.40  30.98  17564
  0906  49755 418258  17.86   0.40   7.88   8.76    89  32.47  31.12  17643
 -0912  50720 418375   0.96  27.75   8.28  10.17   102  30.53  28.74  16263
  0913  50737 418369   2.04  26.85   8.33  10.14   102  30.67  28.84  16324
  0913  50747 418340   3.01  25.80   8.41  10.12   102  30.72  28.83  16316
  0913  50766 418339   4.07  24.95   8.43  10.08   102  30.75  28.84  16324
  0914  50771 418348   5.01  23.75   8.45  10.02   101  30.79  28.87  16339
  0915  50762 418355   6.00  22.50   8.57   9.62    98  31.44  29.44  16671
  0915  50763 418355   7.01  21.60   8.59   9.59    98  31.49  29.48  16691
  0916  50763 418354   8.06  20.55   8.64   9.56    98  31.68  29.63  16780
  0916  50763 418354   9.02  19.60   8.68   9.50    97  31.85  29.77  16863
  0917  50766 418355  10.00  18.65   8.56   9.43    96  32.01  30.04  17018
  0917  50768 418356  11.00  17.55   8.51   9.25    95  32.14  30.22  17121
  0918  50767 418357  12.04  16.55   8.39   9.21    94  32.22  30.41  17229
  0918  50766 418357  13.03  15.70   8.30   9.16    93  32.25  30.52  17293
  0919  50765 418359  14.03  14.70   8.17   9.14    93  32.27  30.65  17371
  0919  50764 418360  15.01  13.90   8.15   9.09    92  32.28  30.68  17387
  0919  50764 418361  15.96  12.65   8.06   9.05    92  32.32  30.80  17458
  0920  50764 418362  17.00  11.65   8.05   8.94    91  32.34  30.83  17475
  0920  50764 418362  18.00  10.75   8.00   8.91    90  32.38  30.92  17525
  0921  50763 418363  19.02   9.65   7.96   8.88    90  32.39  30.96  17552
  0921  50763 418362  20.03   8.80   7.93   8.83    90  32.42  31.02  17586
  0921  50763 418362  21.02   7.70   7.92   8.80    89  32.43  31.04  17597
  0922  50764 418363  22.02   6.65   7.89   8.73    88  32.44  31.08  17619
  0922  50764 418363  22.99   5.65   7.89   8.70    88  32.45  31.09  17625
  0923  50765 418364  23.99   4.75   7.88   8.62    87  32.46  31.11  17637
  0923  50763 418364  25.03   3.60   7.88   8.59    87  32.46  31.11  17637
  0923  50764 418364  26.02   2.85   7.88   8.57    87  32.46  31.11  17637
  0924  50765 418362  27.00   2.25   7.87   8.55    87  32.47  31.13  17648
  0924  50767 418361  28.05   1.30   7.86   8.52    86  32.47  31.13  17653
  0924  50769 418361  29.01   0.50   7.87   8.51    86  32.47  31.13  17648
 -0931  51569 418575   1.00  35.40   8.51  10.08   102  30.83  28.86  16334
  0931  51580 418586   2.02  34.90   8.51  10.09   102  30.82  28.85  16328
  0932  51583 418593   2.99  51.25   8.51  10.09   102  30.82  28.85  16328
  0932  51585 418602   4.00  32.55   8.51  10.09   102  30.83  28.86  16334
  0933  51601 418568   4.96  31.90   8.46   9.69    98  31.20  29.29  16580
  0934  51616 418584   6.07  30.80   8.52   9.62    98  31.42  29.46  16683
  0934  51609 418602   7.04  29.90   8.48   9.54    97  31.58  29.66  16798
  0935  51597 418597   8.03  28.95   8.49   9.34    95  31.85  29.94  16956
  0935  51564 418574   9.02  27.95   8.48   9.30    95  31.96  30.06  17027
  0936  51577 418601  10.02  26.95   8.40   9.21    94  32.11  30.28  17158
  0936  51609 418592  10.99  26.30   8.26   9.18    94  32.14  30.44  17246
  0938  51573 418570  11.98  24.80   8.25   9.06    92  32.15  30.45  17258
  0938  51610 418573  12.99  24.05   8.02   9.08    92  32.24  30.75  17429
  0939  51601 418577  14.01  23.00   7.92   8.91    90  32.37  30.98  17561
  0940  51599 418549  15.03  51.25   7.90   8.89    90  32.40  31.02  17589
  0940  51591 418545  16.02  20.65   7.87   8.86    90  32.44  31.09  17630
  0941  51577 418541  17.00  20.20   7.86   8.77    89  32.43  31.09  17629
  0941  51567 418542  18.00  19.25   7.86   8.72    88  32.44  31.10  17635
  0941  51544 418529  19.01  18.40   7.86   8.69    88  32.45  31.11  17641
  0942  51533 418544  20.05  17.00   7.86   8.65    88  32.45  31.11  17641
  0942  51539 418557  20.99  16.00   7.86   8.63    88  32.45  31.11  17641
  0942  51563 418545  21.95  14.90   7.85   8.62    87  32.45  31.12  17646
  0943  51574 418576  22.94  13.75   7.86   8.59    87  32.46  31.12  17647
  0943  51563 418567  24.02  13.15   7.85   8.58    87  32.46  31.13  17652
  0944  51564 418561  25.08  12.55   7.85   8.56    87  32.46  31.13  17652
  0944  51549 418529  26.02  11.40   7.85   8.55    87  32.47  31.14  17658
  0944  51533 418541  27.00  10.75   7.85   8.53    86  32.46  31.13  17652
  0944  51535 418550  27.99   9.60   7.84   8.53    86  32.46  31.14  17657
  0945  51545 418574  29.03   8.45   7.85   8.50    86  32.47  31.14  17658
  0945  51573 418577  30.05  32.10   7.85   8.49    86  32.47  31.14  17658
  0946  51574 418566  30.99   6.50   7.84   8.50    86  32.46  31.14  17657
  0946  51572 418564  32.08   5.40   7.85   8.49    86  32.46  31.13  17652
  0946  51569 418563  33.03  51.25   7.84   8.49    86  32.46  31.14  17657
  0947  51555 418561  34.04   3.65   7.85   8.48    86  32.46  31.13  17652
  0947  51541 418551  35.11  51.25   7.84   8.47    86  32.46  31.14  17657
  0947  51545 418553  36.07  51.25   7.85   8.47    86  32.46  31.13  17652
  0947  51551 418555  37.02  51.25   7.84   8.47    86  32.47  31.15  17664
 -1000  52947 420287   1.01   9.75   8.45   9.98   101  30.68  28.75  16273
  1001  52946 420290   2.05   8.80   8.33  10.00   101  30.67  28.84  16324
  1001  52964 420277   2.99   7.85   8.33   9.90   100  30.66  28.83  16318
  1002  52980 420282   3.99   6.90   8.23   9.89   100  30.61  28.86  16335
  1002  52965 420276   5.02   5.90   8.29   9.60    97  30.81  29.02  16427
  1003  52949 420294   5.99   4.95   8.25   9.58    97  30.78  29.02  16428
  1003  52982 420287   7.03   3.95   8.34   9.53    96  31.15  29.33  16608
  1004  52978 420305   8.05   3.00   8.36   9.42    96  31.29  29.46  16682
  1005  52948 420298   8.99   2.05   8.42   9.26    94  31.55  29.68  16810
  1005  52950 420303  10.03   1.10   8.43   9.24    94  31.72  29.85  16907
 -1012  53723 421058   1.04  15.75   8.35   9.86   100  30.69  28.85  16326
  1012  53734 421078   2.01  14.95   8.34   9.86   100  30.70  28.86  16337
  1013  53742 421104   3.02  14.10   8.30   9.86   100  30.67  28.87  16338
  1013  53773 421095   4.04  13.10   8.29   9.85    99  30.66  28.86  16337
  1014  53772 421086   5.01  12.20   8.25   9.86    99  30.63  28.87  16338
  1014  53768 421082   5.99  11.20   8.20   9.86    99  30.60  28.88  16343
  1015  53761 421079   7.00  10.10   8.18   9.75    98  30.63  28.92  16371
  1015  53741 421096   7.98   9.15   8.31   9.66    98  31.02  29.22  16544
  1016  53726 421088   9.00   8.25   8.42   9.56    97  31.49  29.62  16774
  1017  53728 421076  10.04   7.20   8.33   9.18    94  31.91  30.13  17072
  1017  53731 421075  11.02   6.25   8.25   9.16    93  31.94  30.23  17130
  1018  53732 421074  12.04   5.25   8.20   9.04    92  31.96  30.30  17167
  1018  53733 421075  12.98   4.30   8.03   9.06    92  32.05  30.54  17308
  1019  53735 421075  14.03   3.30   7.91   8.80    89  32.17  30.77  17443
  1019  53759 421046  14.99   2.35   7.91   8.75    89  32.19  30.79  17455
  1021  53777 421066  15.98   1.30   7.80   8.51    86  32.17  30.87  17499
  1021  53777 421065  17.00   0.40   7.82   8.48    86  32.19  30.87  17501
 -1030  55217 421382   1.04  19.75   8.32   9.81    99  30.63  28.81  16304
  1030  55259 421373   1.98  18.65   8.34   9.83    99  30.67  28.83  16319
  1030  55255 421367   2.97  17.65   8.34   9.86   100  30.66  28.82  16313
  1031  55244 421368   4.01  16.65   8.15   9.91   100  30.53  28.84  16325
  1031  55236 421371   4.99  15.60   8.12   9.85    99  30.51  28.85  16327
  1032  55227 421374   6.05  14.50   8.16   9.76    98  30.56  28.87  16338
  1032  55223 421375   7.01  13.50   8.15   9.73    98  30.59  28.91  16361
  1032  55217 421372   8.06  12.45   8.16   9.70    98  30.71  29.02  16429
  1033  55204 421375   9.05  11.30   8.26   9.54    96  31.12  29.37  16628
  1034  55183 421378  10.02  10.55   8.34   9.45    96  31.72  29.93  16952
  1035  55190 421417  11.01  10.05   7.99   8.95    91  31.93  30.45  17255
  1035  55192 421418  12.02   9.10   7.98   8.92    90  31.98  30.51  17291
  1036  55212 421425  13.02   8.15   7.94   8.90    90  32.05  30.62  17354
  1036  55221 421421  14.04   6.95   7.80   8.85    90  32.19  30.89  17512
  1037  55223 421417  14.96   6.05   7.76   8.76    88  32.16  30.89  17514
  1037  55223 421411  16.16   4.85   7.75   8.70    88  32.15  30.89  17513
  1037  55224 421407  16.97   3.90   7.73   8.64    87  32.15  30.91  17523
  1039  55227 421407  18.01   3.00   7.73   8.19    83  32.18  30.94  17542
  1039  55228 421408  19.00   2.10   7.74   8.15    82  32.19  30.94  17543
  1040  55228 421407  19.97   1.15   7.74   8.10    82  32.20  30.95  17549
  1040  55228 421408  20.99   0.40   7.75   8.06    81  32.21  30.96  17550
 -1047  56252 420541   1.07  11.40   8.46  10.03   102  30.73  28.80  16298
  1047  56275 420507   2.05  10.55   8.42  10.09   102  30.69  28.79  16293
  1048  56267 420490   2.99   9.70   8.36  10.10   102  30.69  28.84  16321
  1048  56274 420483   4.05   8.70   8.30  10.08   102  30.64  28.84  16320
  1048  56277 420488   4.98   7.75   8.29   9.99   101  30.64  28.84  16325
  1049  56278 420490   5.99   6.80   8.29   9.94   100  30.65  28.85  16331
  1049  56285 420483   6.99   5.80   8.23   9.92   100  30.65  28.90  16359
  1049  56292 420485   7.99   4.85   8.20   9.85    99  30.65  28.93  16374
  1051  56287 420499   9.01   4.00   8.15   9.25    93  30.93  29.26  16567
  1052  56287 420501  10.01   3.05   8.20   9.25    94  31.20  29.50  16706
  1053  56294 420529  11.01   1.95   8.00   8.93    90  31.52  30.01  16999
  1053  56301 420530  12.02   1.00   8.00   8.91    90  31.60  30.09  17048
 -1105  57598 418952   1.05  15.85   8.52  10.01   102  30.79  28.81  16305
  1105  57599 418944   1.98  14.65   8.45  10.04   102  30.74  28.82  16309
  1105  57593 418945   3.02  13.65   8.36  10.06   102  30.66  28.81  16303
  1106  57578 418936   3.98  12.75   8.29  10.07   102  30.62  28.82  16313
  1106  57577 418929   4.95  11.70   8.18  10.08   101  30.56  28.85  16329
  1107  57583 418927   5.99  10.70   8.11   9.83    99  30.53  28.88  16344
  1107  57586 418930   7.03   9.50   8.08   9.80    98  30.52  28.89  16352
  1107  57593 418937   7.96   8.45   8.07   9.74    98  30.53  28.91  16363
  1108  57594 418931   9.01   7.35   8.00   9.64    97  30.61  29.05  16445
  1109  57601 418926  10.02   6.55   7.94   9.52    96  30.77  29.27  16572
  1110  57606 418917  11.01   5.95   7.96   8.99    91  31.34  29.85  16909
  1110  57606 418913  12.01   4.85   7.94   8.94    90  31.47  30.01  16999
  1111  57619 418924  13.05   3.90   7.76   8.65    87  31.82  30.53  17304
  1112  57618 418926  14.03   2.95   7.76   8.59    87  31.84  30.55  17317
  1112  57617 418927  15.00   1.85   7.75   8.56    86  31.92  30.65  17371
  1112  57617 418927  16.04   0.85   7.73   8.55    86  32.05  30.80  17461
 -1123  57961 417214   1.00  19.15   8.47  10.21   103  30.64  28.70  16239
  1123  57958 417202   2.03  18.15   8.49  10.21   103  30.74  28.78  16290
  1124  57957 417191   3.04  17.00   8.23   9.95   100  30.58  28.83  16317
  1124  57958 417191   4.09  15.90   8.38   9.87   100  30.67  28.80  16300
  1125  57959 417192   4.98  15.10   8.37   9.88   100  30.68  28.82  16311
  1125  57961 417193   6.03  14.00   8.40   9.93   100  30.67  28.78  16290
  1126  57962 417195   7.01  13.10   8.35   9.93   100  30.65  28.80  16302
  1126  57961 417195   7.97  12.25   8.30   9.94   100  30.65  28.85  16326
  1128  57958 417200   8.99  11.35   7.98   9.25    93  31.04  29.52  16717
  1128  57959 417198  10.03  10.25   7.96   9.08    92  31.35  29.86  16915
  1129  57960 417197  11.02   9.30   7.96   9.01    91  31.42  29.94  16958
  1130  57961 417196  11.92   8.45   7.91   8.95    90  31.58  30.15  17081
  1131  57960 417198  13.07   7.35   7.80   8.88    89  31.58  30.24  17136
  1132  57959 417203  14.04   6.45   7.75   8.55    86  31.74  30.46  17260
  1133  57959 417205  15.06   5.55   7.75   8.51    86  31.78  30.50  17285
  1133  57959 417206  16.00   4.60   7.75   8.44    85  31.91  30.64  17365
  1133  57960 417207  16.99   3.65   7.74   8.39    85  31.93  30.67  17382
  1134  57961 417208  18.02   2.60   7.74   8.31    84  31.97  30.71  17407
  1134  57962 417208  19.04   1.70   7.74   8.29    84  32.00  30.74  17425
  1135  57971 417174  20.02   0.70   7.74   8.25    83  32.01  30.75  17432
 -1151  59255 414160   1.04  22.65   8.74   9.84   100  30.94  28.79  16291
  1151  59267 414159   2.00  21.85   8.69   9.86   100  30.89  28.78  16285
  1152  59275 414162   3.02  21.05   8.63   9.88   100  30.85  28.78  16289
  1152  59287 414163   3.98  20.10   8.59   9.91   101  30.82  28.79  16290
  1153  59302 414167   5.03  19.05   8.57   9.91   100  30.80  28.78  16288
  1153  59314 414170   6.01  18.20   8.53   9.89   100  30.77  28.78  16289
  1153  59321 414170   7.01  17.15   8.48   9.90   100  30.74  28.79  16294
  1154  59325 414172   7.95  16.25   8.27   9.92   100  30.64  28.86  16334
  1155  59334 414173   9.01  15.05   7.89   9.08    91  30.67  29.21  16535
  1156  59337 414170  10.04  14.05   7.82   9.04    90  30.77  29.37  16630
  1156  59337 414170  11.04  13.15   7.66   8.90    89  31.28  30.05  17022
  1157  59355 414160  12.04  11.85   7.60   8.42    84  31.64  30.48  17275
  1158  59357 414156  13.00  10.90   7.59   8.37    84  31.65  30.50  17286
  1158  59362 414152  14.04   9.85   7.59   8.36    84  31.67  30.52  17298
  1158  59363 414149  15.03   8.80   7.62   8.34    84  31.73  30.56  17320
  1158  59363 414147  15.99   7.95   7.64   8.34    84  31.78  30.60  17341
  1159  59364 414142  16.98   7.00   7.65   8.34    84  31.83  30.64  17367
  1159  59363 414140  18.06   5.85   7.67   8.33    84  31.87  30.67  17381
  1159  59362 414140  18.99   5.00   7.67   8.31    84  31.89  30.69  17393
  1159  59361 414140  20.06   3.90   7.67   8.31    84  31.90  30.70  17400
  1200  59360 414140  20.97   2.90   7.68   8.29    84  31.91  30.70  17401
  1200  59358 414141  22.01   1.95   7.70   8.27    83  31.94  30.71  17409
  1201  59357 414142  23.03   0.90   7.70   8.26    83  31.96  30.73  17421
 -1211  61217 413056   1.06   8.90   8.76  10.35   105  30.85  28.68  16228
  1211  61229 413055   2.01   8.05   8.74  10.34   105  30.84  28.68  16231
  1212  61241 413040   3.03   7.05   8.68  10.37   105  30.81  28.70  16242
  1213  61258 413016   4.05   6.10   8.49  10.34   105  30.71  28.75  16272
  1213  61275 413037   4.99   5.10   8.51   9.99   101  30.69  28.72  16250
  1214  61269 413036   6.01   4.10   8.46  10.08   102  30.71  28.78  16286
  1214  61267 413035   7.01   3.10   8.42  10.02   101  30.70  28.80  16299
  1215  61252 413042   7.98   2.10   8.16   9.65    97  30.56  28.87  16338
  1215  61234 413059   9.02   1.15   8.11   9.65    97  30.53  28.88  16344
  1216  61226 413055   9.92   0.40   8.02   9.66    97  30.50  28.92  16369
 -1223  62278 412254   0.96  51.25   8.90  10.13   103  30.89  28.61  16186
  1223  62289 412246   2.06  15.50   8.86  10.15   104  30.86  28.61  16187
  1224  62295 412242   2.99  14.40   8.88  10.13   103  30.87  28.60  16183
  1224  62299 412238   4.03  13.40   8.91  10.13   103  30.89  28.60  16181
  1224  62302 412234   5.00  12.45   8.63  10.19   103  30.70  28.63  16200
  1225  62306 412231   6.00  11.50   8.52  10.15   103  30.63  28.65  16210
  1225  62300 412221   7.02  10.50   8.49  10.07   102  30.67  28.71  16248
  1227  62321 412207   7.99   9.75   8.18   9.36    94  30.57  28.86  16335
  1228  62322 412209   9.01   8.75   8.11   9.35    94  30.53  28.88  16344
  1228  62324 412211  10.02   7.75   8.00   9.35    94  30.55  28.99  16409
  1230  62312 412225  11.00   6.70   7.70   8.55    86  30.92  29.63  16781
  1230  62313 412227  12.02   5.75   7.68   8.52    85  31.12  29.86  16914
  1231  62312 412227  13.07   4.65   7.65   8.51    85  31.21  29.98  16984
  1231  62310 412227  14.04   3.75   7.63   8.43    84  31.23  30.02  17007
  1231  62309 412226  15.08   2.70   7.63   8.38    84  31.23  30.02  17007
  1232  62309 412226  15.99   1.80   7.63   8.34    84  31.25  30.04  17019
  1232  62310 412225  17.01   0.80   7.64   8.30    83  31.28  30.06  17032
 -1249  65270 412084   1.03  12.50   9.23  10.64   109  31.12  28.58  16168
  1249  65275 412107   1.99  11.35   8.94  10.55   108  30.92  28.60  16185
  1251  65301 412073   3.00  10.60   8.82  10.05   102  30.81  28.59  16176
  1251  65289 412077   4.00   9.70   8.80  10.07   103  30.79  28.58  16173
  1252  65263 412080   4.98   8.90   8.71   9.89   100  30.74  28.61  16186
  1252  65229 412084   6.07   7.90   8.71   9.85   100  30.76  28.63  16198
  1253  65227 412091   6.98   6.95   8.64   9.86   100  30.73  28.65  16213
  1253  65227 412092   8.01   5.95   8.43   9.84   100  30.63  28.72  16252
  1254  65225 412092   9.02   4.90   8.36   9.68    98  30.62  28.77  16279
  1254  65226 412092  10.04   3.90   8.28   9.65    97  30.57  28.78  16287
  1256  65265 412088  11.00   3.25   7.98   9.05    91  30.55  29.01  16419
  1256  65262 412119  11.99   2.40   7.93   9.02    90  30.58  29.08  16461
  1258  65249 412124  13.03   1.45   7.78   8.49    85  30.85  29.49  16699
  1258  65250 412124  14.01   0.45   7.76   8.44    84  30.87  29.53  16721
 -1306  66307 411640   1.02   6.80   9.07  10.83   111  30.85  28.43  16083
  1307  66319 411579   1.98   6.20   8.90  10.84   111  30.79  28.50  16127
  1308  66324 411629   3.04   5.25   8.82  10.20   104  30.74  28.52  16134
  1308  66330 411626   4.01   4.40   8.80  10.18   104  30.74  28.53  16144
  1309  66333 411621   5.03   3.40   8.80  10.15   103  30.77  28.56  16162
  1309  66329 411582   6.01   2.40   8.69   9.94   101  30.70  28.58  16172
  1310  66340 411582   7.03   1.35   8.68   9.87   100  30.70  28.59  16176
  1310  66341 411584   7.99   0.40   8.69   9.82   100  30.72  28.60  16183
 -1318  67336 411362   1.03  11.25   9.50  10.19   105  31.13  28.37  16049
  1318  67341 411357   2.00  10.30   9.43  10.21   105  31.08  28.38  16052
  1319  67353 411324   2.99   9.35   9.17  10.23   105  30.92  28.42  16078
  1319  67346 411340   4.01   8.35   8.95  10.23   104  30.82  28.49  16121
  1321  67385 411354   5.00   7.40   8.94   9.23    94  30.80  28.48  16114
  1321  67358 411372   6.00   6.35   8.90   9.34    95  30.80  28.51  16133
  1322  67349 411363   7.01   5.45   8.91   9.34    95  30.80  28.51  16128
  1322  67348 411362   8.04   4.40   8.35   9.52    96  30.59  28.74  16266
  1323  67346 411363   8.99   3.50   8.18   9.47    95  30.53  28.82  16311
  1324  67378 411330  10.02   2.50   7.99   8.82    88  30.51  28.95  16390
  1325  67376 411330  11.01   1.55   7.95   8.79    88  30.52  29.00  16415
  1325  67374 411330  11.97   0.60   7.95   8.72    87  30.52  29.00  16415
 -1334  68827 411251   1.04  10.50   9.42  10.71   110  30.79  28.09  15887
  1334  68836 411244   1.98   9.45   9.09  10.84   111  30.64  28.20  15950
  1335  68849 411244   3.02   8.95   9.34  10.61   109  30.81  28.17  15935
  1336  68856 411238   4.01   7.45   9.11  10.41   106  30.65  28.19  15947
  1336  68856 411236   5.03   6.35   8.98  10.48   107  30.65  28.30  16007
  1338  68890 411233   6.00   6.20   8.69   9.27    94  30.65  28.53  16142
  1340  68855 411254   7.03   5.20   8.22   9.14    92  30.48  28.73  16262
  1340  68856 411246   8.01   4.05   8.20   9.12    92  30.49  28.76  16277
  1340  68857 411241   9.01   2.20   8.14   9.08    91  30.48  28.80  16300
  1342  68891 411216  10.03   1.20   8.03   8.64    87  30.48  28.89  16352
  1342  68890 411221  11.03   0.40   8.01   8.64    87  30.49  28.92  16368
 -1347  69267 410958   1.01   5.20   9.98  10.88   113  31.15  28.02  15842
  1347  69272 410950   2.04   4.15   9.45  10.99   113  30.86  28.14  15914
  1349  69288 410913   2.99   3.15   9.15  10.16   104  30.80  28.31  16017
  1349  69298 410913   4.02   2.15   9.07  10.14   104  30.80  28.38  16054
  1351  69299 410917   5.00   1.20   8.81   8.99    92  30.76  28.55  16151
  1352  69278 410928   5.99   0.40   8.66   9.11    92  30.69  28.59  16180
