# MEETVAARTUIG :
# MEETDATUM    : 2023-02-24 00:00:00
# MEETGEBIED   : GREVELINGEN
# STARTPUNT    : bruinisse
# EINDPUNT     : wemeldinge
# PROJECTCODE  : Grev water
# OPDRACHTGEVER: RIKZMON_CHEMIE
# BEHEERDER    : RIKZITSMDBG
# BEMONST. INST:
# WAARNEMER(S) : lamper`
#
* 20230224
$ 9999 [000000000000000]
>TIJD      uumm                    
>X         coordinaat              
>Y         coordinaat              
>SENSHTE   Diepte set        m     
>Echms     Echoset           mtrs  
>Temp      Temperatuur       oC    
>pH        Zuurgraad         dimsls
>O2        Zuurstof          mg/l  
>%O2       Zuurstof%         %     
>GELBH     Geleidendheid     mS/cm 
>GEL20     Gel20             ???   
>SALNTT    Saliniteit        dimsl 
>CL-       Chloride          mg/l  
>CHFLYSI   Chlorofyl         ugr/l 
>TURBID    Troebelheid       NTU   
 -2359  47466 418850   1.00   9999   9999   9999   9999  9999   9999  9999   9999   9999   9999   9999
  2359  47466 418850  15.96   9999   9999   9999   9999  9999   9999  9999   9999   9999   9999   9999
 -2359  47960 418357   1.00   9999   9999   9999   9999  9999   9999  9999   9999   9999   9999   9999
  2359  47960 418357  16.06   9999   9999   9999   9999  9999   9999  9999   9999   9999   9999   9999
 -0933  48789 418347   0.98  27.54   7.02   8.24  10.30   102  29.20  3964  28.37  16054   2.43   0.67
  0933  48797 418346   1.94  27.89   7.02   8.24  10.30   102  29.21  3965  28.38  16060   2.64   0.76
  0934  48800 418345   2.95  27.14   7.01   8.24  10.30   102  29.22  3966  28.39  16065   2.85   0.72
  0934  48804 418342   4.04  12.31   7.02   8.24  10.30   102  29.22  3966  28.39  16063   2.86   0.73
  0934  48806 418340   5.03   0.00   7.02   8.24  10.30   102  29.25  3970  28.42  16082   2.69   0.81
  0935  48808 418340   6.04  24.63   7.03   8.24  10.30   102  29.28  3974  28.45  16100   4.87   0.86
  0935  48811 418342   7.06  22.97   7.05   8.24  10.40   104  29.43  3992  28.59  16182   2.53   0.76
  0936  48813 418342   8.05  22.12   7.06   8.24  10.50   105  29.52  4002  28.67  16228   3.95   0.93
  0936  48814 418345   9.05  20.69   7.10   8.24  10.40   104  29.68  4020  28.81  16311   3.35   0.98
  0937  48804 418345  10.01  20.05   7.22   8.23  10.20   102  30.35  4098  29.43  16669   2.93   2.48
  0938  48804 418344  11.03  18.85   7.23   8.22  10.10   102  30.43  4107  29.50  16710   2.61   3.02
  0938  48806 418342  12.01  14.34   7.23   8.21  10.10   101  30.47  4112  29.55  16734   2.29   2.67
  0939  48805 418345  13.00  16.75   7.22   8.19   9.94    99  30.62  4134  29.72  16836   2.24   2.37
  0940  48806 418346  14.00  15.88   7.21   8.17   9.78    98  30.73  4149  29.84  16904   1.76   2.04
  0941  48800 418344  14.95  14.94   7.19   8.15   9.48    95  30.79  4161  29.93  16957   1.63   1.99
  0941  48802 418341  15.99  14.19   7.20   8.14   9.48    95  30.93  4178  30.07  17038   1.31   1.74
  0943  48798 418338  16.96  13.18   7.32   8.13   8.91    90  31.39  4227  30.46  17264   1.83   2.47
  0943  48795 418340  17.93  11.83   7.33   8.12   8.75    88  31.48  4238  30.55  17314   1.30   1.98
  0945  48800 418341  18.92  10.95   7.31   8.08   7.97    80  31.62  4259  30.71  17408   1.43   1.62
  0947  48801 418333  19.97  10.39   7.28   7.99   6.29    63  31.87  4296  31.01  17584   0.65   3.05
  0948  48805 418330  21.00   9.21   7.28   7.96   5.74    58  31.96  4309  31.11  17640   0.68   1.79
  0948  48808 418330  22.02   8.03   7.28   7.96   5.65    57  31.97  4310  31.12  17646   0.48   1.24
  0949  48809 418330  23.03   7.04   7.29   7.95   5.52    56  31.99  4311  31.13  17652   0.57   1.08
  0950  48809 418329  24.03   6.26   7.29   7.95   5.47    55  32.01  4314  31.15  17666   0.34   1.41
  0950  48809 418323  25.02   5.23   7.29   7.94   5.42    55  32.02  4316  31.17  17674   2.14   1.29
  0950  48810 418320  26.04   4.55   7.29   7.95   5.39    55  32.02  4316  31.17  17675   0.32   1.19
  0951  48812 418317  27.04   3.85   7.29   7.94   5.37    54  32.03  4317  31.18  17679   0.41   1.04
  0951  48813 418318  28.04   2.69   7.29   7.94   5.34    54  32.05  4319  31.20  17691   0.48   1.01
  0951  48814 418318  29.00   1.36   7.29   7.94   5.32    54  32.07  4321  31.21  17698   0.19   0.81
 -2359  49730 418270   1.00   9999   9999   9999   9999  9999   9999  9999   9999   9999   9999   9999
  2359  49730 418270  17.00   9999   9999   9999   9999  9999   9999  9999   9999   9999   9999   9999
 -2359  50728 418380   1.00   9999   9999   9999   9999  9999   9999  9999   9999   9999   9999   9999
  2359  50728 418380  27.01   9999   9999   9999   9999  9999   9999  9999   9999   9999   9999   9999
 -2359  51572 418570   1.00   9999   9999   9999   9999  9999   9999  9999   9999   9999   9999   9999
  2359  51572 418570  37.00   9999   9999   9999   9999  9999   9999  9999   9999   9999   9999   9999
 -2359  52940 420290   1.00   9999   9999   9999   9999  9999   9999  9999   9999   9999   9999   9999
  2359  52940 420290  10.00   9999   9999   9999   9999  9999   9999  9999   9999   9999   9999   9999
 -2359  53710 421060   1.00   9999   9999   9999   9999  9999   9999  9999   9999   9999   9999   9999
  2359  53710 421060  16.03   9999   9999   9999   9999  9999   9999  9999   9999   9999   9999   9999
 -2359  55190 421380   1.00   9999   9999   9999   9999  9999   9999  9999   9999   9999   9999   9999
  2359  55190 421380  20.00   9999   9999   9999   9999  9999   9999  9999   9999   9999   9999   9999
 -2359  56280 420520   1.00   9999   9999   9999   9999  9999   9999  9999   9999   9999   9999   9999
  2359  56280 420520  12.02   9999   9999   9999   9999  9999   9999  9999   9999   9999   9999   9999
 -2359  57620 418940   1.00   9999   9999   9999   9999  9999   9999  9999   9999   9999   9999   9999
  2359  57620 418940  16.05   9999   9999   9999   9999  9999   9999  9999   9999   9999   9999   9999
 -2359  57960 417200   1.00   9999   9999   9999   9999  9999   9999  9999   9999   9999   9999   9999
  2359  57960 417200  19.92   9999   9999   9999   9999  9999   9999  9999   9999   9999   9999   9999
 -1058  59092 414899   0.91  19.78   7.24   8.21   9.99   100  29.12  3931  28.11  15902   1.10   0.63
  1059  59088 414901   1.94  18.11   7.22   8.21  10.00   100  29.12  3932  28.12  15909   1.73   0.59
  1059  59088 414902   2.97  17.01   7.21   8.21  10.00   100  29.12  3934  28.13  15915   1.22   0.60
  1059  59090 414902   3.95  15.74   7.19   8.21  10.00   100  29.12  3935  28.14  15923   1.47   0.61
  1100  59091 414903   4.95  14.70   7.20   8.21  10.00   100  29.13  3935  28.14  15922   1.32   0.59
  1100  59091 414903   5.96  13.41   7.18   8.21  10.00   100  29.13  3937  28.16  15930   1.33   0.58
  1100  59090 414903   6.95  12.31   7.12   8.22  10.00   100  29.11  3941  28.19  15949   1.39   0.57
  1101  59088 414900   7.93  11.55   7.11   8.22  10.00   100  29.12  3942  28.20  15956   1.43   0.56
  1101  59085 414898   8.90  10.48   7.11   8.22  10.00   100  29.12  3943  28.20  15957   1.51   0.52
  1102  59082 414900  10.09   9.43   7.11   8.22  10.00   100  29.12  3943  28.21  15961   1.63   0.61
  1103  59086 414905  11.02   8.04   7.11   8.22  10.00   100  29.13  3944  28.21  15962   1.53   0.58
  1103  59088 414908  11.91   6.91   7.12   8.22  10.00   100  29.13  3944  28.21  15962   1.36   0.55
  1103  59089 414909  11.94   6.90   7.11   8.22  10.00   100  29.13  3944  28.22  15965   1.40   0.48
  1104  59091 414906  14.04   4.94   6.91   8.20  10.00    99  29.11  3962  28.36  16047   1.11   0.69
  1105  59088 414900  15.01   4.26   6.73   8.17   9.97    99  29.01  3967  28.40  16070   0.75   0.55
  1105  59087 414889  16.05   3.46   6.42   8.13   9.80    96  28.87  3981  28.51  16135   0.60   0.57
  1106  59086 414880  17.01   2.78   6.33   8.08   9.42    93  29.04  4014  28.77  16286   0.33   0.85
  1106  59082 414885  17.97   1.76   6.35   8.07   9.25    91  29.10  4020  28.82  16316   0.19   0.73
  1107  59078 414892  18.97   0.75   6.38   8.06   9.07    89  29.16  4025  28.86  16337   0.34   0.87
 -2359  61220 413050   1.00   9999   9999   9999   9999  9999   9999  9999   9999   9999   9999   9999
  2359  61220 413050   8.95   9999   9999   9999   9999  9999   9999  9999   9999   9999   9999   9999
 -2359  62300 412250   1.00   9999   9999   9999   9999  9999   9999  9999   9999   9999   9999   9999
  2359  62300 412250  17.00   9999   9999   9999   9999  9999   9999  9999   9999   9999   9999   9999
 -1205  65252 412103   1.02  15.28   7.46   7.90   9.73    98  29.74  3990  28.58  16172   0.49   0.30
  1205  65256 412105   2.02  14.25   7.46   7.92   9.76    98  29.74  3991  28.58  16175   0.44   0.31
  1206  65258 412107   3.02  13.63   7.45   7.96   9.76    98  29.74  3991  28.59  16179   0.51   0.32
  1206  65261 412110   4.05  12.63   7.44   8.01   9.77    98  29.73  3991  28.59  16178   0.56   0.31
  1206  65259 412111   5.03  11.68   7.44   8.03   9.78    98  29.73  3991  28.59  16178   0.49   0.31
  1207  65255 412110   6.05  10.59   7.42   8.04   9.79    98  29.72  3992  28.59  16180   0.51   0.26
  1207  65254 412108   7.06   9.23   7.41   8.05   9.80    99  29.72  3993  28.60  16184   0.40   0.25
  1207  65256 412106   8.06   8.01   7.41   8.05   9.80    99  29.72  3993  28.60  16185   0.46   0.28
  1208  65257 412106   9.08   6.90   7.40   8.06   9.80    99  29.72  3993  28.60  16187   0.38   0.29
  1208  65260 412104  10.08   5.59   7.41   8.06   9.80    99  29.73  3994  28.61  16191   0.44   0.25
  1208  65261 412102  11.09   4.33   7.42   8.06   9.79    99  29.74  3994  28.61  16190   0.39   0.31
  1209  65262 412102  12.08   3.25   7.42   8.06   9.80    99  29.74  3994  28.61  16191   0.49   0.23
  1209  65263 412102  13.06   2.24   7.42   8.06   9.80    99  29.74  3995  28.62  16195   0.47   0.26
  1210  65262 412102  14.04   1.29   7.43   8.06   9.79    99  29.75  3996  28.62  16198   0.39   0.25
 -2359  66330 411630   1.00   9999   9999   9999   9999  9999   9999  9999   9999   9999   9999   9999
  2359  66330 411630   7.00   9999   9999   9999   9999  9999   9999  9999   9999   9999   9999   9999
 -2359  67340 411360   1.00   9999   9999   9999   9999  9999   9999  9999   9999   9999   9999   9999
  2359  67340 411360  11.97   9999   9999   9999   9999  9999   9999  9999   9999   9999   9999   9999
 -2359  68840 411250   1.00   9999   9999   9999   9999  9999   9999  9999   9999   9999   9999   9999
  2359  68840 411250  10.94   9999   9999   9999   9999  9999   9999  9999   9999   9999   9999   9999
 -2359  69280 410950   1.00   9999   9999   9999   9999  9999   9999  9999   9999   9999   9999   9999
  2359  69280 410950   4.79   9999   9999   9999   9999  9999   9999  9999   9999   9999   9999   9999
