# M.S. ARGUS
# MEETPUNT: ZTS-13
# PROJECTCODE: E7608X
# MEETGEBIED: VOLKERAK/ZOOMMEER
# STARTPUNT: KRAMMERSLUIS
# EINDPUNT: KREEKRAKSLUIZEN
# #TLU        oC        <   7.4>
# #LUCHTDK    hPa       <  1015>
# #WINDSHD    m/s       <   7.2>
# #WINDRTG    graad     <    22>
* 19980504
$-9999 [00022222220220]
> TIJD
> X-COORD
> Y-COORD
>SENSHTE Diepte set      m
>ECHOS   Echo set        mtrs
>Echo    Echo schip      mtrs
>Temp    Temperatuur     oC
>pH      Zuurgraad       DIMSLS
>GELBH   Geleidendheid   ms/cm
>SALNTT  Saliniteit      DIMSLS
>CL-     Chloride        mg/l
>DICHT   Dichtheid
>Flme    Flur ME          gr
>MexB    Mex 3001B       %
 -959  72895 400029   1.07   8.46   8.74  11.58   8.16   0.99   0.63    274   0.23   0.78      3
  959  72895 400029   2.19   7.71   8.80  11.58   8.16   0.99   0.63    273   0.23   0.85      3
  959  72896 400027   2.98   6.80   8.80  11.58   8.16   0.99   0.63    272   0.23   0.86      3
 1000  72896 400025   4.16   5.54   8.88  11.58   8.16   0.99   0.63    273   0.23   0.76      3
 1000  72894 400024   5.05   4.42   8.74  11.57   8.16   0.99   0.63    273   0.23   0.81      3
 1001  72893 400023   6.04   3.46   8.76  11.57   8.16   0.99   0.63    273   0.23   0.81      3
 1001  72890 400020   6.89   2.61   8.70  11.57   8.16   0.99   0.63    273   0.23   0.86      3
 1002  72887 400017   8.02   1.29   8.52  11.57   8.16   0.99   0.63    273   0.23   0.82      3
 1002  72884 400018   8.56   0.54   8.22  11.57   8.16   0.99   0.63    273   0.23   0.79      3
-1026  74946 395011   1.02   6.32   6.39  11.72   8.18   1.04   0.66    287   0.24   0.88      3
 1027  74946 395011   1.83   5.84   6.69  11.71   8.17   1.04   0.66    286   0.24   0.87      3
 1027  74944 395004   2.85   4.66   6.73  11.71   8.18   1.04   0.66    287   0.24   0.86      3
 1027  74943 395000   3.86   3.81   6.78  11.71   8.17   1.04   0.66    287   0.24   0.90      3
 1027  74942 394996   4.82   2.69   6.84  11.71   8.17   1.04   0.66    287   0.24   0.87      3
 1027  74941 394994   5.84   1.59   6.92  11.71   8.17   1.04   0.66    287   0.24   0.90      3
 1027  74940 394991   6.90   0.51   6.88  11.69   8.17   1.04   0.66    286   0.24   0.90      3
-1039  73980 392189   0.96   5.84   5.76  11.81   8.21   1.19   0.77    348   0.31   1.03      3
 1039  73980 392189   1.80   4.92   5.84  11.82   8.21   1.19   0.77    348   0.31   1.04      3
 1039  73977 392178   2.82   3.82   5.74  11.82   8.21   1.19   0.77    349   0.31   1.03      3
 1040  73975 392167   3.87   2.58   5.60  11.81   8.21   1.20   0.77    350   0.31   1.08      3
 1040  73973 392159   4.81   1.57   5.68  11.81   8.21   1.19   0.77    350   0.31   1.02      3
 1040  73971 392151   5.80   0.64   5.64  11.80   8.21   1.20   0.78    352   0.31   1.08      3
-1113  71480 392026   1.08  18.57  18.45  11.69   8.27   1.28   0.83    385   0.37   1.07      2
 1113  71480 392026   1.86  18.69  18.37  11.69   8.27   1.28   0.84    385   0.37   0.98      2
 1113  71477 392027   2.81  17.62  18.33  11.65   8.27   1.28   0.84    385   0.38   1.06      3
 1113  71469 392029   3.82  16.35  18.33  11.62   8.27   1.27   0.84    385   0.38   1.02      3
 1113  71466 392029   4.81  15.19  18.31  11.59   8.27   1.27   0.84    385   0.38   1.09      2
 1113  71463 392031   5.87  13.87  18.25  11.58   8.27   1.27   0.84    386   0.39   1.07      3
 1113  71461 392032   6.81  12.77  18.17  11.57   8.27   1.27   0.84    386   0.39   1.07      2
 1113  71460 392033   7.82  11.72  18.11  11.55   8.27   1.27   0.84    386   0.39   1.07      3
 1113  71459 392035   8.87  10.48  18.07  11.53   8.27   1.27   0.84    387   0.39   1.11      3
 1113  71458 392035   9.87   9.38  17.95  11.51   8.27   1.28   0.84    389   0.40   1.11      3
 1113  71457 392036  10.82   8.46  17.93  11.47   8.27   1.28   0.84    390   0.40   1.12      3
 1114  71455 392037  11.93   7.33  17.89  11.44   8.27   1.28   0.85    391   0.41   1.11      3
 1114  71454 392038  12.88   6.22  17.81  11.40   8.26   1.28   0.85    392   0.41   1.39      3
 1114  71454 392040  13.81   5.21  17.77  11.31   8.26   1.30   0.86    398   0.43   1.07      3
 1114  71453 392041  14.86   4.10  17.77  11.29   8.26   1.31   0.87    403   0.44   1.04      3
 1114  71452 392041  15.81   3.00  17.77  11.14   8.22   1.45   0.98    465   0.54   1.14      3
 1114  71451 392042  16.87   1.80  17.81  10.98   8.20   1.55   1.06    510   0.62   1.08      3
 1114  71450 392043  17.80   0.85  17.89  10.79   8.18   1.90   1.33    667   0.85   1.06      3
-1106  72167 391762   1.00  19.12  18.21  11.87   8.24   1.25   0.81    373   0.33   0.93      3
 1106  72167 391762   1.83  18.37  17.99  11.83   8.23   1.26   0.82    377   0.35   0.84      3
 1107  72165 391763   2.81  17.23  17.99  11.84   8.24   1.26   0.82    375   0.34   0.93      3
 1107  72163 391764   3.81  16.18  17.99  11.84   8.24   1.25   0.82    374   0.34   0.92      3
 1107  72162 391765   4.86  15.08  18.19  11.84   8.23   1.25   0.82    374   0.34   0.92      3
 1107  72161 391766   5.84  13.99  18.13  11.82   8.24   1.26   0.82    375   0.34   0.96      3
 1107  72159 391766   6.84  13.03  18.17  11.82   8.24   1.26   0.82    376   0.34   0.92      3
 1107  72159 391767   7.82  12.01  18.25  11.70   8.24   1.26   0.82    378   0.36   0.81      2
 1107  72157 391768   8.80  11.03  18.43  11.68   8.24   1.26   0.82    379   0.36   0.89      3
 1107  72156 391768   9.84   9.88  18.37  11.61   8.25   1.27   0.84    385   0.38   0.96      3
 1107  72155 391769  10.83   9.03  18.39  11.54   8.24   1.27   0.84    386   0.39   0.98      3
 1107  72154 391769  11.85   7.83  18.45  11.54   8.24   1.28   0.84    387   0.39   0.94      3
 1107  72152 391770  12.85   6.68  18.43  11.36   8.20   1.29   0.85    396   0.42   0.99      3
 1107  72151 391770  13.83   5.60  18.49  10.97   8.18   1.32   0.89    414   0.49   1.01      3
 1107  72151 391770  14.84   4.73  18.49  10.76   8.18   1.35   0.91    427   0.53   1.03      3
 1108  72150 391771  15.86   3.51  18.54  10.69   8.17   1.36   0.92    435   0.55   1.02      3
 1108  72149 391771  16.86   2.42  18.51  10.64   8.17   1.41   0.96    456   0.58   0.94      3
 1108  72149 391771  17.85   1.35  18.56  10.56   8.17   1.51   1.04    499   0.65   1.01      3
 1108  72148 391772  18.80   0.38  18.74  10.50   8.20   1.64   1.14    558   0.73   0.98      4
-1100  72710 391014   1.03   0.45  17.00  11.89   8.25   1.26   0.82    374   0.33   0.93      2
 1100  72710 391014   1.88  17.52  16.86  11.88   8.24   1.26   0.82    374   0.33   0.90      2
 1100  72708 391013   2.85  16.42  16.84  11.88   8.24   1.26   0.82    374   0.33   0.87      3
 1100  72706 391011   3.83  15.44  16.73  11.86   8.24   1.26   0.82    376   0.34   0.87      2
 1100  72703 391010   4.82  14.38  16.57  11.86   8.24   1.26   0.82    376   0.34   0.85      3
 1100  72701 391009   5.87  13.18  16.54  11.86   8.24   1.26   0.82    376   0.34   0.92      3
 1100  72700 391008   6.80  12.12  16.44  11.84   8.24   1.26   0.82    375   0.34   0.88      3
 1100  72699 391007   7.80  11.12  16.48  11.83   8.24   1.26   0.82    376   0.34   0.85      3
 1100  72698 391006   8.86  10.13  16.57  11.82   8.24   1.26   0.82    376   0.34   0.89      3
 1100  72697 391004   9.82   9.11  16.61  11.78   8.24   1.26   0.82    376   0.35   0.86      2
 1100  72696 391003  10.81   8.06  16.78  11.65   8.23   1.27   0.83    383   0.37   0.89      3
 1100  72696 391002  11.81   7.06  16.98  11.55   8.22   1.28   0.84    390   0.39   0.88      3
 1101  72695 391001  12.83   5.94  17.10  11.44   8.22   1.29   0.85    394   0.41   0.90      3
 1101  72694 391000  13.81   4.90  17.21  11.18   8.19   1.31   0.88    408   0.46   0.97      3
 1101  72693 390999  14.81   3.93  17.31  10.58   8.15   1.34   0.91    425   0.54   0.96      3
 1101  72692 390997  15.83   2.79  17.41  10.27   8.10   1.36   0.93    440   0.60   0.93      3
 1101  72691 390996  16.82   1.62  17.53  10.16   8.09   1.36   0.94    441   0.61   0.89      3
 1101  72689 390995  17.86   0.54  17.59  10.06   8.08   1.37   0.94    446   0.62   0.88      3
-1049  73990 390381   1.05   5.70   5.58  11.80   8.25   1.25   0.81    373   0.34   0.97      3
 1049  73990 390381   2.10   0.13   5.58  11.78   8.25   1.25   0.82    374   0.35   0.94      3
 1050  73990 390378   2.93   3.62   5.58  11.78   8.25   1.25   0.82    374   0.35   0.98      3
 1050  73989 390374   4.11   2.42   5.60  11.78   8.25   1.25   0.82    374   0.35   1.01      3
 1050  73988 390372   5.01   1.32   5.66  11.78   8.25   1.25   0.82    374   0.35   0.89      3
 1051  73986 390374   5.93   0.30   5.66  11.77   8.25   1.25   0.82    375   0.35   0.97      3
-1142  74447 387822   1.06  18.77  16.32  11.80   8.25   1.34   0.88    412   0.39   0.93      3
 1142  74447 387822   1.79  17.47  15.44  11.77   8.25   1.34   0.88    412   0.40   1.03      3
 1142  74448 387828   3.05  14.75  14.27  11.76   8.25   1.34   0.88    412   0.40   1.06      3
 1143  74452 387829   4.16  12.42  13.72  11.75   8.25   1.34   0.88    412   0.40   1.09      3
 1144  74452 387829   5.05  11.73  13.82  11.74   8.25   1.34   0.88    412   0.40   1.09      3
 1144  74451 387828   6.00  11.26  14.25  11.75   8.25   1.34   0.88    413   0.40   0.98      3
 1145  74440 387823   6.98  12.31  15.86  11.71   8.25   1.35   0.89    416   0.41   1.03      3
 1145  74436 387821   8.07  11.26  16.46  11.71   8.25   1.35   0.89    417   0.41   1.05      3
 1146  74431 387820   8.96  10.27  17.27  11.71   8.25   1.35   0.89    417   0.41   1.00      3
 1146  74427 387820  10.33   9.05  17.79  11.70   8.25   1.35   0.89    416   0.41   1.00      3
 1146  74424 387821  11.06   8.14  17.49  11.69   8.25   1.35   0.89    417   0.41   1.04      3
 1147  74422 387823  12.03   7.05  17.41  11.69   8.25   1.35   0.89    417   0.42   1.03      3
 1147  74424 387823  13.05   6.00  17.29  11.69   8.25   1.37   0.90    423   0.42   0.98      3
 1148  74428 387822  13.96   5.00  17.23  11.71   8.25   1.39   0.92    430   0.43   1.10      3
 1148  74444 387826  15.16   2.89  15.23  11.78   8.23   1.84   1.25    621   0.68   1.17      4
 1149  74431 387824  15.97   2.85  16.46  11.81   8.11   2.40   1.67    841   1.00   1.15      5
 1151  74429 387823  17.04   1.72  16.73  11.80   8.10   2.41   1.67    844   1.00   1.11      5
 1152  74432 387826  17.98   0.67  15.90  11.82   8.04   2.54   1.77    896   1.07   1.17      5
-1205  74548 385480   1.10   5.37   5.25  11.83   8.25   1.56   1.04    503   0.52   0.99      3
 1205  74548 385480   1.80   4.42   5.23  11.83   8.25   1.57   1.05    506   0.52   0.99      3
 1205  74550 385475   2.84   3.21   5.23  11.82   8.26   1.58   1.06    510   0.52   0.99      3
 1205  74551 385470   3.81   2.12   5.34  11.84   8.24   1.67   1.12    546   0.57   0.90      3
 1205  74551 385467   4.81   1.08   5.30  11.87   8.23   1.72   1.16    568   0.60   1.01      3
 1206  74554 385459   5.81   0.10   5.23  11.91   8.22   1.79   1.21    596   0.63   1.36      3
-1222  74116 384564   0.86   5.89   5.70  11.76   8.29   1.35   0.89    415   0.40   1.11      3
 1222  74116 384564   1.84   4.83   5.70  11.70   8.29   1.35   0.89    417   0.41   1.05      3
 1222  74120 384562   2.82   3.86   5.70  11.72   8.28   1.35   0.89    417   0.41   1.09      3
 1222  74124 384562   3.84   2.70   5.76  11.64   8.27   1.35   0.89    418   0.42   1.05      3
 1222  74127 384562   4.85   1.63   5.78  11.60   8.27   1.35   0.89    418   0.43   1.11      3
 1222  74129 384562   5.83   0.65   5.74  11.54   8.26   1.35   0.90    420   0.44   0.98      3
