# M.S. ARGUS
# MEETPUNT: ZTS-13
# PROJECTCODE<7>: E7608X
# MEETGEBIED: VOLKERAK/ZOOMMEER
# STARTPUNT: KRAMMERSLUIS
# EINDPUNT: KREEKRAKSLUIZEN
# #TLU        oC        <  12.8>
# #LUCHTDK    hPa       <  1030>
# #WINDSHD    m/s       <   5.1>
# #WINDRTG    graad     <   195>
* 19980921
$-9999 [00022222220220]
> TIJD
> X-COORD
> Y-COORD
>SENSHTE Diepte set      m
>ECHOS   Echo set        mtrs
>Echo    Echo schip      mtrs
>Temp    Temperatuur     oC
>pH      Zuurgraad       DIMSLS
>GELBH   Geleidendheid   ms/cm
>SALNTT  Saliniteit      DIMSLS
>CL-     Chloride        mg/l
>DICHT   Dichtheid
>Flme    Flur ME          gr/l
>MexB    Mex 3001B       %
-1019  74140 384546   0.95   5.53   6.98  14.98   8.05   1.05   0.61    264   0.00   2.54      5
 1019  74140 384546   1.83   0.19   7.02  14.99   8.06   1.06   0.61    265   0.00   2.41      5
 1019  74140 384544   2.84   0.12   7.00  14.97   8.02   1.05   0.61    264   0.00   2.38      5
 1019  74141 384543   3.80   2.53   7.00  14.97   8.04   1.05   0.61    264   0.00   2.38      5
 1019  74141 384543   4.84   0.34   7.00  14.97   8.03   1.06   0.61    265   0.00   2.35      5
 1020  74142 384548   5.85   0.25   7.00  14.97   8.04   1.06   0.61    265   0.00   2.35      6
-1036  74538 385485   0.91   0.13   6.50  15.07   8.08   1.06   0.61    264   0.00   2.39      0
 1036  74538 385485   1.85   0.06   6.60  15.08   8.07   1.05   0.61    263   0.00   2.39      2
 1036  74538 385482   2.88   3.06   6.58  15.07   8.07   1.06   0.61    264   0.00   2.36      3
 1036  74538 385479   3.86   2.05   6.50  15.07   8.07   1.06   0.61    264   0.00   2.53      3
 1036  74539 385475   4.88   1.00   6.54  15.03   8.07   1.05   0.61    264   0.00   2.51      4
-1050  74429 387829   1.07  18.20  19.52  14.95   8.09   1.07   0.62    271   0.00   2.53      4
 1050  74429 387829   2.02  17.65  18.07  14.92   8.08   1.08   0.63    275   0.00   2.51      4
 1051  74430 387821   2.92  16.57  18.23  14.91   8.09   1.08   0.63    275   0.00   2.47      4
 1053  74429 387824   4.04  15.37  18.07  14.90   8.08   1.08   0.63    276   0.00   2.40      4
 1053  74426 387826   5.15  14.25  17.45  14.91   8.08   1.08   0.63    275   0.00   2.55      4
 1055  74426 387827   5.94  13.43  17.65  14.92   8.08   1.08   0.63    275   0.00   2.51      4
 1055  74420 387828   7.08  12.15  18.70  14.87   8.07   1.08   0.63    275   0.00   2.56      4
 1057  74420 387832   7.94  11.28  18.74  14.88   8.07   1.07   0.63    272   0.00   2.50      4
 1057  74433 387835   9.26   9.10  18.91  14.88   8.08   1.11   0.65    285   0.00   2.60      4
 1058  74435 387832   9.98   8.65  19.44  14.87   8.07   1.10   0.65    285   0.00   2.63      5
 1059  74434 387826  11.00   7.74  19.07  14.87   8.07   1.10   0.65    284   0.00   2.63      5
 1059  74436 387819  12.00   6.73  18.56  14.87   8.07   1.11   0.65    287   0.00   2.56      4
 1101  74442 387824  13.08   5.17  16.57  14.88   8.07   1.12   0.66    285   0.00   2.51      4
 1102  74443 387825  14.02   4.13  16.96  14.89   8.07   1.12   0.66    286   0.00   2.52      4
 1102  74430 387819  14.99   3.39  18.97  14.88   8.07   1.13   0.67    290   0.00   2.48      5
 1104  74435 387822  16.17   2.28  18.81  14.88   8.08   1.14   0.67    294   0.00   2.52      5
 1105  74437 387823  17.06   1.08  17.87  14.88   8.07   1.14   0.67    295   0.00   2.52      5
 1105  74439 387826  17.85  -0.04  16.00  14.88   8.05   1.16   0.69    303   0.00   2.83     42
-1131  73945 390395   0.92   5.33   7.06  15.03   8.07   0.98   0.56    235   0.00   2.28      4
 1132  73945 390395   2.24   4.10   7.02  15.03   8.08   0.98   0.56    236   0.00   2.50      4
 1132  73956 390388   2.91   3.32   7.12  15.03   8.08   0.98   0.56    237   0.00   2.40      4
 1133  73967 390375   3.96   2.49   7.04  15.03   8.11   1.00   0.57    243   0.00   2.20      4
 1135  73968 390360   5.13   1.06   7.02  15.03   8.13   1.00   0.58    245   0.00   2.17      3
 1136  73969 390347   6.06   0.05   7.04  14.94   8.29   1.17   0.69    306   0.00   1.82      4
-1144  72727 390962   0.99  18.35  19.73  16.20   8.22   1.02   0.59    249   0.00   2.57      4
 1144  72727 390962   1.85  17.75  19.79  15.19   8.22   1.02   0.59    250   0.00   2.67      4
 1144  72723 390962   2.84  16.85  19.84  15.19   8.22   1.02   0.59    250   0.00   2.63      4
 1144  72720 390964   3.80  15.76  19.86  15.17   8.21   1.02   0.59    250   0.00   2.52      4
 1144  72717 390964   4.84  14.87  19.86  15.14   8.20   1.02   0.59    251   0.00   2.58      4
 1144  72715 390964   5.85  13.72  19.86  15.08   8.16   1.01   0.58    249   0.00   2.49      4
 1144  72712 390964   6.80  12.71  19.88  15.03   8.12   1.01   0.58    247   0.00   2.44      3
 1144  72709 390964   7.85  11.66  19.84  14.99   8.10   1.03   0.59    254   0.00   2.30      3
 1145  72707 390965   8.82  10.57  19.79  15.01   8.31   1.15   0.67    296   0.00   2.11      3
 1145  72704 390965   9.87   9.45  19.79  14.90   8.30   1.20   0.72    319   0.00   1.91      3
 1145  72702 390965  10.86   8.38  19.77  14.85   8.31   1.26   0.75    339   0.00   1.85      3
 1145  72699 390965  11.87   7.23  19.77  14.89   8.30   1.34   0.81    371   0.00   1.75      3
 1145  72698 390965  12.81   6.19  19.75  14.91   8.26   1.37   0.83    381   0.00   1.71      3
 1145  72695 390965  13.88   5.15  19.74  14.92   8.24   1.38   0.83    384   0.00   1.61      3
 1145  72693 390965  14.84   3.98  19.72  14.92   8.21   1.40   0.85    394   0.00   1.66      4
 1145  72692 390966  15.82   2.95  19.70  14.93   8.15   1.41   0.86    398   0.00   1.62      4
 1145  72689 390966  16.87   1.82  19.60  14.93   8.14   1.43   0.87    407   0.00   1.64      4
 1145  72688 390966  17.84   0.73  19.56  14.92   8.11   1.44   0.87    409   0.00   1.60      4
-1151  72182 391758   0.90  18.97  19.73  15.30   8.29   1.02   0.59    251   0.00   2.83      4
 1151  72182 391758   1.83  17.82  19.64  15.30   8.28   1.03   0.59    251   0.00   2.83      3
 1151  72181 391759   2.85  16.59  19.64  15.28   8.28   1.03   0.59    251   0.00   2.84      4
 1151  72179 391759   3.83  15.47  19.66  15.26   8.26   1.03   0.59    251   0.00   2.87      3
 1151  72178 391760   4.81  14.48  19.68  15.23   8.23   1.03   0.59    252   0.00   2.77      3
 1151  72177 391760   5.80  13.43  19.75  15.19   8.21   1.02   0.59    251   0.00   2.91      3
 1151  72176 391761   6.80  12.55  19.79  15.17   8.22   1.03   0.59    253   0.00   2.49      4
 1151  72175 391761   7.94  11.27  19.86  15.15   8.21   1.03   0.59    253   0.00   2.62      3
 1152  72174 391761   8.81  10.38  19.92  15.14   8.21   1.03   0.59    254   0.00   2.52      3
 1152  72174 391761   9.84   9.26  19.96  15.12   8.22   1.03   0.60    256   0.00   2.45      3
 1152  72173 391761  10.83   8.20  20.02  15.06   8.32   1.14   0.67    292   0.00   2.39      3
 1152  72172 391761  11.80   7.32  20.06  15.03   8.31   1.16   0.68    301   0.00   2.20      3
 1152  72172 391761  12.89   6.20  20.08  14.96   8.32   1.22   0.72    324   0.00   1.95      3
 1152  72172 391762  13.86   5.12  20.08  14.93   8.33   1.27   0.76    346   0.00   1.92      3
 1152  72171 391761  14.86   3.98  20.10  14.91   8.33   1.35   0.81    375   0.00   1.89      3
 1152  72171 391761  15.90   2.98  20.10  14.90   8.31   1.45   0.88    414   0.00   1.86      3
 1152  72171 391761  16.82   1.89  20.10  14.85   8.29   1.63   1.00    482   0.08   1.85      3
 1152  72171 391762  17.83   0.81  20.10  14.75   8.21   1.98   1.25    621   0.28   1.77      3
-1156  71534 392038   0.95  19.72  20.48  15.35   8.38   1.05   0.60    259   0.00   3.27      4
 1156  71534 392038   1.84  19.42  20.64  15.34   8.38   1.05   0.60    259   0.00   3.24      4
 1156  71530 392040   2.86  17.59  20.28  15.32   8.38   1.05   0.60    259   0.00   3.16      4
 1156  71526 392041   3.82  16.83  20.38  15.27   8.37   1.05   0.60    260   0.00   3.28      4
 1156  71524 392042   4.86  15.81  20.64  15.25   8.36   1.05   0.60    260   0.00   2.86      4
 1157  71520 392043   5.86  14.84  20.62  15.21   8.35   1.05   0.61    262   0.00   2.76      4
 1157  71518 392044   6.82   2.88  20.58  15.20   8.34   1.05   0.61    262   0.00   2.82      4
 1157  71515 392044   7.87  11.87  20.00  15.19   8.34   1.06   0.61    265   0.00   2.50      4
 1157  71512 392045   8.84  10.70  19.88  15.20   8.35   1.07   0.62    268   0.00   2.58      4
 1157  71509 392045   9.80   9.70  19.88  15.21   8.36   1.10   0.64    281   0.00   2.33      3
 1157  71508 392046  10.80   8.86  19.86  15.12   8.39   1.17   0.69    302   0.00   2.22      3
 1157  71505 392047  11.82   7.94  19.81  15.00   8.36   1.22   0.72    323   0.00   1.93      3
 1157  71502 392047  12.84   6.87  19.54  14.96   8.35   1.28   0.77    349   0.00   1.80      3
 1157  71500 392048  13.80   5.74  19.44  14.91   8.35   1.32   0.79    364   0.00   1.66      3
 1157  71498 392048  14.90   4.37  19.44  14.89   8.34   1.36   0.82    379   0.00   1.58      3
 1157  71496 392049  15.85   3.22  19.46  14.88   8.33   1.41   0.85    397   0.00   1.63      3
 1157  71496 392049  16.90   2.07  19.54  14.90   8.33   1.43   0.87    406   0.00   1.64      3
 1157  71495 392049  17.84   1.00  19.54  14.90   8.32   1.49   0.91    427   0.00   1.70      3
 1157  71495 392050  18.82   0.15  19.56  14.04   7.91   3.94   2.68   1405   1.47   1.77     11
-1216  73946 392114   0.81   5.64   7.12  15.01   7.92   0.86   0.48    196   0.00   2.50      4
 1216  73946 392114   1.86   4.66   7.10  14.99   7.92   0.86   0.48    196   0.00   2.52      4
 1216  73947 392119   2.82   3.55   7.06  14.98   7.91   0.87   0.49    197   0.00   2.44      5
 1216  73954 392133   3.80   2.63   7.00  14.98   7.92   0.86   0.48    194   0.00   2.48      5
 1216  73957 392137   4.80   1.35   7.12  14.97   7.92   0.86   0.48    195   0.00   2.44      5
 1216  73961 392145   5.83   0.26   7.10  14.97   7.91   0.86   0.48    195   0.00   2.45      5
-1249  74932 394941   1.13   7.64   9.29  15.04   7.96   0.83   0.46    183   0.00   2.49      4
 1249  74932 394941   1.85   6.88   9.11  15.04   7.96   0.83   0.46    183   0.00   2.47      4
 1249  74933 394947   2.81   5.85   8.98  15.03   7.95   0.82   0.46    182   0.00   2.56      4
 1250  74934 394957   3.81   4.56   8.80  15.03   7.95   0.82   0.46    182   0.00   2.38      4
 1250  74935 394963   4.84   2.93   8.67  15.01   7.96   0.82   0.46    182   0.00   2.58      4
 1250  74936 394968   5.80   1.84   8.54  14.99   7.95   0.82   0.46    183   0.00   2.45      5
 1250  74936 394972   6.84   0.62   8.44  14.99   7.95   0.82   0.46    182   0.00   2.59      5
-1315  72937 399980   1.04   7.81   8.78  15.05   8.22   0.91   0.51    211   0.00   2.60      4
 1315  72937 399980   2.12   6.67   9.13  15.04   8.23   0.91   0.51    211   0.00   2.52      4
 1316  72933 400021   3.02   6.01   8.48  15.01   8.24   0.91   0.51    211   0.00   2.46      4
 1317  72925 400025   4.17   4.67   8.80  15.01   8.23   0.91   0.51    211   0.00   2.58      4
 1317  72920 400026   5.01   3.52   8.80  14.99   8.23   0.91   0.51    211   0.00   2.45      4
 1318  72908 400016   6.01   1.27   9.11  14.99   8.23   0.91   0.51    211   0.00   2.43      4
 1319  72915 400022   6.99   0.33   9.79  15.00   8.22   0.91   0.51    211   0.00   2.46      4
