# VOLK ZOOMMEER
# KRAMMER-KREEKRAK
# start meting: 0626
# DBW
* 19910415
$ 9999 [000222222002220]
> TIJD
> X-COORD
> Y-COORD
>SENSHTE Diepte set      m
>Echms   Echo set        mtrs
>Temp    Temperatuur     Gr.C
>pH      Zuurgraad       s.e.
>GELBH   Geleidendheid   mS/cm
>SALNTT  Saliniteit      Prom
>CL-     Chloride        mg         
>   76 0  Partech Troeblh FTU
>DICHT   Dichtheid       Gr.
>   79 0  Fluorescentie   F.s.
>O2      Zuurst.NSWcomp. mg/l
>O2%     Zuurstof Verz.  Proc
-1018 72939 399879 1.14 8.10 11.24 8.36 1.11 .73 320 55 .34 15.46 11.41 103
 1019 72934 399893 2.14 5.65 11.21 8.40 1.17 .77 345 54 .38 15.91 11.36 103
 1019 72939 399879 2.94 4.20 11.24 8.36 1.17 .77 345 55 .37 14.86 11.31 103
 1020 72939 399879 4.04 2.85 11.24 8.39 1.17 .77 345 51 .37 16.22 11.46 104
 1020 72929 399914 4.94 1.95 11.24 8.37 1.17 .77 345 47 .37 15.24 11.41 103
 1021 72923 399918 5.94 .75 11.21 8.37 1.17 .77 345 71 .38 14.89 11.38 103
-1046 74964 394972 1.24 5.65 11.84 8.35 1.11 .71 313 55 .26 16.67 9999 9999
 1046 74957 394947 2.04 4.70 11.84 8.34 1.17 .76 338 56 .30 15.43 9999 9999
 1046 74956 394942 3.04 3.85 11.84 8.34 1.11 .71 313 57 .26 15.68 9999 9999
 1046 74956 394942 4.04 2.80 11.84 8.34 1.11 .71 313 56 .26 15.68 9999 9999
 1047 74964 394972 4.94 1.60 11.84 8.34 1.17 .76 338 58 .30 15.84 9999 9999
 1047 74956 394934 5.84 1.70 11.80 8.34 1.17 .76 338 55 .30 16.48 9999 9999
-1100 73966 392137 1.04 5.25 11.59 8.45 1.29 .85 390 52 .40 15.21 9999 9999
 1100 73968 392076 2.14 4.35 11.56 8.45 1.29 .85 390 53 .40 12.59 9999 9999
 1100 73968 392076 3.14 3.25 11.56 8.45 1.29 .85 390 52 .40 14.01 9999 9999
 1100 73966 392137 4.14 2.35 11.56 8.45 1.29 .85 390 51 .40 13.66 9999 9999
 1101 73966 392137 5.14 1.50 11.56 8.45 1.23 .81 366 52 .37 12.78 9999 9999
 1101 73972 392048 6.14 .40 11.59 8.45 1.29 .85 390 52 .40 14.83 9999 9999
-1139 71502 392039 1.34 18.70 11.98 8.42 1.41 .93 434 48 .41 5.63 9999 9999
 1139 71502 392039 2.04 17.50 11.98 8.42 1.41 .93 434 48 .41 5.79 9999 9999
 1140 71481 392074 3.14 16.10 11.98 8.41 1.41 .93 434 53 .41 5.72 9999 9999
 1140 71479 392076 4.14 14.85 11.98 8.40 1.47 .97 459 49 .44 5.19 9999 9999
 1140 71479 392076 5.04 14.05 11.94 8.40 1.41 .93 435 48 .42 6.55 9999 9999
 1140 71484 392069 6.04 12.75 11.94 8.40 1.41 .93 435 51 .42 6.32 9999 9999
 1141 71484 392069 6.94 11.45 11.91 8.40 1.41 .93 435 48 .42 5.60 9999 9999
 1141 71485 392059 8.04 9.85 11.77 8.38 1.41 .93 437 50 .44 5.69 9999 9999
 1141 71486 392055 8.94 9.00 11.70 8.38 1.41 .93 438 49 .45 6.17 9999 9999
 1141 71486 392049 9.94 8.00 11.56 8.37 1.41 .94 440 50 .47 5.72 9999 9999
 1142 71486 392049 10.84 6.60 11.07 8.31 1.47 .99 472 49 .56 5.12 9999 9999
 1142 71485 392042 11.94 5.50 10.65 8.27 1.53 1.05 504 93 .65 5.76 9999 9999
 1142 71485 392042 13.03 4.40 10.37 8.29 2.00 1.43 716 46 .97 5.34 9999 9999
 1142 71482 392038 13.94 3.50 10.47 8.29 2.48 1.79 903 50 1.23 6.96 9999 9999
 1143 71484 392038 14.84 2.70 10.51 8.28 3.01 2.20 1134 51 1.55 8.00 9999 9999
 1143 71488 392038 16.14 1.60 10.51 8.22 3.66 2.72 1420 51 1.94 6.99 9999 9999
 1143 71495 392036 16.94 66.15 9.95 7.95 4.25 3.24 1797 54 2.40 7.21 9999 9999
 1143 71498 392035 18.04 66.50 8.37 7.28 6.15 5.02 2790 58 3.91 8.22 9999 9999
-1129 72180 391764 1.14 18.15 11.98 8.50 1.29 .84 385 50 .34 9.01 9999 9999
 1129 72160 391805 2.24 17.15 11.98 8.50 1.41 .93 434 49 .41 10.53 9999 9999
 1129 72158 391810 3.04 16.30 11.94 8.49 1.35 .88 410 50 .38 9.01 9999 9999
 1129 72155 391811 4.04 15.45 11.94 8.48 1.41 .93 435 50 .42 9.36 9999 9999
 1130 72153 391812 5.04 14.30 11.84 8.48 1.41 .93 436 49 .43 9.23 9999 9999
 1130 72150 391812 6.04 13.15 11.77 8.47 1.41 .93 437 49 .44 8.76 9999 9999
 1130 72152 391802 6.94 23.70 11.73 8.46 1.41 .93 438 48 .44 9.74 9999 9999
 1130 72153 391796 7.94 10.35 11.66 8.45 1.41 .93 439 49 .45 7.08 9999 9999
 1131 72154 391789 8.74 18.20 11.52 8.42 1.35 .89 416 49 .44 6.96 9999 9999
 1131 72152 391785 9.94 7.65 10.89 8.38 1.41 .96 450 49 .55 7.56 9999 9999
 1131 72150 391783 10.84 6.45 10.19 8.35 1.41 .97 460 50 .64 5.22 9999 9999
 1131 72147 391778 12.14 5.60 9.77 8.33 1.47 1.03 493 50 .72 5.82 9999 9999
 1132 72149 391772 12.84 4.95 9.60 8.33 1.65 1.18 574 38 .84 6.26 9999 9999
 1132 72151 391767 13.84 4.10 9.63 8.35 2.06 1.50 743 50 1.09 8.29 9999 9999
 1132 72156 391763 14.84 22.55 10.02 8.35 2.59 1.90 967 49 1.37 8.06 9999 9999
 1132 72156 391763 15.84 1.90 9.84 8.26 3.48 2.62 1367 51 1.94 9.23 9999 9999
 1133 72180 391764 16.83 1.05 9.53 8.06 3.90 2.99 1656 53 2.24 8.19 9999 9999
 1133 72171 391755 17.84 -.05 7.74 7.67 6.63 5.54 3078 46 4.36 7.72 9999 9999
-1119 72721 390970 1.54 20.65 12.05 8.49 1.35 .88 409 51 .37 11.70 9999 9999
 1119 72721 390970 2.04 18.70 12.01 8.49 1.35 .88 409 51 .37 11.42 9999 9999
 1119 72703 390992 3.04 17.35 12.01 8.49 1.35 .88 409 51 .37 11.48 9999 9999
 1120 72703 390992 3.94 15.95 12.01 8.49 1.29 .84 385 51 .34 12.55 9999 9999
 1120 72709 390993 5.14 14.65 12.01 8.49 1.29 .84 385 51 .34 10.44 9999 9999
 1120 72713 390992 5.94 13.10 11.98 8.49 1.41 .93 434 51 .41 10.40 9999 9999
 1120 72717 390989 7.04 11.65 11.91 8.47 1.29 .84 386 50 .35 10.47 9999 9999
 1120 72722 390987 7.94 10.20 11.80 8.48 1.47 .97 461 49 .47 9.39 9999 9999
 1121 72722 390987 9.04 8.75 11.52 8.44 1.35 .89 416 50 .44 9.27 9999 9999
 1121 72723 390988 9.64 7.10 11.00 8.38 1.41 .95 448 50 .54 9.46 9999 9999
 1121 72722 390990 10.94 5.85 10.37 8.33 1.41 .97 457 47 .62 9.90 9999 9999
 1121 72719 390992 12.14 4.50 9.84 8.31 1.59 1.12 544 51 .78 8.89 9999 9999
 1122 72717 390993 12.94 3.45 9.56 8.26 1.70 1.22 601 51 .88 8.35 9999 9999
 1122 72724 390995 13.94 2.55 9.49 8.29 1.70 1.23 603 53 .89 8.73 9999 9999
 1122 72723 390991 14.84 2.15 9.63 8.31 2.18 1.60 795 51 1.16 8.85 9999 9999
 1122 72731 390979 15.74 24.10 9.63 8.33 2.30 1.69 847 51 1.24 8.95 9999 9999
 1123 72734 390969 17.14 66.15 9.63 8.09 2.30 1.69 847 53 1.24 8.25 9999 9999
-1109 74013 390380 1.04 5.50 11.87 8.49 1.29 .84 386 50 .36 9.87 11.60 106
 1110 74003 390344 2.14 4.35 11.91 8.48 1.41 .93 435 50 .42 9.55 11.58 107
 1110 73998 390333 3.04 3.30 11.94 8.49 1.35 .88 410 50 .38 8.66 11.57 106
 1110 73992 390337 4.14 2.25 11.94 8.48 1.41 .93 435 53 .42 9.68 11.54 106
 1111 73947 390366 5.04 1.10 11.94 8.48 1.35 .88 410 50 .38 8.85 11.48 105
 1111 73947 390364 6.04 .10 11.84 8.46 1.35 .89 411 51 .40 9.23 11.31 104
-1220 74428 387863 1.34 16.30 11.98 7.38 1.41 .93 434 51 .41 12.30 11.42 106
 1220 74428 387863 2.14 13.65 11.94 7.38 1.41 .93 435 52 .42 11.92 11.37 104
 1221 74407 387914 3.14 11.05 11.98 7.39 1.41 .93 434 52 .41 12.17 11.35 105
 1221 74393 387919 4.04 8.00 11.98 7.38 1.41 .93 434 53 .41 11.73 11.35 105
 1222 74379 387923 5.04 5.30 11.94 7.39 1.41 .93 435 53 .42 11.48 11.33 104
 1222 74369 387919 6.04 1.95 11.91 7.38 1.41 .93 435 52 .42 12.05 11.27 104
-1309 74545 385444 1.24 7.30 12.15 8.48 1.47 .97 456 57 .42 14.39 9999 9999
 1309 74540 385462 2.24 3.70 12.15 8.48 1.47 .97 456 57 .42 14.61 9999 9999
 1309 74539 385469 3.14 2.95 12.19 8.47 1.47 .96 456 57 .41 15.53 9999 9999
 1309 74538 385473 3.64 2.10 12.15 8.47 1.47 .97 456 54 .42 14.55 9999 9999
 1310 74537 385477 5.04 1.15 12.15 8.48 1.47 .97 456 57 .42 14.89 9999 9999
 1310 74537 385479 6.04 .10 12.12 8.47 1.47 .97 457 51 .42 15.37 9999 9999
-1328 74112 384606 1.04 5.30 12.40 8.51 1.47 .96 453 46 .38 10.59 9999 9999
 1329 74110 384627 2.04 4.05 12.43 8.51 1.47 .96 452 52 .38 11.35 9999 9999
 1329 74109 384638 3.24 2.95 12.40 8.50 1.47 .96 453 52 .38 10.66 9999 9999
 1329 74109 384641 4.14 2.20 12.33 8.49 1.47 .96 454 53 .39 11.61 9999 9999
 1329 74109 384644 5.04 1.05 12.29 8.48 1.47 .96 454 52 .40 10.63 9999 9999
 1329 74109 384647 6.04 -.05 12.29 8.49 1.41 .92 430 53 .37 10.37 9999 9999
