# M.S. ARGUS
# 24-04-1997 07:08:01
# PROJECTCODE: E7608X
# OPDRACHTGEVER: AXW
# MEETGEBIED: VOLKERAK/ZOOMMEER
# STARTPUNT: KRAMMERSLUIZEN
# EINDPUNT: KREEKRAKSLUIZEN
# LUCHTTEMP.         -- GR.C      
# BAROMETER        1016 MBAR      
# WINDSNELHEID       -- M/SEC     
# WINDRICHTING       -- GRAD      
* 19970424
$ 9999 [00022222220220]
> TIJD
> X-COORD
> Y-COORD
>SENSHTE Diepte set      m
>Echms   Echo set        mtrs
>Echo    Echo schip      mtrs
>Temp    Temperatuur     Gr.C
>pH      Zuurgraad       s.e.
>GELBH   Geleidendheid   mS/cm
>SALNTT  Saliniteit      Prom
>CL-     Chloride        mg
>DICHT   Dichtheid       Gr.
>Flme    Flur ME         fgr
>MexB    Mex 3001B       %
-1039 72883 399972 1.12 8.03 8.05 9.92 8.39 1.05 0.70 309 0.45 2.27 16
 1040 72882 399968 1.96 6.64 8.01 9.92 8.39 1.05 0.70 309 0.45 2.39 16
 1040 72875 399972 2.97 4.97 7.48 9.94 8.39 1.05 0.70 309 0.45 2.28 16
 1041 72869 399976 4.12 3.52 7.68 9.91 8.40 1.05 0.70 309 0.45 2.18 16
 1041 72866 399981 5.17 2.69 7.74 9.89 8.39 1.05 0.70 309 0.45 2.24 16
 1041 72860 399986 5.99 1.71 7.04 9.89 8.39 1.05 0.70 309 0.45 2.29 16
 1042 72856 399987 6.98 0.54 6.35 9.88 8.39 1.04 0.70 309 0.45 2.27 16
-1108 74917 394982 1.09 6.51 8.05 9.99 8.34 1.06 0.71 314 0.45 2.28 15
 1108 74916 394976 1.87 5.83 7.99 9.98 8.34 1.06 0.71 314 0.45 2.30 15
 1108 74915 394973 2.92 4.83 7.99 9.98 8.34 1.06 0.71 314 0.45 2.29 15
 1108 74914 394971 3.90 2.23 8.07 9.98 8.34 1.06 0.71 315 0.45 2.31 15
 1108 74914 394969 4.91 2.68 8.09 9.98 8.34 1.06 0.71 315 0.45 2.30 15
 1108 74913 394967 5.98 1.52 8.05 9.98 8.34 1.06 0.71 315 0.45 2.29 15
 1108 74913 394964 6.91 0.42 7.00 9.97 8.34 1.06 0.71 315 0.45 2.33 15
-1121 73937 392182 1.01 5.98 7.50 9.92 8.47 1.21 0.83 378 0.54 4.29 16
 1121 73934 392172 2.02 4.83 7.50 9.92 8.47 1.21 0.83 378 0.54 4.45 16
 1121 73933 392166 2.88 3.93 7.58 9.91 8.47 1.21 0.83 380 0.55 4.83 16
 1121 73929 392151 3.93 2.94 7.48 9.91 8.48 1.21 0.83 381 0.55 5.05 16
 1121 73927 392145 4.89 1.82 7.32 9.90 8.48 1.21 0.83 380 0.55 5.04 16
 1121 73923 392130 5.84 0.69 7.58 9.89 8.48 1.21 0.83 381 0.55 5.06 16
-1153 71485 392052 1.13 19.79 20.07 9.52 8.46 1.24 0.86 396 0.60 5.08 15
 1153 71483 392051 1.87 19.07 19.91 9.52 8.46 1.23 0.86 396 0.60 5.07 15
 1153 71481 392051 2.93 18.06 19.77 9.51 8.46 1.23 0.86 396 0.60 5.14 15
 1153 71480 392050 3.97 16.94 19.77 9.51 8.46 1.23 0.86 396 0.61 5.20 15
 1153 71479 392050 4.91 15.74 19.75 9.50 8.46 1.23 0.86 396 0.61 5.26 15
 1153 71478 392049 5.92 14.56 19.73 9.50 8.46 1.23 0.86 396 0.61 5.17 15
 1153 71477 392050 6.99 13.35 19.71 9.48 8.45 1.24 0.86 397 0.61 5.25 15
 1153 71477 392049 7.90 12.46 19.75 9.48 8.45 1.23 0.86 397 0.61 5.16 15
 1153 71477 392049 8.97 11.22 19.71 9.47 8.45 1.24 0.86 397 0.61 5.15 15
 1154 71477 392049 9.92 10.31 19.73 9.46 8.45 1.23 0.86 397 0.61 5.14 15
 1154 71477 392049 10.93 9.12 19.73 9.43 8.45 1.23 0.86 397 0.61 5.15 15
 1154 71477 392050 12.04 7.98 19.73 9.42 8.44 1.23 0.86 397 0.61 5.12 15
 1154 71477 392050 13.01 6.93 19.77 9.41 8.44 1.23 0.86 398 0.62 4.67 15
 1154 71477 392051 13.92 6.14 19.77 9.40 8.44 1.23 0.86 398 0.62 4.61 15
 1154 71478 392051 14.96 5.04 19.73 9.40 8.44 1.24 0.86 398 0.62 4.50 15
 1154 71479 392052 15.96 3.82 19.71 9.37 8.44 1.24 0.86 399 0.62 4.55 15
 1154 71479 392053 16.86 2.95 19.71 9.30 8.42 1.24 0.86 400 0.63 4.40 15
 1154 71484 392057 17.89 1.76 20.01 9.17 8.35 1.44 1.03 491 0.76 3.29 15
 1154 71486 392058 18.84 0.69 20.15 9.26 8.10 2.57 1.92 978 1.44 2.99 15
-1146 72186 391766 1.05 15.16 19.59 9.69 8.48 1.24 0.85 395 0.59 5.41 15
 1146 72180 391767 1.84 15.30 19.83 9.68 8.48 1.24 0.85 395 0.59 5.33 15
 1146 72178 391768 2.93 14.75 20.07 9.67 8.48 1.24 0.86 395 0.59 5.38 15
 1146 72175 391768 3.89 14.29 20.09 9.66 8.48 1.24 0.86 396 0.59 5.47 15
 1146 72172 391768 5.05 13.55 20.13 9.66 8.47 1.24 0.86 396 0.59 5.50 15
 1146 72169 391767 5.93 12.86 20.15 9.66 8.47 1.24 0.86 396 0.59 5.46 15
 1147 72167 391767 6.91 12.05 20.15 9.66 8.47 1.24 0.86 396 0.59 5.50 15
 1147 72165 391768 7.93 67.75 20.15 9.65 8.47 1.24 0.86 396 0.59 5.47 15
 1147 72162 391767 8.90 10.04 20.11 9.65 8.47 1.24 0.86 396 0.59 5.43 15
 1147 72156 391765 9.89 9.53 20.21 9.65 8.48 1.24 0.86 396 0.59 5.46 15
 1147 72154 391765 10.89 8.59 20.31 9.62 8.47 1.24 0.86 396 0.59 5.34 15
 1147 72152 391764 11.90 7.49 20.39 9.60 8.48 1.24 0.86 395 0.60 5.27 15
 1147 72151 391764 12.89 6.42 20.41 9.57 8.47 1.24 0.86 396 0.60 5.25 15
 1147 72149 391764 13.92 27.34 20.45 9.53 8.47 1.23 0.85 395 0.60 5.14 15
 1147 72147 391763 14.87 4.27 20.49 9.50 8.47 1.23 0.85 394 0.60 5.00 15
 1147 72146 391762 15.92 3.17 20.51 9.45 8.47 1.23 0.86 395 0.61 5.10 15
 1147 72145 391762 16.96 2.12 20.55 9.43 8.46 1.24 0.86 399 0.62 4.51 15
 1147 72144 391762 17.87 0.89 20.58 9.34 8.43 1.26 0.88 410 0.64 3.95 15
 1148 72131 391754 18.87 0.07 20.66 9.24 8.31 1.45 1.03 496 0.76 2.99 15
-1139 72703 390988 1.08 18.48 19.83 9.71 8.48 1.23 0.85 390 0.58 5.08 15
 1139 72693 390982 1.92 17.72 20.11 9.71 8.48 1.23 0.85 391 0.58 5.19 15
 1139 72691 390982 2.91 16.75 20.17 9.72 8.47 1.23 0.85 391 0.58 5.08 15
 1139 72688 390980 3.90 15.95 20.15 9.71 8.47 1.23 0.85 391 0.58 5.24 15
 1139 72687 390979 4.97 14.87 20.15 9.70 8.47 1.23 0.85 391 0.58 5.20 15
 1139 72685 390978 5.94 13.80 20.17 9.70 8.46 1.23 0.85 391 0.58 5.22 15
 1139 72683 390977 6.98 12.83 20.15 9.70 8.46 1.23 0.85 391 0.58 5.26 15
 1139 72683 390977 8.05 11.69 20.15 9.69 8.46 1.23 0.85 391 0.58 5.22 15
 1139 72681 390977 9.02 10.69 20.15 9.68 8.46 1.23 0.85 391 0.58 5.28 15
 1139 72681 390977 9.91 9.80 20.13 9.68 8.46 1.23 0.85 391 0.58 5.26 15
 1139 72680 390977 10.96 8.59 20.13 9.67 8.47 1.23 0.85 392 0.58 5.21 15
 1140 72679 390977 11.94 7.63 20.13 9.61 8.46 1.23 0.85 393 0.59 5.25 15
 1140 72678 390977 12.91 6.47 20.13 9.53 8.45 1.23 0.85 395 0.60 4.99 15
 1140 72677 390977 13.97 5.39 20.11 9.46 8.44 1.23 0.86 396 0.61 4.63 15
 1140 72677 390977 15.05 4.26 20.15 9.41 8.43 1.24 0.86 399 0.62 4.15 15
 1140 72676 390977 15.99 3.22 20.15 9.34 8.41 1.24 0.87 402 0.63 3.92 15
 1140 72675 390977 17.01 1.99 20.07 9.26 8.39 1.28 0.90 418 0.66 3.61 15
 1140 72674 390977 18.00 1.10 20.05 9.25 8.38 1.28 0.90 418 0.66 3.48 15
-1129 73975 390338 1.15 5.51 7.22 10.01 8.52 1.24 0.85 391 0.55 5.75 16
 1130 73979 390334 2.09 4.50 7.22 9.98 8.51 1.24 0.85 391 0.56 6.30 16
 1130 73983 390327 2.99 3.53 7.18 9.99 8.51 1.24 0.85 391 0.56 6.16 16
 1131 73982 390325 4.10 2.32 7.20 9.96 8.51 1.24 0.85 391 0.56 5.93 16
 1131 73980 390327 4.93 1.43 7.22 9.94 8.51 1.24 0.85 391 0.56 5.89 16
 1131 73975 390331 6.03 0.25 7.20 9.92 8.51 1.24 0.85 391 0.56 5.94 16
-1226 74431 387806 0.99 17.53 19.45 9.84 8.55 1.27 0.87 406 0.59 6.45 16
 1226 74424 387807 2.12 16.55 19.53 9.82 8.55 1.27 0.87 406 0.59 6.85 16
 1227 74418 387812 2.92 15.87 19.59 9.79 8.55 1.27 0.87 406 0.59 6.94 16
 1227 74411 387815 4.13 15.25 19.43 9.81 8.55 1.27 0.87 406 0.59 6.76 16
 1227 74407 387818 4.98 14.63 19.32 9.80 8.56 1.27 0.87 406 0.59 6.82 16
 1228 74405 387823 6.13 13.66 19.24 9.81 8.56 1.27 0.87 406 0.59 6.86 16
 1228 74405 387829 7.08 12.65 19.75 9.83 8.55 1.27 0.87 406 0.59 6.88 16
 1228 74407 387832 8.13 11.53 19.89 9.82 8.55 1.27 0.87 406 0.59 6.84 16
 1229 74409 387833 9.04 10.09 20.09 9.80 8.55 1.27 0.87 406 0.59 6.76 16
 1229 74409 387834 10.02 9.19 20.01 9.81 8.55 1.27 0.87 406 0.59 6.93 16
 1229 74411 387835 11.12 8.05 20.11 9.83 8.57 1.27 0.87 406 0.59 6.82 16
 1230 74415 387834 12.05 6.39 20.15 9.81 8.57 1.27 0.88 407 0.59 6.88 16
 1230 74419 387833 13.11 3.94 20.17 9.80 8.55 1.29 0.90 418 0.61 6.65 16
 1231 74413 387829 13.97 4.89 20.15 9.73 8.55 1.31 0.91 428 0.63 6.25 16
 1231 74414 387819 14.96 3.85 19.65 9.55 8.36 2.11 1.55 770 1.13 3.35 16
 1234 74419 387819 16.06 2.60 19.85 9.52 8.29 2.35 1.74 877 1.28 3.50 16
 1235 74412 387835 17.22 0.08 19.99 9.51 8.24 2.54 1.89 959 1.40 2.97 15
 1237 74411 387835 17.80 75.07 19.99 9.51 8.17 2.61 1.94 991 1.44 5.91 99
 1238 74402 387829 18.87 68.31 19.47 9.51 8.17 2.61 1.94 989 1.44 4.07 99
-1251 74564 385404 0.83 6.29 6.69 9.96 8.50 1.29 0.89 413 0.59 4.95 16
 1251 74561 385399 1.92 5.10 6.57 9.90 8.50 1.29 0.89 413 0.59 5.26 16
 1251 74560 385397 2.93 4.04 6.59 9.89 8.50 1.29 0.89 413 0.59 5.32 16
 1251 74558 385394 3.88 2.85 6.59 9.86 8.49 1.28 0.89 413 0.60 5.39 16
 1251 74556 385391 4.89 1.47 6.00 9.84 8.50 1.28 0.89 413 0.60 5.37 16
 1251 74554 385389 5.95 0.32 6.95 9.84 8.49 1.28 0.89 413 0.60 5.36 16
-1308 74108 384612 1.14 5.42 7.08 9.87 8.54 1.33 0.92 433 0.62 6.88 16
 1308 74106 384607 2.02 4.73 7.04 9.89 8.54 1.33 0.92 433 0.62 6.82 16
 1308 74105 384606 2.89 3.66 7.06 9.89 8.53 1.33 0.92 433 0.62 6.73 16
 1308 74105 384604 3.88 2.55 7.02 9.89 8.53 1.33 0.92 434 0.62 6.99 16
 1308 74105 384603 4.93 1.39 7.02 9.90 8.53 1.33 0.92 434 0.62 7.00 16
 1309 74104 384602 5.93 0.40 7.02 9.89 8.53 1.33 0.92 434 0.62 6.88 16
