# VOLKERAK/ZOOMMEER
# SPUIKANAAL-KRAMMER
# start meting: 0850
# DBW DORDT
* 19910312
$ 9999 [0002222220020]
> TIJD
> X-COORD
> Y-COORD
>SENSHTE Diepte set      m
>Echms   Echo set        mtrs
>Temp    Temperatuur     Gr.C
>pH      Zuurgraad       s.e.
>GELBH   Geleidendheid   mS/cm
>SALNTT  Saliniteit      Prom
>CL-     Chloride        mg         
>   76 0  Partech Troeblh FTU
>O2      Zuurst.NSWcomp. mg/l
>O2%     Zuurstof Verz.  Proc
-1116 72918 400031 .97 6.95 5.43 8.45 1.05 .81 363 44 13.85 110
 1117 72921 400033 2.07 5.85 5.43 8.45 1.05 .81 363 42 13.77 110
 1117 72921 400037 3.06 4.90 5.40 8.44 1.05 .81 363 40 13.70 109
 1118 72918 400031 3.97 4.25 5.36 8.44 1.05 .81 364 42 13.70 109
 1118 72934 400027 4.96 2.85 5.40 8.43 1.05 .81 363 44 13.64 109
 1119 72918 400031 5.77 1.75 5.33 8.43 1.05 .81 364 43 13.59 108
 1119 72935 400028 6.77 .25 5.33 8.43 1.05 .81 364 41 13.56 108
-1050 74964 394965 1.07 9.20 5.89 8.37 1.05 .80 357 43 9999 9999
 1051 75006 395075 2.07 8.15 5.89 8.37 1.05 .80 357 42 9999 9999
 1051 74989 395081 3.06 7.05 5.89 8.37 1.05 .80 357 42 9999 9999
 1051 74971 395086 4.07 5.90 5.89 8.37 1.05 .80 357 42 9999 9999
 1051 74950 395091 4.96 4.80 5.89 8.37 1.05 .80 357 42 9999 9999
 1051 74936 395089 5.77 3.65 5.92 8.37 1.05 .79 356 41 9999 9999
 1052 74924 395087 6.87 2.35 5.89 8.37 1.05 .80 357 42 9999 9999
 1052 74918 395084 7.86 .80 5.89 8.37 1.05 .80 357 42 9999 9999
-1037 73953 392139 .97 5.60 5.92 8.37 1.11 .85 385 38 9999 9999
 1037 73957 392160 1.97 4.55 5.96 8.37 1.11 .84 384 38 9999 9999
 1037 73958 392164 3.17 3.35 5.92 8.37 1.05 .79 356 40 9999 9999
 1037 73959 392167 3.97 2.40 5.92 8.36 1.05 .79 356 39 9999 9999
 1038 73959 392169 5.16 1.25 5.89 8.36 1.05 .80 357 38 9999 9999
 1038 73959 392171 6.17 .20 5.92 8.36 1.05 .79 356 41 9999 9999
-957 71508 392058 .97 19.80 6.31 8.75 1.17 .89 408 45 9999 9999
 958 71499 392056 1.87 18.90 6.27 8.66 1.11 .84 380 45 9999 9999
 958 71496 392061 2.96 17.70 6.24 8.61 1.17 .89 409 45 9999 9999
 958 71493 392067 3.97 16.55 6.27 8.57 1.11 .84 380 43 9999 9999
 958 71491 392074 4.96 15.35 6.24 8.55 1.17 .89 409 45 9999 9999
 958 71491 392077 5.97 14.20 6.20 8.54 1.11 .84 381 42 9999 9999
 958 71491 392079 6.87 13.20 6.17 8.53 1.17 .89 410 40 9999 9999
 959 71490 392082 7.86 12.15 6.06 8.53 1.17 .89 411 39 9999 9999
 959 71488 392086 8.97 10.90 5.85 8.52 1.17 .90 414 38 9999 9999
 959 71487 392089 9.87 9.80 5.75 8.53 1.17 .90 416 37 9999 9999
 959 71485 392091 10.76 8.95 5.64 8.52 1.17 .90 418 37 9999 9999
 959 71485 392091 11.87 7.80 5.54 8.50 1.28 1.01 477 37 9999 9999
 960 71485 392091 12.76 6.85 5.08 8.45 1.64 1.34 663 35 9999 9999
 1000 71485 392091 13.77 5.80 4.45 8.39 2.35 2.02 1022 35 9999 9999
 1000 71484 392090 14.86 4.60 3.86 8.30 2.71 2.39 1226 35 9999 9999
 1000 71484 392090 15.77 3.55 3.58 8.18 3.24 2.92 1619 35 9999 9999
 1000 71485 392088 16.86 2.45 3.51 8.11 3.54 3.21 1781 36 9999 9999
 1001 71487 392085 17.76 1.70 3.61 7.43 6.68 6.31 3512 55 9999 9999
 1001 71491 392079 18.77 .95 4.59 7.96 24.52 25.16 14203 83 9999 9999
-1006 72174 391763 .97 18.75 6.17 8.49 1.17 .89 410 43 9999 9999
 1006 72174 391763 1.97 17.70 6.17 8.49 1.11 .84 381 43 9999 9999
 1006 72195 391751 3.06 16.75 6.13 8.48 1.17 .89 410 42 9999 9999
 1006 72196 391751 4.07 15.60 6.10 8.47 1.17 .89 411 42 9999 9999
 1006 72196 391752 4.96 14.60 6.10 8.47 1.17 .89 411 43 9999 9999
 1007 72195 391753 5.87 13.70 6.10 8.49 1.17 .89 411 43 9999 9999
 1007 72193 391755 6.97 12.40 6.10 8.51 1.17 .89 411 41 9999 9999
 1007 72190 391758 7.86 11.10 6.03 8.50 1.17 .89 412 42 9999 9999
 1007 72187 391761 9.06 9.95 5.99 8.53 1.17 .89 412 41 9999 9999
 1007 72185 391763 9.97 18.30 6.03 8.54 1.22 .94 440 40 9999 9999
 1007 72183 391766 10.76 8.00 5.82 8.50 1.22 .95 444 38 9999 9999
 1008 72180 391769 11.56 7.00 5.29 8.46 1.28 1.02 481 38 9999 9999
 1008 72178 391772 12.76 5.80 4.70 8.40 1.82 1.52 746 36 9999 9999
 1008 72177 391773 13.87 4.60 3.96 8.36 2.11 1.83 916 36 9999 9999
 1008 72177 391773 14.97 3.10 3.19 8.27 2.65 2.38 1221 35 9999 9999
 1008 72177 391775 15.87 1.80 3.09 8.18 3.12 2.85 1479 35 9999 9999
 1009 72178 391776 16.76 14.00 3.30 8.10 3.71 3.40 1890 35 9999 9999
-1014 72694 391013 1.07 19.40 6.03 8.55 1.17 .89 412 44 9999 9999
 1014 72705 390993 2.07 18.40 5.99 8.54 1.17 .89 412 43 9999 9999
 1014 72705 390991 3.06 17.40 5.96 8.53 1.11 .84 384 43 9999 9999
 1015 72704 390992 4.07 16.40 5.89 8.53 1.17 .90 414 42 9999 9999
 1015 72704 390992 4.96 15.50 5.85 8.53 1.17 .90 414 42 9999 9999
 1015 72704 390992 5.87 14.70 5.75 8.53 1.17 .90 416 41 9999 9999
 1015 72704 390991 6.87 13.45 5.68 8.53 1.17 .90 417 40 9999 9999
 1015 72704 390991 7.86 12.45 5.61 8.53 1.22 .96 447 41 9999 9999
 1015 72704 390991 8.97 11.25 5.57 8.53 1.17 .91 419 40 9999 9999
 1016 72704 390991 9.87 10.20 5.54 8.53 1.17 .91 419 39 9999 9999
 1016 72706 390990 11.06 9.05 5.40 8.53 1.22 .96 450 38 9999 9999
 1016 72707 390988 11.87 8.10 4.91 8.50 1.28 1.03 488 36 9999 9999
 1016 72707 390988 12.76 7.00 4.31 8.45 1.52 1.26 619 36 9999 9999
 1016 72709 390987 13.77 6.00 3.47 8.37 1.76 1.52 747 36 9999 9999
 1016 72709 390987 14.97 4.70 2.77 8.31 1.82 1.61 796 35 9999 9999
 1017 72707 390990 15.97 3.65 2.42 8.30 1.94 1.74 869 34 9999 9999
 1017 72704 390995 16.86 2.70 2.32 8.28 1.94 1.75 872 35 9999 9999
 1017 72701 390998 17.97 1.55 2.25 8.23 2.17 1.98 1001 34 9999 9999
 1017 72700 390999 18.97 53.75 2.67 8.18 13.14 13.50 7557 37 9999 9999
-1026 73981 390369 1.07 5.30 5.96 8.51 1.17 .90 413 41 14.26 115
 1026 73981 390369 2.17 4.15 5.92 8.51 1.17 .90 413 39 14.26 115
 1027 73981 390369 3.06 3.15 5.89 8.50 1.17 .90 414 40 14.22 115
 1027 73981 390369 3.97 2.20 5.89 8.50 1.17 .90 414 41 14.16 114
 1028 73998 390334 5.06 1.05 5.82 8.50 1.11 .85 386 39 14.07 113
-922 74393 387839 1.07 17.15 5.61 8.83 1.22 .96 447 40 15.15 121
 922 74400 387869 2.07 15.45 5.57 8.74 1.17 .91 419 39 15.14 121
 923 74399 387875 3.06 14.60 5.57 8.68 1.22 .96 448 40 15.08 121
 923 74395 387877 3.97 14.25 5.57 8.65 1.22 .96 448 40 14.99 120
 924 74393 387870 4.96 13.85 5.57 8.62 1.22 .96 448 39 14.90 119
 924 74400 387857 5.87 13.45 5.57 8.61 1.22 .96 448 39 14.85 119
 925 74406 387848 6.77 12.70 5.54 8.60 1.22 .96 448 40 14.81 118
 925 74406 387849 7.86 11.65 5.57 8.60 1.22 .96 448 40 14.76 118
 925 74406 387849 8.87 10.60 5.54 8.60 1.22 .96 448 40 14.75 118
 926 74393 387839 10.07 9.35 5.57 8.59 1.22 .96 448 39 14.69 117
 926 74408 387849 10.76 8.55 5.50 8.59 1.28 1.01 478 40 14.65 117
 927 74408 387853 11.96 5.85 5.22 8.54 1.82 1.49 749 30 13.88 110
 929 74410 387864 12.87 4.75 5.01 8.50 2.05 1.71 856 38 13.08 104
 930 74417 387863 13.96 4.85 4.70 8.50 2.35 2.00 1014 35 12.45 98
 931 74426 387844 14.86 4.35 4.73 8.45 3.18 2.76 1435 36 11.52 91
 932 74428 387841 15.77 3.65 4.59 8.44 3.18 2.77 1441 35 10.56 84
 934 74420 387850 16.86 2.25 4.63 8.43 3.42 2.99 1660 39 10.00 79
 934 74421 387848 17.67 1.35 4.59 8.43 3.36 2.94 1631 37 9.88 78
 934 74393 387839 19.06 65.55 4.70 8.44 3.48 3.04 1687 45 9.84 78
-910 74559 385514 1.17 5.40 5.89 8.94 1.22 .95 443 42 9999 9999
 910 74561 385495 1.97 4.45 5.85 8.86 1.28 1.00 472 42 9999 9999
 910 74560 385493 2.96 3.25 5.85 8.79 1.22 .95 443 42 9999 9999
 910 74560 385493 3.87 2.35 5.82 8.75 1.28 1.00 472 40 9999 9999
 911 74558 385489 4.87 1.35 5.85 8.73 1.28 1.00 472 41 9999 9999
 911 74557 385486 5.87 .15 5.85 8.72 1.22 .95 443 41 9999 9999
-851 74148 384393 1.07 5.50 5.64 8.66 1.22 .96 446 41 9999 9999
 851 74143 384392 1.97 4.60 5.64 8.63 1.22 .96 446 41 9999 9999
 851 74143 384391 2.86 3.70 5.68 8.61 1.22 .95 446 42 9999 9999
 851 74144 384389 3.97 2.40 5.64 8.61 1.28 1.01 475 41 9999 9999
 852 74144 384389 5.06 1.25 5.64 8.60 1.28 1.01 475 40 9999 9999
 852 74143 384386 5.97 .15 5.61 8.61 1.28 1.01 476 41 9999 9999
