# ZOOMMEER
# 25(SRK)-38(SPUIKANAAL)
# start meting: 1114
# m.s. 'DELTA'
* 19880928
$-9999 [00022222202021]
>TIJD
>X-COORD
>Y-COORD
>SENSHTE Diepte set      m
>Echms   Echo set        mtrs
>Temp    Temperatuur     Gr.C
>pH      Zuurgraad       s.e.
>GELBH   Geleidendheid   mS/cm
>SALNTT  Saliniteit      Prom
>CL-     Chloride        mg
>DICHT   Dichtheid       Gr.
>   76 0  InSitu Troeblh  M.E.
>O2      Zuurst.NSWcomp. mg/l
>O2%     Zuurstof Verz.  Proc
-1114  75045 405560  1.08  5.50 15.00  8.42  1.00   .58   242  -.26     5 -9999 -9999
 1114  75045 405560  1.98  8.93 14.99  8.46  1.00   .58   242  -.26     6 -9999 -9999
 1114  75045 405560  2.92  3.36 14.99  8.43  1.00   .58   242  -.27     5 -9999 -9999
 1114  75045 405560  3.82  3.02 14.99  8.48  1.00   .58   242  -.27     5 -9999 -9999
 1114  75045 405560  4.82  2.16 15.01  8.44   .97   .56   231  -.28     6 -9999 -9999
 1114  75045 405560  5.89  1.96 14.99  8.47  1.00   .58   242  -.27     6 -9999 -9999
-1128  72532 403867  1.11  9.06 14.99  8.41  1.03   .60   253  -.25     8 -9999 -9999
 1128  72532 403867  2.09  8.15 14.98  8.45  1.03   .60   254  -.25     7 -9999 -9999
 1128  72532 403867  2.97  6.98 14.99  8.48  1.03   .60   253  -.25     6 -9999 -9999
 1128  72532 403867  3.89  6.25 14.99  8.43  1.03   .60   253  -.25     6 -9999 -9999
 1128  72532 403867  4.82  5.29 14.97  8.37  1.00   .58   242  -.26    12 -9999 -9999
 1128  72532 403867  6.04  5.09 14.99  8.46  1.00   .58   242  -.27     7 -9999 -9999
 1128  72532 403867  6.91  4.80 14.99  8.49  1.03   .59   253  -.25     7 -9999 -9999
 1128  72532 403867  7.79  3.80 14.99  8.44  1.00   .58   242  -.27     7 -9999 -9999
 1128  72532 403867  9.11  2.30 14.99  8.46  1.02   .59   250  -.25     8 -9999 -9999
 1128  72532 403867  9.99  1.42 14.99  8.46  1.02   .59   250  -.25     8 -9999 -9999
-1149  72705 400137  1.01  8.18 14.98  8.38  1.03   .60   254  -.25     7  9.90  99.0
 1149  72705 400137  1.94  7.18 14.99  8.50  1.03   .60   253  -.25     6  9.92  99.1
 1149  72705 400137  2.87  6.37 14.99  8.49  1.03   .60   253  -.25     7  9.92  99.1
 1149  72705 400137  3.89  5.75 14.99  8.46  1.03   .60   253  -.25     8  9.86  98.6
 1149  72705 400137  4.77  3.77 14.99  8.42  1.03   .60   253  -.25     7  9.80  97.9
 1149  72705 400137  5.45  3.60 14.99  8.44  1.03   .59   253  -.25     7  9.89  98.9
 1149  72705 400137  6.96  2.92 14.97  8.44  1.02   .59   250  -.25     6  9.89  98.8
 1149  72705 400137  7.89   .81 14.99  8.43  1.00   .57   242  -.27     6  9.89  98.8
-1204  74595 397792  1.40  6.52 15.03  8.38  1.03   .60   253  -.25     7  9.84  98.4
 1204  74595 397792  2.04  6.32 14.99  8.35  1.03   .60   253  -.25    11  9.84  98.4
 1204  74595 397792  2.87  5.29 15.06  8.40  1.00   .58   242  -.28     7  9.80  98.1
 1204  74595 397792  3.84  4.04 15.01  8.44  1.03   .60   253  -.25     8  9.78  97.9
 1204  74595 397792  4.72  3.43 14.99  8.32  1.03   .60   253  -.25     8  9.77  97.7
 1204  74595 397792  5.89  2.16 15.01  8.38  1.03   .60   253  -.25     8  9.77  97.7
 1204  74595 397792  5.75  1.55 14.96  8.37  1.03   .60   254  -.24     6  9.78  97.8
-1218  74896 395001  1.16  6.25 15.03  8.40  1.03   .60   253  -.25     8 -9999 -9999
 1218  74896 395001  2.04  5.73 15.03  8.41  1.03   .60   253  -.25     8 -9999 -9999
 1218  74896 395001  2.82  3.90 15.03  8.46  1.03   .60   253  -.26     8 -9999 -9999
 1218  74896 395001  3.89  4.04 15.03  8.43   .82   .46   179  -.36     8 -9999 -9999
 1218  74896 395001  4.82  2.97 15.03  8.41  1.03   .60   253  -.26     6 -9999 -9999
 1218  74896 395001  5.84  1.87 15.01  8.38  1.03   .60   253  -.25     8 -9999 -9999
 1218  74896 395001  6.72  1.03 15.01  8.39  1.03   .60   253  -.25     7 -9999 -9999
-1232  73872 392111  1.26  6.42 15.05  8.38  1.09   .64   276  -.23     8 -9999 -9999
 1232  73872 392111  2.13  5.54 15.01  8.37  1.12   .66   288  -.21    11 -9999 -9999
 1232  73872 392111  3.02  4.73 15.03  8.30  1.12   .66   288  -.21     8 -9999 -9999
 1232  73872 392111  4.14  3.60 15.03  8.32  1.12   .66   288  -.21    10 -9999 -9999
 1232  73872 392111  4.96  2.31 15.03  8.29  1.12   .65   288  -.21    11 -9999 -9999
 1232  73872 392111  5.94  1.06 15.01  8.26  1.11   .65   284  -.21    13 -9999 -9999
-1244  73610 390936  1.02  6.08 15.03  8.39  1.36   .82   375  -.09     8  9.81  98.3
 1244  73610 390936  1.94  5.49 15.01  8.40  1.35   .82   372  -.09    10  9.79  98.0
 1244  73610 390936  2.92  4.19 15.03  8.39  1.35   .81   371  -.09     7  9.80  98.2
 1244  73610 390936  4.62  2.55 15.01  8.40  1.35   .81   372  -.09     8  9.80  98.1
 1244  73610 390936  5.20  3.14 14.99  8.38  1.35   .81   372  -.09     7  9.80  98.1
 1244  73610 390936  6.04  2.55 14.99  8.38  1.38   .83   383  -.07     8  9.80  98.1
 1244  73610 390936  6.96  1.38 14.99  8.39  1.44   .87   407  -.04     8  9.77  97.8
-1252  72723 390956  1.06 18.01 15.03  8.42  1.73  1.07   518   .11     5 -9999 -9999
 1252  72723 390956  2.09 17.42 15.04  8.46  1.73  1.07   518   .10     6 -9999 -9999
 1252  72723 390956  3.06 17.15 15.03  8.45  1.82  1.13   553   .15     5 -9999 -9999
 1252  72723 390956  4.04 16.18 15.01  8.47  1.82  1.13   554   .15     5 -9999 -9999
 1252  72723 390956  5.16 14.51 15.02  8.44  1.73  1.07   518   .10     5 -9999 -9999
 1252  72723 390956  6.09 13.31 15.02  8.49  1.82  1.13   554   .15     6 -9999 -9999
 1252  72723 390956  6.96 12.79 15.01  8.46  1.90  1.19   585   .20     5 -9999 -9999
 1252  72723 390956  7.89 12.16 14.99  8.51  1.96  1.23   609   .23     5 -9999 -9999
 1252  72723 390956  9.06 10.59 14.96  8.49  1.99  1.25   621   .25     6 -9999 -9999
 1252  72723 390956  9.89  9.69 14.94  8.46  2.08  1.31   657   .30     5 -9999 -9999
 1252  72723 390956 11.01  8.00 14.89  8.42  2.43  1.55   786   .49     6 -9999 -9999
 1252  72723 390956 11.79  6.44 14.82  8.38  2.63  1.70   870   .61     6 -9999 -9999
 1252  72723 390956 12.94  4.59 14.14  7.45 21.37 16.50  9243 12.11    32 -9999 -9999
 1252  72723 390956 13.74  2.77 12.48  7.37 22.19 18.01 10103 13.43    24 -9999 -9999
 1252  72723 390956 14.67   .62 11.41  7.48 22.37 18.70 10497 14.13    48 -9999 -9999
-1303  72038 391809  1.16 17.96 15.08  8.45  1.62   .99   475   .04     5 -9999 -9999
 1303  72038 391809  2.09 17.03 15.10  8.45  1.73  1.07   517   .09     5 -9999 -9999
 1303  72038 391809  2.92 16.05 15.08  8.47  1.73  1.07   518   .10     5 -9999 -9999
 1303  72038 391809  3.84 14.78 15.06  8.44  1.67  1.03   495   .07     5 -9999 -9999
 1303  72038 391809  4.96 13.63 15.08  8.43  1.61   .99   471   .03     6 -9999 -9999
 1303  72038 391809  5.35 12.82 15.08  8.50  1.79  1.11   541   .13     5 -9999 -9999
 1303  72038 391809  7.06 11.33 15.08  8.46  1.82  1.13   553   .14     7 -9999 -9999
 1303  72038 391809  7.94 10.25 15.06  8.44  1.84  1.15   561   .16     5 -9999 -9999
 1303  72038 391809  8.82  9.40 15.09  8.41  1.87  1.17   572   .17     5 -9999 -9999
 1303  72038 391809  9.89  8.27 15.06  8.48  1.75  1.09   526   .11     6 -9999 -9999
 1303  72038 391809 10.86  7.24 15.02  8.47  2.05  1.29   644   .27     5 -9999 -9999
 1303  72038 391809 11.84  6.19 15.01  8.49  2.08  1.31   655   .28     5 -9999 -9999
 1303  72038 391809 12.91  5.29 14.18  7.41 21.46 16.61  9304 12.07    32 -9999 -9999
 1303  72038 391809 14.13  3.84 12.61  7.37 22.66 18.37 10308 13.69    23 -9999 -9999
 1303  72038 391809 14.86  2.82 10.86  7.49 24.24 20.73 11656 15.78    19 -9999 -9999
 1303  72038 391809 15.84  1.96 10.01  7.75 24.62 21.58 12144 16.56    15 -9999 -9999
-1315  71448 391983  1.48 16.73 15.08  8.49  1.73  1.07   518   .10     4 -9999 -9999
 1315  71448 391983  2.33 15.71 15.06  8.46  1.73  1.07   518   .10     1 -9999 -9999
 1315  71448 391983  3.21 14.04 15.07  8.47  1.73  1.07   518   .10     4 -9999 -9999
 1315  71448 391983  4.14 13.41 15.06  8.51  1.73  1.07   518   .10     4 -9999 -9999
 1315  71448 391983  5.01 12.40 15.06  8.51  1.76  1.09   529   .11     4 -9999 -9999
 1315  71448 391983  5.89 11.67 15.06  8.51  1.73  1.07   518   .10     4 -9999 -9999
 1315  71448 391983  6.87 10.33 15.03  8.51  1.96  1.23   608   .22     4 -9999 -9999
 1315  71448 391983  7.70  9.35 14.99  8.51  1.99  1.25   621   .25     4 -9999 -9999
 1315  71448 391983  8.77  8.86 14.97  8.52  2.03  1.28   637   .27     4 -9999 -9999
 1315  71448 391983  9.89  8.22 14.96  8.50  2.08  1.31   656   .30     4 -9999 -9999
 1315  71448 391983 10.87  7.46 14.90  8.46  2.41  1.55   778   .52     5 -9999 -9999
 1315  71448 391983 11.85  6.73 14.94  8.46  3.13  2.04  1075   .85     7 -9999 -9999
 1315  71448 391983 12.92  6.24 14.25  7.44 21.40 16.53  9259 11.99    34 -9999 -9999
 1315  71448 391983 13.89  4.92 12.71  7.40 23.36 18.94 10634 14.11    25 -9999 -9999
 1315  71448 391983 14.86  3.82 11.19  7.37 24.33 20.63 11597 15.65    16 -9999 -9999
 1315  71448 391983 15.89  3.06 10.27  7.44 24.56 21.37 12024 16.36    15 -9999 -9999
 1315  71448 391983 16.86  2.28  9.79  7.58 24.82 21.91 12335 16.85    12 -9999 -9999
 1315  71448 391983 17.84  1.79  9.46  7.87 25.06 22.34 12581 17.23    11 -9999 -9999
-1336  74051 389370  1.16  6.32 15.10  8.38  1.29   .77   348  -.13     6 -9999 -9999
 1336  74051 389370  2.04  5.44 15.06  8.40  1.29   .77   348  -.13     7 -9999 -9999
 1336  74051 389370  2.97  4.46 15.08  8.41  1.29   .77   348  -.13     8 -9999 -9999
 1336  74051 389370  3.99  3.34 15.08  8.41  1.32   .79   359  -.11     8 -9999 -9999
 1336  74051 389370  4.92  2.31 15.10  8.39  1.41   .85   394  -.07     9 -9999 -9999
 1336  74051 389370  5.79  1.40 15.11  8.39  1.50   .91   428  -.03     8 -9999 -9999
-1349  74354 387846  1.01 17.62 15.08  8.34  1.41   .85   394  -.07     7  9.85  98.9
 1349  74354 387846  1.94 17.59 15.06  8.28  1.41   .85   394  -.07     9  9.83  98.7
 1349  74354 387846  2.82 16.98 15.04  8.35  1.44   .87   406  -.05     9  9.83  98.6
 1349  74354 387846  3.75 16.29 15.10  8.40  1.41   .85   394  -.07     7  9.87  99.1
 1349  74354 387846  4.91 15.39 15.09  8.37  1.44   .87   405  -.06    10  9.88  99.2
 1349  74354 387846  5.84 14.38 15.08  8.38  1.49   .91   425  -.03     7  9.89  99.3
 1349  74354 387846  6.91 12.96 15.14  8.41  1.41   .85   393  -.08     9  9.90  99.5
 1349  74354 387846  7.98 24.26 15.14  8.32  1.46   .89   412  -.05    10  9.97 100.2
 1349  74354 387846  9.16 10.79 15.11  8.38  1.43   .87   401  -.06     8  9.97 100.2
 1349  74354 387846  9.93  9.62 15.08  8.37  1.43   .87   402  -.06     9  9.92  99.6
 1349  74354 387846 11.01  8.15 15.11  8.34  1.43   .87   401  -.06    10  9.91  99.5
 1349  74354 387846 11.89  5.99 15.13  8.37  1.46   .88   412  -.05     9  9.91  99.5
 1349  74354 387846 12.96  5.85 15.16  8.38  1.43   .87   401  -.06     8  9.93  99.8
 1349  74354 387846 13.99  4.33 15.07  8.28  1.43   .87   402  -.06     8  9.90  99.3
 1349  74354 387846 14.81  3.57 15.11  8.31  1.46   .89   413  -.05     8  9.88  99.2
 1349  74354 387846 15.79  1.35 15.09  8.40  1.46   .89   413  -.05     9  9.87  99.1
-1409  74484 385716  1.11  6.13 15.10  8.45  1.70  1.05   506   .08     9 -9999 -9999
 1409  74484 385716  1.94  5.19 15.10  8.42  1.70  1.05   506   .08    10 -9999 -9999
 1409  74484 385716  2.72  4.22 15.13  8.47  1.70  1.05   505   .07    10 -9999 -9999
 1409  74484 385716  3.94  3.19 15.10  8.47  1.67  1.03   494   .06     9 -9999 -9999
 1409  74484 385716  4.77  2.21 15.10  8.48  1.70  1.05   506   .08    10 -9999 -9999
 1409  74484 385716  5.94  1.11 15.07  8.43  1.73  1.07   518   .10    28 -9999 -9999
-1422  74077 384750  1.21  5.90 15.12  8.37  1.41   .85   393  -.07     8 -9999 -9999
 1422  74077 384750  1.90  5.02 15.12  8.40  1.40   .84   389  -.09     7 -9999 -9999
 1422  74077 384750  2.87  4.09 15.10  8.36  1.41   .85   394  -.07     9 -9999 -9999
 1422  74077 384750  4.04  2.89 15.11  8.41  1.38   .83   382  -.09    12 -9999 -9999
 1422  74077 384750  4.96  1.99 15.11  8.31  1.38   .83   382  -.09    10 -9999 -9999
 1422  74077 384750  6.04   .84 15.11  8.36  1.41   .85   393  -.08     8 -9999 -9999
