# m.s. 'ARGUS'                            
# 10 Jul 1992 09:50:42                                        
# PROJECTCODE: ZTSO                                           
# OPDRACHTGEVER: RIZA                                         
# MEETGEBIED: VOLKERAK/ZOOMMEER                               
# STARTPUNT: OUD VOSSEMEER                                    
# EINDPUNT: KREEKRAK                                          
* 19920710
$ 9999 [0002222022002]
> TIJD
> X-COORD
> Y-COORD
>SENSHTE Diepte set      m
>Echms   Echo set        mtrs
>Temp    Temperatuur     Gr.C
>O2      Zuurst.NSWcomp. mg/l  
>O2%     Zuurstof Verz.  Proc  
>GELBH   Geleidendheid   mS/cm
>SALNTT  Saliniteit      Prom
>CL-     Chloride        mg
>      76.0 Partech Troeblh FTU   
>      78.0 Extinktie       V     
-951 72822 400016 1.06 7.14 20.71 8.29 93 1.08 .54 226 2 9.72
 951 72822 400017 2.03 6.31 20.71 8.26 93 1.23 .63 273 2 8.51
 951 72824 400020 3.01 5.28 20.69 8.24 93 1.23 .63 273 1 7.40
 952 72826 400022 4.04 4.01 20.70 8.23 93 1.24 .64 279 1 6.27
 952 72827 400025 5.01 2.86 20.69 8.23 92 1.22 .63 273 2 5.21
 952 72829 400028 5.99 2.76 20.69 8.20 92 1.22 .63 273 2 4.13
 953 72831 400030 6.91 1.80 20.66 8.20 92 1.22 .63 272 2 3.04
 953 72834 400033 8.03 .73 20.67 8.20 92 1.22 .63 272 2 1.74
-1016 74985 395026 1.06 7.31 20.81 9999 9999 1.28 .66 288 2 9.87
 1017 74983 395015 1.98 6.41 20.82 9999 9999 1.28 .66 287 2 8.47
 1017 74981 395007 3.02 5.16 20.84 9999 9999 1.28 .66 287 2 7.22
 1017 74980 395002 4.04 4.06 20.82 9999 9999 1.25 .64 281 3 6.07
 1017 74978 394997 5.01 3.05 20.82 9999 9999 1.28 .66 287 2 5.05
 1018 74976 394993 5.89 2.22 20.74 9999 9999 1.28 .66 287 3 4.12
 1018 74974 394988 6.91 1.27 20.81 9999 9999 1.28 .66 286 3 2.96
 1018 74970 394982 7.94 .51 20.81 9999 9999 1.26 .65 283 2 1.70
-1207 73922 392148 1.11 6.14 20.71 9999 9999 1.31 .68 298 2 8.79
 1207 73921 392144 2.09 4.79 20.73 9999 9999 1.29 .66 289 2 7.58
 1208 73921 392135 2.97 3.99 20.73 9999 9999 1.31 .68 298 2 6.46
 1208 73921 392131 4.04 2.71 20.71 9999 9999 1.31 .68 298 3 5.24
 1208 73921 392126 4.96 1.81 20.69 9999 9999 1.34 .70 308 3 4.16
 1208 73921 392123 5.94 .78 20.71 9999 9999 1.28 .66 288 2 3.02
-1251 71492 392068 .91 19.58 20.13 9999 9999 1.60 .86 402 5 8.60
 1251 71493 392069 2.13 18.28 20.13 9999 9999 1.60 .86 401 5 6.77
 1251 71493 392069 3.06 17.31 20.13 9999 9999 1.63 .88 411 5 4.80
 1251 71493 392068 4.13 16.18 20.13 9999 9999 1.60 .86 401 5 3.48
 1252 71492 392068 5.06 15.35 19.99 9999 9999 1.62 .88 412 4 2.60
 1252 71492 392067 5.93 14.27 20.04 9999 9999 1.62 .88 411 4 1.25
 1252 71492 392066 6.96 13.17 19.98 9999 9999 1.62 .88 412 3 -.30
 1252 71491 392064 7.88 12.17 19.89 9999 9999 2.45 1.39 704 3 -3.96
 1252 71491 392063 8.90 11.07 19.75 9999 9999 4.41 2.62 1378 1 -5.99
 1253 71491 392063 9.88 10.01 19.21 9999 9999 5.13 3.12 1729 2 -6.02
 1253 71490 392062 11.05 8.87 18.85 9999 9999 5.24 3.22 1786 2 -6.05
 1253 71489 392062 11.88 8.11 18.23 9999 9999 5.65 3.54 1963 2 -6.08
 1253 71487 392062 12.86 7.16 17.78 9999 9999 5.62 3.56 1974 2 -6.10
 1253 71483 392063 13.84 6.25 17.11 9999 9999 5.50 3.54 1964 3 -6.13
 1254 71479 392065 14.96 4.54 16.14 9999 9999 5.48 3.61 2001 4 -6.16
 1254 71471 392068 15.94 3.18 14.98 9999 9999 5.65 3.84 2130 5 -6.19
 1254 71464 392072 16.77 1.95 14.08 9999 9999 6.20 4.34 2408 5 -6.19
 1255 71452 392079 17.95 .97 13.13 9999 9999 21.46 17.08 9573 36 -6.22
-1241 72158 391774 1.01 18.48 20.35 9999 9999 1.51 .81 369 6 8.30
 1241 72158 391775 2.08 17.16 20.35 9999 9999 1.51 .80 369 9 6.31
 1241 72158 391775 3.06 16.23 20.40 9999 9999 1.51 .80 368 7 4.48
 1241 72158 391775 3.98 15.13 20.35 9999 9999 1.51 .80 368 7 2.98
 1241 72158 391776 4.92 14.27 20.35 9999 9999 1.54 .82 378 6 .29
 1242 72158 391775 6.03 13.00 19.98 9999 9999 2.14 1.19 592 4 -1.07
 1242 72158 391775 7.15 11.75 19.73 9999 9999 2.91 1.68 852 3 -4.63
 1242 72159 391774 8.07 10.80 19.85 9999 9999 1.79 .99 473 2 -4.65
 1242 72160 391773 9.05 9.87 19.85 9999 9999 3.60 2.11 1090 3 -4.66
 1243 72160 391772 9.98 8.96 19.14 9999 9999 4.98 3.03 1679 2 -4.68
 1243 72160 391772 10.95 8.28 18.52 9999 9999 5.07 3.14 1737 1 -4.71
 1243 72160 391770 11.93 7.43 17.84 9999 9999 4.70 2.94 1627 2 -4.72
 1243 72160 391770 12.96 6.43 16.77 9999 9999 4.65 2.98 1651 2 -4.76
 1244 72162 391768 13.89 5.59 16.62 9999 9999 5.45 3.54 1965 3 -4.78
 1244 72162 391768 15.01 4.40 16.41 9999 9999 5.36 3.50 1942 3 -4.80
 1244 72161 391768 15.79 3.49 15.78 9999 9999 5.39 3.58 1985 3 -4.83
 1244 72161 391767 17.07 2.25 14.97 9999 9999 5.71 3.89 2156 9 -4.84
 1245 72161 391766 17.90 1.42 14.02 9999 9999 6.63 4.67 2595 15 -4.87
 1245 72163 391765 19.14 .28 13.21 9999 9999 12.29 9.28 5170 19 -4.88
-1230 72701 390993 .96 19.73 20.49 9999 9999 1.54 .82 378 7 8.90
 1230 72698 390998 2.08 18.58 20.45 9999 9999 1.54 .82 378 7 6.82
 1231 72696 391002 3.21 17.21 20.45 9999 9999 1.54 .82 378 6 4.64
 1231 72695 391005 3.98 16.21 20.45 9999 9999 1.57 .84 388 7 3.36
 1231 72694 391007 4.96 24.20 20.44 9999 9999 1.57 .84 388 6 1.80
 1231 72694 391009 6.03 13.81 20.43 9999 9999 1.57 .84 388 6 .85
 1232 72695 391013 7.05 12.56 20.36 9999 9999 1.59 .85 398 1 -1.55
 1232 72697 391016 7.93 17.81 20.07 9999 9999 1.91 1.05 510 1 -2.44
 1232 72697 391017 9.00 10.26 19.74 9999 9999 2.60 1.49 742 0 -3.60
 1232 72700 391020 9.98 9.04 18.97 9999 9999 3.34 1.99 1022 2 -7.48
 1232 72701 391022 11.01 7.77 18.08 9999 9999 4.29 2.65 1394 3 -7.37
 1233 72703 391024 11.89 6.65 17.48 9999 9999 4.50 2.83 1492 2 -7.26
 1233 72704 391026 12.86 5.45 16.84 9999 9999 4.53 2.89 1603 3 -7.15
 1233 72704 391026 13.79 4.37 15.89 9999 9999 4.67 3.06 1698 3 -7.04
 1233 72704 391024 15.01 3.27 15.41 9999 9999 4.76 3.16 1753 3 -6.93
 1233 72703 391022 15.84 2.54 15.12 9999 9999 4.70 3.14 1743 3 -6.81
 1234 72703 391020 16.91 1.63 14.81 9999 9999 4.90 3.31 1838 3 -6.67
 1234 72702 391014 17.84 1.27 14.40 9999 9999 4.99 3.41 1892 3 -6.34
-1220 73988 390394 1.02 5.43 20.61 11.92 134 1.55 .83 381 8 8.49
 1220 73987 390400 2.09 4.38 20.61 11.90 134 1.57 .84 388 8 6.54
 1221 73987 390404 3.11 3.35 20.61 11.85 133 1.54 .82 377 8 4.91
 1221 73977 390405 4.04 2.57 20.61 11.84 133 1.54 .82 377 8 3.31
 1221 73965 390404 5.01 1.44 20.61 11.83 133 1.57 .84 387 8 1.76
 1222 73957 390401 6.18 .29 20.61 11.47 129 1.54 .82 376 8 -.07
-1322 74430 387797 1.02 16.04 20.71 10.95 123 1.60 .85 397 11 8.83
 1322 74432 387793 2.09 14.57 20.71 10.94 123 1.57 .84 387 12 6.29
 1323 74434 387790 3.06 13.38 20.70 10.89 123 1.60 .85 396 12 4.26
 1323 74432 387788 3.99 11.88 20.71 10.85 122 1.60 .85 396 11 2.29
 1324 74426 387788 5.01 9.59 20.68 10.86 122 1.60 .85 396 11 .37
 1324 74422 387793 6.04 9.24 20.68 10.85 122 1.63 .87 405 12 -2.91
 1324 74417 387797 6.91 8.68 20.68 10.82 122 1.59 .85 394 12 -7.25
 1325 74416 387801 7.89 8.48 20.66 10.80 121 1.68 .90 424 11 -7.23
 1325 74415 387806 8.91 9.09 20.66 10.77 121 1.62 .87 404 12 -7.24
 1325 74416 387811 9.84 8.58 20.66 10.77 121 1.62 .86 403 12 -7.24
 1326 74418 387814 11.01 8.11 20.13 7.77 87 2.05 1.14 560 9 -7.23
 1327 74417 387822 11.89 7.40 19.70 6.82 76 2.77 1.60 804 8 -7.21
 1327 74417 387828 12.92 5.96 18.98 4.16 46 3.90 2.34 1220 9 -7.15
 1328 74412 387834 13.94 5.74 18.22 2.29 25 4.90 3.05 1688 8 -7.02
 1329 74396 387831 14.82 4.20 17.62 .93 10 5.56 3.54 1962 7 -7.09
 1330 74399 387824 15.80 3.35 17.49 .72 8 6.00 3.85 2132 7 -7.07
 1330 74404 387822 16.92 50.03 17.36 .53 6 6.08 3.92 2172 6 -7.06
 1331 74409 387820 17.94 .90 17.20 .34 4 6.14 3.97 2203 6 -7.06
-1342 74531 385502 1.12 5.43 20.66 9999 9999 1.69 .91 427 12 8.46
 1342 74531 385500 2.14 4.26 20.68 9999 9999 1.69 .90 426 13 5.49
 1342 74531 385498 3.07 3.21 20.68 9999 9999 1.69 .90 426 12 3.80
 1342 74531 385495 4.04 2.15 20.68 9999 9999 1.74 .94 445 12 1.67
 1342 74530 385493 5.02 .98 20.68 9999 9999 1.67 .90 421 12 -.83
-1357 74111 384607 1.07 5.43 20.60 9999 9999 1.60 .86 398 12 8.51
 1358 74113 384606 2.19 4.45 20.59 9999 9999 1.60 .86 398 13 5.74
 1358 74114 384609 3.12 3.35 20.61 9999 9999 1.63 .87 407 14 3.72
 1358 74115 384614 3.99 2.52 20.61 9999 9999 1.63 .87 407 13 1.68
 1358 74115 384621 4.97 1.42 20.59 9999 9999 1.63 .87 407 13 -1.03
 1358 74114 384627 5.83 .53 20.61 9999 9999 1.59 .85 394 21 -6.68
