# M.S. 'ARGUS'                  
# 18-01-1996 08:05:41
# PROJECTCODE: E7608X
# OPDRACHTGEVER: AXW  
# MEETGEBIED: Volkerak/Zoommeer 
# STARTPUNT: Krammer sluis       
# EINDPUNT: Kreekrak sluis
* 19960118
$-9999 [0002222220220]
> TIJD
> X-COORD
> Y-COORD
>SENSHTE Diepte set      m
>Echms   Echo set        mtrs
>Temp    Temperatuur     Gr.C
>pH      Zuurgraad       s.e.
>GELBH   Geleidendheid   mS/cm
>SALNTT  Saliniteit      Prom
>CL-     Chloride        mg
>DICHT   Dichtheid       Gr.
>      79.5 Flur ME         fgr   
>      76.0 Mex 3001        %     
-1149  72826 400017  1.02  0.44  1.88  8.40  0.92  0.78   349  0.78  1.70     9
 1150  72832 400012  2.04  3.45  1.85  8.41  0.92  0.78   349  0.78  1.75    10
 1150  72838 400011  3.04  2.83  1.89  8.40  0.92  0.78   348  0.78  1.75     9
 1151  72852 400007  4.05  3.26  1.89  8.40  0.92  0.78   348  0.78  1.71    11
 1152  72858 400009  5.02  2.61  1.88  8.39  0.92  0.78   349  0.78  1.70     9
 1152  72866 400012  5.98  1.92  1.88  8.39  0.92  0.78   349  0.78  1.74    11
 1152  72871 400012  7.00  0.94  1.88  8.39  0.92  0.78   349  0.78  1.80    11
-1221  74936 394995  1.04  6.76  2.18  8.35  0.92  0.78   348  0.79  1.70    13
 1221  74933 394987  1.90  6.02  2.18  8.34  0.92  0.78   348  0.79  1.71     8
 1221  74933 394985  2.88  5.03  2.18  8.34  0.92  0.78   347  0.78  1.74    12
 1222  74932 394983  3.93  3.93  2.19  8.34  0.92  0.78   348  0.79  1.71    11
 1222  74932 394981  4.92  2.97  2.19  8.33  0.92  0.78   347  0.78  1.71    10
 1222  74931 394980  5.85  1.87  2.19  8.33  0.92  0.78   348  0.79  1.66    10
 1222  74931 394980  6.91  0.82  2.19  8.32  0.92  0.78   347  0.78  1.75     9
-1236  73927 392139  1.05  5.88  2.27  8.32  1.09  0.94   436  0.91  2.15     9
 1236  73928 392138  1.95  4.98  2.28  8.31  1.09  0.94   435  0.91  2.21    10
 1236  73939 392129  2.84  3.89  2.28  8.31  1.09  0.93   435  0.91  2.28    11
 1236  73941 392128  3.84  2.85  2.27  8.31  1.09  0.94   435  0.91  2.19    11
 1236  73943 392126  4.87  1.80  2.27  8.30  1.09  0.94   435  0.91  2.16    13
 1236  73944 392124  5.84  0.83  2.28  8.30  1.09  0.94   436  0.91  2.16     9
-1432  71513 392049  0.86  0.40  1.66  8.36  1.15  1.01   478  0.96  3.55     9
 1433  71513 392049  1.90 17.98  1.66  8.36  1.15  1.01   478  0.96  3.50     8
 1433  71493 392062  2.88 17.02  1.66  8.35  1.15  1.01   478  0.96  3.61    10
 1433  71488 392064  3.90 15.86  1.66  8.35  1.15  1.01   477  0.96  3.59     8
 1433  71484 392065  4.92 14.48  1.67  8.35  1.15  1.01   479  0.96  3.48     6
 1433  71480 392067  5.83 13.65  1.66  8.34  1.15  1.01   478  0.96  3.46     7
 1433  71476 392068  6.86 12.56  1.68  8.34  1.15  1.01   479  0.96  3.34     9
 1434  71472 392068  7.85 11.42  1.69  8.34  1.15  1.02   480  0.96  3.16    10
 1434  71469 392068  8.84 10.15  1.69  8.33  1.15  1.02   480  0.96  3.05     8
 1434  71466 392068  9.84  8.98  1.69  8.34  1.16  1.02   481  0.96  2.98    12
 1434  71463 392068 10.84  7.76  1.69  8.33  1.16  1.02   481  0.96  2.86     7
 1434  71461 392068 11.91  6.69  1.69  8.33  1.16  1.02   481  0.96  2.84     7
 1434  71466 392067 12.86  5.82  1.69  8.34  1.16  1.02   481  0.96  2.92     9
 1434  71468 392066 13.85  5.05  1.70  8.33  1.16  1.02   482  0.96  2.86    10
 1434  71468 392066 14.87  4.20  1.70  8.34  1.16  1.02   483  0.96  2.88     9
 1435  71475 392063 15.85  3.16  1.73  8.33  1.17  1.03   487  0.97  2.74     8
 1435  71477 392062 16.88  2.00  1.77  8.26  1.50  1.35   669  1.23  2.27    10
 1435  71480 392061 17.85  0.89  2.10  8.08  2.24  2.06  1044  1.79  2.04     5
-1424  72177 391758  1.00 18.82  1.71  8.36  1.16  1.02   482  0.96  3.07     8
 1424  72178 391772  1.86 17.92  1.71  8.35  1.16  1.02   482  0.96  3.00     6
 1424  72179 391778  2.85 16.86  1.71  8.35  1.16  1.02   482  0.96  3.03     6
 1425  72178 391783  3.83 15.83  1.71  8.34  1.16  1.02   482  0.96  3.04     6
 1425  72178 391787  4.90 14.24  1.72  8.34  1.16  1.02   483  0.97  3.06     5
 1425  72176 391791  5.86 12.78  1.74  8.34  1.16  1.02   482  0.96  2.97     8
 1425  72175 391795  6.89 11.20  1.75  8.33  1.16  1.02   481  0.96  2.96     7
 1425  72173 391799  7.86  9.86  1.77  8.33  1.16  1.02   481  0.96  2.92     6
 1425  72172 391802  8.86  7.88  1.76  8.33  1.16  1.02   481  0.96  2.93     7
 1425  72172 391805  9.85  5.61  1.76  8.33  1.16  1.02   480  0.96  2.96     6
 1426  72191 391779 10.91  7.32  1.75  8.34  1.16  1.02   482  0.96  2.91     8
 1426  72191 391774 11.85  6.58  1.75  8.34  1.16  1.02   484  0.97  2.85     7
 1427  72190 391770 12.85  5.74  1.75  8.33  1.16  1.02   483  0.97  2.71     7
 1427  72189 391766 13.90  5.23  1.75  8.33  1.16  1.02   485  0.97  2.49     9
 1427  72188 391761 14.84  4.62  1.76  8.32  1.17  1.03   489  0.97  2.24     7
 1427  72187 391758 15.84  3.49  1.77  8.31  1.22  1.08   514  1.01  2.05     9
 1427  72186 391754 16.87  2.37  1.84  8.26  1.47  1.32   652  1.21  1.88     8
 1427  72186 391753 17.83  1.36  2.05  7.87  1.75  1.58   780  1.41  1.91    12
 1428  72188 391744 18.81 63.18  2.30  7.61  2.13  1.94   978  1.70  1.86    12
-1416  72718 390996  0.95 18.24  1.73  8.35  1.17  1.03   486  0.97  2.58     8
 1417  72704 390993  1.90 17.65  1.73  8.34  1.17  1.03   486  0.97  2.60     8
 1417  72699 390991  2.86 16.72  1.73  8.34  1.17  1.03   486  0.97  2.61     7
 1417  72694 390989  3.88 15.77  1.73  8.34  1.17  1.03   486  0.97  2.64     7
 1417  72690 390989  4.85 14.78  1.73  8.34  1.16  1.02   485  0.97  2.61     7
 1417  72687 390988  5.88 13.70  1.73  8.33  1.16  1.02   484  0.97  2.57     9
 1417  72684 390987  6.87 12.48  1.73  8.33  1.16  1.02   485  0.97  2.58     7
 1417  72681 390988  7.84 11.54  1.73  8.34  1.16  1.02   485  0.97  2.58     5
 1417  72681 390988  8.87 10.34  1.73  8.33  1.16  1.02   485  0.97  2.58     5
 1418  72675 390991  9.87  9.10  1.73  8.33  1.16  1.02   485  0.97  2.60     8
 1418  72674 390993 10.89  8.00  1.73  8.33  1.16  1.02   485  0.97  2.52     7
 1418  72672 390994 11.85  7.10  1.73  8.33  1.16  1.02   485  0.97  2.54     7
 1418  72672 390994 12.92  5.82  1.73  8.33  1.17  1.03   486  0.97  2.55     9
 1418  72669 390996 13.85  4.80  1.74  8.33  1.16  1.02   485  0.97  2.57     9
 1418  72668 390997 14.87  3.69  1.73  8.33  1.16  1.02   485  0.97  2.53     7
 1418  72667 390998 15.84  2.63  1.74  8.33  1.16  1.02   485  0.97  2.53    12
 1418  72666 390999 16.85  1.55  1.75  8.32  1.17  1.03   486  0.97  2.43     9
 1419  72666 391000 17.82  0.39  1.76  8.32  1.18  1.04   493  0.98  2.25     6
-1247  74024 390397  1.06  0.31  1.79  8.33  1.17  1.03   487  0.97  2.38     7
 1248  74025 390382  2.02  4.64  1.79  8.33  1.17  1.03   487  0.97  2.42     9
 1248  74025 390373  3.01  3.62  1.79  8.33  1.17  1.03   487  0.97  2.44    11
 1248  74025 390368  4.05  2.55  1.80  8.32  1.17  1.03   487  0.97  2.49    12
 1249  74025 390367  4.96  1.68  1.80  8.32  1.17  1.03   487  0.97  2.47    10
 1249  74023 390367  6.02  0.50  1.80  8.33  1.17  1.03   487  0.97  2.52    13
-1301  74410 387820  1.00  0.39  1.93  8.34  1.20  1.05   501  1.00  2.49     7
 1302  74418 387804  2.06 16.15  1.93  8.35  1.20  1.05   502  1.00  2.51    10
 1302  74427 387801  3.05 14.67  1.93  8.35  1.20  1.06   502  1.00  2.45    10
 1303  74433 387800  4.00 14.23  1.93  8.35  1.20  1.06   502  1.00  2.52     9
 1303  74435 387801  4.95 13.30  1.93  8.33  1.20  1.06   502  1.00  2.48     9
 1304  74435 387801  5.99 12.33  1.93  8.34  1.20  1.06   502  1.00  2.49    10
 1304  74435 387802  6.98 11.43  1.93  8.34  1.20  1.06   502  1.00  2.48    11
 1304  74434 387804  8.08 10.45  1.94  8.34  1.20  1.06   502  1.00  2.44     9
 1305  74435 387806  9.02  9.80  1.94  8.34  1.20  1.06   503  1.00  2.42    11
 1306  74436 387810  9.99  8.82  1.97  8.34  1.21  1.06   504  1.00  2.37     9
 1306  74436 387812 11.00  7.91  1.97  8.33  1.21  1.06   505  1.00  2.34    11
 1307  74436 387816 12.00  7.14  2.16  8.33  1.26  1.10   530  1.04  2.13     9
 1308  74440 387816 12.99  5.96  2.32  8.32  1.46  1.29   635  1.19  1.82    14
 1310  74451 387794 14.00  3.13  2.33  8.33  1.51  1.33   659  1.22  1.91    11
 1311  74444 387798 14.98  2.80  2.42  8.31  1.61  1.43   714  1.30  1.90    14
 1312  74434 387809 15.99  2.71  2.64  8.29  1.91  1.70   849  1.52  1.96    17
 1314  74424 387829 17.04  2.13  2.75  8.28  2.04  1.82   915  1.62  2.34    24
 1316  74422 387828 18.01  1.04  2.83  8.29  2.11  1.89   952  1.67  3.54    43
 1317  74426 387825 18.94 66.85  2.85  8.30  2.07  1.85   928  1.64 14.39    99
-1329  74510 385526  0.98  5.73  2.11  8.36  1.22  1.07   509  1.01  2.36    11
 1329  74514 385521  1.86  4.92  2.11  8.36  1.22  1.07   509  1.01  2.35    13
 1329  74518 385518  2.85  3.90  2.11  8.35  1.22  1.07   509  1.01  2.37    12
 1329  74520 385516  3.86  2.86  2.11  8.35  1.22  1.07   509  1.01  2.35    12
 1329  74523 385513  4.87  1.81  2.11  8.34  1.22  1.07   509  1.01  2.38    12
 1329  74525 385510  5.85  0.65  2.11  8.34  1.22  1.07   509  1.01  2.40    11
-1345  74119 384645  0.94  0.24  2.08  8.35  1.22  1.07   509  1.01  2.88    11
 1345  74118 384629  1.85  0.39  2.08  8.35  1.22  1.07   509  1.01  2.87     4
 1345  74117 384623  2.83  3.83  2.08  8.34  1.22  1.07   509  1.01  2.95     6
 1345  74118 384618  3.85  2.75  2.08  8.35  1.22  1.07   509  1.01  2.89     6
 1345  74119 384614  4.85  1.73  2.08  8.35  1.22  1.07   509  1.01  2.89     9
 1346  74120 384608  5.86  0.58  2.10  8.34  1.22  1.07   511  1.01  2.83    10
