# M.S. 'ARGUS'
# 11-05-1994 05:56:40
# PROJECTCODE: ZTSO
# OPDRACHTGEVER: RIZA
# MEETGEBIED: Volkzoom
# STARTPUNT: ph.dam mp.13
# EINDPUNT: Volkerak/Zoommeer
* 19940511
$ 9999 [0002222220220222]
> TIJD
> X-COORD
> Y-COORD
>SENSHTE Diepte set      m
>Echms   Echo set        mtrs
>Echo    Echo schip      mtrs
>Temp    Temperatuur     Gr.C
>pH      Zuurgraad       s.e.
>O2      Zuurstof        mg/l
>O2%     Zuurstof Verz.  %
>GELBH   Geleidendheid   mS/cm
>SALNTT  Saliniteit      Prom
>CL-     Chloride        mg
>DICHT   Dichtheid       Gr.
>      79.5 Flur ME         ugr
>      79.7 Diafragma ME    V
-1015 72910 400027 1.04 8.47 9.30 13.91 8.05 9.56 93 1.00 0.60 255 -0.09 3.38 0
 1016 72914 400026 2.06 7.61 7.60 13.91 8.05 9.56 93 1.00 0.60 255 -0.09 3.47 0
 1016 72916 400026 3.03 6.63 8.20 13.90 8.06 9.57 93 1.00 0.60 255 -0.09 3.50 0
 1016 72918 400027 4.05 5.63 8.21 13.89 8.06 9.57 93 1.00 0.60 255 -0.09 3.44 0
 1016 72919 400027 5.02 4.48 8.49 13.89 8.06 9.58 93 1.00 0.60 255 -0.09 3.44 0
 1017 72920 400028 5.98 3.30 8.01 13.88 8.06 9.59 94 1.00 0.60 255 -0.09 3.54 0
 1017 72921 400027 6.97 2.30 8.01 13.86 8.06 9.60 94 1.00 0.60 255 -0.09 3.40 0
 1018 72921 400026 7.95 1.31 8.61 13.86 8.06 9.60 94 1.00 0.60 255 -0.09 3.42 0
 1018 72920 400025 8.93 0.43 8.40 13.86 8.06 9.61 94 1.00 0.60 255 -0.09 3.40 0
-1043 74974 394988 1.02 0.52 8.42 14.14 8.00 9.31 91 0.96 0.57 238 -0.15 3.12 0
 1043 74977 394980 2.07 0.39 5.04 14.11 8.00 9.32 91 0.96 0.57 238 -0.14 3.12 0
 1044 74977 394975 3.07 4.79 9.29 14.13 8.00 9.31 91 0.96 0.57 238 -0.15 3.14 0
 1044 74975 394969 4.01 3.98 9.58 14.09 8.01 9.31 91 0.96 0.57 238 -0.14 3.11 0
 1044 74969 394955 5.04 3.48 10.02 14.08 8.00 9.30 91 0.96 0.57 239 -0.14 3.04 0
 1045 74965 394950 6.07 2.41 10.02 14.07 8.00 9.31 91 0.96 0.57 239 -0.14 3.10 0
 1045 74963 394945 7.10 1.63 10.13 14.12 8.00 9.30 91 0.97 0.57 239 -0.15 3.07 0
 1046 74961 394940 8.07 0.92 10.21 14.10 8.00 9.32 91 0.96 0.57 239 -0.14 3.04 0
-1139 73938 392114 1.00 6.03 7.02 13.78 8.26 9.82 96 1.15 0.70 309 0.00 2.98 0
 1139 73944 392112 2.06 4.88 6.92 13.79 8.27 9.82 96 1.15 0.70 309 0.00 3.01 0
 1139 73946 392112 3.08 3.86 6.92 13.76 8.27 9.85 96 1.15 0.70 309 0.01 3.02 0
 1140 73950 392114 4.03 2.62 6.92 13.75 8.27 9.86 96 1.15 0.70 309 0.01 3.08 0
 1140 73953 392116 5.03 1.63 6.91 13.74 8.27 9.88 96 1.15 0.70 309 0.01 3.09 0
 1140 73956 392119 6.00 0.84 6.91 13.73 8.27 9.89 96 1.15 0.70 309 0.01 3.00 0
-1234 71500 392079 0.96 18.48 20.16 14.55 8.28 9.64 95 1.16 0.69 306 -0.11 2.60 0
 1234 71493 392076 1.90 16.44 19.41 14.53 8.29 9.66 96 1.16 0.69 307 -0.11 2.56 0
 1235 71476 392067 3.00 15.25 19.22 14.48 8.30 9.70 96 1.16 0.70 308 -0.10 2.61 0
 1235 71469 392060 4.02 14.25 18.91 14.47 8.31 9.72 96 1.17 0.70 309 -0.10 2.59 0
 1236 71463 392054 5.08 13.35 19.02 14.44 8.32 9.77 97 1.17 0.70 311 -0.09 2.62 0
 1236 71461 392047 6.08 12.70 19.32 14.45 8.33 9.83 97 1.17 0.70 311 -0.09 3.51 0
 1236 71461 392040 7.07 11.91 19.32 14.44 8.33 9.87 97 1.17 0.70 312 -0.09 2.52 0
 1237 71462 392029 8.01 11.09 19.49 14.30 8.34 9.98 98 1.17 0.71 313 -0.06 2.49 0
 1237 71464 392024 8.99 10.01 19.44 14.14 8.32 10.06 99 1.17 0.70 312 -0.04 2.49 0
 1238 71471 392009 10.00 8.76 19.31 13.98 8.30 9.86 96 1.16 0.71 313 -0.02 2.47 0
 1239 71473 392006 11.03 7.25 19.02 13.60 8.31 10.01 97 1.18 0.72 322 0.05 2.49 0
 1239 71478 392007 11.99 70.05 19.12 13.05 8.28 10.13 97 1.25 0.78 356 0.17 2.55 0
 1240 71498 392018 13.02 6.52 19.86 12.07 8.20 9.53 89 1.53 1.02 487 0.46 2.62 0
 1241 71501 392021 14.03 5.47 19.61 11.80 8.20 9.56 89 1.62 1.08 527 0.55 2.64 0
 1241 71509 392030 15.01 4.68 20.16 11.70 8.21 9.37 87 1.89 1.29 643 0.72 2.64 0
 1242 71513 392033 16.00 3.44 20.26 11.42 8.20 9.43 87 1.98 1.37 688 0.81 2.72 0
 1242 71521 392030 16.96 2.84 20.75 10.94 8.18 8.76 80 2.11 1.49 754 0.95 2.79 0
-1217 72171 391765 1.10 18.78 19.59 14.32 8.27 9.68 95 1.15 0.69 305 -0.08 2.61 0
 1217 72177 391768 2.03 17.24 19.61 14.28 8.28 9.70 95 1.15 0.69 305 -0.07 2.73 0
 1218 72177 391770 3.04 16.19 19.61 14.30 8.29 9.70 95 1.15 0.69 305 -0.08 2.78 0
 1219 72173 391768 4.01 15.82 19.51 14.10 8.29 9.79 96 1.15 0.69 307 -0.04 2.71 0
 1219 72171 391766 5.03 14.84 19.52 14.02 8.29 9.82 96 1.15 0.69 307 -0.03 2.63 0
 1220 72172 391763 6.03 13.70 19.71 14.01 8.30 9.82 96 1.15 0.70 307 -0.03 2.57 0
 1220 72174 391761 7.07 12.59 19.62 13.95 8.30 9.85 96 1.15 0.70 308 -0.02 2.50 0
 1220 72174 391759 8.05 11.65 19.60 13.80 8.31 9.93 97 1.16 0.70 311 0.00 2.51 0
 1220 72171 391747 9.00 10.69 19.21 13.51 8.31 9.93 96 1.16 0.71 317 0.05 2.44 0
 1221 72169 391740 10.00 9.70 19.42 12.99 8.28 10.07 96 1.20 0.75 337 0.15 2.53 0
 1222 72165 391729 11.00 8.50 19.32 12.79 8.26 9.73 93 1.20 0.76 341 0.18 2.52 0
 1223 72164 391727 12.01 7.52 19.31 12.17 8.23 9.96 94 1.23 0.79 359 0.28 2.55 0
 1223 72162 391725 13.00 6.42 19.32 12.20 8.23 9.54 90 1.46 0.96 456 0.41 2.60 0
 1224 72161 391726 13.99 5.40 19.41 11.10 8.21 10.03 92 1.48 1.00 478 0.56 2.63 0
 1224 72160 391741 15.03 4.51 19.61 10.61 8.20 9.06 82 1.50 1.03 494 0.63 2.80 0
 1226 72161 391762 16.01 3.78 19.70 10.28 8.16 7.52 68 1.64 1.15 564 0.76 2.96 0
 1227 72163 391777 16.99 3.16 19.71 9.92 8.12 6.63 59 1.99 1.43 723 1.01 3.05 0
 1228 72170 391788 17.78 0.24 19.12 9.68 8.06 5.14 46 2.24 1.64 824 1.19 3.27 0
-1159 72694 390980 0.97 0.42 19.53 14.18 8.29 9.84 97 1.16 0.70 308 -0.06 2.75 0
 1160 72689 390984 2.03 16.61 19.30 14.05 8.28 9.91 97 1.15 0.69 306 -0.04 2.82 0
 1200 72685 390985 3.00 15.59 19.31 14.04 8.29 9.89 97 1.15 0.70 307 -0.04 2.87 0
 1200 72684 390984 4.01 14.74 19.32 14.14 8.29 9.87 97 1.15 0.69 307 -0.05 2.81 0
 1201 72688 390982 5.00 13.71 19.31 14.13 8.29 9.88 97 1.15 0.70 307 -0.05 2.90 0
 1201 72692 390979 6.02 12.87 19.42 13.92 8.30 9.97 97 1.15 0.70 307 -0.02 2.87 0
 1202 72693 390977 7.01 11.96 19.51 13.45 8.31 10.15 98 1.16 0.71 316 0.06 2.58 0
 1202 72697 390975 8.03 10.96 19.41 12.90 8.28 9.97 95 1.18 0.74 332 0.15 2.52 0
 1203 72696 390977 9.03 9.97 19.51 12.75 8.28 9.92 94 1.18 0.74 332 0.17 2.52 0
 1203 72696 390980 9.99 8.95 19.44 12.34 8.24 9.94 94 1.19 0.76 342 0.24 2.53 0
 1204 72695 390982 11.08 7.82 19.41 11.78 8.22 10.03 93 1.24 0.80 368 0.34 2.61 0
 1204 72689 390993 12.09 6.46 19.21 11.47 8.21 9.45 87 1.28 0.84 390 0.40 2.66 0
 1205 72686 390998 13.05 5.27 19.01 10.70 8.11 9.57 87 1.35 0.91 429 0.54 2.84 0
 1205 72685 391016 14.05 2.19 18.04 10.41 8.09 7.84 71 1.39 0.95 449 0.59 2.90 0
 1207 72696 391012 14.79 0.73 18.63 10.32 8.04 7.34 66 1.38 0.95 447 0.60 5.79 0
 1208 72708 390997 16.01 2.41 19.01 10.31 8.09 7.74 70 1.38 0.94 446 0.60 2.86 0
 1209 72714 390985 17.00 1.75 19.23 9.96 8.03 6.58 59 1.39 0.97 459 0.65 3.07 0
 1210 72711 390973 17.98 0.91 19.41 9.83 7.98 5.58 50 1.41 0.99 469 0.68 3.17 0
-1149 73973 390383 0.97 5.40 6.81 13.74 8.29 9.81 95 1.17 0.71 318 0.02 3.56 0
 1150 73998 390377 2.02 0.50 6.92 13.76 8.30 9.81 95 1.17 0.71 317 0.02 3.77 0
 1150 74003 390378 3.12 3.42 6.82 13.66 8.30 9.87 96 1.17 0.71 318 0.03 3.76 0
 1151 74003 390382 4.07 2.40 6.92 13.57 8.30 9.88 96 1.17 0.72 318 0.05 3.54 0
 1151 74002 390387 5.06 1.38 6.91 13.53 8.29 9.87 96 1.17 0.72 319 0.05 3.39 0
 1152 74000 390389 6.09 0.32 6.81 13.30 8.28 9.94 96 1.16 0.72 320 0.08 3.07 0
-1308 74407 387819 0.95 15.32 17.72 14.39 8.30 9.67 95 1.30 0.79 363 -0.01 3.74 0
 1308 74416 387811 1.97 14.55 18.42 14.37 8.30 9.67 95 1.30 0.79 363 -0.01 3.61 0
 1308 74432 387803 3.09 14.35 17.94 14.25 8.30 9.70 95 1.30 0.79 363 0.01 3.62 0
 1309 74439 387801 3.99 13.73 18.33 14.11 8.29 9.72 95 1.30 0.79 363 0.03 3.68 0
 1309 74443 387801 5.04 13.07 18.32 14.05 8.28 9.70 95 1.29 0.79 363 0.04 3.58 0
 1310 74446 387801 6.00 12.73 18.62 14.00 8.28 9.68 95 1.29 0.79 363 0.04 3.45 0
 1310 74449 387803 7.00 11.97 18.43 14.00 8.28 9.65 94 1.29 0.79 363 0.04 3.55 0
 1310 74452 387806 8.01 11.23 18.72 13.98 8.27 9.64 94 1.29 0.79 362 0.05 3.48 0
 1310 74453 387809 8.97 10.39 18.62 13.91 8.26 9.65 94 1.29 0.80 365 0.06 3.39 0
 1311 74452 387819 9.98 8.70 19.02 13.88 8.25 9.42 92 1.30 0.80 368 0.07 3.11 0
 1312 74450 387818 11.00 6.94 19.22 13.83 8.23 9.43 92 1.33 0.83 382 0.09 3.09 0
 1312 74450 387802 11.98 7.29 18.43 13.52 8.19 8.35 81 1.80 1.16 573 0.39 2.64 0
 1313 74455 387790 13.02 5.58 17.43 13.19 8.08 7.11 69 2.32 1.55 775 0.73 2.67 0
 1315 74450 387780 13.99 1.63 16.15 13.12 8.05 5.91 57 2.43 1.63 819 0.80 2.71 0
 1317 74457 387809 15.05 73.66 18.63 12.62 7.94 4.78 46 3.20 2.22 1149 1.32 2.75 0
 1318 74448 387818 15.98 1.34 19.02 12.66 8.01 4.27 41 3.50 2.44 1272 1.48 2.75 0
 1319 74448 387809 16.98 2.49 19.12 12.56 7.97 3.78 36 3.64 2.55 1335 1.58 2.85 0
 1320 74454 387800 18.07 0.79 18.24 12.54 7.91 3.34 32 3.63 2.55 1332 1.58 2.92 0
-1334 74578 385394 0.96 0.38 6.91 15.07 8.16 8.80 88 1.34 0.81 370 -0.11 2.53 0
 1334 74587 385384 2.03 0.39 7.12 14.92 8.17 8.76 87 1.34 0.80 369 -0.08 2.63 0
 1334 74591 385381 3.06 2.99 7.30 14.87 8.17 8.75 87 1.34 0.80 370 -0.08 2.64 0
 1335 74593 385381 4.05 1.99 7.50 14.51 8.17 8.84 88 1.32 0.80 369 -0.02 2.73 0
 1335 74596 385384 5.04 1.03 7.51 14.64 8.17 8.74 87 1.33 0.80 369 -0.04 2.87 0
 1336 74595 385387 5.88 0.24 7.52 14.69 8.17 8.75 87 1.33 0.80 369 -0.05 2.75 0
-1352 74126 384691 0.99 5.46 6.80 15.36 8.25 9.07 91 1.37 0.82 378 -0.14 2.81 0
 1352 74137 384680 2.03 4.48 6.71 15.35 8.26 9.09 92 1.37 0.82 377 -0.14 2.76 0
 1353 74143 384676 3.07 3.27 6.61 14.86 8.25 9.27 92 1.36 0.82 378 -0.06 2.88 0
 1353 74146 384676 4.06 2.25 6.81 14.54 8.24 9.27 92 1.34 0.82 377 -0.02 2.90 0
 1353 74141 384694 4.99 1.25 6.72 14.30 8.22 9.07 89 1.34 0.82 376 0.02 2.75 0
 1355 74119 384710 5.96 0.28 6.80 14.10 8.07 8.45 83 1.36 0.84 387 0.06 2.54 0
