# M.C. 'ECOS2'
# 10-10-1996 06:29:57
# PROJECTCODE: E7608X
# OPDRACHTGEVER: AXW
# MEETGEBIED: Volkerak zoommeer
# STARTPUNT: Krammersluis
# EINDPUNT: Kreekraksluis
# TOCHTNR: ZTSO
* 19961010
$ 9999 [00022222202031]
> TIJD
> X-COORD
> Y-COORD
>SENSHTE Diepte set      mtrs
>Echms   Echoset         mtrs
>Temp    Temperatuur     gr.C
>pH      Zuurgraad       s.e.
>GELBH   Geleidendheid   mS/cm
>SALNTT  Saliniteit      Prom
>CL-     Chloride        mg    
>DICHT   Dichtheid       Gr.
>MEX     Trbl. MEX       proc
>FLUME   Flur ME         mg/l
>Ppomp   Druk Pomp       mWk
 -959  72893 399999  1.12 31.80 13.71  8.48   1.11  0.67   293  0.00    27 0.000  9999
  959  72892 399998  2.14 31.81 13.71  8.47   1.10  0.67   292  0.00    27 0.000  9999
  960  72890 399997  3.04 31.85 13.71  8.47   1.10  0.67   292  0.00    27 0.000  9999
 1000  72888 399997  4.13 31.84 13.71  8.47   1.10  0.67   292  0.00    27 0.000  9999
 1000  72885 399999  5.05 31.81 13.71  8.47   1.10  0.67   292  0.00    27 0.000  9999
 1001  72886 399999  6.17 31.80 13.71  8.47   1.10  0.67   292  0.00    27 0.000  9999
 1001  72886 399999  7.17 31.80 13.71  8.47   1.10  0.67   292  0.00    27 0.000  9999
 1001  72885 399999  8.05 31.80 13.71  8.47   1.11  0.67   293  0.00    27 0.000  9999
 1002  72885 399999  9.07 31.75 13.71  8.47   1.10  0.67   292  0.00    27 0.000  9999
-1023  74940 394961  1.05 31.84 13.92  8.50   1.14  0.69   303  0.00    27 0.000  9999
 1023  74940 394961  2.10 32.41 13.92  8.50   1.14  0.69   303  0.00    27 0.000  9999
 1023  74939 394960  3.16 31.93 13.92  8.50   1.14  0.69   302  0.00    26 0.000  9999
 1023  74938 394960  4.04 31.88 13.92  8.50   1.14  0.69   303  0.00    27 0.000  9999
 1023  74938 394959  5.13 31.88 13.92  8.49   1.14  0.69   303  0.00    27 0.000  9999
 1023  74939 394955  6.10 31.85 13.92  8.49   1.14  0.69   303  0.00    27 0.000  9999
 1023  74926 394931  7.06 31.84 13.92  8.49   1.14  0.69   303  0.00    26 0.000  9999
-1035  73918 392146  1.06 31.84 13.84  8.67   1.45  0.91   427  0.15    27 0.000  9999
 1035  73914 392145  2.11 31.86 13.84  8.67   1.45  0.91   428  0.15    27 0.000  9999
 1035  73914 392152  3.10 31.87 13.83  8.68   1.46  0.92   432  0.16    27 0.000  9999
 1035  73915 392151  3.97 31.84 13.82  8.69   1.46  0.92   434  0.16    27 0.000  9999
 1036  73915 392152  5.06 31.87 13.83  8.68   1.46  0.92   433  0.16    27 0.000  9999
 1036  73914 392154  6.04 31.85 13.83  8.68   1.46  0.92   432  0.16    27 0.000  9999
-1101  71478 392033  1.17 31.67 13.66  8.84   1.57  1.00   479  0.25    25 0.000  9999
 1101  71478 392032  2.16 31.67 13.65  8.82   1.58  1.00   481  0.25    25 0.000  9999
 1101  71476 392032  3.10 31.68 13.66  8.82   1.58  1.00   480  0.25    25 0.000  9999
 1101  71475 392031  4.11 31.64 13.65  8.81   1.58  1.00   481  0.25    25 0.000  9999
 1101  71474 392031  5.16 31.66 13.65  8.82   1.58  1.00   480  0.25    25 0.000  9999
 1102  71474 392031  6.08 31.59 13.65  8.82   1.58  1.00   480  0.25    24 0.000  9999
 1102  71473 392031  7.10 31.62 13.66  8.82   1.57  1.00   480  0.25    25 0.000  9999
 1102  71476 392029  8.13 31.64 13.65  8.81   1.58  1.00   480  0.25    25 0.000  9999
 1102  71476 392026  9.03 31.61 13.65  8.81   1.58  1.00   480  0.25    25 0.000  9999
 1102  71477 392027 10.13 31.58 13.64  8.79   1.58  1.00   482  0.25    25 0.000  9999
 1103  71478 392029 11.30 31.61 13.59  8.78   1.59  1.01   485  0.27    25 0.000  9999
 1103  71474 392035 12.04 31.54 13.62  8.74   1.59  1.01   488  0.27    25 0.000  9999
 1103  71476 392035 13.00 31.59 13.62  8.73   1.60  1.02   492  0.27    25 0.000  9999
 1103  71476 392036 14.07 31.63 13.62  8.71   1.61  1.03   495  0.27    24 0.000  9999
 1103  71479 392036 15.03 31.71 13.62  8.70   1.68  1.07   521  0.31    25 0.000  9999
 1103  71480 392036 15.97 31.72 13.63  8.61   1.89  1.22   607  0.42    25 0.000  9999
 1104  71480 392030 17.00 31.72 13.34  7.64   4.22  2.93  1628  1.76    27 0.000  9999
 1104  71480 392032 18.04 31.66 12.42  7.57   6.70  4.93  2739  3.41    35 0.000  9999
-1053  72161 391774  0.98 31.71 13.68  8.82   1.57  0.99   477  0.24    25 0.000  9999
 1053  72163 391776  2.20 31.62 13.69  8.82   1.57  0.99   477  0.24    25 0.000  9999
 1053  72164 391771  3.15 31.69 13.66  8.80   1.57  0.99   476  0.25    25 0.000  9999
 1053  72165 391772  3.97 31.70 13.65  8.80   1.57  0.99   476  0.25    25 0.000  9999
 1054  72166 391773  5.13 31.71 13.63  8.79   1.57  0.99   476  0.25    24 0.000  9999
 1054  72167 391774  5.98 31.68 13.63  8.78   1.56  0.99   476  0.25    25 0.000  9999
 1054  72167 391772  7.26 31.69 13.61  8.78   1.57  1.00   477  0.25    25 0.000  9999
 1054  72167 391772  8.03 31.64 13.62  8.75   1.58  1.00   481  0.26    25 0.000  9999
 1055  72167 391770  8.99 31.69 13.62  8.75   1.58  1.01   483  0.26    25 0.000  9999
 1055  72167 391770  9.95 31.67 13.62  8.73   1.59  1.01   488  0.27    25 0.000  9999
 1055  72168 391770 11.04 31.65 13.61  8.71   1.61  1.03   495  0.28    25 0.000  9999
 1055  72168 391770 12.04 31.63 13.62  8.68   1.62  1.03   498  0.28    24 0.000  9999
 1055  72168 391770 12.98 31.65 13.62  8.66   1.64  1.04   504  0.29    25 0.000  9999
 1055  72168 391770 14.02 31.62 13.62  8.68   1.64  1.05   507  0.29    25 0.000  9999
 1055  72168 391770 15.00 31.63 13.61  8.59   1.95  1.27   632  0.46    25 0.000  9999
 1056  72168 391770 16.03 31.63 13.61  8.60   1.85  1.19   590  0.40    25 0.000  9999
 1056  72169 391769 16.99 31.72 13.23  7.87   4.68  3.28  1822  2.04    27 0.000  9999
 1056  72169 391769 18.01 31.71 12.16  7.46   5.64  4.12  2291  2.83    36 0.000  9999
-1045  72671 390977  1.06 31.70 13.75  8.85   1.56  0.98   470  0.22    25 0.000  9999
 1045  72670 390978  2.12 31.78 13.74  8.85   1.56  0.98   471  0.23    25 0.000  9999
 1045  72670 390978  3.03 31.71 13.74  8.84   1.56  0.98   471  0.23    25 0.000  9999
 1045  72670 390979  4.20 31.72 13.74  8.84   1.56  0.98   471  0.23    25 0.000  9999
 1045  72671 390980  4.95 31.69 13.74  8.84   1.56  0.98   471  0.23    25 0.000  9999
 1046  72672 390980  6.07 31.73 13.73  8.84   1.56  0.98   471  0.23    25 0.000  9999
 1046  72673 390980  6.98 31.69 13.73  8.83   1.56  0.99   472  0.23    25 0.000  9999
 1046  72673 390980  7.98 31.74 13.73  8.83   1.56  0.99   472  0.23    25 0.000  9999
 1046  72674 390979  9.06 31.70 13.71  8.80   1.57  0.99   477  0.24    25 0.000  9999
 1046  72674 390979  9.94 31.63 13.69  8.75   1.58  1.00   480  0.24    25 0.000  9999
 1046  72674 390979 10.97 31.65 13.67  8.72   1.59  1.01   486  0.26    25 0.000  9999
 1046  72674 390977 12.00 31.63 13.64  8.67   1.60  1.02   491  0.27    25 0.000  9999
 1047  72675 390977 13.07 31.68 13.65  8.60   1.61  1.02   494  0.27    25 0.000  9999
 1047  72675 390976 14.00 31.69 13.64  8.58   1.63  1.04   502  0.28    25 0.000  9999
 1047  72675 390976 15.00 31.67 13.63  8.53   1.65  1.06   512  0.30    26 0.000  9999
 1047  72675 390976 15.97 31.64 13.63  8.50   1.65  1.06   511  0.30    26 0.000  9999
 1047  72675 390975 16.99 31.66 13.62  8.46   1.66  1.06   514  0.30    26 0.000  9999
 1047  72674 390974 17.89 31.65 13.62  8.42   1.67  1.07   518  0.31    26 0.000  9999
-1116  73990 390345  1.12 31.56 13.82  8.78   1.55  0.98   467  0.21    27 0.000  9999
 1117  73989 390343  2.05 31.60 13.80  8.77   1.55  0.98   468  0.21    27 0.000  9999
 1117  73989 390340  3.15 31.58 13.80  8.77   1.55  0.98   468  0.21    27 0.000  9999
 1117  73987 390340  4.17 31.52 13.80  8.77   1.55  0.98   467  0.21    27 0.000  9999
 1117  73990 390352  5.21 31.51 13.80  8.77   1.55  0.98   468  0.21    27 0.000  9999
 1118  73985 390342  6.04 31.49 13.80  8.77   1.55  0.98   468  0.21    27 0.000  9999
-1129  74438 387802  1.19 31.71 13.69  8.78   1.58  1.00   480  0.25    27 0.000  9999
 1130  74437 387800  2.16 31.66 13.67  8.77   1.58  1.00   480  0.25    27 0.000  9999
 1130  74437 387803  3.07 31.67 13.67  8.77   1.58  1.00   480  0.25    27 0.000  9999
 1130  74436 387807  4.10 31.69 13.66  8.75   1.58  1.00   480  0.25    27 0.000  9999
 1131  74434 387811  5.12 31.68 13.66  8.75   1.58  1.00   480  0.25    27 0.000  9999
 1131  74433 387813  6.09 31.66 13.66  8.75   1.58  1.00   480  0.25    27 0.000  9999
 1131  74430 387813  7.08 31.68 13.65  8.75   1.58  1.00   480  0.25    27 0.000  9999
 1132  74429 387816  8.07 31.68 13.65  8.75   1.58  1.00   480  0.25    27 0.000  9999
 1132  74428 387818  9.13 31.68 13.65  8.75   1.58  1.00   481  0.25    27 0.000  9999
 1132  74426 387818 10.10 31.58 13.65  8.75   1.58  1.00   480  0.25    27 0.000  9999
 1133  74425 387820 11.12 31.63 13.65  8.75   1.58  1.00   480  0.25    27 0.000  9999
 1133  74424 387824 12.04 31.60 13.64  8.76   1.58  1.00   480  0.25    27 0.000  9999
 1133  74423 387826 13.12 31.58 13.64  8.75   1.58  1.00   482  0.25    27 0.000  9999
 1134  74421 387826 14.02 31.62 13.60  8.72   1.60  1.02   492  0.27    27 0.000  9999
 1134  74409 387821 15.07 31.55 13.45  8.28   1.86  1.21   597  0.43    27 0.000  9999
 1137  74421 387818 16.01 31.57 13.43  8.12   2.00  1.31   657  0.52    27 0.000  9999
 1139  74424 387816 16.99 31.55 13.44  8.15   2.05  1.35   677  0.54    27 0.000  9999
 1139  74426 387814 18.06 31.52 13.44  8.14   2.12  1.39   702  0.58    30 0.000  9999
-1151  74547 385516  1.19 31.52 13.70  8.73   1.58  1.00   480  0.24    32 0.580  9999
 1151  74546 385516  2.16 31.52 13.70  8.73   1.58  1.00   480  0.24    32 0.580  9999
 1151  74546 385517  3.13 31.53 13.70  8.73   1.58  1.00   480  0.24    31 0.580  9999
 1151  74546 385515  4.13 31.52 13.70  8.73   1.58  1.00   480  0.24    31 0.580  9999
 1152  74546 385514  5.05 31.56 13.70  8.73   1.58  1.00   481  0.24    31 0.580  9999
 1152  74546 385514  6.05 31.55 13.70  8.72   1.58  1.00   480  0.24    31 0.580  9999
-1203  74097 384981  1.26 31.47 13.69  8.86   1.69  1.08   526  0.31    25 0.580  9999
 1203  74104 384990  2.13 31.47 13.73  8.84   1.76  1.13   554  0.34    25 0.580  9999
 1204  74106 384992  3.10 31.51 13.71  8.85   1.74  1.11   545  0.33    25 0.580  9999
 1204  74106 384994  4.11 31.49 13.73  8.85   1.76  1.13   551  0.33    25 0.580  9999
 1204  74103 384996  5.07 31.58 13.80  8.82   1.83  1.18   581  0.36    25 0.580  9999
 1204  74099 384999  6.00 31.52 14.01  8.54   2.16  1.40   707  0.50    32 0.580  9999
