# M.S. ARGUS
# MEETPUNT: ZTS-13
# PROJECTCODE<7>: E7608X
# MEETGEBIED: VOLKERAK/ZOOMMEER
# STARTPUNT: KRAMMERSLUIZEN
# EINDPUNT: KREEKRAKSLUIS
# TLU        oC           4.1
# LUCHTDK    hPa          1000
# WINDSHD    m/s          3
* 19990416
$ 9999 [0002222222022000]
> TIJD
> X-COORD
> Y-COORD
>SENSHTE Diepte set      m
>ECHOS   Echo set        mtrs
>Echo    Echo Schip      mtrs
>Temp    Temperatuur     oC
>pH      Zuurgraad       DIMSLS
>GELBH   Geleidendheid   ms/cm
>SALNTT  Saliniteit      DIMSLS
>CL-     Chloride        mg/l
>DICHT   Dichtheid
>Flme    Flur ME          gr/l
>MexA    Mex 3001A       %
>O2      Zuurstof ME     mg/l
>%O2     Zuurstof Verz.  %
-1017 72862 400010 1.08 6.96 7.73 10.14 8.29 0.69 0.43 166 0.22 3.96 4 10.55 95
 1018 72866 400008 1.98 6.00 7.43 10.08 8.27 0.69 0.43 166 0.22 4.00 4 10.58 95
 1018 72869 400007 2.99 4.73 7.51 10.07 8.28 0.69 0.43 166 0.22 3.97 4 10.59 95
 1018 72870 400007 4.01 3.63 7.55 10.06 8.29 0.69 0.43 166 0.22 3.92 4 10.60 95
 1019 72871 400006 4.97 2.56 7.55 10.06 8.28 0.69 0.43 167 0.23 3.92 5 10.63 95
 1019 72872 400006 6.01 1.46 7.57 10.06 8.29 0.69 0.43 167 0.23 3.93 4 10.65 96
-1045 74920 395009 0.98 6.19 7.24 10.25 8.24 0.71 0.44 172 0.22 3.71 5 9999 9999
 1045 74917 395003 1.85 4.82 7.16 10.23 8.24 0.71 0.44 172 0.22 3.69 5 9999 9999
 1045 74916 395000 2.81 3.79 7.16 10.20 8.23 0.71 0.44 173 0.22 3.66 5 9999 9999
 1045 74914 394997 3.82 2.64 7.18 10.20 8.23 0.71 0.44 172 0.22 3.63 5 9999 9999
 1045 74914 394996 4.81 1.57 7.08 10.19 8.23 0.71 0.44 172 0.22 3.62 5 9999 9999
-1058 73947 392187 0.94 1.89 7.65 9.91 8.34 0.82 0.53 219 0.32 5.51 2 9999 9999
 1058 73947 392184 1.83 0.12 7.65 9.91 8.33 0.82 0.53 219 0.32 5.43 4 9999 9999
 1058 73947 392184 2.84 3.29 7.65 9.91 8.32 0.82 0.53 219 0.32 5.59 4 9999 9999
 1058 73948 392183 3.82 2.22 7.67 9.90 8.32 0.82 0.53 219 0.32 5.61 4 9999 9999
 1059 73948 392182 4.85 1.19 7.61 9.90 8.32 0.83 0.53 220 0.32 4.80 4 9999 9999
-1131 71521 392059 0.93 19.86 20.93 10.28 8.39 0.86 0.56 232 0.30 6.65 3 9999 9999
 1131 71516 392060 1.80 19.02 20.23 10.24 8.38 0.86 0.56 232 0.31 6.51 3 9999 9999
 1131 71513 392060 2.83 18.03 20.21 10.24 8.35 0.86 0.56 231 0.31 6.50 3 9999 9999
 1131 71510 392060 3.82 16.86 20.17 10.22 8.35 0.86 0.55 231 0.31 6.36 3 9999 9999
 1131 71508 392061 4.86 15.70 20.17 10.16 8.35 0.86 0.55 231 0.31 6.45 3 9999 9999
 1132 71506 392061 5.83 14.63 20.01 10.13 8.32 0.86 0.55 231 0.32 6.37 3 9999 9999
 1132 71505 392062 6.84 13.49 19.91 10.12 8.32 0.86 0.56 232 0.32 6.10 3 9999 9999
 1132 71504 392063 7.82 12.54 19.83 10.12 8.32 0.86 0.56 232 0.32 6.03 3 9999 9999
 1132 71503 392063 8.80 11.33 19.81 10.12 8.30 0.86 0.56 233 0.32 6.05 3 9999 9999
 1132 71502 392064 9.86 10.03 19.73 10.12 8.31 0.86 0.56 233 0.32 6.07 3 9999 9999
 1132 71500 392064 10.87 8.81 19.72 10.10 8.31 0.86 0.56 233 0.32 5.89 3 9999 9999
 1132 71500 392064 11.84 7.63 19.72 10.07 8.29 0.87 0.56 235 0.33 5.83 3 9999 9999
 1132 71499 392064 12.87 6.41 19.79 10.07 8.30 0.87 0.57 237 0.33 5.69 3 9999 9999
 1132 71498 392065 13.81 5.34 19.70 10.05 8.29 0.93 0.61 261 0.37 5.57 3 9999 9999
 1132 71497 392064 14.83 4.20 19.72 9.85 8.27 1.18 0.80 367 0.54 5.36 3 9999 9999
 1132 71497 392064 15.86 3.02 19.72 9.66 8.20 1.92 1.39 697 1.00 5.46 3 9999 9999
 1132 71496 392064 16.89 2.19 19.77 8.44 8.11 2.34 1.78 898 1.40 5.00 3 9999 9999
 1132 71495 392064 17.80 0.89 19.75 8.75 7.94 2.84 2.18 1120 1.68 4.44 3 9999 9999
-1125 72185 391767 0.94 0.68 19.93 10.15 8.36 0.86 0.55 231 0.32 6.26 3 9999 9999
 1125 72180 391772 1.83 0.24 20.21 10.15 8.36 0.85 0.55 229 0.31 6.27 3 9999 9999
 1126 72178 391775 2.81 0.18 20.33 10.15 8.36 0.86 0.55 230 0.31 6.37 3 9999 9999
 1126 72177 391776 3.82 0.13 20.37 10.14 8.36 0.86 0.55 230 0.32 6.43 3 9999 9999
 1126 72176 391778 4.81 14.63 20.39 10.13 8.36 0.86 0.55 230 0.32 6.35 3 9999 9999
 1126 72175 391780 5.80 13.46 20.37 10.10 8.33 0.86 0.55 230 0.32 6.36 3 9999 9999
 1126 72173 391781 6.84 12.52 20.39 10.12 8.33 0.86 0.55 230 0.32 6.15 3 9999 9999
 1126 72173 391783 7.83 11.32 20.39 10.10 8.33 0.86 0.55 231 0.32 6.16 3 9999 9999
 1126 72172 391783 8.84 10.44 20.39 10.09 8.31 0.85 0.55 230 0.32 6.11 3 9999 9999
 1126 72171 391784 9.84 9.24 20.41 10.08 8.31 0.86 0.55 230 0.32 6.09 3 9999 9999
 1126 72170 391786 10.85 8.09 20.41 10.04 8.31 0.86 0.56 234 0.33 5.97 3 9999 9999
 1126 72169 391787 11.84 7.05 20.46 10.04 8.30 0.87 0.56 235 0.33 5.73 3 9999 9999
 1126 72169 391787 12.85 5.91 20.46 10.03 8.30 0.88 0.57 240 0.34 5.59 3 9999 9999
 1126 72168 391788 13.88 4.64 20.48 10.03 8.30 0.89 0.58 246 0.35 5.37 3 9999 9999
 1126 72167 391789 14.80 3.65 20.50 10.03 8.22 1.01 0.67 291 0.41 5.09 3 9999 9999
 1126 72166 391790 15.88 2.41 20.56 9.31 8.01 1.75 1.27 630 0.94 5.07 3 9999 9999
 1126 72166 391789 16.82 1.49 20.58 9.10 8.02 2.01 1.48 751 1.12 4.81 3 9999 9999
-1119 72691 390987 1.20 18.76 19.77 10.06 8.36 0.85 0.55 227 0.32 5.98 3 9999 9999
 1119 72689 390990 1.86 18.04 19.83 10.07 8.36 0.85 0.55 227 0.32 6.04 3 9999 9999
 1119 72689 390992 2.89 0.23 19.77 10.09 8.36 0.85 0.55 227 0.31 6.09 3 9999 9999
 1119 72688 390992 3.89 15.81 19.79 10.09 8.35 0.85 0.55 227 0.31 6.02 3 9999 9999
 1119 72687 390992 4.87 14.75 19.77 10.08 8.34 0.85 0.55 227 0.32 6.10 3 9999 9999
 1119 72687 390993 5.87 13.67 19.79 10.04 8.32 0.85 0.55 227 0.32 6.02 3 9999 9999
 1119 72687 390993 6.84 12.62 19.83 10.02 8.32 0.85 0.55 227 0.32 5.83 3 9999 9999
 1119 72686 390994 7.86 11.45 19.70 10.01 8.32 0.85 0.55 228 0.32 5.81 3 9999 9999
 1119 72685 390994 8.80 10.48 19.75 10.00 8.31 0.85 0.55 228 0.32 5.79 3 9999 9999
 1119 72685 390995 9.84 9.29 19.72 9.97 8.31 0.85 0.55 229 0.33 5.63 3 9999 9999
 1120 72685 390995 10.90 8.24 19.72 9.93 8.29 0.85 0.55 231 0.34 5.53 3 9999 9999
 1120 72685 390995 11.84 7.11 19.70 9.95 8.25 0.91 0.60 255 0.37 5.46 3 9999 9999
 1120 72684 390995 12.87 5.92 19.63 10.00 8.25 0.94 0.62 265 0.38 5.31 3 9999 9999
 1120 72684 390996 13.87 4.74 19.59 10.01 8.23 0.95 0.62 269 0.38 4.84 3 9999 9999
 1120 72683 390996 14.97 3.51 19.57 10.01 8.20 0.97 0.64 278 0.39 4.73 3 9999 9999
 1120 72683 390997 15.88 2.59 19.57 10.00 8.18 0.98 0.65 282 0.40 4.57 4 9999 9999
 1120 72682 390997 16.88 1.47 19.57 10.00 8.18 0.98 0.65 285 0.40 4.52 4 9999 9999
-1108 73994 390378 1.01 5.63 7.27 10.00 8.37 0.83 0.53 219 0.31 6.53 4 10.72 96
 1108 73994 390378 1.98 4.66 7.24 10.01 8.35 0.83 0.53 219 0.31 6.44 4 10.72 96
 1109 73996 390377 2.95 3.52 7.16 10.00 8.36 0.83 0.53 220 0.31 6.38 4 10.73 96
 1109 74000 390374 4.19 2.14 7.18 10.02 8.35 0.83 0.53 219 0.31 6.15 4 10.73 96
 1109 74001 390369 4.99 1.29 7.18 10.01 8.35 0.82 0.53 219 0.31 6.10 4 10.74 96
-1201 74444 387807 1.04 18.07 17.02 9.89 8.45 0.90 0.59 248 0.36 8.02 5 11.01 98
 1201 74445 387808 1.97 17.06 17.32 9.90 8.44 0.89 0.59 248 0.36 7.80 5 10.99 99
 1202 74446 387810 3.06 15.97 17.67 9.89 8.44 0.89 0.59 248 0.36 7.65 5 11.02 99
 1202 74448 387811 4.07 14.88 18.25 9.89 8.42 0.90 0.59 249 0.36 7.68 5 11.04 99
 1202 74450 387812 5.11 13.81 18.47 9.86 8.42 0.90 0.59 249 0.37 7.71 5 11.06 99
 1203 74451 387814 6.09 77.69 18.69 9.88 8.42 0.90 0.59 249 0.36 7.52 5 11.09 99
 1203 74453 387817 7.03 11.74 18.87 9.85 8.41 0.90 0.59 250 0.37 7.56 5 11.12 99
 1203 74455 387821 8.10 9.83 19.15 9.76 8.41 0.90 0.59 251 0.38 7.42 5 11.18 100
 1204 74455 387818 9.07 8.96 19.19 9.73 8.38 0.90 0.59 253 0.38 7.09 5 11.19 100
 1204 74453 387814 10.06 65.14 18.93 9.68 8.41 0.90 0.60 254 0.39 6.93 5 11.19 100
 1205 74448 387808 11.03 65.20 18.08 9.74 8.40 0.90 0.59 252 0.38 7.21 5 11.17 100
 1205 74444 387805 12.03 6.03 17.06 9.77 8.40 0.93 0.62 264 0.40 7.09 5 11.16 100
 1206 74442 387806 13.01 4.90 16.80 9.76 8.40 0.92 0.61 261 0.39 7.20 5 11.15 99
 1206 74443 387812 14.04 4.28 0.00 9.61 8.39 0.95 0.63 273 0.42 6.46 5 11.16 99
 1206 74445 387824 15.02 3.07 19.45 9.70 8.37 1.07 0.72 320 0.48 6.35 5 11.00 98
 1207 74444 387826 16.03 1.97 19.55 9.83 8.37 1.27 0.88 408 0.59 6.35 6 10.79 97
 1207 74437 387822 17.03 1.24 2.81 9.88 8.37 1.52 1.07 514 0.73 6.30 6 10.02 90
-1220 74545 385502 0.99 4.12 6.98 10.17 8.33 0.90 0.59 249 0.34 5.95 5 9999 9999
 1220 74545 385499 1.86 1.96 6.84 10.17 8.33 0.91 0.59 250 0.34 5.93 5 9999 9999
 1220 74545 385498 2.83 2.04 6.82 10.17 8.32 0.90 0.59 249 0.34 5.86 6 9999 9999
 1220 74546 385497 3.85 2.31 6.84 10.16 8.32 0.91 0.59 251 0.34 5.76 6 9999 9999
 1220 74547 385496 4.89 1.09 6.84 10.15 8.32 0.90 0.59 250 0.34 5.85 6 9999 9999
-1236 74139 384625 0.98 5.50 7.04 9.92 8.43 0.89 0.58 247 0.36 8.01 5 9999 9999
 1236 74139 384629 1.80 4.67 7.02 9.93 8.43 0.89 0.58 247 0.36 7.99 5 9999 9999
 1236 74139 384632 2.84 3.58 7.02 9.91 8.42 0.89 0.58 247 0.36 8.06 5 9999 9999
 1236 74140 384634 3.82 2.48 7.02 9.89 8.42 0.89 0.58 247 0.36 8.09 5 9999 9999
 1236 74140 384635 4.81 1.42 7.02 9.88 8.42 0.89 0.58 247 0.36 7.99 3 9999 9999
