# SRK
# 37-24
# start meting:  801
# m.s. 'DELTA'
* 19870223
$-9999 [000222200]
>TIJD
>X-COORD
>Y-COORD
>    5 0
>  400 0
>Temp    Temperatuur     Gr.C
>  300 0
>   76 0
>CL-     Chloride        mg    
 -801  74511 385521   .94   8.35  1.31 11.82   155  8089
  801  74511 385521  1.91   8.32  1.27 11.62   149  9314
  801  74511 385521  3.18   8.32  1.12 11.39   143 10722
  801  74511 385521  4.20   8.32  1.04 11.39   149 10951
  801  74511 385521  5.13   8.32  1.04 11.41   142 11051
 -813  74328 387807   .89   8.15  1.29 11.93    89  9816
  813  74328 387807  1.96   8.16  1.22 11.80   116 10448
  813  74328 387807  2.89   8.15  1.19 11.80   129 10500
  813  74328 387807  3.91   8.16  1.14 11.85   107 10518
  813  74328 387807  5.08   8.15  1.19 11.78   136 10817
  813  74328 387807  6.06   8.14  1.16 11.78   110 11029
  813  74328 387807  7.04   8.15  1.10 11.74   136 11226
  813  74328 387807  8.06   8.14  1.07 11.74   126 11200
  813  74328 387807  9.13   8.12  1.03 11.72   122 11311
 -825  74132 389321  1.03   8.09  1.24 12.05   332 10107
  825  74132 389321  2.06   8.09  1.24 12.00   138 10442
  825  74132 389321  2.98   8.09  1.22 11.99   131 10607
  825  74132 389321  3.96   8.09  1.17 11.92   146 10902
  825  74132 389321  4.84   8.07  1.21 11.89   223 11110
  825  74132 389321  6.01   8.07  1.26 11.86   366 11370
 -843  71535 391988   .99   8.10   .97 12.10   107 11117
  843  71535 391988  1.96   8.10  1.04 12.09   104 11091
  843  71535 391988  2.94   8.12  1.04 12.08   105 11151
  843  71535 391988  4.11   8.10   .99 12.06    88 11211
  843  71535 391988  4.89   8.06   .93 12.06    98 11350
  843  71535 391988  6.06   8.04  1.00 11.96    97 11507
  843  71535 391988  6.99   8.02  1.05 11.95    96 11509
  843  71535 391988  7.87   8.01  1.05 11.82    94 11650
  843  71535 391988  8.84   8.00  1.09 11.75    92 11636
  843  71535 391988  9.92   7.99  1.04 11.67    96 11715
  843  71535 391988 10.89   8.00  1.02 11.56   104 11762
  843  71535 391988 11.97   7.96   .92 11.44    89 11943
  843  71535 391988 12.85   7.95   .85 11.36    90 11991
  843  71535 391988 14.07   7.94   .81 11.17    87 12046
  843  71535 391988 14.80   7.94   .68 11.03    93 12142
  843  71535 391988 15.87   7.92   .59 10.90   118 12237
  843  71535 391988 16.99   7.92   .64 10.81   122 12196
  843  71535 391988 18.02   7.91   .59 10.74   139 12237
  843  71535 391988 19.00   7.91   .63 10.66   101 12264
 -859  72219 391675  1.03   8.10  1.16 11.98   146 10671
  859  72219 391675  2.15   8.10  1.09 11.91   105 11013
  859  72219 391675  3.03   8.08  1.07 11.88   111 11138
  859  72219 391675  4.07   8.08  1.04 11.85   114 11212
  859  72219 391675  5.03   8.08  1.04 11.81   110 11293
  859  72219 391675  5.96   8.08  1.00 11.81   107 11265
  859  72219 391675  7.18   8.07   .97 11.75   102 11437
  859  72219 391675  8.06   8.04  1.00 11.76   100 11528
  859  72219 391675  9.04   8.03  1.00 11.78   103 11508
  859  72219 391675 10.01   8.03  1.02 11.71   109 11581
  859  72219 391675 10.94   8.03  1.04 11.66   112 11769
  859  72219 391675 11.97   7.99   .92 11.58    97 11965
  859  72219 391675 13.04   7.95   .80 11.45    97 12094
  859  72219 391675 13.92   7.93   .75 11.35   103 12176
  859  72219 391675 15.04   7.92   .70 11.22   123 12196
  859  72219 391675 16.02   7.92   .68 11.04   134 12202
 -912  72718 391011  1.03   8.10  1.17 11.96    34 10783
  912  72718 391011  2.06   8.09  1.16 11.94    34 10970
  912  72718 391011  3.13   8.08  1.10 11.93    34 11067
  912  72718 391011  4.11   8.10  1.14 11.90    34 11055
  912  72718 391011  5.13   8.09  1.07 11.88    34 11279
  912  72718 391011  6.11   8.07  1.02 11.83   113 11419
  912  72718 391011  6.99   8.04  1.02 11.80    83 11459
  912  72718 391011  8.01   8.03   .97 11.77   104 11560
  912  72718 391011  9.09   8.03   .97 11.70   107 11682
  912  72718 391011 10.02   8.03  1.02 11.69   116 11723
  912  72718 391011 11.09   8.03  1.04 11.62   118 11898
  912  72718 391011 11.97   8.03  1.00 11.58   109 11871
  912  72718 391011 12.95   7.97   .93 11.46   103 12060
 -925  73957 390503  1.03   8.09  1.17 11.94   126 11043
  925  73957 390503  2.11   8.08  1.17 11.93   149 11102
  925  73957 390503  3.18   8.07  1.19 11.90   155 11136
  925  73957 390503  4.06   8.08  1.19 11.91   157 11096
  925  73957 390503  5.03   8.08  1.19 11.88   157 11192
  925  73957 390503  5.96   8.07  1.17 11.86   153 11222
 -936  73952 392172  1.08   8.07  1.19 11.95   170 11076
  936  73952 392172  2.06   8.08  1.14 11.93   152 11115
  936  73952 392172  3.08   8.08  1.11 11.90   149 11127
  936  73952 392172  4.11   8.08  1.09 11.88   153 11194
  936  73952 392172  5.08   8.08  1.16 11.96   157 11068
  936  73952 392172  5.87   8.08  1.14 11.87   157 11115
 -953  74979 394962  1.18   8.07  1.19 11.88   169 11355
  953  74979 394962  2.06   8.07  1.14 11.88   177 11316
  953  74979 394962  3.08   8.07  1.16 11.86   107 11368
  953  74979 394962  3.96   8.07  1.14 11.88   156 11334
  953  74979 394962  4.94   8.08  1.17 11.85   163 11322
  953  74979 394962  5.87   8.07  1.16 11.85   168 11288
  953  74979 394962  6.79   8.08  1.16 11.82   149 11328
-1011  74623 397835  1.02   8.07  1.26 11.75    36 11812
 1011  74623 397835  2.06   8.06  1.24 11.74    36 11819
 1011  74623 397835  3.03   8.06  1.24 11.72   254 11939
 1011  74623 397835  4.01   8.05  1.26 11.68    88 11932
 1011  74623 397835  4.94   8.05  1.26 11.66    44 11932
 1011  74623 397835  6.06   8.05  1.26 11.65   114 11933
 1011  74623 397835  6.79   8.05  1.26 11.61   181 11992
-1029  72714 400281  1.04   8.04  1.34 11.53    56 12603
 1029  72714 400281  2.06   8.04  1.33 11.50   243 12672
 1029  72714 400281  3.13   8.05  1.33 11.48   239 12712
 1029  72714 400281  3.96   8.05  1.38 11.46   257 12690
 1029  72714 400281  4.94   8.05  1.28 11.47   216 12774
 1029  72714 400281  5.96   8.04  1.31 11.45   266 12719
 1029  72714 400281  6.94   8.04  1.33 11.42   257 12752
-1048  72339 403303  1.08   8.06  1.33 11.49   225 12974
 1048  72339 403303  2.01   8.05  1.36 11.47   223 12981
 1048  72339 403303  2.94   8.06  1.33 11.45   177 13036
 1048  72339 403303  4.01   8.05  1.33 11.48   187 12975
 1048  72339 403303  4.98   8.07  1.33 11.44   119 13036
 1048  72339 403303  5.72   8.06  1.36 11.49    72 12982
 1048  72339 403303  6.99   8.05  1.31 11.48    46 12961
 1048  72339 403303  8.06   8.05  1.33 11.43    52 13016
 1048  72339 403303  8.94   8.06  1.34 11.43    39 12989
-1112  75143 405433  1.04   8.07  1.35 11.43    36 13435
 1112  75143 405433  2.01   8.05  1.34 11.37   111 13408
 1112  75143 405433  2.89   8.05  1.40 11.43   116 13270
 1112  75143 405433  4.06   8.05  1.34 11.38    65 13415
 1112  75143 405433  5.13   8.06  1.36 11.39    39 13408
 1112  75143 405433  6.11   8.07  1.29 11.39    84 13397
 1112  75143 405433  6.99   8.05  1.36 11.37    37 13408
 1112  75143 405433  8.01   8.06  1.36 11.38    35 13367
 1112  75143 405433  8.99   8.06  1.40 11.35    36 13393
 1112  75143 405433  9.82   8.05  1.36 11.36    48 13367
-1156  70776 410071   .99   8.09  1.45 11.27    35 14268
 1156  70776 410071  2.16   8.06  1.50 11.23    36 14346
 1156  70776 410071  2.99   8.07  1.45 11.21    35 14452
 1156  70776 410071  3.96   8.08  1.48 11.23    37 14518
 1156  70776 410071  4.94   8.07  1.53 11.24    37 14638
 1156  70776 410071  6.06   8.07  1.45 11.22    39 14679
 1156  70776 410071  7.28   8.07  1.45 11.18    39 14678
 1156  70776 410071  8.01   8.07  1.45 11.17    36 14638
 1156  70776 410071  8.94   8.08  1.45 11.17    36 14679
 1156  70776 410071  9.97   8.07  1.46 11.16    35 14711
 1156  70776 410071 11.04   8.09  1.46 11.18    36 14814
 1156  70776 410071 11.97   8.07  1.45 11.11    40 14741
 1156  70776 410071 12.94   8.08  1.45 11.15    51 14741
 1156  70776 410071 13.92   8.08  1.45 11.17    38 14638
 1156  70776 410071 14.90   8.07  1.45 11.15    36 14720
 1156  70776 410071 15.87   8.08  1.47 11.14    40 14711
 1156  70776 410071 16.85   8.08  1.45 11.17    37 14699
 1156  70776 410071 17.73   8.09  1.45 11.13    44 14761
 1156  70776 410071 18.66   8.08  1.45 11.14    37 14741
 1156  70776 410071 19.92   8.10  1.45 11.16    37 14720
 1156  70776 410071 20.75   8.07  1.50 11.15    37 14746
 1156  70776 410071 22.03   8.07  1.46 11.14    38 14733
 1156  70776 410071 22.90   8.08  1.45 11.13    37 14741
 1156  70776 410071 23.93   8.07  1.45 11.13    38 14741
 1156  70776 410071 24.91   8.09  1.45 11.13    37 14761
 1156  70776 410071 25.83   8.07  1.48 11.10    38 14786
 1156  70776 410071 27.05   8.07  1.47 11.14    37 14671
