# ZOOMMEER/SRK
# KM 1014-SPUIKANAAL(38)
# start meting: 1108
# m.s. 'DELTA'
* 19880316
$-9999 [00022222202021]
>TIJD
>X-COORD
>Y-COORD
>SENSHTE Diepte set      m
>Echms   Echo set        mtrs
>Temp    Temperatuur     Gr.C
>pH      Zuurgraad       s.e.
>GELBH   Geleidendheid   mS/cm
>SALNTT  Saliniteit      Prom
>CL-     Chloride        mg
>DICHT   Dichtheid       Gr.
>   76 0  InSitu Troeblh  M.E.
>O2      Zuurst.NSWcomp. mg/l
>O2%     Zuurstof Verz.  Proc
-1108  75108 405575  1.01  5.30  4.99  7.92   .61   .43   167   .52   495 -9999 -9999
 1108  75108 405575  2.18  4.47  5.01  7.90   .69   .51   201   .57   504 -9999 -9999
 1108  75108 405575  3.10  3.50  4.99  8.02   .75   .56   229   .61   502 -9999 -9999
 1108  75108 405575  4.17  2.45  4.99  8.02   .69   .51   201   .57   503 -9999 -9999
 1108  75108 405575  5.24  1.44  4.99  7.90   .74   .55   224   .61   506 -9999 -9999
 1108  75108 405575  6.12   .37  5.01  7.90   .69   .50   201   .57   519 -9999 -9999
-1122  72588 403896   .95  9.60  4.96  7.92   .81   .61   257   .65   480 -9999 -9999
 1122  72588 403896  2.07  8.84  4.96  7.92   .60   .43   164   .52   498 -9999 -9999
 1122  72588 403896  3.15  8.57  4.96  7.92   .72   .53   215   .59   498 -9999 -9999
 1122  72588 403896  4.22  8.23  4.94  7.92   .75   .56   229   .61   512 -9999 -9999
 1122  72588 403896  5.29 14.76  4.94  7.93   .72   .53   215   .59   501 -9999 -9999
 1122  72588 403896  6.26  6.18  4.96  8.04   .77   .58   238   .63   501 -9999 -9999
 1122  72588 403896  7.19  4.81  4.94  7.92   .77   .58   238   .63   511 -9999 -9999
 1122  72588 403896  8.17  3.83  4.94  7.92   .83   .63   267   .67   501 -9999 -9999
 1122  72588 403896  9.29  2.71  4.97  7.92   .66   .48   189   .55   500 -9999 -9999
 1122  72588 403896 10.12  1.03  4.94  7.92   .80   .60   253   .65   499 -9999 -9999
-1142  72669 400238   .91  8.21  5.11  7.96   .78   .58   241   .63   511 12.70 103.0
 1142  72669 400238  1.98  7.06  5.08  7.96   .78   .58   242   .63   511 12.70 102.9
 1142  72669 400238  2.96  6.52  5.13  7.97   .81   .60   255   .65   498 12.64 102.5
 1142  72669 400238  4.03  5.47  5.06  8.00   .75   .55   228   .61   507 12.63 102.2
 1142  72669 400238  5.00  4.98  5.06  7.94   .77   .58   237   .63   503 12.60 102.0
 1142  72669 400238  6.06  3.54  5.06  8.04   .86   .65   281   .69   502 12.60 102.1
 1142  72669 400238  6.88  2.52  5.06  7.94   .77   .58   237   .63   501 12.65 102.4
 1142  72669 400238  7.86 82.46  5.07  7.94   .80   .60   251   .65   515 12.62 102.3
 1142  72669 400238  9.10   .86  5.09  7.95   .80   .60   251   .64   516 12.59 102.1
-1158  74570 397823   .96  7.89  5.10  8.04   .61   .43   167   .51   496 -9999 -9999
 1158  74570 397823  2.03  6.69  4.99  7.95   .72   .53   215   .59   504 -9999 -9999
 1158  74570 397823  3.15  5.30  5.12  8.06   .75   .56   227   .61   505 -9999 -9999
 1158  74570 397823  4.32  4.28  5.08  7.94   .75   .55   228   .61   524 -9999 -9999
 1158  74570 397823  5.20  3.18  5.14  7.94   .75   .55   227   .61   502 -9999 -9999
 1158  74570 397823  6.22  1.74  5.08  7.93   .74   .55   223   .61   513 -9999 -9999
 1158  74570 397823  7.18 73.15  5.02  7.93   .73   .54   219   .60   518 -9999 -9999
-1212  74926 395027  1.15  6.62  5.11  7.96   .87   .66   285   .69   507 -9999 -9999
 1212  74926 395027  2.18  5.42  5.13  7.95   .72   .53   214   .59   516 -9999 -9999
 1212  74926 395027  3.20  9.13  5.13  7.95   .75   .55   227   .61   505 -9999 -9999
 1212  74926 395027  4.42  3.45  5.12  7.94   .72   .53   214   .59   500 -9999 -9999
 1212  74926 395027  5.29  2.13  5.11  7.95   .72   .53   214   .59   513 -9999 -9999
 1212  74926 395027  6.27 95.26  5.13  8.07   .74   .55   223   .60   518 -9999 -9999
-1226  73919 392142  1.20  5.69  5.15  8.03   .98   .76   334   .77   520 -9999 -9999
 1226  73919 392142  2.46  5.59  5.13  8.02   .95   .73   320   .75   506 -9999 -9999
 1226  73919 392142  3.35  4.62  5.11  8.11   .95   .73   320   .74   524 -9999 -9999
 1226  73919 392142  4.61  3.89  5.11  8.02   .95   .73   320   .74   512 -9999 -9999
 1226  73919 392142  5.48  2.59  5.13  8.03   .94   .72   315   .74   523 -9999 -9999
 1226  73919 392142  6.31   .98  5.14  8.03   .77   .57   236   .62   519 -9999 -9999
-1238  73776 390762  1.01  5.84  5.10  8.04  1.04   .81   364   .81   516 12.74 103.4
 1238  73776 390762  2.08  4.72  5.11  8.04   .98   .76   335   .77   513 12.70 103.1
 1238  73776 390762  3.15  3.47  5.08  8.13   .98   .76   335   .77   523 12.74 103.3
 1238  73776 390762  4.22  4.86  5.06  8.15   .95   .73   321   .75   524 12.71 103.0
 1238  73776 390762  5.19  1.29  5.09  8.04   .98   .75   335   .76   519 12.70 103.0
-1246  72717 391071  1.30 14.30  4.94  8.10  1.18   .94   436   .91   476 -9999 -9999
 1246  72717 391071  2.37 70.94  4.93  8.12  1.15   .91   421   .89   475 -9999 -9999
 1246  72717 391071  3.49 11.67  4.92  8.11  1.14   .90   416   .89   476 -9999 -9999
 1246  72717 391071  4.42 69.11  4.96  8.11  1.20   .95   445   .92   476 -9999 -9999
 1246  72717 391071  5.05 19.13  4.97  8.12  1.15   .91   420   .89   482 -9999 -9999
 1246  72717 391071  6.11 16.94  4.93  8.10  1.14   .90   416   .88   480 -9999 -9999
 1246  72717 391071  7.09 13.47  4.94  8.10  1.15   .91   421   .89   486 -9999 -9999
 1246  72717 391071  8.07  5.52  5.01  8.12  1.20   .96   445   .92   473 -9999 -9999
 1246  72717 391071  8.95 65.91  4.93  8.19  1.15   .91   421   .89   485 -9999 -9999
 1246  72717 391071 10.07  3.44  4.88  8.08  1.14   .90   417   .88   490 -9999 -9999
 1246  72717 391071 11.09  2.62  4.92  8.07  1.34  1.08   516  1.02   485 -9999 -9999
 1246  72717 391071 12.08  1.66  5.05  7.70  9.46  8.77  4889  7.04   472 -9999 -9999
 1246  72717 391071 12.84 81.25  6.15  7.13 21.33 20.58 11575 16.23   692 -9999 -9999
-1254  72176 391672  1.34 18.82  4.99  8.14  1.12   .88   405   .86   487 -9999 -9999
 1254  72176 391672  2.27 17.59  4.99  8.12  1.12   .88   405   .87   496 -9999 -9999
 1254  72176 391672  3.52 16.77  5.00  8.14  1.21   .96   450   .93   489 -9999 -9999
 1254  72176 391672  4.35 15.79  5.01  8.12  1.18   .93   435   .91   477 -9999 -9999
 1254  72176 391672  5.42 83.69  4.97  8.24  1.17   .93   430   .90   476 -9999 -9999
 1254  72176 391672  6.30 56.07  4.99  8.13  1.26  1.01   475   .96   479 -9999 -9999
 1254  72176 391672  7.24 12.27  5.08  8.14  1.20   .95   443   .92   477 -9999 -9999
 1254  72176 391672  8.06 11.45  5.04  8.14  1.20   .95   444   .92   482 -9999 -9999
 1254  72176 391672  9.14 10.10  5.00  8.14  1.20   .95   445   .92   487 -9999 -9999
 1254  72176 391672 10.17  8.99  5.02  8.15  1.23   .98   459   .94   476 -9999 -9999
 1254  72176 391672 11.05  8.18  5.04  8.19  1.32  1.06   504  1.00   474 -9999 -9999
 1254  72176 391672 11.88  7.15  5.02  8.12  8.57  7.89  4398  6.36   469 -9999 -9999
 1254  72176 391672 12.95  6.20  5.72  7.33 20.99 20.48 11522 16.19   556 -9999 -9999
 1254  72176 391672 13.98  5.25  7.34  7.19 22.53 21.11 11876 16.52   609 -9999 -9999
 1254  72176 391672 14.95 91.24  8.72  7.09 23.25 21.01 11817 16.28   584 -9999 -9999
 1254  72176 391672 15.88  3.35  9.01  7.08 23.54 21.12 11885 16.34   542 -9999 -9999
 1254  72176 391672 16.89 88.54  9.20  7.18 23.97 21.44 12063 16.56   490 -9999 -9999
 1254  72176 391672 17.88  1.49  9.15  7.09 24.05 21.55 12126 16.65   457 -9999 -9999
-1304  71400 391917  1.15 15.28  5.03  8.21  1.33  1.06   509  1.01   476 -9999 -9999
 1304  71400 391917  2.12 70.60  5.02  8.19  1.27  1.01   479   .97   472 -9999 -9999
 1304  71400 391917  3.34 13.28  5.03  8.19  1.27  1.01   479   .97   474 -9999 -9999
 1304  71400 391917  4.16 11.98  5.03  8.19  1.27  1.01   479   .97   473 -9999 -9999
 1304  71400 391917  5.34 88.86  5.03  8.19  1.26  1.00   474   .96   480 -9999 -9999
 1304  71400 391917  6.35  9.32  4.99  8.18  1.29  1.03   490   .98   487 -9999 -9999
 1304  71400 391917  7.34  8.20  5.02  8.18  1.29  1.03   489   .98   485 -9999 -9999
 1304  71400 391917  8.26  7.30  5.02  8.19  1.29  1.03   489   .98   489 -9999 -9999
 1304  71400 391917  9.44  6.42  4.98  8.30  1.26  1.01   475   .96   484 -9999 -9999
 1304  71400 391917 10.32  6.06  5.02  8.18  1.20   .95   444   .92   489 -9999 -9999
 1304  71400 391917 11.03 87.54  5.11  8.16  1.29  1.03   488   .98   483 -9999 -9999
 1304  71400 391917 12.32 64.28  5.11  7.74  9.18  8.48  4724  6.81   473 -9999 -9999
 1304  71400 391917 13.00 75.30  5.87  7.34 21.13 20.53 11550 16.22   564 -9999 -9999
 1304  71400 391917 13.98 65.52  7.59  7.20 22.64 21.06 11852 16.46   622 -9999 -9999
 1304  71400 391917 15.05 69.37  8.65  7.21 23.30 21.10 11869 16.36   616 -9999 -9999
 1304  71400 391917 15.83 81.47  9.13  7.19 23.64 21.16 11902 16.35   566 -9999 -9999
 1304  71400 391917 16.89 79.18  9.18  7.20 23.93 21.41 12046 16.54   498 -9999 -9999
-1324  74074 389404  1.40  6.31  5.14  8.13  1.18   .93   433   .90   510 -9999 -9999
 1324  74074 389404  2.32  4.94  5.15  8.14  1.24   .98   462   .94   502 -9999 -9999
 1324  74074 389404  3.30  3.98  5.13  8.12  1.24   .98   462   .94   498 -9999 -9999
 1324  74074 389404  4.47  2.76  5.18  8.12  1.29  1.03   486   .98   514 -9999 -9999
 1324  74074 389404  5.49  1.66  5.14  8.13  1.24   .98   462   .94   516 -9999 -9999
 1324  74074 389404  6.56   .59  5.14  8.12  1.29  1.03   487   .98   512 -9999 -9999
-1338  74405 387857   .95 64.31  5.28  8.18  1.41  1.13   544  1.05   500 13.05 106.6
 1338  74405 387857  1.97 82.23  5.25  8.21  1.41  1.13   545  1.05   501 13.04 106.4
 1338  74405 387857  3.04 90.98  5.19  8.17  1.41  1.13   546  1.06   500 13.01 106.1
 1338  74405 387857  4.06 80.84  5.24  8.17  1.40  1.12   540  1.05   505 12.99 106.1
 1338  74405 387857  5.04 83.33  5.24  8.16  1.43  1.15   555  1.07   505 12.98 105.9
 1338  74405 387857  6.15 66.82  5.22  8.27  1.41  1.13   545  1.05   499 12.98 105.9
 1338  74405 387857  7.08  9.47  5.05  8.24  1.55  1.26   619  1.16   504 12.94 105.2
 1338  74405 387857  8.06 10.74  5.11  8.13  1.55  1.26   617  1.16   499 12.86 104.7
 1338  74405 387857  9.24 84.10  5.02  8.08  1.67  1.36   680  1.24   497 12.79 103.9
 1338  74405 387857 10.36 57.11  5.05  8.20  1.75  1.44   719  1.30   505 12.66 103.1
 1338  74405 387857 11.18 86.03  4.92  8.11  1.71  1.41   702  1.28   501 12.65 102.6
 1338  74405 387857 12.06 60.77  5.02  8.07  1.89  1.56   781  1.40   512 12.56 102.2
 1338  74405 387857 13.19 11.35  5.02  8.05  1.75  1.43   720  1.30   508 12.51 101.8
 1338  74405 387857 14.16 83.25  5.00  8.17  1.89  1.56   782  1.40   525 12.50 101.7
 1338  74405 387857 14.90 52.68  5.00  8.05  2.01  1.67   845  1.48   528 12.45 101.4
 1338  74405 387857 15.87 93.88  4.92  8.01  2.32  1.96  1012  1.71   499 12.35 100.5
 1338  74405 387857 16.70 81.71  4.94  7.98  2.48  2.10  1097  1.82   927 12.21  99.5
-1355  74461 385636  1.40  6.16  5.22  8.20  1.47  1.18   575  1.10   514 -9999 -9999
 1355  74461 385636  2.42  5.15  5.15  8.19  1.41  1.14   547  1.06   513 -9999 -9999
 1355  74461 385636  3.30  3.84  5.13  8.20  1.47  1.19   577  1.10   511 -9999 -9999
 1355  74461 385636  4.47  2.71  5.14  8.19  1.47  1.18   577  1.10   515 -9999 -9999
 1355  74461 385636  5.44 53.67  5.14  8.20  1.48  1.20   582  1.11   526 -9999 -9999
 1355  74461 385636  6.45   .66  5.15  8.22  1.49  1.21   586  1.12   513 -9999 -9999
-1409  74110 384685  1.28  5.52  5.13  8.18  1.53  1.24   607  1.14   476 -9999 -9999
 1409  74110 384685  2.37  4.52  5.13  8.19  1.56  1.26   622  1.16   481 -9999 -9999
 1409  74110 384685  3.25  3.62  5.18  8.32  1.50  1.21   591  1.12   485 -9999 -9999
 1409  74110 384685  4.32  2.42  5.10  8.24  1.56  1.26   623  1.16   483 -9999 -9999
 1409  74110 384685  5.15  1.50  5.12  8.18  1.49  1.20   587  1.11   482 -9999 -9999
