# ZOOMMEER/VOLKERAK
# SPUIKAN.-KRAMMER
# start meting:  753
# m.s. 'ARGUS'
* 19870921
$-9999 [000222222022]
>TIJD
>X-COORD
>Y-COORD
>SENSHTE Diepte set      m
>72001 0  Echo Schip      mtrs 
>Temp    Temperatuur     Gr.C
>pH      Zuurgraad       s.e.
>GELBH   Geleidendheid   mS/cm
>SALNTT  Saliniteit      Prom
>CL-     Chloride        mg
>DICHT   Dichtheid       Gr.
>   79 0  Fluorescentie   F.s. 
 -753  74493 383263   .96  6.07 17.96  8.83  4.03  2.49  1377   .66   .52
  753  74493 383263  1.96  5.98 17.97  8.83  4.02  2.48  1373   .66   .52
  753  74493 383263  2.96  6.27 17.97  8.83  4.03  2.48  1376   .66   .53
  753  74493 383263  3.90  6.37 17.97  8.82  4.04  2.49  1380   .66   .52
  753  74493 383263  5.09  6.37 17.97  8.80  4.04  2.49  1379   .66   .52
  753  74493 383263  5.59  6.37 17.97  8.79  4.04  2.49  1380   .67   .52
 -819  74550 385516   .94  6.76 17.86  8.61  4.19  2.59  1437   .76  9.97
  819  74550 385516  1.91  6.76 17.86  8.62  4.20  2.60  1441   .77  9.92
  819  74550 385516  2.96  6.67 17.86  8.61  4.19  2.59  1438   .76  9.78
  819  74550 385516  3.91  6.67 17.86  8.61  4.21  2.61  1445   .77  9.75
  819  74550 385516  4.96  6.67 17.86  8.61  4.21  2.61  1443   .77  9.75
  819  74550 385516  5.90  6.57 17.86  8.61  4.20  2.60  1442   .77  9.80
 -845  74432 387832  1.09 17.47 17.99  8.73  3.87  2.37  1315   .57  9.56
  845  74432 387832  2.12 18.97 18.00  8.73  3.88  2.38  1318   .58  9.55
  845  74432 387832  3.02 19.76 17.99  8.73  3.87  2.37  1315   .57  9.58
  845  74432 387832  4.02 20.02 17.99  8.73  3.87  2.38  1316   .58  9.57
  845  74432 387832  4.93 20.12 17.98  8.73  3.87  2.38  1318   .58 10.14
  845  74432 387832  5.94 20.02 17.98  8.73  3.88  2.38  1319   .58 10.11
  845  74432 387832  6.87 20.12 17.95  8.71  3.93  2.42  1340   .62  9.58
  845  74432 387832  8.07 20.32 17.91  8.70  3.98  2.45  1357   .65  9.73
  845  74432 387832  9.00 17.97 17.83  8.69  4.05  2.50  1387   .70  9.66
  845  74432 387832 10.07 19.56 17.77  8.67  4.08  2.53  1400   .73  9.24
  845  74432 387832 10.96 19.56 17.66  8.66  4.37  2.73  1512   .90  9.11
  845  74432 387832 12.05 19.27 17.25  8.61  5.57  3.57  1979  1.61  8.38
  845  74432 387832 13.03 15.87 17.04  8.52  6.28  4.08  2266  2.04  7.57
  845  74432 387832 13.96 18.17 17.00  8.46  6.41  4.18  2317  2.12  7.36
  845  74432 387832 14.97 18.56 16.72  8.41  7.26  4.81  2667  2.64  7.63
  845  74432 387832 15.93 18.97 16.59  8.40  7.87  5.26  2919  3.01  6.25
  845  74432 387832 17.06 18.47 16.57  8.40  7.96  5.33  2958  3.07  6.02
 -908  74070 389372   .93  7.07 17.78  8.67  3.77  2.32  1284   .57  8.48
  908  74070 389372  2.01  7.17 17.77  8.68  3.76  2.31  1282   .57  8.43
  908  74070 389372  3.05  7.27 17.79  8.68  3.74  2.30  1273   .56  8.47
  908  74070 389372  3.91  7.17 17.79  8.67  3.73  2.30  1272   .55  8.40
  908  74070 389372  4.99  7.17 17.77  8.67  3.74  2.31  1277   .56  8.47
  908  74070 389372  6.09  7.07 17.77  8.67  3.76  2.32  1284   .57  8.43
 -928  71504 392042   .95 19.46 18.12  8.82  3.84  2.35  1299   .53  8.93
  928  71504 392042  2.02 19.27 18.12  8.82  3.84  2.35  1301   .53  8.77
  928  71504 392042  3.04 18.86 18.10  8.82  3.85  2.35  1303   .54  8.76
  928  71504 392042  4.06 18.67 18.09  8.82  3.84  2.35  1302   .54  8.72
  928  71504 392042  4.96 18.56 18.07  8.81  3.84  2.35  1302   .54  8.72
  928  71504 392042  6.03 18.56 18.06  8.80  3.84  2.35  1304   .55  8.68
  928  71504 392042  6.93 18.76 17.88  8.71  4.14  2.56  1419   .74  8.68
  928  71504 392042  7.99 18.76 17.33  8.43  5.68  3.64  2019  1.65  8.61
  928  71504 392042  9.02 18.97 16.16  8.05 15.34 10.94  6102  7.39  8.62
  928  71504 392042  9.95 19.16 13.45  8.08 19.14 14.93  8356 10.91  8.45
  928  71504 392042 10.96 19.27 11.14  8.10 19.54 16.24  9099 12.27  6.90
  928  71504 392042 12.03 19.27 10.09  8.07 19.69 16.85  9448 12.89  5.84
  928  71504 392042 13.01 19.27  9.58  8.02 19.81 17.21  9651 13.23  4.89
  928  71504 392042 14.28 19.27  9.21  7.96 19.81 17.38  9748 13.40  4.65
  928  71504 392042 15.15 19.27  9.03  7.94 19.90 17.56  9850 13.57  5.28
  928  71504 392042 16.15 19.27  8.88  7.90 19.95 17.68  9922 13.68  4.05
  928  71504 392042 17.36 19.27  8.78  7.88 19.95 17.73  9950 13.73  4.21
  928  71504 392042 18.05 19.36  8.77  7.84 20.03 17.82  9999 13.80  4.36
 -942  72168 391766  1.11 18.37 18.37  8.83  3.83  2.33  1291   .47  8.88
  942  72168 391766  2.12 16.97 18.37  8.84  3.83  2.33  1291   .47  9.38
  942  72168 391766  3.02 17.07 18.37  8.84  3.83  2.33  1291   .47 10.01
  942  72168 391766  3.99 16.77 18.36  8.84  3.83  2.33  1291   .47 10.18
  942  72168 391766  4.95 16.47 17.86  8.82  3.82  2.35  1301   .58 10.13
  942  72168 391766  5.93 16.67 17.68  8.74  3.85  2.38  1320   .64 10.11
  942  72168 391766  6.98 16.87 17.33  8.68  4.73  2.99  1660  1.16 10.04
  942  72168 391766  8.06 16.77 16.11  8.56  8.00  5.42  3007  3.21  9.97
  942  72168 391766  8.93 16.87 13.45  8.19 18.20 14.13  7901 10.29  9.58
  942  72168 391766  9.99  9.85 12.32  8.08 19.33 15.55  8707 11.56  7.84
  942  72168 391766 10.97 17.27 10.81  8.11 19.50 16.35  9161 12.40  6.69
  942  72168 391766 12.07 12.29  9.86  8.04 19.74 17.00  9535 13.03  5.16
  942  72168 391766 13.12 18.07  9.42  7.95 19.79 17.26  9683 13.29  4.85
  942  72168 391766 14.09 18.37  9.22  7.92 19.80 17.37  9742 13.40  4.53
  942  72168 391766 15.01 18.27  8.99  7.92 19.84 17.52  9828 13.54  4.34
  942  72168 391766 16.01 18.37  8.88  7.89 19.85 17.58  9865 13.60  4.16
  942  72168 391766 17.15 18.17  8.77  7.86 19.89 17.68  9919 13.69  4.10
 -952  72701 391010  1.11 20.32 17.96  8.73  3.82  2.35  1299   .56  8.87
  952  72701 391010  2.06 20.32 17.96  8.74  3.83  2.35  1302   .56  8.74
  952  72701 391010  3.09 20.12 17.94  8.73  3.83  2.35  1303   .57  8.67
  952  72701 391010  4.15 20.02 17.87  8.73  3.81  2.34  1298   .57  8.68
  952  72701 391010  5.07 19.76 17.72  8.71  3.82  2.36  1306   .61  8.61
  952  72701 391010  5.98 19.36 17.59  8.69  3.85  2.39  1322   .66  8.83
  952  72701 391010  7.04 19.07 17.31  8.64  4.59  2.90  1607  1.10  8.57
  952  72701 391010  8.31 18.56 15.60  8.66 12.79  9.10  5068  6.10  8.44
  952  72701 391010  8.95 17.97 13.80  8.01 18.92 14.60  8169 10.60  7.84
  952  72701 391010  9.96 17.27 11.97  8.04 19.25 15.62  8747 11.67  7.11
  952  72701 391010 11.01 15.67 10.84  8.03 19.43 16.27  9117 12.33  6.51
  952  72701 391010 11.95 14.67 10.07  7.98 19.66 16.84  9440 12.88  5.46
  952  72701 391010 13.00 13.98  9.46  7.88 19.81 17.26  9681 13.28  5.10
-1011  73968 390369  1.03  6.57 17.98  8.65  3.61  2.21  1221   .45  8.86
 1011  73968 390369  2.18  6.76 17.96  8.64  3.61  2.21  1222   .45  9.02
 1011  73968 390369  3.06  6.67 17.88  8.65  3.70  2.27  1257   .52  8.80
 1011  73968 390369  4.06  6.57 17.87  8.66  3.73  2.29  1269   .53  8.48
 1011  73968 390369  5.02  6.47 17.77  8.67  3.79  2.34  1294   .59  8.04
 1011  73968 390369  6.02  6.47 17.58  8.61  3.95  2.46  1361   .71  7.50
-1025  74012 392209  1.09  6.97 18.07  8.55  3.33  2.02  1116   .29  9.77
 1025  74012 392209  2.03  6.97 18.07  8.55  3.33  2.02  1118   .29  9.93
 1025  74012 392209  3.12  7.07 18.07  8.55  3.33  2.02  1116   .29  9.80
 1025  74012 392209  3.94  7.17 18.07  8.55  3.33  2.02  1116   .29  9.79
 1025  74012 392209  4.97  7.17 18.07  8.55  3.33  2.02  1116   .29  9.72
 1025  74012 392209  5.94  7.17 18.08  8.55  3.32  2.01  1116   .29  9.85
-1040  74957 394959  1.02  8.46 17.96  8.51  3.17  1.92  1065   .24  9.05
 1040  74957 394959  2.05  8.26 17.96  8.51  3.17  1.92  1064   .24  8.89
 1040  74957 394959  3.12  8.17 17.96  8.52  3.18  1.92  1065   .24  8.73
 1040  74957 394959  3.97  8.17 17.95  8.51  3.18  1.92  1065   .24  8.79
 1040  74957 394959  4.96  8.17 17.95  8.51  3.18  1.92  1065   .24  8.81
 1040  74957 394959  5.85  8.17 17.95  8.51  3.18  1.93  1068   .25  8.77
 1040  74957 394959  6.98  8.17 17.95  8.51  3.18  1.93  1067   .25  8.73
-1057  74463 398123  1.01  8.36 17.81  8.56  3.39  2.07  1146   .38  8.99
 1057  74463 398123  1.94  8.36 17.81  8.56  3.39  2.07  1146   .38  8.93
 1057  74463 398123  3.08  8.36 17.81  8.56  3.39  2.07  1145   .38  8.90
 1057  74463 398123  4.08  8.76 17.81  8.56  3.39  2.07  1145   .38  8.86
 1057  74463 398123  5.01  8.46 17.81  8.56  3.39  2.07  1145   .38  8.90
 1057  74463 398123  5.87  8.26 17.81  8.56  3.37  2.06  1141   .37  8.84
 1057  74463 398123  6.99  8.26 17.81  8.56  3.39  2.07  1147   .38  8.92
-1117  73042 399885   .96  8.14 17.86  8.59  3.28  1.99  1104   .31  9.10
 1117  73042 399885  2.05  7.76 17.85  8.59  3.28  1.99  1104   .31  9.07
 1117  73042 399885  2.96  7.76 17.85  8.59  3.28  2.00  1107   .32  9.07
 1117  73042 399885  3.91  7.76 17.85  8.59  3.29  2.00  1107   .32  9.09
 1117  73042 399885  4.91  7.97 17.84  8.59  3.28  2.00  1107   .32  9.12
 1117  73042 399885  5.92  7.46 17.84  8.59  3.28  2.00  1106   .32  9.11
 1117  73042 399885  6.97  7.86 17.84  8.59  3.28  2.00  1107   .32  9.07
-1136  72359 403390   .99  9.99 17.63  8.65  3.04  1.85  1025   .25  9.69
 1136  72359 403390  2.27  9.99 17.62  8.64  3.04  1.85  1026   .25  9.56
 1136  72359 403390  3.13 10.29 17.62  8.64  3.04  1.85  1025   .25  9.66
 1136  72359 403390  4.02  9.99 17.62  8.65  3.04  1.85  1026   .25  9.63
 1136  72359 403390  5.09 10.29 17.62  8.64  3.04  1.85  1026   .25  9.55
 1136  72359 403390  6.10  9.85 17.62  8.64  3.04  1.85  1024   .25  9.63
 1136  72359 403390  6.95  9.85 17.62  8.65  3.05  1.86  1027   .25  9.58
 1136  72359 403390  7.98  9.85 17.62  8.65  3.04  1.85  1025   .25  9.59
 1136  72359 403390  8.93  9.85 17.62  8.65  3.04  1.85  1026   .25  9.59
-1154  75123 405454  1.00  8.36 17.87  8.74  2.99  1.81  1002   .17 10.82
 1154  75123 405454  2.22  8.85 17.87  8.75  2.97  1.79   992   .16 11.28
 1154  75123 405454  3.08  8.85 17.87  8.75  2.96  1.78   988   .15 11.37
 1154  75123 405454  4.03  8.76 17.86  8.75  2.97  1.79   993   .16 11.71
 1154  75123 405454  5.03  8.66 17.78  8.74  2.99  1.81  1002   .19 11.85
 1154  75123 405454  6.07  8.07 17.63  8.69  3.13  1.91  1058   .29 11.91
