# MEETVAARTUIG : M.C.ECOS2 YSI
# MEETDATUM    : 13-09-2018 10:09:02
# MEETGEBIED   :
# STARTPUNT    :
# EINDPUNT     :
# PROJECTCODE  :
# OPDRACHTGEVER:
# BEHEERDER    :
# BEMONST. INST:
# WAARNEMER(S) : K. de Vlaam
#
* 20180913
$ 9999 [000000000000000]
>TIJD      uumm                    
>X         coordinaat              
>Y         coordinaat              
>SENSHTE   Diepte set        m     
>Echms     Echoset           mtrs  
>Temp      Temperatuur       oC     :  14.0   0.5   15   0.5
>pH        Zuurgraad         dimsls
>O2        Zuurstof          mg/l  
>%O2       Zuurstof%         %     
>GELBH     Geleidendheid     mS/cm 
>GEL20     Gel20             ???   
>SALNTT    Saliniteit        dimsl 
>CL-       Chloride          mg/l  
>CHFLYSI   Chlorofyl         ugr/l 
>TURBID    Troebelheid       NTU   
 -1009  72815 400079   1.09   7.23  18.61   8.60   8.75    93   1.30   134   0.75    314   1.40   7.40
  1009  72873 400003   2.08   6.20  18.61   8.61   8.75    93   1.30   134   0.75    313   1.60   7.50
  1009  72884 399986   3.03   5.36  18.59   8.60   8.74    93   1.30   134   0.75    313   1.10   8.70
  1010  72883 399985   3.99   4.09  18.60   8.60   8.73    93   1.30   134   0.75    314   1.50   7.60
  1010  72882 399984   4.95   3.11  18.58   8.61   8.73    93   1.30   134   0.75    314   1.30   6.60
  1010  72882 399984   5.96   2.09  18.56   8.61   8.72    93   1.30   134   0.75    313   1.50   7.10
  1010  72882 399984   6.97   1.18  18.56   8.61   8.71    92   1.30   134   0.75    313   1.30   7.00
 -2359  74650 397850   1.00   9999   9999   9999   9999  9999   9999  9999   9999   9999   9999   9999
  2359  74650 397850   8.00   9999   9999   9999   9999  9999   9999  9999   9999   9999   9999   9999
 -2359  74950 394970   1.00   9999   9999   9999   9999  9999   9999  9999   9999   9999   9999   9999
  2359  74950 394970   8.00   9999   9999   9999   9999  9999   9999  9999   9999   9999   9999   9999
 -1048  73952 392207   1.08   5.78  19.04   8.65   9999  9999   1.27   129   0.72    298   1.70  11.80
  1048  73947 392175   1.96   5.11  19.03   8.64   9999  9999   1.27   130   0.72    300   1.60  10.90
  1048  73945 392163   2.99   4.05  19.01   8.64   9999  9999   1.27   130   0.73    301   1.70  10.50
  1048  73944 392160   3.91   3.09  19.01   8.64   9999  9999   1.28   130   0.73    302   1.80  10.60
  1049  73944 392157   4.95   2.14  19.01   8.64   9999  9999   1.28   130   0.73    302   1.70  10.50
  1049  73943 392155   5.90   1.16  19.00   8.63   9999  9999   1.28   130   0.73    302   1.80  10.80
 -1109  71524 392016   1.15  18.45  18.64   8.72   9.84   105   1.48   152   0.86    377   1.40   6.20
  1110  71484 392044   2.07  16.89  18.61   8.71   9.77   104   1.49   153   0.86    380   1.70   6.60
  1110  71472 392055   3.01  15.81  18.55   8.70   9.62   102   1.50   154   0.87    384   1.70   5.90
  1111  71472 392062   3.94  15.00  18.54   8.67   9.40   100   1.50   154   0.87    384   1.10   3.60
  1111  71496 392067   5.04  14.29  18.50   8.66   9.25    98   1.51   156   0.88    390   1.30   3.30
  1112  71501 392067   6.02  13.48  18.40   8.65   9.26    98   1.53   159   0.89    400   1.10   3.30
  1112  71506 392065   6.99  12.63  18.36   8.65   9.09    96   1.53   159   0.89    400   1.00   2.80
  1112  71506 392062   8.00  11.74  18.28   8.63   9.08    96   1.61   167   0.94    427   1.20   2.50
  1113  71503 392057   9.03  10.66  18.21   8.61   8.87    94   1.69   176   1.00    459   1.30   2.30
  1113  71503 392057   9.88   9.84  18.09   8.34   8.72    92   3.18   331   1.94    985   1.30   2.20
  1115  71504 392056  10.94   8.75  17.54   8.00   0.81     8   4.66   492   2.95   1636   1.80   4.50
  1116  71500 392061  12.05   7.34  17.07   7.93   0.62     6   4.96   528   3.19   1767   1.70   1.80
  1116  71500 392065  12.92   6.44  16.07   7.86   0.58     6   5.17   564   3.42   1895   1.80   1.30
  1116  71499 392066  14.17   5.28  15.89   7.83   0.57     6   5.30   580   3.52   1954   1.70   1.40
  1116  71499 392066  14.97   4.43  15.50   7.79   0.56     6   5.78   637   3.90   2163   1.90   1.30
  1117  71499 392066  15.89   3.50  15.19   7.75   0.54     6   5.99   666   4.09   2267   2.20   1.50
  1117  71498 392066  16.89   2.48  15.00   7.72   0.54     5   6.05   676   4.15   2305   2.00   1.50
  1117  71498 392066  17.91   1.45  14.75   7.67   0.53     5   6.18   695   4.28   2373   2.00   1.30
 -2359  72180 391770   1.00   9999   9999   9999   9999  9999   9999  9999   9999   9999   9999   9999
  2359  72180 391770  17.00   9999   9999   9999   9999  9999   9999  9999   9999   9999   9999   9999
 -1059  72724 390990   1.02  17.11  18.67   8.65   9999  9999   1.42   146   0.82    355   1.50   6.00
  1059  72708 390993   1.95  16.53  18.66   8.65   9999  9999   1.42   146   0.82    356   1.50   5.80
  1100  72699 390994   2.88  15.81  18.63   8.65   9999  9999   1.42   146   0.82    357   1.50   5.50
  1100  72697 390994   3.89  14.83  18.61   8.65   9999  9999   1.42   147   0.82    358   1.60   6.30
  1100  72696 390993   4.89  13.81  18.59   8.64   9999  9999   1.43   148   0.83    361   1.80   6.10
  1100  72696 390993   5.93  12.86  18.57   8.64   9999  9999   1.44   149   0.84    365   1.60   5.50
  1100  72696 390992   6.91   3.44  18.56   8.63   9999  9999   1.57   162   0.91    410   1.60   4.50
  1100  72700 390984   7.98  11.01  18.49   8.62   9999  9999   1.66   171   0.97    443   1.00   1.60
  1100  72699 390984   8.94   9.84  18.49   8.61   9999  9999   1.67   172   0.97    445   1.00   1.50
  1100  72697 390985   9.98   8.88  18.46   8.60   9999  9999   1.80   186   1.06    494   1.10   1.50
  1100  72696 390985  10.93   7.95  18.02   8.34   9999  9999   3.37   352   2.07   1056   1.20   2.10
  1100  72695 390985  11.93   6.93  17.53   8.22   9999  9999   4.90   517   3.11   1726   1.20   2.40
  1101  72693 390986  12.97   5.86  16.64   8.14   9999  9999   4.92   529   3.19   1771   1.50   2.10
  1101  72691 390987  13.91   4.76  16.15   8.10   9999  9999   4.97   541   3.27   1812   1.60   2.10
  1101  72690 390987  14.89   3.75  15.64   8.04   9999  9999   5.17   569   3.45   1915   1.70   2.10
  1101  72688 390988  15.97   2.64  15.19   7.99   9999  9999   5.34   594   3.62   2007   1.90   1.90
  1101  72687 390988  16.89   1.65  14.83   7.94   9999  9999   5.35   599   3.65   2026   2.10   1.70
  1101  72685 390988  17.90   0.75  14.57   7.83   9999  9999   5.34   602   3.67   2038   2.40   1.20
 -1132  73984 390407   1.04   5.68  18.61   8.56   9999  9999   1.53   157   0.88    394   3.30   3.70
  1132  73991 390397   1.95   4.83  18.59   8.56   9999  9999   1.53   157   0.88    394   2.30   4.10
  1132  73992 390396   2.88   3.83  18.58   8.56   9999  9999   1.52   157   0.88    394   2.20   4.00
  1132  73995 390392   3.96   2.76  18.57   8.56   9999  9999   1.53   158   0.89    395   2.00   4.50
  1132  73995 390392   4.90   1.80  18.57   8.56   9999  9999   1.53   158   0.89    396   1.70   4.80
  1132  73997 390389   5.91   0.78  18.56   8.56   9999  9999   1.54   159   0.89    399   1.60   4.90
 -1145  74427 387833   1.09   1.89  18.60   8.67   9.43   100   1.45   149   0.84    366   1.50   8.70
  1145  74422 387822   1.99   1.53  18.62   8.66   9.35   100   1.44   149   0.83    364   1.50   9.00
  1146  74422 387816   3.13   0.00  18.62   8.65   9.36   100   1.44   149   0.83    364   1.50   9.10
  1146  74423 387811   4.01  13.19  18.64   8.66   9.44   100   1.44   148   0.83    363   1.60  10.30
  1146  74424 387811   4.88  12.48  18.63   8.66   9.42   100   1.44   149   0.83    364   1.50  10.60
  1146  74426 387812   5.89  11.46  18.62   8.66   9.41   100   1.44   149   0.83    364   1.70  10.40
  1146  74427 387813   6.94  10.55  18.61   8.65   9.39   100   1.45   149   0.84    366   1.70   9.50
  1147  74427 387813   7.89   9.65  18.61   8.65   9.38   100   1.45   149   0.84    367   1.80   9.20
  1147  74428 387814   8.91   8.78  18.58   8.64   9.34    99   1.46   151   0.84    371   1.70   8.70
  1147  74428 387814   9.88   7.81  18.58   8.63   9.27    98   1.47   151   0.85    374   1.50   8.50
  1147  74429 387816  10.96   6.56  18.56   8.62   9.18    98   1.47   152   0.85    375   1.20   8.70
  1147  74430 387817  11.89   5.66  18.53   8.61   9.10    97   1.47   152   0.85    375   1.10   9.70
  1147  74431 387821  12.88   4.69  18.50   8.60   8.94    95   1.46   151   0.85    373   1.50  11.30
  1147  74431 387823  13.92   3.61  18.49   8.60   8.93    95   1.46   151   0.85    373   1.30  11.30
  1147  74432 387824  15.00   1.08  18.50   8.59   8.90    94   1.47   152   0.85    376   1.30  12.00
  1147  74432 387826  15.96   1.59  18.51   8.58   8.88    94   1.49   154   0.86    382   1.40  11.90
  1148  74433 387827  16.89   0.75  18.52   8.58   8.80    93   1.50   154   0.87    384   1.50  12.40
 -1306  74563 385531   1.10   5.81  18.83   8.60   9999  9999   1.93   198   1.13    536   1.50  12.70
  1306  74563 385522   2.02   4.96  18.84   8.60   9999  9999   1.93   198   1.12    535   1.60  12.10
  1307  74563 385519   2.95   4.14  18.82   8.59   9999  9999   1.96   200   1.14    544   1.70  12.30
  1307  74563 385515   3.99   3.13  18.81   8.59   9999  9999   1.96   201   1.15    547   1.60  11.50
  1307  74563 385513   4.94   2.18  18.81   8.59   9999  9999   1.98   203   1.15    552   1.60  11.50
  1307  74563 385508   5.96   1.06  18.82   8.57   9999  9999   2.02   207   1.18    567   1.80  11.10
 -1210  74137 384671   1.07   5.50  18.53   8.61   9999  9999   1.55   160   0.90    404   1.70  10.50
  1210  74139 384660   1.98   4.71  18.52   8.62   9999  9999   1.55   160   0.90    404   1.70  10.70
  1210  74140 384657   3.02   3.51  18.51   8.62   9999  9999   1.55   160   0.90    403   1.70  10.70
  1210  74140 384655   3.91   2.65  18.49   8.61   9999  9999   1.54   159   0.90    402   1.60  10.40
  1211  74140 384652   4.91   1.63  18.47   8.61   9999  9999   1.54   160   0.90    402   1.70  11.00
  1211  74140 384651   5.94   0.75  18.45   8.61   9999  9999   1.54   160   0.90    402   1.60  11.30
