# MEETVAARTUIG : M.C.ECOS 8 VERTIKAAL
# MEETDATUM    : 07-12-2017 10:43:31
# MEETGEBIED   :
# STARTPUNT    :
# EINDPUNT     :
# PROJECTCODE  :
# OPDRACHTGEVER:
# BEHEERDER    :
# BEMONST. INST:
# WAARNEMER(S) : Kevin de Vlaam
#
* 20171207
$ 9999 [000000000000000]
>TIJD      uumm                    
>X         coordinaat              
>Y         coordinaat              
>SENSHTE   Diepte set        m     
>Echms     Echoset           mtrs  
>Temp      Temperatuur       oC     :  5.0   0.5   15   0.5
>pH        Zuurgraad         dimsls
>O2        Zuurstof          mg/l  
>%O2       Zuurstof%         %     
>GELBH     Geleidendheid     mS/cm 
>GEL20     Gel20             ???   
>SALNTT    Saliniteit        dimsl 
>CL-       Chloride          mg/l  
>CHFLYSI   Chlorofyl         ugr/l 
>TURBID    Troebelheid       NTU   
 -1044  72795 400090   1.00   7.78   6.23   8.29  12.00    98   1.17   162   0.93    412   0.70   1.50
  1044  72845 400037   2.02   7.16   6.22   8.28  12.00    97   1.17   162   0.93    411   0.60   1.60
  1045  72851 400032   3.04   6.05   6.23   8.27  11.90    97   1.17   162   0.93    412   0.70   1.70
  1045  72863 400023   4.01   4.43   6.25   8.27  11.90    97   1.17   162   0.93    412   0.60   1.90
  1045  72863 400019   5.00   3.45   6.24   8.27  11.90    97   1.17   162   0.93    411   0.70   1.80
  1046  72864 400013   6.00   2.34   6.24   8.26  11.80    96   1.17   162   0.92    410   0.40   1.90
  1046  72867 400008   7.04   1.56   6.24   8.26  11.80    96   1.17   162   0.92    409   0.60   1.90
  1046  72872 400003   8.00   0.00   6.24   8.26  11.80    96   1.17   162   0.92    410   0.60   2.10
 -2359  74650 397850   1.00   9999   9999   9999   9999  9999   9999  9999   9999   9999   9999   9999
  2359  74650 397850   8.00   9999   9999   9999   9999  9999   9999  9999   9999   9999   9999   9999
 -2359  74950 394970   1.00   9999   9999   9999   9999  9999   9999  9999   9999   9999   9999   9999
  2359  74950 394970   8.00   9999   9999   9999   9999  9999   9999  9999   9999   9999   9999   9999
 -1115  73941 392342   0.95   5.94   6.00   8.21   9999  9999   1.26   176   1.01    458   5.50   2.00
  1115  73933 392306   1.94   0.75   6.00   8.21   9999  9999   1.26   176   1.01    458   3.10   2.10
  1115  73932 392295   2.98   3.45   6.00   8.21   9999  9999   1.26   176   1.01    458   2.20   2.00
  1115  73932 392295   3.95   3.48   6.00   8.21   9999  9999   1.26   176   1.01    458   2.10   2.00
  1116  73930 392285   4.98   2.00   6.00   8.21   9999  9999   1.26   176   1.01    458   1.40   2.10
  1116  73928 392278   5.99   1.05   6.00   8.20   9999  9999   1.26   176   1.01    457   1.00   2.10
 -1134  71515 392034   0.99  18.57   6.32   8.30  11.90    97   1.41   196   1.13    527   0.50   0.50
  1134  71454 392019   2.04  17.24   6.32   8.30  11.80    97   1.41   195   1.13    527   0.50   0.50
  1135  71433 392028   3.00  15.98   6.33   8.29  11.70    95   1.41   195   1.12    526   0.60   0.50
  1135  71428 392023   3.99  14.84   6.33   8.29  11.60    95   1.41   195   1.13    527   0.70   0.50
  1135  71423 392017   5.01  13.31   6.33   8.29  11.60    95   1.41   195   1.13    527   0.60   0.50
  1136  71425 392011   5.98  11.94   6.33   8.29  11.60    95   1.41   195   1.12    526   0.50   0.50
  1136  71415 391990   7.01  11.04   6.33   8.29  11.60    94   1.42   196   1.13    528   0.50   0.40
  1136  71414 391992   8.00   9.99   6.34   8.29  11.50    94   1.41   195   1.13    526   0.60   0.40
  1137  71409 391993   9.01   8.91   6.34   8.29  11.50    94   1.41   196   1.13    527   0.50   0.50
  1137  71417 392012  10.02   8.48   6.34   8.29  11.50    94   1.42   196   1.13    529   0.60   0.50
  1137  71409 392013  11.03   6.70   6.34   8.29  11.50    94   1.42   197   1.13    531   0.60   0.50
  1138  71411 391985  11.98   6.11   6.34   8.29  11.50    94   1.42   196   1.13    529   0.50   0.50
  1138  71392 392001  13.00   5.16   6.38   8.28  11.40    93   1.48   204   1.18    555   0.70   0.60
  1139  71412 392013  14.00   4.49   6.42   8.24  11.20    92   1.63   224   1.30    627   0.60   0.70
  1140  71445 392004  14.98   4.08   6.38   8.21  10.70    87   1.47   203   1.17    554   0.60   1.10
  1140  71454 392018  15.99   3.15   7.55   7.86  10.50    90   3.42   457   2.76   1429   0.70  10.90
  1140  71463 392019  16.98   1.76  10.97   7.45   7.38    68   5.06   621   3.81   2113   0.90  14.00
  1140  71470 392018  17.99   0.91  11.57   7.32   0.27     2   6.19   749   4.65   2582   1.00   7.60
  1143  71461 391977  18.98   0.00  11.99   7.24   0.26     2   6.30   755   4.68   2601  -0.10  -0.40
 -2359  72180 391770   1.00   9999   9999   9999   9999  9999   9999  9999   9999   9999   9999   9999
  2359  72180 391770  17.00   9999   9999   9999   9999  9999   9999  9999   9999   9999   9999   9999
 -1124  72796 391003   0.99  16.24   6.11   8.28   9999  9999   1.33   185   1.07    492   2.00   0.80
  1124  72771 390996   1.99  15.50   6.23   8.26   9999  9999   1.33   185   1.06    489   1.20   0.80
  1124  72764 390993   3.00  14.99   6.24   8.26   9999  9999   1.33   184   1.06    488   0.90   0.80
  1124  72761 390990   4.05  13.10   6.24   8.25   9999  9999   1.33   184   1.06    488   0.60   0.80
  1124  72760 390989   4.99  12.83   6.24   8.25   9999  9999   1.33   185   1.06    489   0.70   0.80
  1124  72759 390989   6.06  11.59   6.25   8.25   9999  9999   1.34   185   1.06    490   0.70   0.80
  1125  72759 390989   6.91  11.11   6.25   8.25   9999  9999   1.34   185   1.06    491   0.60   0.80
  1125  72758 390990   7.98   9.81   6.25   8.25   9999  9999   1.34   185   1.06    491   0.50   0.80
  1125  72756 390991   9.00   9.05   6.25   8.24   9999  9999   1.34   185   1.06    491   0.60   0.80
  1125  72752 390987   9.99   8.41   6.25   8.24   9999  9999   1.34   186   1.07    492   0.50   0.80
  1125  72748 390986  10.98   6.86   6.26   8.24   9999  9999   1.34   186   1.07    494   0.70   0.80
  1125  72747 390982  11.95   5.45   6.33   8.23   9999  9999   1.39   192   1.11    516   0.60   0.80
  1125  72747 390979  12.99   4.18   6.45   8.21   9999  9999   1.47   202   1.17    550   0.60   0.80
  1125  72745 390973  13.99   3.49   6.73   8.17   9999  9999   1.62   221   1.28    618   0.40   0.90
  1126  72744 390968  14.99   2.44   6.77   8.16   9999  9999   1.63   223   1.29    624   0.50   1.00
  1126  72744 390960  15.97   1.19   6.97   8.14   9999  9999   1.74   236   1.37    669   0.50   1.00
 -1154  73985 390367   0.99   5.68   6.07   8.24   9999  9999   1.30   180   1.04    475   0.70   1.40
  1155  73991 390357   1.95   4.19   6.07   8.24   9999  9999   1.30   180   1.04    474   0.80   1.30
  1155  73990 390356   3.00   3.71   6.07   8.23   9999  9999   1.30   180   1.04    474   0.80   1.30
  1155  73985 390349   3.95   2.40   6.07   8.23   9999  9999   1.30   180   1.04    474   0.80   1.40
  1155  73985 390340   4.99   1.29   6.06   8.23   9999  9999   1.30   180   1.04    474   0.70   1.50
 -1209  74424 387822   1.05  16.26   5.84   8.26  12.00    97   1.31   183   1.05    485   0.50   1.40
  1213  74445 387801   2.02  14.79   5.83   8.25  11.90    96   1.31   183   1.05    485   0.80   1.50
  1213  74442 387794   3.00  13.08   5.83   8.25  11.90    96   1.31   184   1.06    486   0.70   1.40
  1213  74430 387773   4.01  12.21   5.83   8.25  11.90    96   1.31   184   1.06    486   0.60   1.40
  1213  74423 387778   5.02   9.96   5.83   8.25  11.90    96   1.32   184   1.06    487   0.50   1.70
  1214  74422 387782   6.06  11.49   5.82   8.25  11.90    96   1.32   184   1.06    488   0.70   1.60
  1214  74416 387787   7.00  10.41   5.82   8.25  11.90    96   1.32   184   1.06    488   0.70   1.60
  1214  74423 387806   7.99   9.64   5.83   8.25  11.90    96   1.31   184   1.06    487   0.70   1.50
  1215  74428 387801   9.00   7.76   5.83   8.25  11.90    96   1.31   183   1.05    485   0.50   1.50
  1215  74422 387790  10.05   6.74   5.84   8.25  11.90    96   1.31   183   1.05    485   0.60   1.40
  1215  74425 387787  11.01   5.94   5.82   8.25  11.90    96   1.32   185   1.07    492   0.50   1.90
  1216  74432 387791  12.00   4.65   5.82   8.25  11.90    96   1.32   185   1.06    490   0.60   2.30
  1216  74437 387793  13.01   2.79   5.83   8.25  11.90    96   1.32   185   1.06    489   0.50   1.90
  1216  74446 387797  14.04   1.41   5.80   8.26  11.90    96   1.33   186   1.07    495   0.70   2.30
 -1244  74522 385621   0.98   5.58   5.89   8.30   9999  9999   1.51   211   1.22    582   0.80   4.30
  1244  74526 385604   1.99   4.25   5.91   8.29   9999  9999   1.51   211   1.22    582   0.70   4.30
  1244  74527 385600   2.99   3.98   5.91   8.29   9999  9999   1.51   211   1.22    582   0.80   4.30
  1244  74528 385598   4.00   2.18   5.91   8.28   9999  9999   1.51   211   1.22    582   0.60   4.10
  1244  74528 385598   4.99   2.05   5.91   8.28   9999  9999   1.51   211   1.22    582   0.60   4.10
  1244  74528 385591   5.95   8.44   5.91   8.27   9999  9999   1.51   211   1.22    583   0.60   4.20
 -1231  74128 384617   1.04   5.61   5.72   8.27   9999  9999   1.33   186   1.07    495   8.30   4.50
  1231  74132 384600   1.94   3.71   5.77   8.27   9999  9999   1.33   187   1.07    496   4.60   3.30
  1231  74132 384600   2.95   3.71   5.77   8.27   9999  9999   1.33   187   1.07    496   4.50   3.30
  1231  74134 384595   4.00   1.61   5.77   8.26   9999  9999   1.33   187   1.07    496   2.30   2.70
  1231  74134 384595   5.00   1.58   5.77   8.26   9999  9999   1.33   187   1.07    496   2.30   2.80
  1231  74133 384592   5.99   0.00   5.77   8.26   9999  9999   1.33   187   1.07    497   1.10   2.40
