# MEETVAARTUIG : M.S. ARGUS
# MEETDATUM    : 03-12-2008 07:51:27
# MEETGEBIED   : VOLKERAK/ZOOMMEER
# STARTPUNT    : Krammersluizen
# EINDPUNT     : Antwerpen
# PROJECTCODE  : E7608X
# OPDRACHTGEVER: ZLXXAXAMDBG
# BEHEERDER    : ZLXXAXAMDBG
# BEMONST. INST:
# WAARNEMER(S) : G.J.Bakker
#
* 20081203
$ 9999 [000000000000]
>TIJD      uumm                    
>X         coordinaat              
>Y         coordinaat              
>SENSHTE   Diepte set        m     
>ECHOS     Echoset           mtrs  
>Temp      Temperatuur       oC        : 4.0   0.5   15   0.5
>GELBH     Geleidendheid     mS/cm 
>SALNTT    Saliniteit        dimsl 
>CL-       Chloride          mg/l  
>O2        Zuurstof          mg/l  
>%O2       Zuurstof%         %     
>pH        Zuurgraad         dimsls
 -1129  72888 399992   1.04   7.45   5.33   1.39   1.14    531  11.68    94   9999
  1130  72886 399995   2.04   6.45   5.32   1.39   1.14    531  11.70    94   9999
  1130  72887 399992   3.01   5.35   5.34   1.38   1.13    531  11.68    94   9999
  1130  72888 399989   4.08   4.15   5.36   1.38   1.13    530  11.67    94   9999
  1131  72889 399987   5.05   3.20   5.35   1.39   1.13    531  11.68    94   9999
  1131  72889 399985   6.07   2.25   5.35   1.38   1.13    530  11.68    94   9999
  1131  72888 399986   7.08   1.20   5.35   1.38   1.13    530  11.68    94   9999
 -1157  74939 394996   1.01   6.70   5.31   1.32   1.08    497   9999  9999   9999
  1157  74933 394984   1.86   6.25   5.32   1.32   1.08    498   9999  9999   9999
  1157  74931 394979   2.91   5.40   5.32   1.32   1.08    498   9999  9999   9999
  1157  74930 394976   3.93   4.20   5.32   1.32   1.08    498   9999  9999   9999
  1157  74930 394974   4.89   3.35   5.32   1.32   1.08    497   9999  9999   9999
  1157  74930 394971   5.88   2.25   5.32   1.32   1.08    498   9999  9999   9999
  1158  74929 394969   6.80   1.10   5.32   1.32   1.08    498   9999  9999   9999
 -1214  73930 392168   0.94   5.70   5.17   1.39   1.15    538   9999  9999   9999
  1214  73930 392148   1.87   5.30   5.17   1.39   1.14    536   9999  9999   9999
  1214  73930 392144   2.85   4.25   5.17   1.39   1.14    535   9999  9999   9999
  1214  73931 392142   3.92   3.25   5.17   1.39   1.14    535   9999  9999   9999
  1214  73931 392141   4.84   2.40   5.17   1.39   1.14    535   9999  9999   9999
  1214  73931 392139   5.80   1.10   5.17   1.39   1.14    535   9999  9999   9999
 -1232  71519 392051   0.95  18.65   5.56   1.46   1.19    564  11.48    93   8.30
  1232  71513 392054   2.01  17.80   5.56   1.46   1.19    564  11.49    94   8.30
  1232  71510 392059   3.03  16.65   5.55   1.46   1.19    566  11.47    93   8.31
  1232  71508 392065   4.02  15.50   5.55   1.46   1.19    565  11.47    93   8.31
  1233  71502 392067   5.06  14.35   5.56   1.46   1.19    565  11.45    93   8.31
  1233  71502 392072   6.08  13.50   5.55   1.46   1.19    565  11.45    93   8.31
  1233  71505 392076   7.04  12.55   5.54   1.46   1.19    565  11.44    93   8.31
  1234  71505 392076   8.02  11.55   5.54   1.46   1.19    565  11.43    93   8.29
  1234  71503 392074   9.05  10.55   5.54   1.46   1.19    565  11.43    93   8.29
  1234  71501 392070  10.03   9.40   5.54   1.46   1.19    565  11.43    93   8.28
  1235  71499 392070  11.01   8.35   5.54   1.46   1.19    565  11.43    93   8.28
  1235  71500 392069  12.04   7.30   5.54   1.46   1.19    565  11.41    93   8.26
  1235  71500 392066  12.99   6.40   5.54   1.46   1.19    565  11.40    93   8.25
  1236  71501 392063  14.04   5.45   5.53   1.46   1.19    565  11.41    93   8.25
  1236  71502 392064  15.07   4.45   5.54   1.46   1.19    565  11.40    93   8.25
  1236  71503 392064  16.04   3.55   5.54   1.47   1.20    566  11.38    93   8.24
  1236  71503 392063  17.01   2.45   5.54   1.46   1.19    565  11.38    93   8.24
  1237  71503 392062  18.03   1.40   5.55   1.47   1.20    567  11.38    93   8.22
  1239  71502 392063  18.92  51.25   7.09   3.40   2.78   1442   4.79    41   7.55
 -1244  72154 391780   1.07  17.80   5.58   1.45   1.18    556   9999  9999   9999
  1244  72163 391780   1.90  17.45   5.58   1.44   1.18    555   9999  9999   9999
  1244  72167 391780   2.97  16.60   5.57   1.44   1.18    555   9999  9999   9999
  1244  72171 391780   4.05  15.25   5.57   1.44   1.18    555   9999  9999   9999
  1244  72175 391779   4.84  14.25   5.57   1.44   1.18    554   9999  9999   9999
  1244  72179 391779   5.92  13.25   5.56   1.44   1.18    556   9999  9999   9999
  1244  72179 391779   6.80  12.55   5.56   1.44   1.18    555   9999  9999   9999
  1245  72180 391780   7.99  11.30   5.56   1.44   1.18    555   9999  9999   9999
  1245  72184 391780   8.87  10.00   5.56   1.44   1.18    555   9999  9999   9999
  1245  72188 391779  10.03   8.65   5.56   1.44   1.18    555   9999  9999   9999
  1245  72190 391779  10.91   7.60   5.56   1.44   1.18    555   9999  9999   9999
  1245  72192 391779  11.82   6.00   5.56   1.44   1.18    555   9999  9999   9999
  1245  72194 391780  12.99   4.45   5.56   1.44   1.17    554   9999  9999   9999
  1245  72194 391780  13.86   3.40   5.56   1.44   1.18    555   9999  9999   9999
  1245  72196 391780  14.97   1.95   5.55   1.44   1.17    554   9999  9999   9999
 -1250  72710 390997   1.14  17.20   5.59   1.44   1.17    551   9999  9999   9999
  1250  72710 390993   1.84  17.05   5.59   1.44   1.17    551   9999  9999   9999
  1250  72709 390990   3.05  16.00   5.59   1.43   1.17    551   9999  9999   9999
  1250  72709 390990   3.89  15.40   5.59   1.44   1.17    551   9999  9999   9999
  1250  72708 390988   5.01  14.45   5.59   1.44   1.17    551   9999  9999   9999
  1250  72708 390986   5.86  13.45   5.59   1.43   1.17    551   9999  9999   9999
  1250  72708 390984   7.04  12.35   5.59   1.43   1.17    551   9999  9999   9999
  1250  72708 390984   7.92  11.65   5.58   1.43   1.17    551   9999  9999   9999
  1250  72707 390983   8.84  10.65   5.58   1.43   1.17    551   9999  9999   9999
  1250  72707 390981  10.02   9.45   5.58   1.43   1.17    551   9999  9999   9999
  1250  72707 390980  10.94   8.75   5.58   1.44   1.17    551   9999  9999   9999
  1250  72706 390979  11.82   7.70   5.58   1.44   1.17    552   9999  9999   9999
  1250  72706 390978  13.04   6.55   5.58   1.44   1.17    552   9999  9999   9999
  1250  72706 390978  13.95   5.85   5.58   1.44   1.17    552   9999  9999   9999
  1250  72706 390976  14.95   4.65   5.58   1.44   1.17    552   9999  9999   9999
  1250  72706 390975  15.91   3.85   5.58   1.44   1.17    552   9999  9999   9999
  1251  72705 390973  16.81   2.90   5.58   1.44   1.17    552   9999  9999   9999
  1251  72705 390971  17.85   1.55   5.56   1.44   1.17    552   9999  9999   9999
 -1259  73980 390390   1.11   0.40   5.20   1.40   1.15    539   9999  9999   9999
  1300  73983 390386   1.89   5.15   5.21   1.40   1.15    539   9999  9999   9999
  1300  73984 390386   2.84   4.25   5.22   1.40   1.15    540   9999  9999   9999
  1300  73986 390383   3.92   3.20   5.21   1.40   1.15    540   9999  9999   9999
  1300  73987 390382   4.83   2.00   5.20   1.40   1.15    539   9999  9999   9999
  1300  73988 390380   5.91   1.05   5.18   1.40   1.15    540   9999  9999   9999
 -1315  74448 387809   1.00  16.80   5.17   1.41   1.16    547  11.73    94   8.32
  1315  74436 387824   1.93  15.80   5.16   1.41   1.16    548  11.73    94   8.32
  1315  74431 387831   3.10  14.55   5.14   1.41   1.16    547  11.73    94   8.32
  1316  74429 387839   4.03  13.55   5.22   1.41   1.16    547  11.70    94   8.32
  1316  74427 387843   5.02  12.85   5.27   1.42   1.16    548  11.70    94   8.32
  1316  74427 387845   6.00  11.05   5.24   1.41   1.16    547  11.70    94   8.32
  1317  74428 387841   7.03  10.40   5.17   1.41   1.16    547  11.69    94   8.31
  1317  74429 387837   8.06   9.45   5.13   1.41   1.16    547  11.69    94   8.31
  1317  74429 387831   9.00   8.70   5.12   1.41   1.16    547  11.70    94   8.30
  1318  74428 387826  10.03   7.75   5.14   1.41   1.16    548  11.68    94   8.30
  1318  74429 387826  11.03   6.75   5.15   1.41   1.16    547  11.69    94   8.30
  1318  74429 387826  12.04   5.70   5.15   1.41   1.16    547  11.67    94   8.28
  1318  74429 387828  13.17   4.55   5.14   1.41   1.16    548  11.68    94   8.28
  1319  74432 387832  14.03   3.65   5.11   1.41   1.16    547  11.67    94   8.29
  1319  74434 387834  15.02   2.50   5.11   1.41   1.17    548  11.67    94   8.29
  1319  74433 387830  16.07   1.75   5.14   1.42   1.17    550  11.68    94   8.28
  1320  74430 387827  17.06   0.75   5.11   1.42   1.18    554  11.68    94   8.26
 -1359  74544 385487   1.02   5.25   5.24   1.41   1.16    547   9999  9999   9999
  1359  74543 385483   1.83   4.55   5.24   1.42   1.16    548   9999  9999   9999
  1359  74542 385482   2.89   3.65   5.24   1.41   1.16    547   9999  9999   9999
  1359  74542 385482   3.86   2.60   5.23   1.41   1.16    547   9999  9999   9999
  1359  74541 385481   4.87   1.45   5.23   1.41   1.16    547   9999  9999   9999
  1359  74540 385480   5.80   0.45   5.24   1.41   1.16    547   9999  9999   9999
 -1336  74134 384661   0.95  51.25   5.22   1.42   1.17    551   9999  9999   9999
  1336  74135 384653   1.83   0.55   5.22   1.42   1.17    550   9999  9999   9999
  1336  74135 384650   2.86   1.05   5.22   1.42   1.17    550   9999  9999   9999
  1336  74135 384647   3.81   2.80   5.22   1.42   1.17    551   9999  9999   9999
  1336  74134 384647   4.80   0.40   5.22   1.42   1.17    550   9999  9999   9999
  1337  74133 384644   5.81   0.85   5.22   1.42   1.17    550   9999  9999   9999
