# MEETVAARTUIG : M.S. ARGUS
# MEETDATUM    : 16-03-2010 10:50:40
# MEETGEBIED   :
# STARTPUNT    :
# EINDPUNT     :
# PROJECTCODE  :
# OPDRACHTGEVER:
# BEHEERDER    :
# BEMONST. INST:
# WAARNEMER(S) : G.J.Bakker.
#
* 20100316
$ 9999 [00000000000]
>TIJD      uumm                    
>X         coordinaat              
>Y         coordinaat              
>SENSHTE   Diepte set        m     
>ECHOS     Echoset           mtrs  
>Temp      Temperatuur       oC        : 0.0   0.5   15   0.5
>O2        Zuurstof          mg/l  
>%O2       Zuurstof%         %     
>GELBH     Geleidendheid     mS/cm 
>SALNTT    Saliniteit        dimsl 
>CL-       Chloride          mg/l  
 -1050  72866 400000   1.07   0.40   4.21  13.36   102   1.03   0.86    373
  1051  72875 399986   2.02   5.65   4.22  13.36   102   1.03   0.86    373
  1051  72873 399988   3.02   4.60   4.21  13.35   102   1.03   0.86    373
  1051  72875 399989   4.05   3.55   4.20  13.34   102   1.03   0.86    373
  1051  72875 399989   5.07   2.50   4.20  13.34   102   1.03   0.86    373
  1052  72874 399988   6.01   1.55   4.20  13.32   102   1.03   0.86    373
  1052  72874 399988   7.01   0.55   4.20  13.32   102   1.03   0.86    373
 -2359  74650 397850   1.00   9999   9999   9999   9999  9999   9999   9999
  2359  74650 397850   8.00   9999   9999   9999   9999  9999   9999   9999
 -1117  74948 394991   0.86   7.10   4.34   9999  9999   1.00   0.83    353
  1117  74948 394986   1.81   6.55   4.32   9999  9999   1.00   0.83    354
  1117  74948 394983   2.83   5.55   4.32   9999  9999   1.00   0.83    354
  1117  74948 394982   3.80   4.80   4.30   9999  9999   1.00   0.83    355
  1118  74948 394980   4.82   3.80   4.30   9999  9999   1.00   0.83    355
  1118  74948 394978   5.90   2.75   4.31   9999  9999   1.00   0.83    355
  1118  74948 394977   6.80   1.85   4.31   9999  9999   1.00   0.83    355
  1118  74948 394974   7.87   1.00   4.32   9999  9999   1.00   0.83    355
 -1130  73945 392168   0.86   6.00   4.27   9999  9999   1.12   0.93    414
  1131  73940 392155   1.83   5.55   4.25   9999  9999   1.12   0.94    416
  1131  73938 392154   2.89   4.60   4.25   9999  9999   1.12   0.94    416
  1131  73937 392153   3.85   3.25   4.25   9999  9999   1.12   0.94    416
  1131  73934 392150   4.84   2.30   4.25   9999  9999   1.12   0.94    416
  1131  73933 392145   5.85   1.35   4.24   9999  9999   1.12   0.94    416
 -1154  71499 392054   1.04   0.40   3.66  14.17   107   1.18   1.01    457
  1154  71490 392069   2.03  17.10   3.56  14.10   106   1.18   1.01    458
  1155  71486 392072   3.04  16.00   3.51  14.04   105   1.18   1.01    459
  1155  71489 392068   4.00  15.15   3.56  14.00   105   1.18   1.01    458
  1156  71493 392065   5.04  14.20   3.51  14.02   105   1.18   1.01    459
  1156  71495 392063   6.00  13.25   3.49  13.98   105   1.18   1.02    461
  1156  71499 392058   7.01  12.50   3.49  13.91   104   1.18   1.01    460
  1157  71500 392057   8.01  11.60   3.50  13.89   104   1.18   1.01    460
  1157  71498 392056   9.10  10.35   3.49  13.88   104   1.18   1.02    461
  1158  71496 392059  10.00   9.30   3.47  13.86   104   1.18   1.02    461
  1158  71495 392061  11.05   8.25   3.45  13.84   104   1.19   1.02    465
  1158  71496 392064  12.08   7.35   3.43  13.82   104   1.20   1.03    470
  1159  71496 392066  13.05   6.45   3.34  13.77   103   1.37   1.19    561
  1159  71500 392066  14.06   5.45   3.21  13.69   102   1.67   1.47    722
  1200  71497 392063  15.01   4.35   3.21  13.54   101   1.85   1.64    803
  1201  71498 392063  16.01   3.35   3.06  12.48    93   2.29   2.07   1037
  1202  71498 392062  17.02   2.20   3.08  12.33    92   2.47   2.24   1133
  1203  71495 392062  17.99   1.10   3.15  12.17    91   2.78   2.53   1295
 -1148  72196 391775   0.99  14.75   3.84   9999  9999   1.16   0.98    443
  1148  72191 391788   1.82  13.75   3.88   9999  9999   1.16   0.99    444
  1148  72189 391790   2.82  12.85   3.87   9999  9999   1.16   0.99    444
  1148  72188 391791   3.82  11.80   3.83   9999  9999   1.16   0.99    444
  1148  72187 391792   4.85  10.95   3.78   9999  9999   1.16   0.99    444
  1149  72187 391791   5.84  10.60   3.68   9999  9999   1.16   0.99    446
  1149  72187 391790   6.87   9.90   3.66   9999  9999   1.16   0.99    447
  1149  72187 391789   7.87   9.20   3.65   9999  9999   1.16   0.99    447
  1149  72187 391788   8.90   8.55   3.63   9999  9999   1.16   0.99    447
  1149  72186 391787   9.80   7.65   3.63   9999  9999   1.16   0.99    448
  1149  72186 391787  10.86   6.90   3.63   9999  9999   1.16   0.99    449
  1149  72186 391785  11.89   6.30   3.63   9999  9999   1.16   0.99    448
  1149  72186 391784  12.84   5.30   3.64   9999  9999   1.17   1.00    450
  1149  72186 391783  13.81   4.60   3.65   9999  9999   1.18   1.01    458
  1149  72186 391783  14.80   3.80   3.57   9999  9999   1.28   1.10    511
  1149  72186 391782  15.81   2.90   3.34   9999  9999   1.74   1.53    757
  1149  72185 391781  16.92   1.55   3.22   9999  9999   1.97   1.75    861
 -1142  72718 390992   0.84  17.40   4.07   9999  9999   1.16   0.97    438
  1142  72712 390992   1.90  16.70   4.05   9999  9999   1.15   0.97    437
  1142  72709 390992   2.89  15.95   4.05   9999  9999   1.15   0.97    437
  1142  72706 390992   3.87  51.25   4.03   9999  9999   1.15   0.97    437
  1142  72704 390993   4.85  14.00   3.94   9999  9999   1.15   0.98    439
  1142  72703 390993   5.83  13.35   3.92   9999  9999   1.15   0.98    439
  1142  72701 390994   6.84  12.25   3.88   9999  9999   1.15   0.97    438
  1142  72701 390993   7.82  11.15   3.84   9999  9999   1.15   0.98    439
  1142  72699 390993   8.86  10.35   3.81   9999  9999   1.15   0.98    440
  1142  72697 390994   9.81   9.25   3.79   9999  9999   1.15   0.98    440
  1142  72696 390994  10.85   8.10   3.75   9999  9999   1.15   0.98    440
  1142  72694 390994  11.88   7.25   3.69   9999  9999   1.15   0.98    442
  1142  72692 390995  12.84   6.10   3.66   9999  9999   1.16   0.99    445
  1142  72692 390995  13.85   4.95   3.60   9999  9999   1.17   1.00    454
  1143  72690 390995  14.88   4.20   3.51   9999  9999   1.41   1.22    581
  1143  72689 390995  15.85   3.15   3.32   9999  9999   1.52   1.33    642
  1143  72688 390995  16.81   2.05   3.19   9999  9999   1.61   1.42    693
  1143  72686 390995  17.85   1.15   3.08   9999  9999   1.75   1.56    753
 -1224  73960 390374   1.15   5.55   3.99   9999  9999   1.15   0.98    438
  1224  73961 390370   1.85   5.20   4.00   9999  9999   1.15   0.97    438
  1224  73961 390367   2.82   4.25   3.99   9999  9999   1.15   0.98    438
  1224  73962 390365   3.80   3.20   4.00   9999  9999   1.15   0.97    438
  1224  73962 390363   4.84   2.05   4.00   9999  9999   1.15   0.97    437
  1224  73962 390361   5.82   1.10   3.97   9999  9999   1.16   0.98    439
 -1236  74430 387853   0.91  16.35   4.33  13.35   102   1.17   0.98    438
  1236  74429 387828   2.00  16.00   4.29  13.32   102   1.17   0.98    440
  1237  74430 387826   3.04  14.85   4.29  13.34   102   1.17   0.98    441
  1237  74431 387828   4.03  13.80   4.29  13.34   102   1.17   0.98    442
  1237  74433 387830   5.04  12.95   4.29  13.39   102   1.17   0.98    443
  1238  74436 387829   6.04  11.60   4.27  13.42   103   1.17   0.99    444
  1238  74437 387829   7.03  10.70   4.25  13.44   103   1.17   0.99    444
  1238  74438 387829   7.97   9.60   4.23  13.45   103   1.18   0.99    445
  1238  74439 387829   9.02   8.60   4.20  13.46   103   1.18   0.99    446
  1239  74439 387829  10.08   7.45   4.19  13.45   103   1.18   0.99    446
  1239  74440 387829  11.06   6.50   4.17  13.44   102   1.18   0.99    447
  1239  74440 387827  12.01   5.60   4.18  13.44   102   1.18   0.99    447
  1240  74439 387827  13.06   4.75   4.17  13.43   102   1.18   0.99    447
  1240  74439 387827  14.00   3.55   4.17  13.42   102   1.18   0.99    447
  1240  74440 387828  15.03   2.50   4.16  13.41   102   1.18   0.99    449
  1240  74441 387829  15.96   1.45   4.17  13.36   102   1.20   1.01    458
  1242  74447 387830  16.44   0.40   3.86  10.67    81   2.32   2.04   1026
 -1315  74541 385522   0.84   5.80   4.21   9999  9999   1.19   1.00    452
  1315  74545 385512   1.82   4.90   4.19   9999  9999   1.19   1.00    453
  1315  74547 385508   2.83   3.95   4.17   9999  9999   1.19   1.00    453
  1315  74547 385507   3.84   2.85   4.15   9999  9999   1.19   1.00    452
  1315  74548 385505   4.83   1.90   4.13   9999  9999   1.19   1.00    452
  1315  74550 385503   5.84   0.90   4.13   9999  9999   1.19   1.00    452
 -1259  74118 384663   0.81   5.90   4.44   9999  9999   1.19   1.00    450
  1259  74118 384659   1.84   5.35   4.47   9999  9999   1.19   1.00    450
  1259  74118 384658   2.80   4.15   4.39   9999  9999   1.19   0.99    449
  1259  74117 384658   3.82   3.20   4.28   9999  9999   1.18   0.99    449
  1259  74117 384657   4.84   2.15   4.20   9999  9999   1.19   1.00    451
  1259  74117 384657   5.85   1.25   4.19   9999  9999   1.19   1.00    451
