# M.S. ARGUS
# 04-10-2000 11:52:49
# PROJECTCODE: E7608X
# STARTPUNT: VOLKERAKSLUIZEN.
# EINDPUNT: ZANDVLIETSLUIZEN.
# OPDRACHTGEVER: ZLXXAXWMDBG
# BEHEERDER: ZLXXAXMVSGN
# BEMONST. INST.: ZLXXAXMVSGN
# TLU        oC    14.9
# LUCHTDK    hp    1019
# WINDSHD    m/s    7.6
# WINDRTG    graad    224
# BEWKGD         8
* 20001004
$ 9999 [00022222202202]
> TIJD
> X-COORD
> Y-COORD
>SENSHTE   Diepte set        m
>ECHOS     Echoset           mtrs
>Echo      Echoschip         M
>Temp      Temperatuur       oC                 :14.  0.5  11  0.5
>pH        Zuurgraad         dimsls
>O2        Zuurstof          mg/l
>%O2       Zuurstof verz.perc%
>GELBH     Geleidendheid     ms/cm
>SALNTT    Saliniteit        dimsls
>CL-       Chloride          mg/l
>FLME      Flur ME           ugr/l
 -638  72868 400031   0.84   8.88   9.70  16.44   9.06   8.24     85   1.25   0.72    319   2.64
  638  72871 400027   2.03   7.68   9.70  16.44   9.07   8.27     85   1.25   0.72    318   2.61
  638  72874 400025   2.94   0.43   9.70  16.45   9.07   8.27     85   1.25   0.72    317   2.47
  638  72877 400023   3.98   5.39   9.80  16.44   9.06   8.42     87   1.25   0.72    318   2.54
  639  72882 400020   5.01   4.35   9.90  16.44   9.07   8.22     85   1.25   0.72    317   2.60
  639  72885 400019   6.04   3.62   9.90  16.44   9.07   8.24     85   1.25   0.72    318   2.73
  640  72887 400019   6.92   2.66  10.00  16.44   9.07   8.35     86   1.25   0.72    317   2.48
  640  72889 400019   7.94   1.44  10.00  16.44   9.07   8.45     87   1.25   0.72    317   2.70
  640  72892 400019   8.82   0.40  10.00  16.44   9.07   8.26     85   1.25   0.72    318   2.66
 -704  74932 395023   1.02   5.82   7.50  16.38   9.01   9999   9999   1.18   0.67    293   2.86
  704  74926 395004   1.93   5.01   7.60  16.38   9.01   9999   9999   1.18   0.67    292   2.87
  705  74924 394999   2.76   4.21   7.60  16.38   9.01   9999   9999   1.18   0.67    293   2.62
  705  74923 394994   3.84   3.15   7.80  16.38   9.01   9999   9999   1.18   0.67    294   3.03
  705  74921 394990   4.75   2.33   7.90  16.38   9.01   9999   9999   1.18   0.67    293   2.71
  705  74920 394987   5.80   1.42   7.90  16.39   9.01   9999   9999   1.18   0.67    293   2.70
  705  74919 394982   6.82   0.47   8.00  16.39   9.01   9999   9999   1.18   0.67    292   2.72
 -718  73934 392172   1.00   5.86   7.40  15.93   9.02   9999   9999   1.47   0.87    406   3.14
  718  73930 392161   1.86   5.06   7.40  15.95   9.02   9999   9999   1.47   0.87    405   3.20
  718  73930 392157   2.80   3.96   7.40  15.95   9.01   9999   9999   1.47   0.87    405   3.02
  718  73928 392152   3.81   3.07   7.40  15.96   9.01   9999   9999   1.47   0.87    405   3.08
  718  73928 392149   4.90   2.00   7.30  15.96   9.01   9999   9999   1.47   0.87    405   3.43
  718  73927 392147   5.83   1.04   7.30  15.97   9.01   9999   9999   1.47   0.87    405   3.10
 -752  71491 392049   0.89  19.05  19.80  16.27   9.05   9999   9999   1.57   0.93    440   2.81
  752  71479 392045   1.86  17.86  19.50  16.26   9.05   9999   9999   1.57   0.93    439   3.03
  752  71475 392044   2.81  16.52  19.50  16.27   9.05   9999   9999   1.57   0.93    440   2.96
  752  71473 392044   3.82  15.52  19.50  16.27   9.05   9999   9999   1.57   0.93    439   2.82
  752  71472 392046   4.84  14.42  19.50  16.27   9.04   9999   9999   1.57   0.93    438   2.83
  752  71471 392048   5.84  13.38  19.50  16.27   9.04   9999   9999   1.57   0.93    439   2.74
  753  71471 392049   6.83  12.33  19.50  16.27   9.04   9999   9999   1.57   0.93    439   2.87
  753  71471 392052   7.85  11.22  19.50  16.27   9.04   9999   9999   1.57   0.93    439   2.69
  753  71470 392053   8.85  10.17  19.60  16.26   9.04   9999   9999   1.57   0.93    438   2.76
  753  71470 392056   9.83   9.17  19.50  16.26   9.04   9999   9999   1.57   0.93    439   2.72
  753  71470 392058  10.83   8.02  19.60  16.25   9.04   9999   9999   1.57   0.94    441   2.70
  753  71469 392060  11.89   6.85  19.60  16.26   9.04   9999   9999   1.57   0.94    441   2.68
  753  71469 392062  12.83   5.92  19.50  16.26   9.04   9999   9999   1.58   0.94    442   2.61
  753  71469 392064  13.87   4.77  19.50  16.26   9.04   9999   9999   1.58   0.94    444   2.55
  753  71469 392066  14.85   3.69  19.40  16.25   9.04   9999   9999   1.58   0.94    445   2.49
  753  71468 392067  15.80   2.77  19.40  16.24   9.01   9999   9999   1.62   0.96    458   2.34
  753  71468 392068  16.90   1.71  19.40  15.01   7.33   9999   9999   4.85   3.26   1807   1.83
  754  71466 392069  17.81   0.64  19.20  15.01   7.40   9999   9999   6.34   4.34   2411   1.75
 -745  72183 391773   1.11   0.55  19.10  16.21   9.03   9999   9999   1.53   0.91    426   2.95
  745  72184 391775   1.90  10.13  18.80  16.23   9.03   9999   9999   1.53   0.91    426   2.85
  745  72185 391776   2.91   9.21  18.70  16.23   9.03   9999   9999   1.54   0.91    427   3.02
  745  72185 391778   3.80   8.08  18.60  16.21   9.03   9999   9999   1.54   0.91    428   2.61
  745  72185 391779   4.81   6.94  18.60  16.22   9.03   9999   9999   1.54   0.91    428   2.70
  745  72185 391780   5.83   5.77  18.40  16.23   9.03   9999   9999   1.54   0.91    427   2.71
  745  72184 391780   6.87   4.87  18.60  16.23   9.03   9999   9999   1.54   0.91    427   2.74
  745  72184 391779   7.86   3.76  18.70  16.23   9.03   9999   9999   1.54   0.91    427   2.85
  745  72183 391778   8.83   3.09  19.00  16.23   9.03   9999   9999   1.54   0.91    428   2.67
  746  72179 391766   9.86   6.54  19.30  16.23   9.04   9999   9999   1.54   0.91    427   2.79
  746  72178 391764  10.83   6.41  19.60  16.23   9.04   9999   9999   1.54   0.91    428   2.67
  746  72178 391761  11.81   5.64  19.70  16.22   9.04   9999   9999   1.54   0.92    430   2.71
  746  72178 391760  12.81   4.95  19.70  16.22   9.03   9999   9999   1.55   0.92    431   2.65
  747  72177 391758  13.89   3.95  19.50  16.22   9.03   9999   9999   1.55   0.92    432   2.49
  747  72177 391757  14.83   3.11  19.50  16.23   9.01   9999   9999   1.56   0.92    435   2.48
  747  72177 391754  15.90   1.94  19.50  16.26   8.98   9999   9999   1.65   0.99    470   2.19
  747  72176 391750  16.89   1.28  19.50  15.28   7.39   9999   9999   4.30   2.85   1500   1.84
  747  72176 391745  17.84   0.35  19.50  14.13   7.19   9999   9999   5.49   3.81   2112   1.97
 -737  72722 390945   0.99  17.65  19.50  16.14   9.04   9999   9999   1.51   0.89    418   3.00
  737  72706 390938   1.87   0.43  19.50  16.14   9.04   9999   9999   1.51   0.89    418   2.85
  737  72703 390936   2.85  16.34  19.50  16.15   9.04   9999   9999   1.51   0.89    417   2.80
  737  72701 390934   3.82  15.36  19.50  16.15   9.04   9999   9999   1.51   0.89    417   3.23
  737  72700 390933   4.84  14.31  19.50  16.15   9.03   9999   9999   1.51   0.89    417   2.73
  737  72700 390932   5.86  13.32  19.40  16.15   9.03   9999   9999   1.51   0.89    418   2.74
  737  72699 390932   6.83  12.30  19.50  16.15   9.03   9999   9999   1.51   0.89    418   2.63
  737  72700 390933   7.85  11.18  19.50  16.16   9.03   9999   9999   1.51   0.89    418   2.49
  737  72699 390935   8.81  10.27  19.50  16.17   9.03   9999   9999   1.52   0.90    421   2.50
  738  72699 390936   9.89   9.26  19.50  16.17   9.03   9999   9999   1.52   0.90    421   2.43
  738  72699 390940  10.92   8.24   3.60  16.16   9.03   9999   9999   1.52   0.90    420   2.48
  738  72699 390942  11.82   7.17  19.60  16.16   9.03   9999   9999   1.52   0.90    421   2.58
  738  72699 390945  12.83   6.22  19.70  16.16   9.03   9999   9999   1.51   0.90    419   2.63
  738  72699 390946  13.81   5.19  19.70  16.17   9.02   9999   9999   1.52   0.90    421   2.44
  738  72699 390948  14.91   4.08  19.70  16.17   9.02   9999   9999   1.53   0.91    426   2.45
  738  72698 390951  15.87   3.04  19.70  16.17   9.02   9999   9999   1.53   0.91    426   2.26
  738  72699 390954  16.84   1.87  19.80  16.10   8.85   9999   9999   1.59   0.95    450   2.15
  738  72699 390959  17.81   0.75  19.80  14.83   7.16   9999   9999   2.74   1.78    903   1.61
 -727  73954 390379   0.99   5.68   7.00  15.80   9.03   8.94     91   1.48   0.88    411   3.01
  727  73957 390374   2.04   4.63   7.10  15.81   9.03   8.90     91   1.48   0.88    410   2.89
  728  73960 390375   3.04   3.59   7.10  15.81   9.03   8.85     90   1.48   0.88    411   2.81
  728  73962 390375   4.02   2.51   7.10  15.82   9.04   8.88     90   1.48   0.88    410   2.74
  728  73963 390376   4.98   1.55   7.10  15.82   9.03   8.86     90   1.48   0.88    410   2.78
  729  73964 390376   5.97   0.46   7.10  15.81   9.04   8.98     91   1.48   0.88    411   3.05
 -818  74411 387813   0.95  18.11   0.00  15.78   9.03   8.88     90   1.51   0.91    424   2.97
  819  74414 387804   2.12  16.81  18.30  15.78   9.03   8.90     91   1.51   0.90    423   2.78
  819  74415 387801   3.12  15.67  18.10  15.78   9.03   8.91     91   1.52   0.91    425   2.91
  820  74417 387800   4.16  14.50  18.10  15.78   9.03   8.87     90   1.51   0.91    424   2.55
  820  74419 387800   4.90  13.74  18.20  15.76   9.02   8.86     90   1.52   0.91    427   2.67
  820  74422 387801   6.13  12.56  18.50  15.76   9.02   8.83     90   1.51   0.91    425   2.70
  821  74425 387803   7.16  11.41  18.80  15.71   9.02   8.81     90   1.52   0.91    427   2.55
  821  74427 387803   7.90  10.61  18.80  15.71   9.02   8.73     89   1.52   0.91    428   2.53
  821  74428 387803   9.18   9.39  18.80  15.70   9.02   8.76     89   1.52   0.91    428   2.45
  822  74428 387800  10.09   8.41  18.60  15.70   9.02   8.77     89   1.52   0.91    427   2.61
  822  74427 387798  11.01   7.40  18.30  15.70   9.02   8.71     88   1.52   0.91    429   2.58
  822  74427 387795  12.05   6.14  17.60  15.71   9.02   8.72     89   1.53   0.92    431   2.65
  823  74427 387792  13.17   4.76  17.00  15.71   9.02   8.71     88   1.53   0.92    433   2.74
  823  74427 387790  14.16   3.61  16.80  15.70   9.01   8.69     88   1.53   0.92    432   2.52
  823  74427 387789  15.12   2.38  16.70  15.69   9.01   8.68     88   1.54   0.92    435   2.53
  824  74426 387785  16.08   1.16  16.10  15.69   9.00   8.66     88   1.54   0.93    435   2.55
  824  74423 387783  16.90   0.40  15.80  15.66   9.00   8.62     87   1.53   0.92    431   2.53
 -854  74540 385568   0.87   5.55   6.90  15.93   9.01   9999   9999   1.52   0.90    424   2.73
  855  74542 385555   1.98   4.52   6.90  15.94   9.01   9999   9999   1.52   0.91    425   2.66
  855  74543 385548   2.81   3.62   7.00  15.94   9.01   9999   9999   1.52   0.91    424   2.77
  855  74544 385541   3.91   2.53   6.90  15.94   9.01   9999   9999   1.52   0.91    425   2.57
  855  74545 385537   4.87   1.48   6.90  15.94   9.01   9999   9999   1.52   0.90    424   2.56
  855  74546 385534   5.81   0.37   6.90  15.93   9.01   9999   9999   1.50   0.90    419   2.52
 -839  74127 384633   0.97   0.43   7.20  16.04   8.94   9999   9999   1.56   0.93    440   2.32
  839  74130 384634   1.91   0.46   7.20  16.04   8.94   9999   9999   1.56   0.93    439   2.11
  839  74131 384635   2.86   3.75   7.10  16.04   8.94   9999   9999   1.56   0.93    440   2.11
  839  74131 384635   3.80   2.77   7.10  16.04   8.94   9999   9999   1.57   0.94    441   2.20
  839  74132 384637   4.83   1.64   7.10  16.05   8.93   9999   9999   1.57   0.93    441   2.09
  840  74133 384640   5.84   0.77   7.10  16.05   8.93   9999   9999   1.57   0.94    441   2.06
