# MEETVAARTUIG : M.C.ECOS 8 VERTIKAAL
# MEETDATUM    : 09-10-2019 08:36:23
# MEETGEBIED   : VOLKERAK/ZOOMMEER
# STARTPUNT    : Krammer
# EINDPUNT     : Krammer
# PROJECTCODE  : ATS ZTS
# OPDRACHTGEVER: ZLXXAXAMDBG
# BEHEERDER    : ZLXXAXAMDBG
# BEMONST. INST:
# WAARNEMER(S) : Michel
#
* 20191009
$ 9999 [000000000000000]
>TIJD      uumm                    
>X         coordinaat              
>Y         coordinaat              
>SENSHTE   Diepte set        m     
>Echms     Echoset           mtrs  
>Temp      Temperatuur       oC     :  10.0   0.5   15   0.5
>pH        Zuurgraad         dimsls
>O2        Zuurstof          mg/l  
>%O2       Zuurstof%         %     
>GELBH     Geleidendheid     mS/cm 
>GEL20     Gel20             ???   
>SALNTT    Saliniteit        dimsl 
>CL-       Chloride          mg/l  
>CHFLYSI   Chlorofyl         ugr/l 
>TURBID    Troebelheid       NTU   
 -0838  72871 400011   1.00   8.39  14.29   8.53   9.58    95   1.19   135   0.76    318  -0.90  12.10
  0838  72886 400008   2.00   7.68  14.30   8.52   9.47    94   1.19   135   0.76    318   0.40   2.90
  0838  72891 400007   3.02   6.46  14.30   8.51   9.42    93   1.19   135   0.76    319   1.80   6.30
  0839  72897 400003   3.97   5.38  14.31   8.50   9.39    93   1.19   135   0.76    318   0.40   3.90
  0839  72896 400008   5.01   4.73  14.31   8.50   9.32    92   1.19   135   0.76    318   0.30   7.90
  0840  72897 400014   6.08   3.66  14.31   8.49   9.30    92   1.19   135   0.76    318   0.80  10.80
  0840  72904 400018   6.99   2.66  14.31   8.49   9.29    92   1.19   135   0.76    318  -0.50  15.50
  0840  72904 400009   8.02   1.58  14.30   8.48   9.28    92   1.19   135   0.76    317   1.00   8.30
 -2359  74650 397850   1.00   9999   9999   9999   9999  9999   9999  9999   9999   9999   9999   9999
  2359  74650 397850   8.00   9999   9999   9999   9999  9999   9999  9999   9999   9999   9999   9999
 -2359  74950 394970   1.00   9999   9999   9999   9999  9999   9999  9999   9999   9999   9999   9999
  2359  74950 394970   8.00   9999   9999   9999   9999  9999   9999  9999   9999   9999   9999   9999
 -0915  73931 392152   1.03   5.95  14.08   8.31   9999  9999   1.38   157   0.89    393   1.10   5.50
  0915  73937 392151   1.92   5.14  14.08   8.31   9999  9999   1.37   157   0.88    392   1.00   3.90
  0915  73936 392154   2.89   4.18  14.08   8.31   9999  9999   1.37   157   0.88    392   0.50   7.00
  0915  73934 392155   3.88   3.20  14.09   8.31   9999  9999   1.37   157   0.88    392   1.10   2.90
  0915  73934 392157   4.90   2.16  14.09   8.31   9999  9999   1.37   157   0.88    392   0.70   5.50
  0915  73933 392158   5.93   1.14  14.08   8.31   9999  9999   1.38   157   0.89    393   1.80  12.40
 -0944  71500 392076   1.00   0.79  14.06   8.33   9.22    91   1.52   174   0.99    451   1.50   1.50
  0945  71495 392085   1.97  17.61  14.06   8.33   9.22    91   1.52   174   0.99    451   0.20   6.30
  0945  71496 392079   3.04  16.45  14.07   8.33   9.23    91   1.52   174   0.99    451   1.90   0.90
  0945  71498 392075   4.01  15.44  14.06   8.33   9.22    91   1.52   174   0.99    451   1.10   1.00
  0946  71499 392074   4.98  14.43  14.07   8.33   9.19    90   1.52   174   0.99    452   0.30   0.80
  0946  71497 392071   5.97  13.36  14.07   8.33   9.20    90   1.52   174   0.99    451   0.20   8.50
  0946  71496 392071   7.03  12.29  14.07   8.33   9.18    90   1.52   174   0.99    451   1.50   1.10
  0946  71496 392075   7.96  11.46  14.07   8.33   9.18    90   1.52   174   0.99    452   1.30   1.10
  0947  71497 392077   9.04  10.48  14.07   8.32   9.18    90   1.52   174   0.99    451  -0.40   2.90
  0947  71500 392072  10.05   9.44  14.07   8.32   9.17    90   1.52   174   0.99    451   0.80   0.80
  0947  71500 392069  10.91   8.60  14.07   8.32   9.16    90   1.52   174   0.99    451  -0.20   0.70
  0948  71498 392068  12.05   7.38  14.07   8.32   9.15    90   1.52   174   0.99    452  -0.40   3.20
  0948  71498 392071  13.03   6.44  14.06   8.32   9.14    90   1.53   174   0.99    453   1.40   5.90
  0948  71499 392073  13.99   5.65  14.07   8.32   9.13    90   1.53   174   0.99    454   0.30   4.10
  0951  71504 392067  15.02   4.96  14.81   7.69   1.20    12   4.19   470   2.82   1472   0.70  12.30
  0953  71498 392065  16.01   3.29  15.14   7.44   0.58     6   5.05   562   3.41   1890   1.60   3.60
  0953  71497 392067  17.00   2.29  14.97   7.39   0.54     6   5.15   575   3.50   1939   1.00   3.70
  0953  71495 392065  18.02   1.23  14.71   7.33   0.49     5   6.02   676   4.16   2306   1.80   2.60
 -2359  72180 391770   1.00   9999   9999   9999   9999  9999   9999  9999   9999   9999   9999   9999
  2359  72180 391770  17.00   9999   9999   9999   9999  9999   9999  9999   9999   9999   9999   9999
 -0933  72714 391003   0.91  17.30  14.19   8.30   9999  9999   1.50   170   0.97    440   0.80   1.40
  0933  72713 391003   1.89  16.35  14.19   8.30   9999  9999   1.50   170   0.96    438   0.00   0.80
  0933  72712 391003   2.94  15.38  14.19   8.30   9999  9999   1.50   170   0.97    440   0.30   2.20
  0933  72711 391003   3.92  14.33  14.19   8.30   9999  9999   1.49   170   0.96    438   0.30   0.60
  0933  72711 391003   4.92  13.31  14.19   8.30   9999  9999   1.50   170   0.96    438   1.00   1.70
  0934  72710 391003   5.89  12.33  14.19   8.30   9999  9999   1.50   170   0.96    439   0.60   1.10
  0934  72709 391002   6.93  11.33  14.19   8.30   9999  9999   1.50   170   0.97    440  -0.10   2.00
  0934  72709 391004   7.92  10.36  14.19   8.30   9999  9999   1.50   171   0.97    440   0.10   1.50
  0934  72708 391005   8.89   9.44  14.19   8.30   9999  9999   1.50   171   0.97    440   1.00   1.20
  0934  72707 391004   9.91   8.44  14.19   8.30   9999  9999   1.50   171   0.97    440  -0.10   2.60
  0934  72707 391003  10.89   7.63  14.19   8.29   9999  9999   1.50   171   0.97    440   0.10   2.50
  0934  72706 391001  11.93   6.49  14.19   8.29   9999  9999   1.50   171   0.97    440   0.30   1.60
  0934  72704 391001  12.89   5.53  14.19   8.29   9999  9999   1.50   171   0.97    442   1.00   1.00
  0934  72703 391004  13.88   4.50  14.20   8.29   9999  9999   1.51   171   0.97    443   0.80   2.50
  0935  72702 391004  14.92   3.48  14.36   8.11   9999  9999   2.49   282   1.64    813   0.00  15.80
  0935  72702 391003  15.91   2.48  15.83   7.56   9999  9999   4.01   440   2.62   1366   1.50   9.80
  0935  72701 391006  16.88   1.49  15.81   7.37   9999  9999   4.28   469   2.81   1470   1.40   4.80
 -0924  74005 390385   0.89   5.93  13.76   8.39   9999  9999   1.39   159   0.90    401   1.30   4.80
  0924  74010 390381   1.89   4.88  13.95   8.37   9999  9999   1.39   159   0.90    399   1.10   6.00
  0924  74011 390379   2.92   3.89  13.97   8.36   9999  9999   1.39   159   0.90    400   1.00   3.90
  0924  74013 390378   3.89   2.90  13.98   8.35   9999  9999   1.39   159   0.90    400  -0.40   3.10
  0924  74013 390377   4.95   1.76  13.98   8.34   9999  9999   1.39   159   0.90    399   0.40   5.10
  0924  74012 390376   5.95   0.78  13.98   8.34   9999  9999   1.39   159   0.90    400   0.00   3.90
 -1017  74414 387819   1.05  16.48  13.96   8.28   9.27    91   1.46   167   0.95    429   0.80   2.70
  1018  74423 387826   1.99  15.56  13.94   8.28   9.28    91   1.46   168   0.95    430   0.20   2.80
  1018  74429 387825   3.01  14.53  13.88   8.28   9.28    91   1.46   167   0.95    428   0.50   2.10
  1018  74433 387825   4.02  13.48  13.91   8.28   9.28    91   1.46   167   0.95    428   1.30  14.40
  1019  74440 387820   5.01  12.48  13.89   8.28   9.28    91   1.46   167   0.95    428  -0.30   3.20
  1019  74441 387822   6.03  11.45  13.87   8.28   9.28    91   1.46   167   0.94    427  -0.60   2.20
  1019  74443 387828   6.98  10.51  13.90   8.28   9.29    91   1.46   167   0.95    428   0.30   3.20
  1020  74441 387824   8.04   9.49  13.90   8.28   9.29    91   1.46   167   0.95    428   0.80   2.50
  1020  74440 387822   9.05   8.46  13.85   8.28   9.28    91   1.45   167   0.94    426   0.30   2.10
  1020  74439 387821  10.00   7.48  13.82   8.28   9.27    91   1.45   166   0.94    425  -0.40   3.80
  1021  74443 387822  10.98   6.53  13.79   8.29   9.29    91   1.45   166   0.94    425   1.40   2.80
  1021  74444 387815  11.96   5.45  13.76   8.28   9.31    91   1.44   166   0.94    424   0.80   2.70
  1022  74444 387816  13.03   4.35  13.74   8.28   9.30    91   1.44   166   0.94    423   0.80   2.60
  1022  74444 387815  14.10   3.29  13.73   8.28   9.31    91   1.44   165   0.94    422   1.00   2.90
  1022  74447 387816  15.03   2.39  13.71   8.29   9.31    91   1.44   166   0.94    423  -0.20   3.00
  1023  74450 387819  16.01   1.39  13.72   8.29   9.32    91   1.44   165   0.94    422   0.70   5.70
 -1052  74563 385524   1.01   6.01  13.85   8.24   9999  9999   1.45   166   0.94    424   0.80   9.50
  1052  74566 385518   1.93   5.13  13.84   8.24   9999  9999   1.45   166   0.94    423   1.40   7.70
  1052  74567 385514   2.92   4.18  13.84   8.25   9999  9999   1.44   165   0.94    422   0.10   7.30
  1052  74567 385511   3.91   3.14  13.84   8.25   9999  9999   1.44   165   0.93    421  -0.90   7.90
  1053  74567 385510   4.90   2.14  13.83   8.25   9999  9999   1.44   165   0.93    420   1.80   8.30
  1053  74568 385507   5.90   1.10  13.83   8.25   9999  9999   1.43   165   0.93    420   0.90  14.60
 -1109  74132 384672   0.89   5.95  13.85   8.28   9999  9999   1.44   165   0.94    422   0.30   4.20
  1109  74136 384661   1.88   4.90  13.85   8.28   9999  9999   1.44   165   0.93    421   0.50   3.40
  1109  74137 384660   2.90   3.84  13.85   8.27   9999  9999   1.44   165   0.93    421  -0.30   3.70
  1109  74139 384660   3.91   2.78  13.85   8.28   9999  9999   1.44   165   0.93    421   1.30   6.40
  1109  74142 384660   4.92   1.76  13.84   8.27   9999  9999   1.44   165   0.94    421   1.10   3.30
  1109  74146 384659   5.91   0.75  13.84   8.27   9999  9999   1.44   165   0.93    421   0.90   4.00
