# MEETVAARTUIG : M.C.ECOS 8 VERTIKAAL
# MEETDATUM    : 19-05-2022 11:21:04
# MEETGEBIED   :
# STARTPUNT    :
# EINDPUNT     :
# PROJECTCODE  :
# OPDRACHTGEVER:
# BEHEERDER    :
# BEMONST. INST:
# WAARNEMER(S) : bernaards
#
* 20220519
$ 9999 [000000000000000]
>TIJD      uumm                    
>X         coordinaat              
>Y         coordinaat              
>SENSHTE   Diepte set        m     
>Echms     Echoset           mtrs  
>Temp      Temperatuur       oC
>pH        Zuurgraad         dimsls
>O2        Zuurstof          mg/l  
>%O2       Zuurstof%         %     
>GELBH     Geleidendheid     mS/cm 
>GEL20     Gel20             ???   
>SALNTT    Saliniteit        dimsl 
>CL-       Chloride          mg/l  
>CHFLYSI   Chlorofyl         ugr/l 
>TURBID    Troebelheid       NTU   
 -1121  72826 400074   0.99   7.90  18.92   8.48   9.62   104   1.44   147   0.83    361   0.33   0.93
  1121  72846 400049   2.05   6.94  18.91   8.48   9.56   103   1.44   148   0.83    361   0.41   0.81
  1121  72859 400034   2.98   6.26  18.91   8.47   9.50   102   1.44   148   0.83    361   0.42   1.05
  1122  72868 400022   4.00   5.08  18.95   8.48   9.50   103   1.44   147   0.83    360   0.51   0.98
  1122  72873 400009   4.97   3.95  18.86   8.47   9.56   103   1.44   148   0.83    361   0.44   1.34
  1122  72876 400004   5.99   2.56  18.80   8.47   9.52   102   1.44   148   0.83    361   0.45   1.43
  1123  72879 400001   6.96   1.79  18.82   8.46   9.41   101   1.44   148   0.83    361   0.36   1.34
  1123  72883 399998   7.96   0.84  18.78   8.46   9.52   102   1.44   148   0.83    362   0.44   1.36
 -2359  74950 394970   1.00   9999   9999   9999   9999  9999   9999  9999   9999   9999   9999   9999
  2359  74950 394970   8.00   9999   9999   9999   9999  9999   9999  9999   9999   9999   9999   9999
 -1159  73935 392158   1.02   5.86  19.53   8.46   9999  9999   1.50   151   0.85    374   1.07   1.16
  1159  73939 392151   1.93   4.74  19.53   8.46   9999  9999   1.50   151   0.85    374   1.06   1.21
  1159  73939 392151   2.92   3.95  19.53   8.46   9999  9999   1.50   151   0.85    374   1.13   1.31
  1159  73939 392148   3.95   2.83  19.52   8.46   9999  9999   1.50   151   0.85    374   1.07   1.14
  1159  73938 392145   4.91   1.76  19.52   8.45   9999  9999   1.50   151   0.85    373   1.13   1.35
  1200  73938 392141   5.98   0.91  19.52   8.45   9999  9999   1.50   151   0.85    374   1.04   1.51
 -0858  71464 391992   1.03  14.69  18.99   8.71  10.50   114   1.41   144   0.80    348   0.81   0.43
  0859  71437 392055   2.07  11.91  18.98   8.71  10.50   114   1.41   144   0.80    348   0.72   0.55
  0859  71449 392079   3.01  15.20  18.97   8.70  10.50   114   1.41   144   0.81    348   0.71   0.47
  0900  71474 392089   3.97  14.98  18.98   8.70  10.50   113   1.41   144   0.80    348   0.72   0.60
  0900  71484 392083   4.97  14.36  18.96   8.70  10.40   112   1.41   144   0.80    348   0.76   0.52
  0901  71495 392074   6.08  13.65  18.93   8.70  10.50   113   1.41   144   0.81    348   0.70   0.30
  0901  71500 392070   6.97  12.91  18.91   8.70  10.40   112   1.40   144   0.81    348   0.63   0.47
  0902  71498 392067   7.94  11.86  17.63   8.52   9.61   101   1.40   148   0.83    362   0.57   0.47
  0903  71497 392066   9.01  10.84  16.58   8.42   9.42    96   1.42   153   0.86    380   0.57   0.39
  0904  71491 392065  10.01   9.58  15.08   8.28   8.84    88   1.54   172   0.97    445   0.52   0.42
  0905  71496 392065  10.96   8.88  13.42   8.11   7.72    74   1.84   213   1.22    587   0.55   0.51
  0906  71493 392064  11.98   7.60  12.81   8.06   7.40    70   1.78   209   1.20    573   0.56   0.67
  0907  71496 392055  12.99   6.91  12.18   7.99   6.96    65   1.76   210   1.21    579   0.54   0.84
  0907  71495 392053  14.04   5.80  12.39   7.99   6.79    64   1.95   232   1.34    653   0.50   0.86
  0908  71491 392051  15.07   4.73  12.61   8.01   6.72    63   2.29   270   1.57    771   0.60   0.89
  0910  71483 392035  16.02   3.48  12.22   7.96   5.41    51   2.58   307   1.80    900   0.57   1.42
  0911  71493 392056  17.03   2.45  11.52   7.89   3.58    33   2.70   328   1.93    972   0.55   1.73
  0912  71500 392067  18.03   1.56  11.40   7.86   2.81    26   2.91   353   2.09   1061   0.56   1.57
  0913  71500 392076  19.06   0.75  11.26   7.78   1.08    10   3.56   434   2.60   1347   0.58   1.38
 -2359  72180 391770   1.00   9999   9999   9999   9999  9999   9999  9999   9999   9999   9999   9999
  2359  72180 391770  17.00   9999   9999   9999   9999  9999   9999  9999   9999   9999   9999   9999
 -0829  72766 390994   1.02   0.00  19.12   8.62   9999  9999   1.41   144   0.81    349   0.90   0.57
  0830  72751 390994   1.91  15.95  19.13   8.62   9999  9999   1.41   144   0.81    349   0.96   0.58
  0830  72745 390995   2.98   0.00  19.12   8.62   9999  9999   1.41   144   0.81    349   0.81   0.40
  0830  72728 390998   3.91   9.98  19.12   8.62   9999  9999   1.41   144   0.81    349   0.89   0.48
  0830  72721 390999   4.98   0.00  19.12   8.62   9999  9999   1.41   144   0.81    349   0.77   0.43
  0830  72714 390999   5.99   9.29  19.10   8.61   9999  9999   1.41   144   0.81    349   0.62   0.62
  0831  72710 391000   6.99   0.00  18.90   8.61   9999  9999   1.41   145   0.81    351   0.53   0.49
  0831  72709 390997   7.99  10.71  17.59   8.53   9999  9999   1.40   148   0.83    361   0.54   0.48
  0831  72710 390999   8.99   9.64  16.03   8.40   9999  9999   1.40   153   0.86    380   0.58   0.43
  0831  72710 391000   9.92   8.61  15.35   8.35   9999  9999   1.41   157   0.88    392   0.56   0.31
  0831  72709 391002  10.99   7.55  14.44   8.27   9999  9999   1.48   167   0.95    429   0.54   0.36
  0831  72709 391004  11.90   6.69  13.60   8.20   9999  9999   1.47   169   0.96    436   0.50   0.50
  0831  72706 391003  12.99   5.44  12.61   8.05   9999  9999   1.53   180   1.03    473   0.57   0.92
  0831  72705 391003  13.98   4.51  11.96   7.96   9999  9999   1.68   201   1.15    548   0.56   1.31
  0831  72704 391003  14.98   3.45  11.57   7.87   9999  9999   1.86   225   1.30    631   0.54   1.52
  0832  72702 391004  15.99   2.46  11.36   7.82   9999  9999   1.95   237   1.37    672   0.48   1.57
  0851  72699 391016  16.98   1.00  11.32   7.80   9999  9999   1.95   237   1.37    674   0.49   1.63
 -1208  73983 390438   1.05   5.74  19.36   8.69   9999  9999   1.42   144   0.81    349   1.26   0.74
  1208  73987 390419   1.92   4.53  19.18   8.67   9999  9999   1.42   144   0.81    349   1.27   0.77
  1208  73990 390409   2.99   3.79  19.00   8.65   9999  9999   1.41   144   0.81    349   1.16   0.85
  1208  73995 390392   3.99   2.76  18.91   8.64   9999  9999   1.41   144   0.81    349   1.09   0.68
  1208  73994 390385   4.93   1.75  18.82   8.64   9999  9999   1.40   144   0.81    348   1.07   0.69
  1208  73997 390375   5.91   0.89  18.50   8.62   9999  9999   1.40   144   0.81    349   0.75   0.79
 -1229  74444 387820   0.98  16.41  19.08   8.56   9.63   104   1.42   145   0.81    353   0.82   0.89
  1229  74442 387833   2.00  15.28  19.11   8.56   9.56   104   1.42   145   0.81    352   0.94   0.79
  1230  74450 387833   2.96  14.19  19.14   8.56   9.54   103   1.42   145   0.81    352   0.88   0.76
  1230  74454 387832   4.08  11.91  19.19   8.56   9.59   104   1.42   145   0.81    352   0.88   0.76
  1230  74450 387833   4.99  11.90  19.12   8.55   9.58   104   1.42   145   0.81    352   0.89   0.63
  1231  74449 387836   6.07  11.05  19.11   8.55   9.54   103   1.42   145   0.81    352   0.82   0.75
  1232  74453 387818   7.09  10.44  18.94   8.51   9.19    99   1.42   145   0.81    352   0.55   0.66
  1232  74459 387816   8.01   8.86  19.01   8.52   9.42   102   1.42   145   0.81    352   0.57   0.80
  1233  74457 387814   9.01   8.45  18.86   8.50   9.08    98   1.42   145   0.81    353   0.54   1.07
  1235  74459 387813   9.98   7.31  18.79   8.50   9.09    98   1.42   146   0.82    354   0.54   0.78
  1236  74453 387823  10.96   6.46  18.49   8.52   9.46   101   1.42   147   0.82    359   0.49   1.04
  1237  74444 387817  12.07   5.40  18.07   8.49   9.06    96   1.45   151   0.85    374   0.56   1.18
  1238  74461 387824  13.08   4.21  17.23   8.40   8.16    85   1.82   194   1.10    520   0.55   1.81
  1241  74450 387825  13.95   3.55  16.63   8.26   6.77    70   2.19   236   1.36    669   0.57   2.56
  1242  74462 387812  14.98   2.54  15.85   8.08   4.57    47   2.82   309   1.80    906   0.62   4.04
  1243  74450 387795  15.93   1.39  15.48   8.00   3.49    35   3.30   364   2.15   1099   0.60   4.89
 -0744  74543 385568   1.05   5.56  19.35   8.43   9999  9999   1.46   148   0.83    361   0.70   2.82
  0744  74547 385548   2.04   4.10  19.35   8.42   9999  9999   1.46   148   0.83    361   0.64   2.73
  0744  74547 385542   2.98   3.54  19.35   8.43   9999  9999   1.46   148   0.83    361   0.71   2.87
  0744  74550 385529   3.92   2.72  19.35   8.42   9999  9999   1.46   148   0.83    361   0.70   2.78
  0745  74551 385520   4.95   1.63  19.35   8.42   9999  9999   1.46   148   0.83    361   0.63   3.01
  0745  74553 385514   5.98   0.03  19.35   8.43   9999  9999   1.46   148   0.83    361   0.71   3.15
 -0759  74106 384714   0.95   5.85  18.96   8.50   9999  9999   1.43   147   0.82    357   0.69   0.80
  0759  74107 384705   1.99   4.99  18.96   8.50   9999  9999   1.43   147   0.82    358   0.70   0.78
  0759  74107 384696   2.98   3.91  18.95   8.50   9999  9999   1.43   147   0.82    358   0.60   0.66
  0800  74109 384685   3.91   2.76  18.95   8.50   9999  9999   1.43   147   0.82    357   0.65   0.68
  0800  74110 384676   4.91   1.90  18.94   8.50   9999  9999   1.43   147   0.82    357   0.63   0.55
  0800  74109 384664   5.90   0.91  18.93   8.50   9999  9999   1.43   147   0.82    358   0.60   0.69
