# MEETVAARTUIG : M.S. ARGUS
# MEETDATUM    : 08-11-2006 09:18:11
# MEETGEBIED   : VOLKERAK/ZOOMMEER
# STARTPUNT    : Kreekrak
# EINDPUNT     : Krammersluis
# PROJECTCODE  : E7608X
# OPDRACHTGEVER: ZLXXAXAMDBG
# BEHEERDER    : ZLXXAXAMDBG
# BEMONST. INST:
# WAARNEMER(S) : Geert den Hartog
#
* 20061108
$ 9999 [00000000000000]
>TIJD      uumm                    
>X         coordinaat              
>Y         coordinaat              
>SENSHTE   Diepte set        m     
>ECHOS     Echoset           mtrs  
>Echo      Echoschip         M     
>Temp      Temperatuur       oC            : 8.0  0.5  15  0.5
>pH        Zuurgraad         dimsls
>O2        Zuurstof          mg/l  
>%O2       Zuurstof%         %     
>GELBH     Geleidendheid     mS/cm 
>SALNTT    Saliniteit        dimsl 
>CL-       Chloride          mg/l  
>CHFLYSI   Chlorofyl         ugr/l 
 -0918  71499 392044   1.06   0.45  19.80  11.87   8.27   9.87    92   1.58   1.09    509   0.00
  0918  71487 392053   2.07  16.75  19.40  11.86   8.27   9.87    92   1.58   1.09    509   0.00
  0918  71484 392061   2.95  15.80  19.50  11.85   8.27   9.86    92   1.59   1.09    510   0.00
  0919  71483 392072   4.05  14.45  19.60  11.84   8.28   9.85    91   1.59   1.09    510   0.00
  0919  71481 392075   4.99  13.40  19.60  11.84   8.27   9.84    91   1.59   1.09    510   0.00
  0919  71480 392079   6.07  12.30  19.50  11.82   8.26   9.84    91   1.59   1.10    513   0.00
  0920  71480 392077   7.09  11.30  19.60  11.81   8.27   9.84    91   1.59   1.10    514   0.00
  0920  71481 392074   8.04  10.50  19.60  11.81   8.27   9.83    91   1.59   1.10    514   0.00
  0920  71484 392066   9.06   9.65  19.40  11.81   8.26   9.83    91   1.59   1.10    514   0.00
  0920  71488 392062  10.05   8.75  19.40  11.82   8.26   9.82    91   1.59   1.10    514   0.00
  0921  71490 392059  10.94   8.00  19.40  11.81   8.27   9.82    91   1.60   1.10    515   0.00
  0921  71492 392059  12.03   7.05  19.50  11.81   8.27   9.84    91   1.60   1.10    515   0.00
  0921  71494 392059  13.09   6.05  19.60  11.80   8.27   9.81    91   1.60   1.10    515   0.00
  0921  71498 392062  14.04   5.30  19.80  11.80   8.26   9.80    91   1.60   1.10    515   0.00
  0922  71500 392062  15.08   4.25  19.80  11.81   8.26   9.80    91   1.60   1.10    515   0.00
  0923  71506 392055  15.98   3.50  20.00  12.45   7.94   6.75    64   2.79   1.95    983   0.00
  0924  71503 392060  16.98   2.50  19.90  12.69   7.73   6.33    60   3.76   2.65   1378   0.00
  0926  71489 392077  18.08   0.45  19.70  13.06   7.48   0.41     4   6.58   4.77   2650   0.00
  0928  71501 392055  18.91   0.60  20.00  13.79   6.99   0.23     2   8.96   6.52   3625   0.00
 -1022  74554 385527   1.06   5.30   6.90  11.12   9999   9999  9999   1.56   1.09    512   9999
  1022  74556 385522   1.96   4.70   6.90  11.13   9999   9999  9999   1.56   1.09    512   9999
  1022  74557 385518   2.97   3.75   6.90  11.14   9999   9999  9999   1.56   1.09    512   9999
  1022  74557 385516   3.81   3.00   6.80  11.14   9999   9999  9999   1.56   1.09    512   9999
  1022  74557 385514   4.89   1.70   6.80  11.14   9999   9999  9999   1.56   1.09    512   9999
  1022  74557 385511   5.85   0.75   6.80  11.14   9999   9999  9999   1.56   1.09    512   9999
 -1006  74125 384679   0.97   5.50   7.00  10.96   9999   9999  9999   1.55   1.09    510   9999
  1006  74126 384670   1.86   4.70   7.20  10.96   9999   9999  9999   1.55   1.09    510   9999
  1006  74126 384666   2.91   3.80   7.20  10.96   9999   9999  9999   1.55   1.09    510   9999
  1006  74126 384663   3.92   2.95   7.10  10.96   9999   9999  9999   1.55   1.09    510   9999
  1006  74127 384659   4.96   1.85   7.10  10.97   9999   9999  9999   1.55   1.09    510   9999
  1006  74129 384651   5.90   1.10   7.10  10.97   9999   9999  9999   1.55   1.09    510   9999
