# MEETVAARTUIG : M.S. ARGUS
# MEETDATUM    : 14-04-2014 11:44:18
# MEETGEBIED   :
# STARTPUNT    :
# EINDPUNT     :
# PROJECTCODE  :
# OPDRACHTGEVER:
# BEHEERDER    :
# BEMONST. INST:
# WAARNEMER(S) : Kevin de Vlaam
#
* 20140414
$ 9999 [0000000000000]
>TIJD      uumm                    
>X         coordinaat              
>Y         coordinaat              
>SENSHTE   Diepte set        m     
>ECHOS     Echoset           mtrs  
>Temp      Temperatuur       oC     : 8.0   0.5   15   0.5
>pH        Zuurgraad         dimsls
>O2        Zuurstof          mg/l  
>%O2       Zuurstof%         %     
>GELBH     Geleidendheid     mS/cm 
>GEL20     Gel20             ???   
>SALNTT    Saliniteit        dimsl 
>CL-       Chloride          mg/l  
 -1144  72855 400017   1.09   6.55  12.41   8.42  10.83   101   1.30   154   0.87    382
  1144  72875 399995   2.02   5.65  12.41   8.42  10.82   101   1.29   154   0.87    382
  1144  72879 399989   2.99   4.70  12.41   8.42  10.81   101   1.29   153   0.86    379
  1145  72880 399989   4.07   3.65  12.40   8.42  10.81   101   1.29   154   0.87    382
  1145  72881 399992   4.94   2.95  12.38   8.42  10.79   101   1.29   154   0.87    382
  1145  72887 399989   6.01   2.05  12.38   8.42  10.77   101   1.29   154   0.87    382
  1145  72890 399983   7.01   0.90  12.39   8.42  10.75   100   1.29   153   0.87    381
 -2359  74650 397850   1.00   9999   9999   9999   9999  9999   9999  9999   9999   9999
  2359  74650 397850   8.00   9999   9999   9999   9999  9999   9999  9999   9999   9999
 -2359  74950 394970   1.00   9999   9999   9999   9999  9999   9999  9999   9999   9999
  2359  74950 394970   8.00   9999   9999   9999   9999  9999   9999  9999   9999   9999
 -1222  73950 392177   1.04   5.60  12.55   8.40   9999  9999   1.35   159   0.90    402
  1222  73949 392154   1.83   5.10  12.56   8.40   9999  9999   1.35   159   0.90    401
  1222  73949 392148   2.81   4.30  12.57   8.40   9999  9999   1.35   159   0.90    401
  1222  73948 392143   3.87   3.10  12.56   8.40   9999  9999   1.35   159   0.90    401
  1222  73948 392140   4.82   2.15  12.54   8.40   9999  9999   1.35   159   0.90    401
  1222  73947 392136   5.85   1.05  12.53   8.40   9999  9999   1.35   159   0.90    401
 -1253  71509 392036   1.00  18.30  11.47   8.35  10.81    99   1.48   179   1.02    471
  1253  71500 392050   1.98  17.45  11.46   8.35  10.79    99   1.48   179   1.02    471
  1253  71497 392051   3.02  16.40  11.45   8.35  10.78    99   1.48   180   1.02    472
  1253  71493 392051   3.91  15.15  11.44   8.35  10.77    99   1.48   180   1.02    472
  1254  71491 392053   4.95  14.15  11.36   8.34  10.77    99   1.48   180   1.03    474
  1254  71491 392054   6.08  13.10  11.02   8.31  10.58    96   1.52   186   1.06    495
  1255  71494 392051   7.02  12.20  10.88   8.29  10.59    96   1.54   189   1.08    505
  1256  71505 392058   7.97  11.55  10.28   8.20  10.17    91   1.66   208   1.19    570
  1256  71506 392058   8.95  10.55  10.21   8.19  10.11    90   1.69   212   1.22    584
  1256  71506 392058   9.93   9.65  10.08   8.18  10.07    90   1.72   216   1.24    598
  1256  71504 392059  10.90   8.60  10.01   8.18  10.04    89   1.75   219   1.27    611
  1257  71500 392059  11.96   7.60   9.97   8.17  10.05    89   1.76   222   1.28    619
  1257  71501 392057  12.98   6.60   9.84   8.13   9.95    88   1.84   232   1.34    654
  1258  71503 392050  13.99   5.75   9.89   8.11   9.78    87   1.99   251   1.46    722
  1258  71492 392049  15.03   4.05   9.93   8.08   9.52    85   2.22   280   1.63    805
  1259  71488 392048  16.01   3.05   9.43   7.94   9.04    80   2.79   356   2.11   1070
  1300  71493 392045  17.08   2.25   8.93   7.86   8.08    70   2.92   377   2.24   1145
  1301  71485 392046  17.98   0.95   8.48   7.74   6.13    53   3.11   406   2.43   1248
 -2359  72180 391770   1.00   9999   9999   9999   9999  9999   9999  9999   9999   9999
  2359  72180 391770  17.00   9999   9999   9999   9999  9999   9999  9999   9999   9999
 -1242  72705 390973   0.99  17.60  12.40   8.37   9999  9999   1.41   168   0.95    431
  1242  72694 390980   1.80  16.95  12.40   8.36   9999  9999   1.41   168   0.95    431
  1242  72692 390984   2.88  15.85  12.40   8.36   9999  9999   1.41   168   0.95    430
  1242  72692 390994   3.81  14.55  12.40   8.37   9999  9999   1.41   168   0.95    431
  1242  72693 390997   4.83  13.65  12.40   8.37   9999  9999   1.41   168   0.95    431
  1242  72693 390997   5.80  12.70  12.40   8.37   9999  9999   1.41   168   0.95    431
  1242  72693 390998   6.86  12.10  12.39   8.37   9999  9999   1.42   168   0.95    432
  1242  72693 390999   7.88  10.65  12.39   8.36   9999  9999   1.41   168   0.95    431
  1242  72693 391000   8.89   9.70  12.38   8.36   9999  9999   1.41   168   0.95    431
  1242  72694 391001   9.85   8.65  12.38   8.36   9999  9999   1.41   168   0.95    430
  1243  72695 391001  10.88   7.50  12.37   8.37   9999  9999   1.41   168   0.95    431
  1243  72695 391001  11.85   6.60  12.36   8.36   9999  9999   1.42   168   0.95    432
  1243  72695 391001  12.80   5.90  12.34   8.36   9999  9999   1.42   168   0.96    432
  1243  72695 391002  13.86   4.35  12.07   8.33   9999  9999   1.48   177   1.01    462
  1243  72695 391002  14.82   3.65  11.36   8.30   9999  9999   1.58   192   1.10    516
  1243  72695 391002  15.89   2.35  10.29   8.21   9999  9999   1.86   232   1.34    654
  1243  72694 391002  16.82   1.50   9.49   8.13   9999  9999   1.99   253   1.47    730
 -1234  73987 390359   1.16   5.50  12.23   8.36   9999  9999   1.42   169   0.96    434
  1234  73987 390363   1.81   5.00  12.23   8.36   9999  9999   1.42   169   0.96    434
  1234  73987 390365   2.82   3.95  12.23   8.36   9999  9999   1.42   169   0.96    434
  1234  73987 390365   3.96   3.35  12.23   8.36   9999  9999   1.42   169   0.96    434
  1234  73986 390366   4.88   1.90  12.23   8.36   9999  9999   1.42   169   0.96    434
  1234  73986 390366   5.80   1.05  12.23   8.36   9999  9999   1.41   169   0.96    433
 -1327  74455 387816   1.09  15.15  12.41   8.38  10.74   101   1.41   168   0.95    430
  1327  74454 387829   1.98  12.35  12.40   8.38  10.74   100   1.41   168   0.95    430
  1327  74447 387837   2.98  11.55  12.39   8.38  10.73   100   1.41   168   0.95    430
  1328  74439 387838   4.01  11.45  12.41   8.38  10.72   100   1.41   168   0.95    430
  1328  74434 387839   5.02  11.05  12.41   8.38  10.71   100   1.41   168   0.95    431
  1328  74430 387841   5.93  10.55  12.41   8.38  10.68   100   1.41   168   0.95    431
  1328  74427 387842   6.95   9.85  12.41   8.38  10.67   100   1.41   168   0.95    430
  1329  74428 387844   7.96   8.55  12.41   8.37  10.66   100   1.41   168   0.95    430
  1329  74432 387844   9.07   7.10  12.40   8.38  10.67   100   1.41   168   0.95    431
  1329  74439 387842   9.98   5.70  12.40   8.38  10.64   100   1.41   168   0.95    430
  1329  74444 387839  10.97   3.95  12.36   8.38  10.65   100   1.41   167   0.95    428
  1330  74451 387835  11.99   2.25  12.32   8.39  10.67   100   1.40   167   0.95    428
  1330  74453 387836  12.89   0.65  12.32   8.39  10.66   100   1.41   167   0.95    429
  1331  74421 387860  13.96   2.45  12.37   8.37  10.63    99   1.41   168   0.95    430
  1332  74416 387852  14.89   2.00  12.39   8.37  10.63    99   1.41   168   0.95    430
  1332  74419 387841  15.90   2.00  12.38   8.37  10.61    99   1.42   168   0.95    432
  1332  74426 387832  16.92   0.90  12.37   8.37  10.60    99   1.41   168   0.95    431
 -1424  74533 385520   1.07   5.40  12.81   8.32   9999  9999   1.55   182   1.04    480
  1424  74535 385513   1.80   4.75  12.81   8.32   9999  9999   1.54   182   1.03    478
  1425  74536 385511   2.99   3.75  12.80   8.32   9999  9999   1.54   181   1.03    477
  1425  74537 385509   3.82   3.00  12.80   8.32   9999  9999   1.54   181   1.03    477
  1425  74538 385508   4.84   1.75  12.79   8.32   9999  9999   1.54   181   1.03    476
  1425  74539 385506   5.85   0.60  12.78   8.33   9999  9999   1.54   181   1.03    475
 -1406  74130 384674   1.04   5.45  12.51   8.34   9999  9999   1.42   168   0.95    431
  1406  74132 384658   1.83   4.95  12.51   8.34   9999  9999   1.42   168   0.95    431
  1406  74132 384656   2.87   4.00  12.50   8.34   9999  9999   1.42   168   0.95    430
  1406  74133 384651   3.81   2.85  12.50   8.34   9999  9999   1.42   168   0.95    432
  1406  74134 384643   4.81   1.85  12.51   8.34   9999  9999   1.42   168   0.95    430
  1406  74135 384633   5.81   0.85  12.51   8.34   9999  9999   1.42   168   0.95    431
