# MEETVAARTUIG : M.S. ARGUS
# MEETDATUM    : 15-04-2005 07:05:05
# MEETGEBIED   : VOLKERAK/ZOOMMEER
# STARTPUNT    : KRAMMERSLUIZEN
# EINDPUNT     : SPUIKANAAL
# PROJECTCODE  : E7608X
# OPDRACHTGEVER: ZLXXAXAMDBG
# BEHEERDER    : ZLXXAXAMDBG
# BEMONST. INST:
# WAARNEMER(S) : H.Korstanje
#
* 20050415
$ 9999 [00000000000000]
>TIJD      uumm                    
>X         coordinaat              
>Y         coordinaat              
>SENSHTE   Diepte set        m     
>ECHOS     Echoset           mtrs  
>Echo      Echoschip         M     
>Temp      Temperatuur       oC            : 9.0  0.5  15  0.5
>pH        Zuurgraad         dimsls
>GELBH     Geleidendheid     mS/cm 
>SALNTT    Saliniteit        dimsl 
>CL-       Chloride          mg/l  
>CHFLYSI   Chlorofyl         ugr/l 
>O2        Zuurstof          mg/l  
>%O2       Zuurstof%         %     
 -1047  72876 400021   1.02   8.50   9.40  10.95   8.31   1.08   0.75    311   5.30  10.32    95
  1048  72895 399997   2.09   7.20   2.40  10.95   8.32   1.09   0.75    312   4.50  10.32    95
  1048  72890 400001   3.05   5.70   9.30  10.95   8.31   1.08   0.75    311   5.20  10.31    95
  1048  72888 399999   3.94   4.45   8.90  10.95   8.31   1.09   0.75    312   4.60  10.33    95
  1049  72886 399995   4.93   3.40   8.80  10.95   8.31   1.08   0.75    311   4.80  10.32    95
  1049  72885 399993   5.93   2.15   8.80  10.95   8.31   1.09   0.75    312   5.00  10.32    95
  1049  72884 399994   6.97   1.00   8.50  10.94   8.31   1.09   0.75    312   5.00  10.30    95
 -1113  74963 394996   0.96   6.65   8.50  10.94   8.31   1.10   0.76    317   5.10   9999  9999
  1113  74959 394981   1.81   6.20   9.00  10.93   8.31   1.10   0.76    317   4.70   9999  9999
  1113  74957 394975   2.86   5.20   9.20  10.93   8.31   1.10   0.76    317   4.60   9999  9999
  1113  74957 394972   3.80   4.55   9.30  10.93   8.31   1.10   0.76    317   4.50   9999  9999
  1113  74945 394970   4.86   3.70   9.30  10.92   8.30   1.10   0.76    317   4.20   9999  9999
  1113  74954 394966   5.88   0.50   9.40  10.93   8.30   1.10   0.76    317   4.30   9999  9999
  1114  74954 394962   6.84   2.15   9.40  10.93   8.31   1.10   0.76    317   4.70   9999  9999
  1114  74953 394962   7.84   1.05   9.40  10.92   8.30   1.10   0.76    316   4.90   9999  9999
 -1126  73916 392162   0.97   6.15   8.00  11.10   8.41   1.17   0.81    345   8.10   9999  9999
  1126  73919 392141   1.84   5.75   7.90  11.10   8.41   1.17   0.81    345   7.50   9999  9999
  1126  73920 392127   2.80   4.45   7.80  11.10   8.42   1.17   0.81    346   7.50   9999  9999
  1126  73921 392115   3.83   3.10   7.80  11.10   8.40   1.17   0.81    345   7.60   9999  9999
  1127  73918 392106   4.83   2.40   7.70  11.10   8.42   1.17   0.81    346   7.70   9999  9999
  1127  73917 392101   5.86   1.50   7.80  11.09   8.41   1.17   0.81    346   7.80   9999  9999
 -1155  71527 392039   0.98  18.85  20.60  10.72   8.52   1.19   0.83    357   9.30  10.89   100
  1156  71483 392053   2.09  17.25  19.60  10.67   8.52   1.19   0.83    358   9.90  10.87   100
  1156  71486 392053   2.94  16.65   0.00  10.63   8.51   1.18   0.83    358   9.00  10.86   100
  1156  71490 392053   4.04  15.55  19.90  10.56   8.50   1.18   0.83    358   8.80  10.84    99
  1157  71501 392053   5.02  14.40  20.10  10.36   8.47   1.18   0.83    360   8.10  10.54    96
  1158  71502 392055   5.93  13.65  20.20  10.30   8.46   1.18   0.83    360   7.00  10.33    94
  1158  71501 392055   6.95  12.75  20.20  10.17   8.44   1.18   0.84    363   7.20  10.32    94
  1159  71499 392057   8.05  11.40  20.00  10.10   8.43   1.18   0.84    364   7.40  10.02    91
  1159  71498 392058   9.15  10.25  20.00  10.00   8.42   1.19   0.84    366   7.40  10.04    91
  1200  71496 392058  10.20   9.25  20.00   9.83   8.41   1.19   0.85    370   6.90  10.00    90
  1200  71494 392060  10.91   8.55  20.00   9.81   8.40   1.19   0.85    371   6.30   9.83    88
  1201  71491 392062  11.87   7.40  19.80   9.72   8.39   1.20   0.86    375   5.50   9.71    87
  1201  71489 392062  13.07   6.00  19.80   9.65   8.39   1.20   0.86    375   6.00   9.73    87
  1202  71484 392064  13.96   4.90  19.70   9.60   8.37   1.19   0.86    375   6.30   9.54    85
  1203  71477 392064  14.87   3.95  19.80   9.35   8.32   1.22   0.88    388   4.50   9.01    80
  1204  71477 392064  15.95   2.90  19.70   9.50   8.31   1.35   0.98    445   5.90   8.94    80
  1204  71482 392068  17.11   2.25  19.90   8.72   8.19   1.89   1.43    704   6.00   8.58    75
  1205  71496 392070  18.01   1.60  20.10   8.84   8.15   2.61   2.00   1010   5.30   7.04    62
  1208  71500 392066  18.97   0.85  20.20   7.94   7.98   3.01   2.39   1223   4.70   3.36    29
 -1150  72182 391762   0.82  17.75  19.70  10.68   8.50   1.19   0.83    358   9.00   9999  9999
  1150  72177 391775   1.87  17.00  19.50  10.69   8.51   1.19   0.83    358   9.50   9999  9999
  1150  72176 391777   2.83  16.15  19.60  10.68   8.50   1.19   0.83    357   9.40   9999  9999
  1150  72175 391777   3.87  15.20  19.60  10.63   8.50   1.18   0.83    358   9.50   9999  9999
  1150  72174 391777   4.83  14.25  19.60  10.61   8.49   1.18   0.83    357   9.50   9999  9999
  1150  72174 391775   5.82  13.35   0.00  10.56   8.47   1.18   0.83    358   9.30   9999  9999
  1150  72173 391773   6.81  12.45   0.00  10.51   8.49   1.18   0.83    358   8.30   9999  9999
  1150  72172 391771   7.86  11.30   2.20  10.44   8.48   1.18   0.83    360   8.20   9999  9999
  1150  72171 391771   8.85  10.25   0.00  10.37   8.47   1.18   0.83    360   7.80   9999  9999
  1151  72171 391769   9.81   9.40  20.00  10.27   8.44   1.19   0.84    363   7.30   9999  9999
  1151  72170 391769  10.88   8.30  20.00  10.14   8.46   1.19   0.84    364   7.40   9999  9999
  1151  72170 391769  11.83   7.25  20.00  10.06   8.45   1.19   0.84    365   7.50   9999  9999
  1151  72169 391769  12.88   6.20  20.00   9.97   8.43   1.19   0.84    366   7.30   9999  9999
  1151  72169 391769  13.86   5.30  19.90   9.67   8.41   1.19   0.85    372   6.90   9999  9999
  1151  72168 391769  14.89   4.35  19.90   9.55   8.38   1.20   0.87    380   6.00   9999  9999
  1151  72167 391769  15.92   3.40  19.80   9.28   8.33   1.31   0.95    429   5.50   9999  9999
  1151  72166 391771  16.88   2.30  19.80   8.97   8.24   1.60   1.19    567   5.30   9999  9999
  1151  72164 391771  17.82   1.45  19.80   8.63   8.16   1.81   1.37    669   5.10   9999  9999
 -1143  72692 390995   1.05  17.10  19.40  10.74   8.50   1.18   0.82    355   9.60   9999  9999
  1143  72688 390995   1.85  16.75  19.40  10.74   8.49   1.18   0.82    355   9.60   9999  9999
  1143  72686 390993   2.80  15.85  19.40  10.73   8.49   1.18   0.82    355   9.50   9999  9999
  1143  72685 390993   3.83  14.95  19.40  10.72   8.49   1.18   0.82    355   9.60   9999  9999
  1144  72688 390993   4.83  14.05   2.30  10.71   8.49   1.18   0.82    355   9.20   9999  9999
  1144  72689 390991   5.86  12.95   0.00  10.70   8.47   1.18   0.82    355   9.20   9999  9999
  1144  72688 390993   6.86  12.00   0.00  10.68   8.48   1.18   0.82    355   8.80   9999  9999
  1144  72689 390991   7.83  11.20  19.60  10.68   8.48   1.18   0.82    354   9.00   9999  9999
  1144  72689 390991   8.94  10.10  19.60  10.68   8.48   1.18   0.82    354   9.00   9999  9999
  1144  72690 390991   9.86   9.25  19.60  10.67   8.46   1.18   0.82    355   9.00   9999  9999
  1144  72691 390991  10.83   8.30  19.60  10.67   8.47   1.18   0.82    354   9.00   9999  9999
  1144  72691 390989  11.81   7.25  19.60  10.59   8.45   1.18   0.83    356   9.00   9999  9999
  1144  72692 390989  12.81   6.40  19.70  10.35   8.46   1.18   0.83    359   9.00   9999  9999
  1144  72692 390987  13.82   5.40  19.70   9.98   8.43   1.18   0.84    363   6.80   9999  9999
  1145  72693 390985  14.89   4.45  19.80   9.79   8.41   1.18   0.84    366   7.80   9999  9999
  1145  72693 390985  15.84   3.45  19.80   9.66   8.39   1.18   0.85    368   7.20   9999  9999
  1145  72693 390985  16.89   2.50  19.80   9.44   8.36   1.18   0.86    372   6.30   9999  9999
  1145  72693 390984  17.86   1.45  19.80   9.34   8.34   1.19   0.86    375   5.80   9999  9999
 -1134  74016 390380   0.94   5.65   7.20  10.71   8.47   1.19   0.83    358  10.70   9999  9999
  1135  74016 390374   1.90   5.00   7.20  10.70   8.48   1.19   0.83    359  10.10   9999  9999
  1135  74016 390373   2.84   0.40   7.20  10.70   8.47   1.19   0.83    358   9.60   9999  9999
  1135  74019 390371   3.86   3.05   7.20  10.70   8.48   1.19   0.83    358   9.90   9999  9999
  1135  74019 390371   4.87   0.55   7.20  10.70   8.48   1.19   0.83    358   9.40   9999  9999
  1135  74020 390371   5.83   1.00   7.20  10.69   8.47   1.19   0.83    359   9.40   9999  9999
 -1233  74417 387814   1.05  16.80  17.70  11.02   8.49   1.22   0.85    368  10.50  10.68    99
  1234  74423 387803   2.26  15.50   0.00  11.00   8.49   1.22   0.85    368  10.90  10.65    98
  1235  74427 387798   3.07  14.70   1.90  10.97   8.49   1.22   0.85    369   9.60  10.57    98
  1235  74428 387801   4.03  13.85  17.40  10.97   8.48   1.22   0.85    368  10.20  10.56    98
  1236  74433 387807   5.00  12.90  18.40  10.95   8.48   1.22   0.85    368   9.70  10.54    97
  1236  74433 387810   6.06  11.95  18.60  10.94   8.48   1.22   0.85    368  10.10  10.52    97
  1236  74438 387821   7.04   9.25  18.90  10.94   8.48   1.22   0.85    368   9.30  10.46    96
  1237  74443 387836   8.18   5.30  17.50  10.94   8.47   1.22   0.85    368   9.70  10.64    96
  1238  74447 387829   9.01   4.10  18.30  10.93   8.48   1.22   0.85    368   9.00  10.38    96
  1238  74448 387819   9.93   5.10  18.80  10.93   8.47   1.22   0.85    368   9.60  10.41    96
  1239  74448 387812  11.29  51.25  18.50  10.94   8.47   1.22   0.85    369   9.00  10.37    96
  1239  74451 387806  11.91   6.10  18.20  10.94   8.47   1.22   0.85    369   8.80  10.38    96
  1240  74454 387808  13.01  51.25  18.30  10.94   8.47   1.22   0.85    368  10.30  10.39    96
  1240  74458 387814  14.13   1.40  17.90  10.93   8.47   1.22   0.85    371   9.60  10.35    96
  1241  74459 387817  14.95   2.40  17.50  10.92   8.46   1.25   0.87    383   9.20  10.34    95
  1243  74445 387818  16.01   1.95  18.70  10.73   8.40   1.48   1.04    482  10.20   9.28    85
  1245  74436 387814  16.97   3.10  18.60  10.43   8.27   1.83   1.32    639  11.20   7.36    67
 -1257  74559 385496   0.96   2.40   6.90  11.17   8.44   1.25   0.87    380   8.50   9999  9999
  1257  74559 385490   1.85   0.55   6.90  11.16   8.45   1.25   0.87    379   9.00   9999  9999
  1257  74558 385488   2.83   4.20   6.90  11.16   8.45   1.25   0.86    379   8.90   9999  9999
  1257  74557 385487   3.86   3.10   6.80  11.15   8.45   1.25   0.86    378   8.70   9999  9999
  1257  74557 385487   4.90   2.00   6.80  11.12   8.45   1.25   0.86    378   8.50   9999  9999
  1257  74557 385488   5.89   0.85   6.80  11.12   8.45   1.25   0.86    378   9.10   9999  9999
 -1312  74119 384659   1.08   5.45   7.20  11.10   8.51   1.23   0.85    372  11.00   9999  9999
  1312  74120 384653   1.87   5.05   7.20  11.09   8.51   1.23   0.85    372  10.80   9999  9999
  1312  74120 384650   2.84   4.35   7.20  11.08   8.51   1.23   0.85    371  10.90   9999  9999
  1312  74121 384648   3.86   3.30   7.20  11.05   8.50   1.23   0.85    372  11.10   9999  9999
  1312  74121 384646   4.84   2.40   7.20  11.03   8.50   1.23   0.85    373  10.50   9999  9999
  1313  74122 384642   5.89   1.10   7.20  11.02   8.49   1.23   0.85    372  10.30   9999  9999
