# MEETVAARTUIG : M.S. ARGUS
# MEETDATUM    : 10-09-2008 07:43:57
# MEETGEBIED   : VOLKERAK/ZOOMMEER
# STARTPUNT    : Krammersluizen
# EINDPUNT     : Antwerpen
# PROJECTCODE  : E7608X
# OPDRACHTGEVER: ZLXXAXAMDBG
# BEHEERDER    : ZLXXAXAMDBG
# BEMONST. INST:
# WAARNEMER(S) : Gerrit Bakker
#
* 20080910
$ 9999 [000000000000]
>TIJD      uumm                    
>X         coordinaat              
>Y         coordinaat              
>SENSHTE   Diepte set        m     
>ECHOS     Echoset           mtrs  
>Temp      Temperatuur       oC        : 13.0   0.5   15   0.5
>GELBH     Geleidendheid     mS/cm 
>SALNTT    Saliniteit        dimsl 
>CL-       Chloride          mg/l  
>pH        Zuurgraad         dimsls
>O2        Zuurstof          mg/l  
>%O2       Zuurstof%         %     
 -1111  72866 400006   1.07  51.25  17.34   1.72   1.03    480   9999   9.40    98
  1111  72872 399994   2.03   5.50  17.26   1.72   1.03    480   9999   9.40    98
  1111  72874 399988   3.01   4.55  17.26   1.71   1.03    479   9999   9.37    98
  1111  72874 399986   4.09   3.35  17.21   1.72   1.03    481   9999   9.36    98
  1111  72873 399984   4.99   2.60  17.21   1.71   1.03    480   9999   9.32    97
  1112  72871 399985   6.08   1.35  17.21   1.71   1.03    480   9999   9.30    97
  1112  72868 399984   7.07   0.40  17.21   1.72   1.03    481   9999   9.28    97
 -1136  74952 394982   1.07   7.05  17.23   1.47   0.88    389   9999   9999  9999
  1136  74952 394975   2.01   6.85  17.25   1.47   0.88    388   9999   9999  9999
  1136  74952 394973   3.02   6.10  17.25   1.46   0.87    387   9999   9999  9999
  1136  74952 394971   4.02   5.15  17.26   1.46   0.87    387   9999   9999  9999
  1136  74952 394968   4.96   4.30  17.27   1.47   0.87    388   9999   9999  9999
  1136  74952 394967   6.03   3.15  17.28   1.46   0.87    387   9999   9999  9999
  1136  74952 394965   6.81   2.80  17.28   1.47   0.87    388   9999   9999  9999
  1137  74951 394962   7.89   1.30  17.23   1.47   0.88    389   9999   9999  9999
 -1149  73944 392175   0.98   5.60  17.39   1.51   0.90    403   9999   9999  9999
  1149  73941 392161   1.94   5.05  17.36   1.51   0.90    403   9999   9999  9999
  1149  73940 392155   2.91   4.20  17.36   1.51   0.90    402   9999   9999  9999
  1150  73939 392151   3.82   3.15  17.35   1.51   0.90    404   9999   9999  9999
  1150  73938 392146   4.91   2.20  17.36   1.51   0.90    403   9999   9999  9999
  1150  73936 392136   5.83   1.15  17.35   1.51   0.90    404   9999   9999  9999
 -1219  71506 392047   0.99  18.20  17.43   1.81   1.09    511   8.34  11.28   118
  1220  71495 392048   2.13  16.65  17.33   1.81   1.09    513   8.34  11.22   118
  1221  71490 392050   2.97  15.65  17.31   1.81   1.09    514   8.32  11.02   115
  1221  71489 392050   4.06  14.55  17.28   1.81   1.09    515   8.31  10.98   115
  1222  71488 392049   5.01  13.60  17.12   1.80   1.09    514   8.30  10.47   109
  1223  71498 392053   6.05  12.90  16.87   1.82   1.11    524   8.29  10.04   104
  1223  71503 392059   6.99  12.25  16.70   1.85   1.13    538   8.27   9.98   103
  1223  71504 392060   8.05  11.10  16.64   1.88   1.15    550   8.25   9.97   103
  1224  71505 392062   8.95  10.10  16.61   1.88   1.16    552   8.26   9.97   103
  1224  71506 392063  10.03   9.15  16.61   1.89   1.16    555   8.24   9.97   103
  1224  71506 392063  10.95   8.30  16.58   1.96   1.21    581   8.24   9.38    97
  1225  71494 392072  12.00   7.05  16.59   2.09   1.29    629   8.21   9.03    93
  1225  71493 392072  12.96   6.00  16.61   2.11   1.30    638   8.21   8.98    93
  1226  71491 392068  13.99   4.95  16.91   3.07   1.92    974   8.16   9.19    96
  1228  71496 392040  14.98   4.45  16.87   5.53   3.59   1993   7.84   0.85     9
  1228  71498 392042  16.03   3.35  16.19   5.56   3.68   2040   7.83   0.77     8
  1229  71500 392044  17.08   2.25  15.59   5.77   3.89   2158   7.84   0.79     8
  1229  71501 392049  17.98   1.15  15.39   7.03   4.83   2681   7.84   0.79     8
  1229  71501 392053  19.05   0.40  14.46   7.44   5.25   2915   7.76   0.64     6
 -1236  72176 391774   1.11  17.15  17.61   1.82   1.09    512   9999   9999  9999
  1236  72177 391774   1.89  16.85  17.61   1.82   1.09    513   9999   9999  9999
  1236  72177 391775   2.90  15.90  17.55   1.81   1.09    512   9999   9999  9999
  1236  72177 391774   3.81  14.90  17.55   1.81   1.09    512   9999   9999  9999
  1236  72177 391775   4.88  13.95  17.28   1.81   1.09    513   9999   9999  9999
  1236  72177 391774   5.97  13.10  17.06   1.80   1.09    515   9999   9999  9999
  1236  72177 391774   7.00  12.05  16.93   1.80   1.09    515   9999   9999  9999
  1236  72177 391774   8.03  11.25  16.85   1.80   1.10    517   9999   9999  9999
  1236  72176 391773   8.86  10.65  16.82   1.80   1.10    517   9999   9999  9999
  1236  72176 391773   9.99   9.60  16.77   1.80   1.10    520   9999   9999  9999
  1236  72176 391773  10.82   8.60  16.75   1.81   1.11    524   9999   9999  9999
  1237  72176 391773  11.93   7.60  16.70   1.85   1.13    537   9999   9999  9999
  1237  72175 391774  13.03   6.25  16.64   1.92   1.18    566   9999   9999  9999
  1237  72175 391776  13.87   5.90  16.62   2.16   1.34    656   9999   9999  9999
  1237  72175 391775  14.98   5.00  16.76   3.46   2.19   1126   9999   9999  9999
  1237  72175 391775  16.02   3.20  16.94   4.42   2.83   1482   9999   9999  9999
  1237  72175 391775  16.82   2.55  16.74   5.23   3.40   1886   9999   9999  9999
  1237  72175 391775  17.86   1.55  16.17   5.39   3.56   1975   9999   9999  9999
 -1242  72694 391019   1.07   0.40  17.45   1.76   1.06    494   9999   9999  9999
  1242  72695 391014   1.88  16.20  17.37   1.76   1.06    494   9999   9999  9999
  1242  72695 391015   2.86  15.15  17.30   1.76   1.06    494   9999   9999  9999
  1242  72695 391014   3.88  14.55  17.27   1.76   1.06    495   9999   9999  9999
  1242  72695 391014   4.88  13.30  17.23   1.75   1.06    495   9999   9999  9999
  1242  72696 391013   5.93  12.55  17.17   1.76   1.06    497   9999   9999  9999
  1242  72696 391010   6.95  11.25  17.16   1.76   1.06    498   9999   9999  9999
  1242  72696 391008   7.98  10.60  17.05   1.79   1.09    511   9999   9999  9999
  1243  72696 391008   8.81   9.55  16.86   1.79   1.09    512   9999   9999  9999
  1243  72696 391008   9.98   8.55  16.75   1.79   1.09    515   9999   9999  9999
  1243  72696 391008  10.90   8.00  16.70   1.79   1.09    516   9999   9999  9999
  1243  72695 391008  11.84   6.85  16.67   1.79   1.10    517   9999   9999  9999
  1243  72695 391008  13.08   5.75  16.64   1.84   1.13    535   9999   9999  9999
  1243  72695 391008  14.00   5.00  16.60   2.00   1.23    596   9999   9999  9999
  1243  72694 391007  14.91   3.85  16.69   3.63   2.31   1190   9999   9999  9999
  1243  72694 391007  15.85   3.10  16.89   4.39   2.81   1473   9999   9999  9999
  1243  72694 391007  17.08   2.10  16.97   4.46   2.85   1497   9999   9999  9999
  1243  72693 391007  17.87   0.50  16.83   4.84   3.13   1732   9999   9999  9999
 -1254  73983 390388   0.81   5.85  17.15   1.70   1.02    474   9999   9999  9999
  1255  73991 390385   1.94   4.70  17.10   1.70   1.03    476   9999   9999  9999
  1255  73993 390384   2.86   4.05  17.08   1.70   1.02    475   9999   9999  9999
  1255  73996 390383   3.91   2.90  17.05   1.70   1.03    477   9999   9999  9999
  1255  73998 390382   4.84   1.90  17.05   1.70   1.03    477   9999   9999  9999
  1255  74001 390381   5.84   0.90  17.01   1.70   1.03    479   9999   9999  9999
 -1307  74426 387853   1.04  15.70  17.26   1.78   1.08    505   8.22  10.00   104
  1307  74434 387831   2.06  15.05  17.11   1.78   1.08    506   8.22   9.96   104
  1308  74443 387814   2.97  14.25  17.07   1.78   1.08    506   8.21   9.74   101
  1308  74446 387810   4.02  12.95  17.04   1.78   1.08    507   8.20   9.73   101
  1308  74446 387809   5.01  11.95  17.03   1.77   1.08    505   8.20   9.65   100
  1308  74446 387809   5.97  11.10  17.01   1.78   1.08    506   8.19   9.65   100
  1309  74441 387813   7.03  10.35  16.98   1.77   1.08    505   8.19   9.66   100
  1309  74438 387812   8.04   9.25  16.96   1.77   1.08    506   8.18   9.47    98
  1309  74435 387809   9.01   8.35  16.95   1.77   1.07    505   8.18   9.43    98
  1309  74432 387811   9.98   7.15  16.93   1.77   1.08    505   8.18   9.37    97
  1310  74429 387812  10.90   6.45  16.92   1.77   1.08    506   8.16   9.34    97
  1310  74428 387815  11.92   5.70  16.92   1.77   1.08    505   8.18   9.31    97
  1310  74431 387821  13.08   4.50  16.92   1.77   1.08    507   8.18   9.30    96
  1312  74426 387827  14.01   3.55  16.64   1.82   1.11    526   8.14   8.71    90
  1312  74424 387827  15.04   2.55  16.58   1.85   1.14    542   8.11   8.69    90
  1313  74423 387835  16.01   1.65  16.57   1.87   1.15    549   8.10   8.28    85
  1313  74430 387839  17.03   0.45  16.56   1.97   1.22    586   8.08   7.87    81
 -1347  74534 385515   0.91   5.45  17.16   1.75   1.06    495   9999   9999  9999
  1347  74535 385506   1.88   4.90  17.14   1.75   1.06    495   9999   9999  9999
  1347  74536 385503   2.85   3.75  17.12   1.75   1.06    495   9999   9999  9999
  1347  74538 385499   3.91   2.70  17.10   1.75   1.06    494   9999   9999  9999
  1347  74538 385497   4.95   1.70  17.11   1.75   1.06    495   9999   9999  9999
  1347  74541 385494   5.82   0.70  17.09   1.75   1.06    496   9999   9999  9999
 -1331  74131 384655   0.97   5.60  17.17   1.79   1.08    507   9999   9.82   102
  1331  74134 384657   2.11   4.40  16.98   1.78   1.08    507   9999   9.82   102
  1332  74136 384659   3.04   3.45  16.89   1.77   1.08    506   9999   9.63   100
  1332  74136 384659   3.98   3.10  16.87   1.77   1.08    506   9999   9.62   100
  1332  74136 384658   4.92   1.95  16.89   1.77   1.08    507   9999   9.57    99
  1332  74134 384656   5.82   0.75  16.84   1.77   1.08    507   9999   9.53    99
