# MEETVAARTUIG : M.S. ARGUS
# MEETDATUM    : 03-08-2006 07:00:17
# MEETGEBIED   : VOLKERAK/ZOOMMEER
# STARTPUNT    : Krammersluizen
# EINDPUNT     : Antwerpen
# PROJECTCODE  : E7608X
# OPDRACHTGEVER: ZLXXAXAMDBG
# BEHEERDER    : ZLXXAXAMDBG
# BEMONST. INST:
# WAARNEMER(S) : W. Ras
#
* 20060803
$ 9999 [000000000000]
>TIJD      uumm                    
>X         coordinaat              
>Y         coordinaat              
>SENSHTE   Diepte set        m     
>ECHOS     Echoset           mtrs  
>Echo      Echoschip         M     
>Temp      Temperatuur       oC            : 15.0  0.5  15  0.5
>GELBH     Geleidendheid     mS/cm 
>SALNTT    Saliniteit        dimsl 
>CL-       Chloride          mg/l  
>O2        Zuurstof          mg/l  
>%O2       Zuurstof%         %     
 -1053  72870 400012   1.08   7.00   8.20  22.71   1.51   0.80    346   8.31    97
  1053  72872 400007   1.96   6.05   8.20  22.69   1.51   0.80    346   8.31    97
  1053  72873 400003   3.02   4.70   8.00  22.69   1.51   0.80    346   8.30    97
  1053  72876 399999   4.05   3.50   8.20  22.69   1.51   0.80    346   8.29    97
  1054  72878 399994   5.03   2.40   8.10  22.67   1.51   0.80    346   8.26    97
  1054  72880 399992   6.01   1.65   8.10  22.66   1.51   0.80    346   8.24    96
  1054  72883 399992   7.01   0.75   8.10  22.67   1.51   0.80    346   8.23    96
 -1120  74952 394983   1.04   6.40   8.40  22.61   1.47   0.78    333   9999  9999
  1120  74953 394981   1.88   5.95   8.50  22.60   1.48   0.78    334   9999  9999
  1120  74953 394981   2.82   4.95   8.50  22.59   1.48   0.78    334   9999  9999
  1120  74956 394981   3.90   4.05   8.50  22.55   1.48   0.78    334   9999  9999
  1120  74956 394981   4.83   3.00   8.60  22.52   1.47   0.78    334   9999  9999
  1120  74957 394981   5.82   2.00   8.60  22.48   1.47   0.78    334   9999  9999
  1120  74956 394981   6.81   1.10   8.60  22.45   1.47   0.78    334   9999  9999
 -1134  73941 392173   1.03   5.65   7.40  21.58   1.60   0.87    386   9999  9999
  1134  73940 392169   1.88   4.95   7.50  21.58   1.60   0.87    387   9999  9999
  1134  73939 392163   2.89   3.95   7.30  21.53   1.61   0.87    389   9999  9999
  1134  73938 392162   3.87   3.00   7.20  21.51   1.61   0.87    389   9999  9999
  1134  73938 392160   4.80   2.10   7.30  21.48   1.61   0.88    391   9999  9999
  1134  73937 392156   5.84   1.10   7.20  21.46   1.62   0.88    392   9999  9999
 -1227  71484 392064   1.01  17.50  19.50  21.15   1.72   0.94    429   8.68    99
  1228  71493 392055   1.99  17.10  19.60  21.04   1.75   0.96    442   8.25    94
  1229  71497 392055   2.99  16.20  19.70  21.01   1.76   0.97    448   7.91    90
  1230  71499 392058   4.02  15.10  19.90  20.97   1.80   0.99    459   7.53    86
  1230  71500 392060   5.01  14.15  19.90  20.95   1.80   0.99    460   7.61    86
  1230  71501 392060   5.99  13.15  19.90  20.89   1.82   1.01    468   7.60    86
  1231  71506 392056   7.02  12.05  20.10  20.83   1.83   1.02    474   7.37    83
  1231  71506 392056   8.08  11.00  20.10  20.82   1.84   1.02    477   7.36    83
  1232  71504 392057   8.95  10.20  20.10  20.69   1.92   1.07    505   7.36    83
  1232  71500 392058  10.01   9.30  19.90  18.94   2.64   1.56    771   6.40    70
  1235  71497 392057  10.99   8.45  19.60  16.70   2.79   1.74    873   0.42     4
  1235  71497 392057  12.01   7.45  19.70  16.63   2.77   1.74    869   0.39     4
  1235  71498 392055  13.01   6.50  19.80  15.82   2.63   1.68    836   0.39     4
  1235  71498 392055  14.05   5.50  19.80  15.50   2.78   1.79    900   0.37     4
  1236  71499 392055  15.02   4.50  20.00  15.74   2.96   1.90    963   0.33     3
  1237  71500 392058  15.99   3.50  20.00  15.20   3.73   2.46   1276   0.38     4
  1237  71501 392058  17.00   2.45  20.10  14.73   3.75   2.51   1302   0.37     4
  1237  71505 392056  18.00   1.25  20.10  14.64   3.88   2.61   1356   0.19     2
  1238  71506 392053  18.86   0.40  20.10  14.27   4.90   3.37   1872   0.25     2
 -1201  72168 391753   1.04  17.20  19.40  21.27   1.66   0.91    410   9999  9999
  1201  72162 391760   1.85  16.45  19.40  21.27   1.66   0.91    411   9999  9999
  1201  72158 391762   2.80  15.45  19.60  21.23   1.67   0.91    412   9999  9999
  1201  72157 391764   3.90  14.55  19.60  21.22   1.67   0.91    413   9999  9999
  1201  72157 391764   4.82  13.60  19.70  21.16   1.72   0.94    431   9999  9999
  1201  72156 391764   5.93  12.70  19.70  21.13   1.73   0.95    436   9999  9999
  1201  72157 391766   6.92  11.70  19.60  21.05   1.78   0.98    451   9999  9999
  1201  72157 391766   7.84  10.80  19.60  20.94   1.81   1.00    465   9999  9999
  1201  72157 391766   8.94   9.70  19.60  20.88   1.87   1.04    486   9999  9999
  1201  72159 391766   9.97   8.55  19.60  20.84   1.90   1.06    495   9999  9999
  1201  72159 391766  10.94   7.65  19.60  20.45   2.09   1.18    566   9999  9999
  1201  72159 391766  11.88   6.90  19.60  18.79   2.52   1.49    748   9999  9999
  1201  72160 391766  12.89   5.90  19.70  17.57   2.61   1.59    789   9999  9999
  1201  72159 391766  13.91   4.75   1.90  17.01   2.57   1.59    786   9999  9999
  1202  72159 391766  14.82   3.95  19.60  16.24   2.65   1.68    834   9999  9999
  1202  72160 391766  15.90   2.95   2.30  15.62   2.84   1.83    918   9999  9999
  1202  72160 391766  16.85   1.95  19.50  15.49   3.18   2.07   1054   9999  9999
  1202  72160 391766  17.90   0.90  19.40  15.64   2.98   1.92    974   9999  9999
 -1153  72708 390989   1.05  16.80  18.90  21.30   1.67   0.91    413   9999  9999
  1153  72699 390991   1.85  16.25  18.90  21.29   1.67   0.92    414   9999  9999
  1153  72693 390993   2.89  15.40  18.90  21.28   1.67   0.92    414   9999  9999
  1154  72690 390993   3.82  14.55  18.90  21.26   1.68   0.92    415   9999  9999
  1154  72685 390995   4.84  13.65  18.80  21.23   1.68   0.92    418   9999  9999
  1154  72684 390995   5.89  12.60  18.80  21.20   1.70   0.93    423   9999  9999
  1154  72683 390993   6.91  11.70  18.80  21.13   1.72   0.94    430   9999  9999
  1154  72682 390993   7.84  10.85  18.80  21.08   1.74   0.96    438   9999  9999
  1154  72681 390993   8.84   9.75  18.80  21.05   1.77   0.98    450   9999  9999
  1154  72678 390993   9.91   8.75  18.80  21.01   1.78   0.98    453   9999  9999
  1154  72677 390993  10.93   7.75  18.70  20.69   2.22   1.25    608   9999  9999
  1154  72677 390993  11.85   6.90  18.70  19.79   2.24   1.29    629   9999  9999
  1154  72677 390993  12.80   5.80  18.80  18.59   2.38   1.41    700   9999  9999
  1154  72677 390993  13.86   4.75  18.80  17.00   2.41   1.49    745   9999  9999
  1154  72676 390991  14.92   3.80  18.80  16.33   2.45   1.54    758   9999  9999
  1154  72675 390991  15.87   2.80  18.80  15.15   2.54   1.64    814   9999  9999
  1154  72676 390989  16.81   1.90  18.80  14.70   2.61   1.71    852   9999  9999
  1155  72676 390988  17.80   0.80  18.90  14.59   2.66   1.75    877   9999  9999
 -1145  73998 390369   0.98   5.45   6.90  21.00   1.64   0.90    405   9999  9999
  1145  73996 390371   1.87   4.50   6.90  21.02   1.64   0.90    405   9999  9999
  1145  73995 390373   2.80   3.75   6.90  21.05   1.64   0.90    405   9999  9999
  1146  73995 390373   3.89   2.75   6.90  21.05   1.64   0.90    406   9999  9999
  1146  73995 390375   4.87   1.70   6.90  21.06   1.64   0.90    406   9999  9999
  1146  73994 390375   5.84   0.70   6.90  20.98   1.64   0.90    405   9999  9999
 -1304  74446 387803   0.99  14.55  17.70  21.41   1.69   0.92    418   9.05   104
  1304  74443 387795   2.00  13.40  17.70  21.41   1.69   0.92    418   9.09   104
  1304  74439 387797   3.00  12.55  17.70  21.41   1.69   0.92    418   9.07   104
  1305  74427 387801   4.00  11.10  17.90  21.39   1.69   0.92    419   8.84   101
  1306  74420 387803   5.03   9.90  17.90  21.37   1.69   0.92    418   8.74   100
  1306  74419 387805   5.99   9.20  17.90  21.32   1.68   0.92    417   8.73   100
  1307  74424 387811   7.02   9.15  18.30  21.24   1.68   0.92    416   8.12    93
  1307  74424 387814   7.99   8.65  18.20  21.23   1.68   0.92    416   8.10    92
  1308  74424 387818   9.02   8.05  18.30  21.22   1.68   0.92    416   8.04    92
  1308  74424 387820   9.98   7.30  18.30  21.21   1.68   0.92    416   7.97    91
  1309  74426 387822  11.00   6.40  18.40  21.21   1.68   0.92    417   7.76    88
  1309  74428 387820  11.99   5.45  18.30  21.20   1.68   0.92    417   7.78    89
  1309  74429 387820  13.01   4.45  18.30  21.20   1.68   0.92    417   7.76    88
  1310  74426 387818  14.02   3.45  18.30  21.18   1.70   0.93    422   7.52    86
  1311  74429 387820  14.98   2.40  18.30  21.16   1.72   0.94    430   7.32    83
  1311  74432 387820  15.97   1.45  18.20  21.16   1.75   0.96    439   7.30    83
  1312  74436 387818  16.91   0.50  18.20  21.15   1.77   0.97    447   7.28    83
 -1357  74549 385518   1.04   5.25   6.70  22.15   1.75   0.94    430   9999  9999
  1357  74547 385507   1.81   4.55   6.60  22.15   1.75   0.94    430   9999  9999
  1358  74546 385500   2.87   3.50   6.60  22.15   1.75   0.94    430   9999  9999
  1358  74546 385496   3.83   2.60   6.70  22.17   1.75   0.94    430   9999  9999
  1358  74546 385492   4.88   1.50   6.70  22.16   1.75   0.94    431   9999  9999
  1358  74547 385490   5.86   0.55   6.60  22.15   1.75   0.94    430   9999  9999
 -1341  74120 384659   1.00   5.40   7.10  21.77   1.73   0.94    426   9999  9999
  1341  74121 384657   1.82   4.70   7.10  21.77   1.73   0.94    426   9999  9999
  1341  74121 384655   2.89   3.75   7.00  21.77   1.73   0.94    427   9999  9999
  1342  74121 384653   3.83   2.80   7.00  21.77   1.73   0.94    427   9999  9999
  1342  74122 384652   4.91   1.75   7.10  21.77   1.73   0.94    427   9999  9999
  1342  74122 384650   5.81   0.80   7.00  21.76   1.74   0.94    429   9999  9999
