# MEETVAARTUIG : M.S. ARGUS
# MEETDATUM    : 30-09-2013 11:47:30
# MEETGEBIED   :
# STARTPUNT    :
# EINDPUNT     :
# PROJECTCODE  :
# OPDRACHTGEVER:
# BEHEERDER    :
# BEMONST. INST:
# WAARNEMER(S) : K. de Vlaam
#
* 20130930
$ 9999 [0000000000000]
>TIJD      uumm                    
>X         coordinaat              
>Y         coordinaat              
>SENSHTE   Diepte set        m     
>ECHOS     Echoset           mtrs  
>Temp      Temperatuur       oC     : 14.0   0.5   15   0.5
>pH        Zuurgraad         dimsls
>O2        Zuurstof          mg/l  
>%O2       Zuurstof%         %     
>GELBH     Geleidendheid     mS/cm 
>GEL20     Gel20             ???   
>SALNTT    Saliniteit        dimsl 
>CL-       Chloride          mg/l  
 -1147  72866 400009   1.01   0.45  15.32   8.41  10.26   103   1.49   165   0.93    421
  1147  72875 399990   1.91   5.80  15.32   8.42  10.27   104   1.49   165   0.93    421
  1148  72877 399985   2.96   4.70  15.32   8.42  10.26   103   1.49   165   0.93    421
  1148  72880 399982   3.96   3.65  15.32   8.42  10.26   103   1.49   165   0.94    422
  1148  72882 399980   4.99   2.45  15.32   8.43  10.24   103   1.49   165   0.93    421
  1148  72884 399978   5.95   1.55  15.32   8.43  10.23   103   1.49   165   0.93    421
  1149  72888 399975   6.97   0.60  15.32   8.43  10.24   103   1.49   165   0.93    422
 -2359  74650 397850   1.00   9999   9999   9999   9999  9999   9999  9999   9999   9999
  2359  74650 397850   8.00   9999   9999   9999   9999  9999   9999  9999   9999   9999
 -2359  74950 394970   1.00   9999   9999   9999   9999  9999   9999  9999   9999   9999
  2359  74950 394970   8.00   9999   9999   9999   9999  9999   9999  9999   9999   9999
 -1227  73925 392172   1.01   0.40  14.85   8.28   9999  9999   1.66   186   1.06    495
  1227  73923 392169   1.86   2.60  14.77   8.29   9999  9999   1.66   186   1.06    495
  1227  73922 392167   2.88   1.90  14.75   8.29   9999  9999   1.66   186   1.06    495
  1227  73922 392162   3.84   3.45  14.73   8.29   9999  9999   1.66   186   1.06    495
  1227  73921 392153   4.82   2.55  14.74   8.29   9999  9999   1.66   186   1.06    495
  1228  73924 392146   5.84   1.45  14.76   8.29   9999  9999   1.66   186   1.06    495
  1228  73927 392140   6.80   0.40  14.77   8.29   9999  9999   1.66   187   1.06    496
 -1248  71491 392084   1.01  18.05  15.29   8.46  10.51   106   1.69   188   1.07    499
  1248  71500 392084   2.05  17.20  15.30   8.46  10.51   106   1.69   187   1.07    499
  1248  71500 392086   2.99  16.20  15.29   8.46  10.47   106   1.69   187   1.07    498
  1248  71500 392086   4.02  15.25  15.29   8.46  10.46   106   1.69   187   1.07    498
  1249  71500 392085   5.00  14.25  15.25   8.45  10.44   105   1.69   188   1.07    499
  1249  71500 392083   6.02  13.35  15.22   8.44  10.43   105   1.69   188   1.07    499
  1249  71497 392072   7.02  12.00  15.20   8.43  10.18   102   1.69   188   1.07    499
  1250  71496 392067   8.00  10.90  15.21   8.44  10.16   102   1.69   188   1.07    500
  1250  71495 392062   9.06   9.80  15.20   8.43  10.16   102   1.69   188   1.07    501
  1250  71492 392056  10.02   9.00  15.19   8.43  10.12   102   1.69   188   1.07    501
  1250  71493 392054  10.98   8.15  15.18   8.42  10.10   102   1.69   188   1.07    501
  1251  71498 392055  12.01   7.40  15.18   8.42  10.07   101   1.69   188   1.07    502
  1251  71500 392058  12.91   6.50  14.90   8.38   9.96   100   1.76   198   1.13    534
  1252  71494 392053  13.98   5.10  14.72   8.34   9.77    97   1.82   204   1.17    557
  1253  71498 392057  14.95   4.25  15.34   7.64   4.04    41   3.39   376   2.22   1140
  1254  71497 392060  16.00   3.25  14.64   7.45   1.38    14   4.08   459   2.75   1435
  1255  71501 392068  17.07   2.35  14.03   7.39   0.79     8   4.35   496   2.99   1657
  1256  71500 392076  18.02   1.40  13.97   7.37   0.62     6   5.28   603   3.68   2042
  1256  71501 392072  19.04   0.40  13.64   7.34   0.58     6   5.86   675   4.15   2304
 -2359  72180 391770   1.00   9999   9999   9999   9999  9999   9999  9999   9999   9999
  2359  72180 391770  17.00   9999   9999   9999   9999  9999   9999  9999   9999   9999
 -1306  72681 390985   1.07  17.35  15.21   8.35   9999  9999   1.69   188   1.07    500
  1306  72684 390986   1.87  16.70  15.21   8.35   9999  9999   1.69   188   1.07    501
  1306  72690 390988   2.88  16.00  15.21   8.35   9999  9999   1.69   188   1.07    501
  1306  72692 390989   3.85  14.70  15.21   8.35   9999  9999   1.69   188   1.07    500
  1306  72697 390993   4.80  13.50  15.20   8.35   9999  9999   1.69   188   1.07    501
  1306  72698 390994   5.80  12.60  15.20   8.35   9999  9999   1.69   188   1.07    500
  1306  72698 390996   6.80  11.50  15.19   8.35   9999  9999   1.69   188   1.07    501
  1306  72698 390998   7.83  10.45  15.17   8.34   9999  9999   1.70   189   1.07    504
  1307  72698 390999   8.82   9.65  15.12   8.33   9999  9999   1.70   190   1.08    507
  1307  72697 391000   9.87   8.60  15.08   8.32   9999  9999   1.71   190   1.08    508
  1307  72697 391001  10.87   7.70  15.06   8.32   9999  9999   1.70   190   1.08    508
  1307  72696 391002  11.90   6.70  15.05   8.31   9999  9999   1.70   190   1.08    506
  1307  72696 391003  12.85   5.60  15.01   8.31   9999  9999   1.69   188   1.07    502
  1307  72695 391003  13.83   4.70  14.92   8.30   9999  9999   1.68   188   1.07    502
  1307  72693 391004  14.91   3.70  14.97   8.16   9999  9999   1.95   218   1.25    606
  1307  72693 391004  15.83   2.70  15.20   7.83   9999  9999   2.70   300   1.75    876
  1307  72691 391006  16.82   1.55  15.16   7.68   9999  9999   3.05   340   2.00   1014
  1307  72690 391008  17.84   0.55  14.79   7.56   9999  9999   3.29   369   2.18   1115
 -1315  73989 390386   0.90   0.40  15.10   8.27   9999  9999   1.70   190   1.08    506
  1315  73988 390383   1.82   4.90  15.08   8.27   9999  9999   1.70   190   1.08    507
  1315  73988 390382   2.82   3.90  15.05   8.27   9999  9999   1.70   190   1.08    507
  1315  73989 390378   3.82   2.85  14.98   8.27   9999  9999   1.69   189   1.08    505
  1315  73990 390376   4.81   2.00  14.91   8.27   9999  9999   1.68   188   1.07    502
  1316  73990 390375   5.80   0.95  14.86   8.27   9999  9999   1.68   189   1.07    503
 -1329  74414 387845   1.03  16.35  14.86   8.46  10.39   104   1.61  9999   1.03    474
  1329  74427 387831   2.00  15.40  14.85   8.46  10.40   104   1.61  9999   1.02    474
  1329  74425 387827   2.91  14.35  14.75   8.46  10.40   104   1.61  9999   1.03    475
  1330  74421 387828   4.01  13.00  14.81   8.46  10.37   104   1.61  9999   1.03    475
  1330  74414 387817   5.02  11.55  14.71   8.45  10.40   104   1.61  9999   1.03    476
  1330  74412 387807   5.97   9.95  14.72   8.45  10.29   102   1.61  9999   1.02    474
  1330  74417 387803   6.93   9.25  14.70   8.44  10.27   102   1.61  9999   1.03    476
  1331  74421 387798   8.06   7.50  14.69   8.44  10.26   102   1.61  9999   1.03    476
  1331  74424 387796   8.99   6.15  14.68   8.44  10.26   102   1.61  9999   1.03    476
  1331  74422 387789  10.03   4.50  14.68   8.44  10.14   101   1.61  9999   1.03    477
  1333  74422 387815  10.99   6.35  14.68   8.43  10.09   100   1.61  9999   1.03    478
  1334  74425 387827  12.02   5.65  14.64   8.42  10.02   100   1.62  9999   1.04    480
  1334  74427 387834  13.01   4.70  14.65   8.42  10.02   100   1.62  9999   1.04    480
  1334  74430 387839  13.98   3.90  14.62   8.43  10.00    99   1.62  9999   1.04    480
  1335  74432 387842  15.03   2.40  14.59   8.43  10.05   100   1.61  9999   1.03    479
  1335  74430 387840  16.08   1.55  14.64   8.40  10.02   100   1.65  9999   1.06    494
  1336  74433 387832  16.93  46.85  15.26   7.67   5.58    56   2.88  9999   1.87    944
 -1423  74539 385521   1.06   5.30  15.08   8.43   9999  9999   1.58  9999   1.00    458
  1423  74539 385515   1.81   4.85  15.11   8.43   9999  9999   1.58  9999   1.00    458
  1424  74541 385500   2.90   3.65  15.13   8.43   9999  9999   1.58  9999   1.00    458
  1424  74540 385496   3.82   2.80  15.12   8.43   9999  9999   1.58  9999   1.00    458
  1424  74540 385494   4.85   1.75  15.05   8.43   9999  9999   1.57  9999   1.00    457
  1424  74539 385492   5.82   0.80  15.01   8.43   9999  9999   1.58  9999   1.00    458
 -1407  74126 384641   1.00   5.60  15.08   8.58   9999  9999   1.67   186   1.06    495
  1407  74125 384640   1.86   5.00  15.04   8.57   9999  9999   1.67   187   1.06    496
  1407  74124 384640   2.82   4.00  15.03   8.54   9999  9999   1.71   191   1.09    510
  1407  74123 384640   3.85   3.05  15.07   8.51   9999  9999   1.80   201   1.15    544
  1407  74122 384637   4.80   2.10  14.94   8.50   9999  9999   1.72   193   1.10    517
  1407  74122 384638   5.84   1.20  15.23   8.26   9999  9999   2.25   250   1.44    718
