# MEETVAARTUIG : M.C.ECOS 6 VERTIKAAL
# MEETDATUM    : 11-08-2022 11:24:53
# MEETGEBIED   :
# STARTPUNT    :
# EINDPUNT     :
# PROJECTCODE  :
# OPDRACHTGEVER:
# BEHEERDER    :
# BEMONST. INST:
# WAARNEMER(S) : Hartman
#
* 20220811
$ 9999 [000000000000000]
>TIJD      uumm                    
>X         coordinaat              
>Y         coordinaat              
>SENSHTE   Diepte set        m     
>Echms     Echoset           mtrs  
>Temp      Temperatuur       oC
>pH        Zuurgraad         dimsls
>O2        Zuurstof          mg/l  
>%O2       Zuurstof%         %     
>GELBH     Geleidendheid     mS/cm 
>GEL20     Gel20             ???   
>SALNTT    Saliniteit        dimsl 
>CL-       Chloride          mg/l  
>CHFLYSI   Chlorofyl         ugr/l 
>TURBID    Troebelheid       NTU   
 -1126  72866 400008   1.04   6.98  22.58   9.04  10.60   122   1.28   122   0.67    276   3.68  11.43
  1126  72875 399994   1.99   5.99  22.58   9.04  10.60   122   1.28   122   0.67    276   4.14  11.66
  1127  72878 399985   3.01   5.06  22.58   9.04  10.60   122   1.28   122   0.67    276   4.02   9.74
  1127  72882 399979   4.00   4.14  22.57   9.03  10.50   121   1.28   122   0.67    276   4.31   9.40
  1128  72885 399976   4.97   3.03  22.57   9.04  10.50   122   1.28   122   0.67    276   3.99  11.97
  1128  72888 399975   5.96   1.99  22.56   9.03  10.50   122   1.28   122   0.67    276   3.92  13.38
  1129  72890 399979   6.97   1.40  22.54   9.02  10.30   119   1.28   122   0.67    276   3.81  10.94
 -2359  74950 394970   1.00   9999   9999   9999   9999  9999   9999  9999   9999   9999   9999   9999
  2359  74950 394970   8.00   9999   9999   9999   9999  9999   9999  9999   9999   9999   9999   9999
 -1208  73936 392167   0.91   5.98  22.80   8.99   9999  9999   1.52   144   0.80    347   1.80  14.18
  1209  73934 392144   1.89   0.93  22.77   8.99   9999  9999   1.52   143   0.80    347   1.70  13.81
  1209  73934 392143   2.90   0.75  22.77   8.97   9999  9999   1.52   143   0.80    346   1.65  15.11
  1209  73932 392141   3.91   2.93  22.74   8.97   9999  9999   1.52   143   0.80    346   1.75  17.10
  1209  73931 392140   4.91   1.71  22.73   8.97   9999  9999   1.52   143   0.80    346   1.61  12.56
  1209  73931 392140   5.92   0.80  22.70   8.96   9999  9999   1.51   143   0.80    346   1.71  13.73
 -0859  71477 392060   0.95  17.60  22.89   9.30  12.60   147   1.65   156   0.87    389   1.84  14.73
  0859  71479 392045   1.92  16.74  22.89   9.29  12.50   146   1.65   156   0.87    389   2.31   6.40
  0900  71469 392043   2.98  15.58  22.89   9.29  12.50   146   1.65   156   0.87    389   1.98  16.78
  0900  71464 392048   3.97  14.60  22.89   9.29  12.50   145   1.66   156   0.87    390   1.97  18.65
  0901  71462 392057   5.01  13.31  22.90   9.30  12.50   146   1.66   156   0.87    390   1.81  12.08
  0901  71473 392072   5.99   0.00  22.09   9.10   9.36   107   1.76   168   0.95    433   1.66   5.76
  0902  71499 392059   6.95  12.48  21.84   9.02   8.00    91   1.81   174   0.98    451   1.28   5.75
  0904  71500 392056   7.96  11.63  20.98   8.49   4.68    53   2.16   212   1.21    585   0.95   1.96
  0904  71499 392052   8.97  10.60  20.95   8.42   4.41    50   2.18   213   1.22    589   0.94   2.00
  0906  71493 392046   9.97   9.36  19.92   7.79   1.48    16   2.82   282   1.64    815   0.71   1.77
  0907  71490 392051  10.94   8.05  19.89   7.88   2.12    23   3.79   380   2.24   1155   0.66   1.67
  0908  71500 392060  11.98   7.50  19.46   7.70   1.12    12   4.08   412   2.44   1270   0.58   1.98
  0909  71507 392063  12.96   6.53  17.39   7.57   0.30     3   3.79   401   2.38   1230   0.58   1.14
  0909  71505 392062  13.97   5.51  16.28   7.55   0.22     2   3.74   406   2.41   1245   0.57   0.77
  0910  71504 392062  14.94   4.55  15.30   7.52   0.19     2   3.82   424   2.52   1310   0.65   0.77
  0910  71502 392061  15.91   3.55  14.90   7.51   0.18     2   3.93   440   2.63   1367   0.86   1.07
  0910  71498 392057  16.90   2.49  14.20   7.53   0.16     2   4.02   457   2.74   1427   0.86   3.70
  0911  71495 392053  17.91   1.38  14.15   7.54   0.15     1   5.21   593   3.61   2005   0.95   6.43
  0911  71494 392050  18.87   0.00  13.87   7.37   0.14     1   5.91   677   4.16   2311   0.92   6.72
 -2359  72180 391770   1.00   9999   9999   9999   9999  9999   9999  9999   9999   9999   9999   9999
  2359  72180 391770  17.00   9999   9999   9999   9999  9999   9999  9999   9999   9999   9999   9999
 -0846  72673 391010   1.08  16.11  22.67   9.15   9999  9999   1.59   150   0.84    369   1.67   9.77
  0846  72667 391011   1.88  15.20  22.67   9.15   9999  9999   1.59   150   0.84    369   1.48  10.62
  0846  72665 391012   2.91  13.99  22.67   9.15   9999  9999   1.59   150   0.84    369   1.62  11.87
  0847  72663 391012   3.91  12.93  22.67   9.15   9999  9999   1.58   150   0.84    369   1.55  13.69
  0847  72662 391012   4.88  11.95  22.67   9.15   9999  9999   1.58   150   0.84    369   1.82   7.04
  0847  72661 391012   5.89  10.94  22.66   9.15   9999  9999   1.58   150   0.84    368   1.63   9.10
  0847  72661 391011   6.90   9.95  22.63   9.15   9999  9999   1.59   150   0.84    371   1.72   3.90
  0847  72661 391011   7.88   9.06  22.20   9.14   9999  9999   1.65   158   0.88    396   1.08   3.95
  0847  72662 391010   8.89   8.20  21.20   8.85   9999  9999   1.92   187   1.06    497   0.71   2.58
  0848  72671 391006   9.90   7.71  18.81   7.71   9999  9999   2.68   275   1.59    790   0.55   1.37
  0848  72674 391005  10.89   6.93  18.57   7.62   9999  9999   2.95   304   1.77    891   0.54   1.09
  0848  72677 391003  11.88   5.95  17.61   7.57   9999  9999   3.26   343   2.01   1026   0.58   1.03
  0848  72680 391002  12.89   5.03  16.51   7.54   9999  9999   3.17   342   2.01   1021   0.58   1.17
  0849  72683 390999  14.11   4.06  15.42   7.48   9999  9999   3.29   364   2.15   1100   0.63   1.75
  0849  72685 390998  14.93   2.96  15.24   7.47   9999  9999   3.31   368   2.17   1112   0.61   2.06
  0849  72685 390997  16.01   1.94  15.05   7.45   9999  9999   3.33   371   2.19   1123   0.68   2.38
  0849  72686 390996  16.90   1.10  14.76   7.44   9999  9999   3.31   371   2.19   1124   0.73   2.84
  0849  72687 390994  17.88   0.00  14.52   7.40   9999  9999   3.28   370   2.19   1122   0.76   4.27
 -1220  73984 390417   1.01   5.54  22.42   9.03   9999  9999   1.65   157   0.88    394   1.51   6.84
  1220  73987 390406   1.90   4.51  22.31   9.05   9999  9999   1.66   158   0.89    397   1.28   9.14
  1220  73988 390402   2.88   3.80  22.18   9.04   9999  9999   1.66   159   0.89    399   1.43   8.46
  1220  73989 390402   3.94   2.51  22.17   9.04   9999  9999   1.66   158   0.89    398   1.40   7.77
  1220  73989 390398   4.88   1.70  22.15   9.04   9999  9999   1.66   159   0.89    399   1.39   8.98
  1220  73989 390394   5.91   0.75  21.98   9.00   9999  9999   1.67   160   0.90    403   1.07   6.93
 -1244  74419 387825   1.02  15.79  22.24   9.07  10.50   121   1.67   159   0.89    400   1.20  11.28
  1245  74415 387828   1.98   0.00  22.09   9.03   9.99   114   1.66   159   0.89    400   1.48  11.01
  1245  74415 387828   2.96   0.00  22.05   9.03   9.97   114   1.66   159   0.89    401   1.02   9.07
  1246  74413 387828   3.96  13.35  22.04   9.03   9.94   113   1.66   159   0.89    401   1.65   8.28
  1246  74412 387825   4.99  12.10  22.03   9.03   9.92   113   1.66   159   0.89    401   1.43  14.11
  1246  74411 387824   6.00  11.11  22.03   9.03   9.92   113   1.66   159   0.89    401   1.29   9.06
  1247  74423 387820   7.00  10.41  21.95   9.01   9.69   110   1.66   160   0.90    402   1.26   9.91
  1248  74427 387820   7.98   9.45  21.95   9.01   9.59   109   1.67   160   0.90    404   1.27  12.94
  1249  74428 387818   9.04   8.40  21.94   9.00   9.51   108   1.67   160   0.90    404   1.54   8.50
  1249  74428 387820  10.03   7.33  21.94   9.00   9.48   108   1.67   160   0.90    405   1.16   7.32
  1249  74428 387822  11.02   6.43  21.94   9.00   9.44   107   1.67   160   0.90    405   1.59   9.06
  1251  74421 387824  12.00   5.31  21.94   8.98   9.21   105   1.68   161   0.91    409   1.57   8.67
  1252  74412 387824  13.02   5.31  21.95   8.96   8.82   100   1.70   163   0.92    414   1.27   8.56
  1253  74405 387819  14.06   2.31  21.91   8.90   7.81    89   1.77   170   0.96    438   5.26   9.12
  1255  74421 387822  15.03   2.19  21.53   8.42   1.45    16   2.49   241   1.38    687   0.90   6.66
  1256  74422 387827  16.02   1.20  21.30   8.24   0.36     4   3.22   314   1.82    923   1.17   5.90
 -1320  74544 385590   1.07   5.43  22.61   9.13   9999  9999   1.70   161   0.91    408   1.57  16.53
  1320  74545 385573   1.99   4.20  22.57   9.12   9999  9999   1.70   161   0.91    408   1.54  17.45
  1320  74545 385569   2.92   3.35  22.57   9.12   9999  9999   1.70   161   0.91    408   1.52  17.96
  1320  74545 385565   3.97   2.20  22.58   9.12   9999  9999   1.70   161   0.91    409   1.48  16.04
  1320  74546 385561   4.89   1.19  22.57   9.12   9999  9999   1.70   161   0.91    409   1.44  13.24
 -0811  74111 384677   1.11   5.49  22.16   9.00   9999  9999   1.67   160   0.90    403   1.14   9.81
  0811  74113 384666   1.92   4.33  22.17   9.03   9999  9999   1.67   160   0.90    403   1.12  12.53
  0811  74113 384664   2.94   3.41  22.16   9.03   9999  9999   1.67   160   0.90    403   1.27  10.88
  0811  74113 384663   3.96   2.48  22.16   9.03   9999  9999   1.67   160   0.90    403   1.24  12.07
  0811  74113 384661   5.00   1.36  22.16   9.03   9999  9999   1.67   160   0.90    403   1.23  10.61
  0811  74114 384660   5.95   1.01  22.16   9.02   9999  9999   1.67   160   0.90    404   1.21  12.35
