# MEETVAARTUIG : M.S. ARGUS
# MEETDATUM    : 12-12-2002 08:35:53
# MEETGEBIED   : VOLKERAK/ZOOMMEER
# STARTPUNT    : Krammersluis
# EINDPUNT     : Zandvlietsluis
# PROJECTCODE  : E7608X
# OPDRACHTGEVER: ZLXXAXWMDBG
# BEHEERDER    : ZLXXAXMVSGN
# BEMONST. INST:
# WAARNEMER(S) : Geert den Hartog
#
#  laatste 3 punten gemeten op 13 dec 2002
#
* 20021212
$ 9999 [00000000000000]
>TIJD      uumm                    
>X         coordinaat              
>Y         coordinaat              
>SENSHTE   Diepte set        m     
>ECHOS     Echoset           mtrs  
>Echo      Echoschip         M     
>Temp      Temperatuur       oC            :1.0  0.5  11  0.5
>pH        Zuurgraad         dimsls
>GELBH     Geleidendheid     mS/cm 
>SALNTT    Saliniteit        dimsl 
>CL-       Chloride          mg/l  
>FLME      Flur ME           ugr/l 
>O2        Zuurstof          mg/l  
>%O2       Zuurstof%         %     
 -1215  72880 400019   1.09   8.34   9.80   2.15   8.19    .76    .66    262   9999  13.47    98
  1216  72895 400003   2.02   7.49   2.60   2.15   8.21    .76    .66    262   9999  13.49    98
  1216  72895 400002   2.90   6.52   3.60   2.15   8.21    .76    .66    262   9999  13.47    98
  1216  72898 399999   3.95   5.25    .00   2.16   8.21    .76    .67    262   9999  13.47    98
  1217  72895 400002   4.95   4.32    .00   2.16   8.22    .76    .67    262   9999  13.47    97
  1217  72892 400001   5.98   2.63   9.60   2.16   8.22    .76    .67    262   9999  13.46    98
  1218  72888 400002   7.02   1.42   9.20   2.15   8.22    .76    .66    261   9999  13.46    98
  1218  72886 400000   8.01    .46    .00   2.16   8.22    .76    .66    261   9999  13.45    97
 -1249  74928 394978   1.04   6.60   8.40   2.20   8.21    .76    .67    264   9999   9999  9999
  1249  74927 394973   1.84    .41   8.40   2.21   8.21    .76    .67    264   9999   9999  9999
  1249  74926 394971   2.80    .47   8.40   2.20   8.21    .76    .67    265   9999   9999  9999
  1249  74926 394970   3.83   3.68   8.50   2.20   8.21    .76    .67    264   9999   9999  9999
  1249  74926 394970   4.81   2.64   8.50   2.20   8.21    .76    .67    264   9999   9999  9999
  1249  74926 394970   5.84   1.58   8.50   2.20   8.21    .76    .67    264   9999   9999  9999
  1249  74926 394969   6.93    .43   8.50   2.20   8.20    .76    .67    264   9999   9999  9999
 -1304  73949 392173   1.03   5.66   7.70   2.54   8.24    .89    .78    323   9999   9999  9999
  1304  73947 392161   1.87   4.85   7.60   2.54   8.25    .89    .78    322   9999   9999  9999
  1304  73946 392159   2.84   3.77   7.60   2.54   8.24    .89    .77    321   9999   9999  9999
  1304  73946 392157   3.90   2.72   7.60   2.54   8.24    .89    .78    323   9999   9999  9999
  1304  73946 392155   4.84   1.68   7.60   2.53   8.24    .89    .78    323   9999   9999  9999
  1304  73946 392154   5.95    .56    .00   2.53   8.24    .89    .78    322   9999   9999  9999
 -1334  71511 392035   1.08  19.03  21.20   2.33   8.28    .89    .79    328   9999   9999  9999
  1334  71503 392041   1.82  18.34  20.60   2.34   8.28    .89    .79    327   9999   9999  9999
  1334  71499 392043   2.80  16.94  20.50   2.34   8.28    .89    .78    327   9999   9999  9999
  1334  71496 392046   3.85  15.67  20.20   2.34   8.28    .90    .79    329   9999   9999  9999
  1334  71493 392047   4.81  14.52  20.20   2.34   8.28    .90    .79    329   9999   9999  9999
  1334  71491 392048   5.89  13.32  20.30   2.35   8.28    .90    .79    329   9999   9999  9999
  1334  71490 392050   6.81  12.15  20.20   2.34   8.28    .90    .79    329   9999   9999  9999
  1334  71488 392051   7.80  11.05  20.20   2.34   8.28    .90    .79    329   9999   9999  9999
  1335  71488 392051   8.86  10.02    .00   2.34   8.28    .89    .79    327   9999   9999  9999
  1335  71487 392052   9.89   8.78  20.40   2.34   8.28    .90    .79    328   9999   9999  9999
  1335  71486 392052  10.90   7.63  20.40   2.33   8.28    .89    .79    328   9999   9999  9999
  1335  71486 392052  11.84   6.65    .00   2.33   8.29    .90    .79    329   9999   9999  9999
  1335  71485 392052  12.81   5.62  20.40   2.34   8.28    .90    .79    328   9999   9999  9999
  1335  71484 392053  13.86   4.49  20.30   2.34   8.28    .90    .79    328   9999   9999  9999
  1335  71484 392053  14.81   3.39  20.30   2.35   8.28    .90    .79    329   9999   9999  9999
  1335  71483 392053  15.90   2.51  20.30   2.35   8.28    .90    .79    329   9999   9999  9999
  1335  71482 392053  16.81   1.52  20.30   2.41   8.29    .90    .79    328   9999   9999  9999
  1335  71480 392054  17.82    .56  20.10   2.42   8.29    .91    .80    334   9999   9999  9999
 -1329  72186 391746   1.20    .50  20.40   2.55   8.26    .90    .78    326   9999   9999  9999
  1329  72182 391749   1.81    .41  20.40   2.58   8.27    .90    .79    328   9999   9999  9999
  1329  72180 391751   2.83  16.23  20.50   2.52   8.26    .90    .78    326   9999   9999  9999
  1329  72177 391754   3.80  15.19  20.40   2.50   8.27    .90    .78    326   9999   9999  9999
  1329  72175 391756   4.80  14.37  20.30   2.50   8.27    .90    .78    327   9999   9999  9999
  1329  72173 391758   5.84  13.28  20.40   2.54   8.27    .90    .78    327   9999   9999  9999
  1329  72172 391759   6.83  12.26  20.50   2.56   8.28    .90    .79    328   9999   9999  9999
  1329  72171 391760   7.90  11.15  20.50   2.56   8.28    .90    .78    327   9999   9999  9999
  1329  72170 391760   8.82  10.09  20.50   2.56   8.28    .90    .78    327   9999   9999  9999
  1329  72170 391760   9.82   9.27  20.40   2.58   8.27    .90    .79    329   9999   9999  9999
  1329  72170 391761  10.84   8.20  20.50   2.56   8.28    .90    .79    328   9999   9999  9999
  1329  72169 391761  11.87   7.07  20.50   2.57   8.27    .90    .78    327   9999   9999  9999
  1329  72169 391762  12.93   5.80  20.40   2.58   8.28    .90    .79    328   9999   9999  9999
  1329  72169 391762  13.93   4.83  20.40   2.58   8.27    .90    .79    329   9999   9999  9999
  1329  72168 391762  14.92   3.78  20.50   2.59   8.27    .90    .79    329   9999   9999  9999
  1329  72168 391762  15.93   2.72  20.50   2.59   8.27    .90    .79    328   9999   9999  9999
  1329  72167 391763  16.82   1.57  20.40   2.59   8.28    .90    .79    328   9999   9999  9999
  1329  72168 391763  17.82    .61  20.50   2.60   8.28    .90    .79    329   9999   9999  9999
 -1323  72714 390978   1.16    .46  20.20   2.82   8.25    .91    .78    327   9999   9999  9999
  1323  72710 390979   1.82    .51  20.20   2.82   8.26    .90    .78    326   9999   9999  9999
  1323  72708 390980   2.94  16.49  20.10   2.82   8.26    .91    .78    327   9999   9999  9999
  1323  72707 390980   3.93  15.31  20.10   2.82   8.26    .90    .78    326   9999   9999  9999
  1323  72706 390980   4.88  14.40    .00   2.82   8.26    .91    .78    327   9999   9999  9999
  1323  72705 390980   5.82  13.24  20.20   2.82   8.26    .90    .78    325   9999   9999  9999
  1323  72702 390981   6.83  12.32  20.20   2.81   8.25    .90    .78    326   9999   9999  9999
  1323  72699 390982   7.88  11.15  20.00   2.81   8.26    .91    .78    327   9999   9999  9999
  1323  72696 390984   8.82  10.16  20.00   2.83   8.26    .90    .78    325   9999   9999  9999
  1323  72694 390985   9.81   9.10  20.00   2.82   8.26    .90    .78    326   9999   9999  9999
  1323  72692 390986  10.86   7.87  19.90   2.84   8.26    .91    .78    327   9999   9999  9999
  1323  72690 390987  11.87   6.87  19.70   2.84   8.26    .90    .78    326   9999   9999  9999
  1323  72689 390988  12.87   5.73  19.70   2.84   8.26    .90    .78    326   9999   9999  9999
  1323  72688 390988  13.83   4.80  19.70   2.85   8.26    .90    .78    325   9999   9999  9999
  1323  72687 390989  14.88   3.61  19.70   2.86   8.26    .91    .78    326   9999   9999  9999
  1323  72687 390989  15.84   2.45  19.70   2.88   8.26    .91    .78    326   9999   9999  9999
  1323  72686 390989  16.90   1.52  19.70   2.87   8.26    .91    .78    327   9999   9999  9999
  1323  72684 390990  17.89    .41  19.60   2.87   8.26    .91    .78    326   9999   9999  9999
 -1314  73995 390400    .87    .46   7.40   2.74   8.25    .90    .78    323   9999  13.13    97
  1314  73997 390387   2.02   4.21    .00   2.76   8.26    .90    .78    324   9999  13.12    97
  1314  73997 390385   3.06   3.13   7.40   2.76   8.26    .90    .78    324   9999  13.13    97
  1315  73997 390384   4.02   2.08   7.30   2.75   8.27    .90    .78    323   9999  13.12    97
  1315  73998 390382   5.06    .97    .00   2.78   8.27    .90    .78    324   9999  13.09    97
 -0832  74401 387830   1.01    .45  19.80   1.58   8.28    .89    .80    338   9999  13.85    99
  0833  74419 387818   2.05  16.48  19.80   1.60   8.28    .90    .81    339   9999  13.83    99
  0833  74424 387816   2.97  15.53  19.80   1.62   8.30    .89    .80    338   9999  13.82    99
  0834  74426 387816   4.00  14.42  19.80   1.62   8.30    .90    .80    338   9999  13.83    99
  0834  74429 387817   5.02  13.45  19.50   1.63   8.30    .90    .81    338   9999  13.83    99
  0834  74431 387820   5.96  12.49  19.40   1.65   8.30    .90    .81    341   9999  13.82    99
  0835  74434 387822   7.05  11.25  18.90   1.65   8.30    .90    .81    340   9999  13.81    99
  0836  74441 387825   7.95  10.07  17.40   1.63   8.31    .90    .81    340   9999  13.83    99
  0836  74442 387826   9.06   8.73  17.40   1.63   8.31    .90    .81    338   9999  13.81    99
  0837  74438 387827  10.00   7.99  19.20   1.68   8.31    .90    .81    339   9999  13.81    99
  0837  74431 387824  11.03   7.11  19.60   1.69   8.30    .90    .81    341   9999  13.78    99
  0837  74429 387823  12.01   6.16  19.50   1.72   8.30    .91    .81    344   9999  13.74    98
  0838  74428 387820  12.96   5.07  19.40   1.75   8.30    .91    .81    344   9999  13.71    98
  0838  74426 387810  14.04   3.58  18.90   2.25   8.27   1.01    .89    388   9999  13.19    96
  0839  74425 387806  14.98   2.34  18.80   2.50   8.25   1.11    .98    439   9999  12.96    95
  0839  74425 387810  16.03   1.46   2.30   3.01   8.20   1.37   1.20    568   9999  12.36    92
  0840  74429 387816  17.02    .64   2.30   2.90   8.25   1.48   1.31    627   9999  11.99    89
 -0912  74532 385512    .98   5.38   7.50   1.69   8.25    .89    .80    336   9999   9999  9999
  0912  74533 385507   1.84   4.35   7.40   1.69   8.25    .89    .80    336   9999   9999  9999
  0912  74533 385504   2.97   3.13   7.40   1.70   8.25    .89    .80    336   9999   9999  9999
  0912  74534 385500   3.80   2.13   7.40   1.69   8.25    .90    .80    338   9999   9999  9999
  0912  74535 385498   4.85   1.00   7.40   1.70   8.25    .89    .80    336   9999   9999  9999
 -0856  74099 384828    .82   5.71   7.00   2.50   8.18    .95    .83    353   9999   9999  9999
  0856  74134 384633   1.85   4.61   7.30   2.50   8.18    .95    .83    352   9999   9999  9999
  0856  74134 384633   2.83   3.44   7.00   2.51   8.18    .95    .83    352   9999   9999  9999
  0856  74135 384633   3.87   2.37   7.10   2.55   8.18    .95    .83    353   9999   9999  9999
  0856  74135 384633   4.82   1.37   6.70   2.58   8.17    .95    .83    354   9999   9999  9999
