# MEETVAARTUIG : M.S. ARGUS
# MEETDATUM    : 15-04-2013 11:22:22
# MEETGEBIED   :
# STARTPUNT    :
# EINDPUNT     :
# PROJECTCODE  :
# OPDRACHTGEVER:
# BEHEERDER    :
# BEMONST. INST:
# WAARNEMER(S) : Hans
#
* 20130415
$ 9999 [000000000000]
>TIJD      uumm                    
>X         coordinaat              
>Y         coordinaat              
>SENSHTE   Diepte set        m     
>ECHOS     Echoset           mtrs  
>Temp      Temperatuur       oC     : 1.0   0.5   15   0.5
>pH        Zuurgraad         dimsls
>O2        Zuurstof          mg/l  
>%O2       Zuurstof%         %     
>GELBH     Geleidendheid     mS/cm 
>SALNTT    Saliniteit        dimsl 
>CL-       Chloride          mg/l  
 -1122  72879 400018   0.92   8.35   7.10   8.54  13.17   109   1.04   0.80    339
  1123  72897 399996   2.03   7.00   7.09   8.54  13.20   109   1.04   0.80    339
  1123  72897 399993   3.07   5.85   7.09   8.54  13.20   109   1.04   0.80    339
  1123  72894 399993   3.98   4.55   7.10   8.54  13.20   109   1.04   0.80    339
  1123  72891 399993   5.07   3.10   7.08   8.54  13.21   109   1.04   0.80    339
  1124  72886 399994   6.01   2.15   7.08   8.54  13.17   109   1.04   0.80    339
  1124  72880 399994   7.07   1.05   7.10   8.54  13.16   109   1.04   0.80    340
  1125  72879 399993   7.83  51.25   7.11   8.54  13.14   108   1.04   0.80    340
 -2359  74650 397850   1.00   9999   9999   9999   9999  9999   9999   9999   9999
  2359  74650 397850   8.00   9999   9999   9999   9999  9999   9999   9999   9999
 -2359  74950 394970   1.00   9999   9999   9999   9999  9999   9999   9999   9999
  2359  74950 394970   8.00   9999   9999   9999   9999  9999   9999   9999   9999
 -1201  73937 392163   1.09   5.65   7.64   8.57   9999  9999   1.12   0.85    370
  1202  73935 392148   1.82   5.00   7.63   8.57   9999  9999   1.12   0.85    369
  1202  73934 392144   2.81   3.95   7.63   8.56   9999  9999   1.12   0.85    369
  1202  73934 392142   3.81   3.15   7.62   8.57   9999  9999   1.12   0.85    370
  1202  73934 392143   4.83   2.25   7.61   8.56   9999  9999   1.12   0.85    370
  1202  73934 392144   5.86   1.35   7.60   8.56   9999  9999   1.12   0.85    370
 -1419  71526 392047   1.00   9999   7.53   8.64   14.03  117   1.14   0.87    381
  1420  71526 392047   2.02   9999   7.75   8.64   13.86  116   1.15   0.87    382
  1420  71526 392047   2.96   9999   7.64   8.64   13.81  116   1.16   0.88    384
  1421  71526 392047   3.99   9999   7.56   8.66   13.87  116   1.16   0.88    386
  1422  71526 392047   5.00   9999   7.18   8.64   13.88  115   1.16   0.89    394
  1422  71526 392047   6.08   9999   7.48   8.64   13.83  115   1.16   0.88    388
  1422  71526 392047   6.96   9999   7.01   8.64   13.95  115   1.17   0.91    400
  1423  71526 392047   8.03   9999   6.77   8.64   13.93  114   1.18   0.92    407
  1423  71526 392047   9.01   9999   6.74   8.64   13.94  114   1.17   0.91    405
  1423  71526 392047   9.99   9999   6.79   8.64   13.92  114   1.17   0.91    402
  1423  71526 392047  10.99   9999   6.30   8.63   14.03  114   1.18   0.93    413
  1424  71526 392047  12.02   9999   6.28   8.63   14.02  114   1.18   0.93    414
  1424  71526 392047  12.98   9999   6.25   8.63   14.03  114   1.18   0.93    414
  1424  71526 392047  14.03   9999   5.95   8.63   14.05  113   1.17   0.94    418
  1425  71526 392047  14.97   9999   5.94   8.61   14.00  112   1.18   0.95    422
  1425  71526 392047  16.00   9999   5.95   8.61   13.97  112   1.20   0.96    430
  1425  71526 392047  17.04   9999   5.80   8.60   13.98  112   1.30   1.05    480
  1426  71526 392047  17.95   9999   4.98   8.50   13.99  110   1.80   1.51    747
  1427  71500 392060  19.00   9999   5.03   8.43   13.56  107   2.24   1.90    950
 -2359  72180 391770   1.00   9999   9999   9999   9999  9999   9999   9999   9999
  2359  72180 391770  17.00   9999   9999   9999   9999  9999   9999   9999   9999
 -1436  72717 390985   1.07  16.80   7.45   8.71   9999  9999   1.15   0.88    386
  1436  72715 390984   1.81  16.40   7.42   8.72   9999  9999   1.15   0.88    385
  1436  72714 390984   2.91  15.35   7.40   8.72   9999  9999   1.15   0.88    386
  1436  72713 390982   3.93  14.40   7.26   8.71   9999  9999   1.15   0.88    388
  1436  72713 390982   4.97  13.65   7.05   8.70   9999  9999   1.15   0.89    392
  1436  72713 390982   5.89  12.85   6.71   8.70   9999  9999   1.16   0.90    398
  1436  72713 390982   7.04  11.65   6.54   8.70   9999  9999   1.16   0.91    400
  1436  72713 390982   7.96  10.95   6.48   8.68   9999  9999   1.16   0.91    402
  1436  72713 390981   8.89  10.00   6.46   8.68   9999  9999   1.16   0.91    403
  1436  72714 390981   9.83   9.10   6.42   8.68   9999  9999   1.16   0.91    403
  1436  72714 390981  10.90   8.25   6.38   8.67   9999  9999   1.16   0.92    406
  1436  72714 390981  11.85   7.05   6.37   8.67   9999  9999   1.16   0.92    406
  1436  72714 390981  12.88   6.05   6.32   8.67   9999  9999   1.16   0.92    407
  1436  72713 390981  13.89   4.85   6.28   8.67   9999  9999   1.16   0.92    407
  1436  72713 390981  14.85   3.70   6.23   8.67   9999  9999   1.17   0.92    410
  1436  72714 390982  15.82   2.85   6.26   8.66   9999  9999   1.17   0.92    409
  1437  72714 390982  16.85   1.60   6.22   8.66   9999  9999   1.16   0.92    409
  1437  72716 390985  17.81   0.45   5.82   8.65   9999  9999   1.17   0.94    418
 -1445  73977 390371   1.18   5.50   7.21   8.68   9999  9999   1.17   0.90    398
  1445  73976 390374   1.81   5.05   7.22   8.67   9999  9999   1.17   0.90    399
  1445  73976 390376   2.82   4.05   7.22   8.67   9999  9999   1.17   0.90    399
  1445  73977 390377   3.82   3.20   7.15   8.67   9999  9999   1.17   0.90    399
  1445  73979 390377   4.80   2.00   7.14   8.67   9999  9999   1.17   0.90    399
  1446  73981 390377   5.80   0.95   7.11   8.67   9999  9999   1.17   0.90    398
 -1457  74443 387827   1.08   0.40   7.69   8.65  13.72   115   1.20   0.91    405
  1458  74442 387818   2.13  15.55   7.62   8.66  13.74   115   1.20   0.92    406
  1458  74438 387821   2.98  14.70   7.59   8.65  13.67   114   1.21   0.92    408
  1459  74435 387821   4.01  51.25   7.61   8.65  13.64   114   1.21   0.92    407
  1459  74432 387822   5.09  12.85   7.60   8.65  13.63   114   1.20   0.92    407
  1459  74429 387825   6.00  12.00   7.60   8.65  13.62   114   1.20   0.92    407
  1500  74429 387827   6.96  51.25   7.53   8.65  13.63   114   1.20   0.91    405
  1500  74429 387829   7.98   9.85   7.45   8.65  13.65   114   1.19   0.91    404
  1500  74429 387833   8.96  51.25   7.42   8.64  13.63   114   1.19   0.91    404
  1500  74430 387834   9.99  51.25   7.43   8.64  13.60   113   1.19   0.91    405
  1501  74432 387836  11.01  51.25   7.44   8.65  13.59   113   1.20   0.92    406
  1501  74433 387832  11.98  51.25   7.43   8.64  13.58   113   1.20   0.92    408
  1502  74435 387832  13.02  51.25   7.33   8.64  13.61   113   1.20   0.92    411
  1502  74436 387832  13.97  51.25   7.26   8.63  13.62   113   1.21   0.93    414
  1502  74433 387831  15.01  51.25   7.21   8.63  13.59   113   1.21   0.93    415
  1503  74427 387825  16.01  51.25   6.85   8.60  13.70   112   1.27   0.99    450
  1504  74427 387823  16.93  50.80   6.81   8.55  13.57   112   1.49   1.17    553
 -1445  74548 385518   1.08  51.25   7.49   8.66   9999  9999   1.27   0.97    440
  1445  74548 385514   1.83   0.50   7.47   8.66   9999  9999   1.27   0.98    441
  1445  74550 385512   2.81   3.75   7.45   8.66   9999  9999   1.27   0.98    442
  1445  74552 385511   3.83   2.65   7.45   8.66   9999  9999   1.28   0.98    443
  1446  74554 385510   4.80   1.70   7.40   8.64   9999  9999   1.31   1.01    459
  1446  74558 385506   5.80   0.75   7.38   8.63   9999  9999   1.31   1.01    460
 -1428  74129 384657   0.98   5.45   7.51   8.66   9999  9999   1.19   0.91    401
  1428  74129 384642   1.82   0.55   7.51   8.65   9999  9999   1.19   0.91    402
  1428  74130 384641   2.83   4.10   7.49   8.66   9999  9999   1.19   0.91    401
  1429  74130 384642   3.82   3.00   7.49   8.66   9999  9999   1.19   0.91    401
  1429  74132 384643   4.82   1.80   7.40   8.66   9999  9999   1.19   0.91    402
  1429  74134 384649   5.80   0.80   7.26   8.65   9999  9999   1.18   0.91    402
