# M.S. ARGUS
# 30-10-2001 08:41:34
# PROJECTCODE: E7608X
# STARTPUNT: ZANDVLIETSLUIS
# EINDPUNT: KRAMMERSLUIS
# OPDRACHTGEVER: ZLXXAXWMDBG
# BEHEERDER: ZLXXAXMVSGN
# BEMONST. INST.: ZLXXAXMVSGN
# TLU        oC    12.9
# LUCHTDK    hPa    1022
# WINDSHD    m/s    1.6
# WINDRTG    gradn    308
# BEWKGD     /8    6
* 20011030
$ -9999 [00000000000000]
> TIJD
> X-COORD
> Y-COORD
>SENSHTE   Diepte set        m
>ECHOS     Echoset           mtrs
>Echo      Echoschip         M
>Temp      Temperatuur       oC                 :11.5  0.5  11  0.5
>pH        Zuurgraad         dimsls
>O2        Zuurstof          mg/l
>%O2       Zuurstof%         %
>GELBH     Geleidendheid     mS/cm
>SALNTT    Saliniteit        dimsls
>CL-       Chloride          mg/l
>FLME      Flur ME           ugr/l
 -839  72868 400004   1.15   0.42   8.40  13.64   7.87   9.30     89   1.21   0.78    333   1.22
  840  72878 399991   2.15   6.70   8.60  13.65   7.87   9.30     89   1.21   0.78    333   1.29
  840  72882 399987   3.08   5.85   0.00  13.65   7.89   9.29     89   1.21   0.78    333   1.26
  840  72885 399987   4.07   5.26   8.80  13.66   7.89   9.29     89   1.21   0.78    333   1.28
  840  72887 399987   5.03   4.37   8.80  13.66   7.89   9.29     89   1.21   0.78    333   1.26
  840  72889 399986   6.00   3.32   8.80  13.65   7.89   9.28     89   1.21   0.78    334   1.27
  841  72891 399986   7.08   2.29   9.10  13.65   7.89   9.28     89   1.21   0.78    333   1.24
  841  72894 399986   8.04   1.37   9.30  13.64   7.88   9.28     89   1.21   0.78    333   1.27
  841  72898 399987   8.97   0.63   9.80  13.64   7.89   9.27     89   1.21   0.78    334   1.28
 -907  74934 395009   1.00   6.23   7.80  13.78   7.89  -9999  -9999   1.21   0.78    331   1.36
  907  74930 394997   1.86   5.51   8.00  13.77   7.89  -9999  -9999   1.21   0.78    332   1.37
  907  74929 394992   2.86   4.49   8.20  13.78   7.90  -9999  -9999   1.21   0.78    331   1.33
  907  74927 394988   3.82   3.61   8.30  13.78   7.90  -9999  -9999   1.21   0.78    331   1.28
  907  74926 394984   4.83   2.69   8.20  13.78   7.90  -9999  -9999   1.21   0.78    331   1.29
  907  74924 394980   5.84   1.70   8.20  13.78   7.90  -9999  -9999   1.21   0.78    331   1.28
  907  74923 394977   6.80   0.75   8.30  13.78   7.90  -9999  -9999   1.21   0.78    331   1.25
 -921  73921 392136   1.10   5.87   7.60  13.60   7.98  -9999  -9999   1.45   0.95    428   1.46
  921  73921 392125   1.81   5.01   7.70  13.60   7.98  -9999  -9999   1.45   0.95    428   1.43
  921  73921 392121   2.88   3.94   7.60  13.60   7.98  -9999  -9999   1.45   0.95    428   1.48
  921  73921 392120   3.85   2.96   7.60  13.60   7.98  -9999  -9999   1.45   0.95    428   1.44
  921  73921 392116   4.85   1.91   7.70  13.59   7.99  -9999  -9999   1.45   0.95    430   1.47
  921  73921 392114   5.84   0.96   7.60  13.59   7.99  -9999  -9999   1.45   0.95    431   1.42
 -939  71516 392052   1.16  19.01  20.40  13.76   8.04  -9999  -9999   1.56   1.02    469   1.42
  939  71515 392053   1.87  18.30  20.40  13.76   8.03  -9999  -9999   1.55   1.01    468   1.41
  939  71514 392055   2.87  17.25  20.40  13.76   8.02  -9999  -9999   1.56   1.02    469   1.41
  939  71514 392055   3.82   0.47  20.40  13.76   8.03  -9999  -9999   1.56   1.02    470   1.44
  939  71513 392056   4.87  15.22  20.50  13.76   8.03  -9999  -9999   1.56   1.02    470   1.39
  939  71512 392057   5.83  14.25  20.50  13.76   8.02  -9999  -9999   1.56   1.02    470   1.38
  939  71511 392058   6.82  13.14  20.60  13.76   8.03  -9999  -9999   1.56   1.02    470   1.41
  939  71511 392059   7.82  12.17  20.60  13.76   8.02  -9999  -9999   1.56   1.02    470   1.35
  939  71510 392060   8.87  11.09  20.70  13.76   8.02  -9999  -9999   1.56   1.02    470   1.36
  939  71509 392060   9.81  10.03  20.60  13.76   8.02  -9999  -9999   1.56   1.02    470   1.35
  939  71509 392061  10.89   8.85  20.50  13.75   8.02  -9999  -9999   1.56   1.02    471   1.43
  939  71508 392062  11.89   7.87  20.50  13.75   8.02  -9999  -9999   1.56   1.02    470   1.34
  939  71508 392062  12.80   7.00  20.50  13.75   8.02  -9999  -9999   1.56   1.02    470   1.36
  939  71507 392063  13.80   5.88  20.40  13.75   8.02  -9999  -9999   1.56   1.02    470   1.36
  939  71506 392064  14.82   4.87  20.40  13.76   8.01  -9999  -9999   1.59   1.04    481   1.37
  939  71506 392064  15.89   3.74  20.30  14.23   7.78  -9999  -9999   3.18   2.13   1090   1.21
  939  71505 392065  16.84   2.79  20.30  14.35   7.57  -9999  -9999   3.59   2.42   1249   1.16
  939  71505 392065  17.83   1.75  20.30  14.41   7.54  -9999  -9999   4.06   2.75   1436   1.08
  940  71504 392065  18.89   0.71  20.30  14.02   7.28  -9999  -9999   6.36   4.49   2490   1.04
 -944  72150 391780   0.91  18.55  20.70  13.80   8.01  -9999  -9999   1.51   0.99    451   1.45
  944  72159 391770   1.86  17.41  20.10  13.80   8.02  -9999  -9999   1.52   0.99    452   1.41
  944  72161 391768   2.81  16.29  19.90  13.80   8.03  -9999  -9999   1.51   0.99    451   1.41
  944  72164 391765   3.81  15.08  19.70  13.80   8.03  -9999  -9999   1.51   0.99    451   1.45
  944  72166 391762   4.85  13.86  19.80  13.80   8.03  -9999  -9999   1.51   0.99    451   1.40
  944  72169 391757   5.82  13.00  19.90  13.80   8.02  -9999  -9999   1.52   0.99    452   1.37
  945  72171 391754   6.81  12.01  19.80  13.80   8.02  -9999  -9999   1.51   0.99    452   1.36
  945  72172 391752   7.86  10.90  19.80  13.80   8.02  -9999  -9999   1.51   0.99    451   1.40
  945  72174 391751   8.84   9.75  19.70  13.80   8.02  -9999  -9999   1.51   0.99    451   1.37
  945  72175 391749   9.90   8.68  19.70  13.80   8.02  -9999  -9999   1.52   0.99    452   1.34
  945  72175 391749  10.84   7.78  19.60  13.80   8.02  -9999  -9999   1.52   0.99    452   1.36
  945  72176 391749  11.81   6.77  19.60  13.80   8.02  -9999  -9999   1.52   0.99    452   1.37
  945  72177 391748  12.84   5.88  19.60  13.80   8.02  -9999  -9999   1.51   0.99    451   1.35
  945  72178 391748  13.92   4.72  19.60  13.80   8.02  -9999  -9999   1.51   0.99    452   1.43
  945  72178 391747  14.85   3.81  19.50  13.80   8.01  -9999  -9999   1.51   0.99    451   1.31
  945  72179 391747  15.83   2.87  19.50  14.35   7.85  -9999  -9999   2.44   1.61    794   1.21
  945  72180 391747  16.83   1.89  19.60  14.53   7.69  -9999  -9999   3.01   2.00   1016   1.11
  945  72179 391758  17.83   0.71  19.70  14.61   7.51  -9999  -9999   3.58   2.40   1239   1.11
 -951  72695 391023   0.99  16.47  18.60  13.72   7.99  -9999  -9999   1.46   0.95    431   1.48
  951  72696 391017   1.83  16.03  18.90  13.72   7.99  -9999  -9999   1.46   0.95    431   1.46
  951  72697 391014   2.82  13.53  19.20  13.72   7.99  -9999  -9999   1.46   0.95    430   1.47
  951  72697 391012   3.89  14.22  19.20  13.72   7.99  -9999  -9999   1.46   0.95    430   1.47
  951  72698 391011   4.81  13.31  19.30  13.72   7.99  -9999  -9999   1.46   0.95    430   1.50
  951  72698 391008   5.88  12.35  19.40  13.71   8.00  -9999  -9999   1.46   0.95    431   1.47
  951  72699 391006   6.83  11.45  19.40  13.71   7.99  -9999  -9999   1.46   0.95    431   1.48
  951  72699 391005   7.89  10.38  19.40  13.71   8.00  -9999  -9999   1.46   0.95    430   1.47
  951  72700 391004   8.85   9.43  19.50  13.71   8.00  -9999  -9999   1.46   0.95    429   1.38
  951  72700 391003   9.83   6.82  19.50  13.71   8.00  -9999  -9999   1.46   0.95    431   1.44
  951  72701 391002  10.87   7.42  19.50  13.72   8.00  -9999  -9999   1.46   0.95    430   1.41
  951  72701 391002  11.87   6.37  19.50  13.72   8.00  -9999  -9999   1.46   0.95    431   1.40
  951  72702 391002  12.81   5.44  19.50  13.73   8.00  -9999  -9999   1.46   0.95    433   1.40
  951  72702 391002  13.82   4.38  19.50  13.73   7.99  -9999  -9999   1.47   0.96    434   1.42
  951  72703 391001  14.84   3.29  19.60  13.73   7.99  -9999  -9999   1.47   0.96    434   1.39
  951  72703 391002  15.83   2.25  19.50  13.74   7.99  -9999  -9999   1.47   0.96    435   1.42
  951  72704 391002  16.83   1.27  19.50  13.76   7.98  -9999  -9999   1.47   0.96    435   1.36
  951  72705 391002  17.84   0.40  19.50  13.98   7.90  -9999  -9999   1.48   0.96    437   1.27
 -959  73999 390423   0.83   5.82   7.10  13.58   8.01   9.43     90   1.44   0.94    426   1.55
 1000  74018 390385   2.01   4.55   7.20  13.55   8.02   9.43     90   1.45   0.95    428   1.46
 1000  74020 390378   3.01   3.52   7.20  13.54   8.02   9.42     90   1.44   0.95    427   1.44
 1000  74021 390373   4.03   2.47   7.20  13.51   8.02   9.41     90   1.45   0.95    429   1.46
 1001  74022 390369   5.14   1.46   7.20  13.52   8.02   9.39     90   1.44   0.94    427   1.42
 1001  74022 390367   5.98   0.55   7.20  13.51   8.02   9.39     90   1.45   0.95    429   1.44
-1013  74437 387854   0.93  13.61  18.60  13.45   8.00   9.44     90   1.46   0.96    435   1.38
 1013  74441 387820   1.92  15.27  19.20  13.45   8.00   9.45     90   1.46   0.96    436   1.38
 1013  74438 387809   3.11   0.45  18.90  13.45   8.01   9.46     90   1.46   0.96    435   1.40
 1014  74436 387804   3.98  14.47  18.40  13.45   8.02   9.46     90   1.46   0.96    433   1.41
 1014  74433 387801   5.93  12.32  17.70  13.45   8.01   9.45     90   1.46   0.96    435   1.39
 1014  74432 387800   5.90  12.21  17.60  13.45   8.02   9.45     90   1.46   0.96    436   1.41
 1014  74429 387801   6.91  11.40  17.70  13.45   8.01   9.45     90   1.46   0.96    436   1.39
 1015  74426 387805   7.97  10.45  18.10  13.44   8.00   9.45     90   1.46   0.96    436   1.40
 1015  74424 387811   8.93   9.66  18.40  13.43   8.00   9.45     90   1.46   0.96    435   1.37
 1015  74423 387815  10.02   8.55  18.60  13.42   7.99   9.44     90   1.46   0.96    436   1.35
 1016  74420 387821  10.95   7.58  18.70  13.41   7.99   9.44     90   1.46   0.96    436   1.36
 1016  74419 387824  11.98   6.51  18.70  13.38   8.01   9.46     90   1.46   0.96    436   1.36
 1016  74418 387824  13.04   5.41  18.70  13.38   8.01   9.47     90   1.46   0.96    436   1.39
 1016  74416 387824  13.91   4.54  18.30  13.38   8.01   9.46     90   1.46   0.96    436   1.39
 1017  74415 387821  15.10   3.33  18.20  13.38   8.01   9.45     90   1.46   0.96    436   1.42
 1017  74415 387819  16.00   2.37  17.90  13.37   8.01   9.46     90   1.46   0.96    435   1.37
 1017  74416 387816  16.98   1.27  17.80  13.37   8.01   9.46     90   1.46   0.96    436   1.45
 1017  74415 387813  17.92   1.27  17.50  13.35   8.01   9.46     90   1.47   0.97    439   1.42
-1049  74558 385519   0.97   5.68   7.10  13.57   7.97  -9999  -9999   1.46   0.95    431   1.40
 1049  74559 385518   1.83   4.95   7.10  13.56   7.97  -9999  -9999   1.46   0.95    431   1.45
 1050  74560 385517   2.86   3.91   7.10  13.56   7.97  -9999  -9999   1.46   0.95    432   1.39
 1050  74560 385517   3.81   2.89   7.10  13.55   7.97  -9999  -9999   1.45   0.95    431   1.40
 1050  74561 385517   4.83   1.90   7.10  13.54   7.97  -9999  -9999   1.45   0.95    431   1.38
 1050  74562 385516   5.82   0.82   7.10  13.54   7.97  -9999  -9999   1.45   0.95    431   1.43
-1032  74129 384648   1.11   5.61   7.20  13.48   7.93  -9999  -9999   1.47   0.96    438   1.63
 1032  74132 384640   1.82   4.77   7.20  13.48   7.92  -9999  -9999   1.47   0.97    439   1.58
 1032  74135 384634   2.83   3.76   7.20  13.48   7.92  -9999  -9999   1.47   0.96    438   1.57
 1032  74137 384631   3.87   2.68   7.10  13.48   7.92  -9999  -9999   1.47   0.96    438   1.51
 1032  74138 384629   4.80   1.70   7.10  13.48   7.93  -9999  -9999   1.47   0.96    438   1.61
 1032  74139 384628   5.84   0.63   7.00  13.49   7.93  -9999  -9999   1.47   0.97    439   1.55
