# MEETVAARTUIG : M.S. ARGUS
# MEETDATUM    : 07-07-2009 11:48:31
# MEETGEBIED   :
# STARTPUNT    :
# EINDPUNT     :
# PROJECTCODE  :
# OPDRACHTGEVER:
# BEHEERDER    :
# BEMONST. INST:
# WAARNEMER(S) : G.J.Bakker
#
* 20090707
$ 9999 [00000000000]
>TIJD      uumm                    
>X         coordinaat              
>Y         coordinaat              
>SENSHTE   Diepte set        m     
>ECHOS     Echoset           mtrs  
>Temp      Temperatuur       oC        : 15.0   0.5   15   0.5
>O2        Zuurstof          mg/l  
>%O2       Zuurstof%         %     
>SALNTT    Saliniteit        dimsl 
>CL-       Chloride          mg/l  
>GELBH     Geleidendheid     mS/cm 
 -1148  72863 400018   1.01   6.55  22.31   7.81    91   0.89    397   9999
  1148  72877 400003   2.02   5.90  22.32   7.81    91   0.89    397   9999
  1149  72882 399999   2.91   5.05  22.32   7.81    91   0.89    397   9999
  1149  72884 399998   3.87   4.35  22.31   7.81    91   0.89    397   9999
  1149  72885 399999   5.01   3.35  22.31   7.80    91   0.89    398   9999
  1149  72887 400000   5.96   2.65  22.30   7.81    91   0.89    398   9999
  1150  72888 400001   6.95   1.80  22.29   7.81    91   0.89    397   9999
  1150  72890 400002   8.07   0.70  22.18   7.80    91   0.89    397   9999
 -1217  74955 394994   0.99   6.80  22.01   9999  9999   0.85    377   9999
  1218  74952 394982   2.08   6.65  22.01   9999  9999   0.85    377   9999
  1218  74952 394981   2.83   6.10  22.01   9999  9999   0.85    377   9999
  1218  74951 394978   3.86   5.05  22.02   9999  9999   0.85    377   9999
  1218  74951 394976   4.86   4.10  22.03   9999  9999   0.85    376   9999
  1218  74950 394975   5.90   3.05  22.03   9999  9999   0.85    376   9999
  1218  74950 394974   6.93   2.25  22.04   9999  9999   0.85    376   9999
  1218  74950 394974   7.84   0.80  22.04   9999  9999   0.85    376   9999
 -1235  73963 392159   1.08   5.35  22.00   9999  9999   0.88    390   9999
  1235  73961 392151   1.86   5.35  21.99   9999  9999   0.87    390   9999
  1235  73949 392137   2.82   3.95  21.91   9999  9999   0.88    395   9999
  1235  73943 392134   3.95   3.00  21.93   9999  9999   0.88    394   9999
  1235  73939 392132   4.97   2.00  21.84   9999  9999   0.89    398   9999
  1235  73936 392134   5.91   1.05  21.76   9999  9999   0.89    400   9999
 -1303  71510 392053   1.09  18.10  20.77   8.12    92   0.95    432   1.71
  1303  71499 392067   2.07  16.90  20.76   8.12    92   0.95    433   1.71
  1304  71500 392083   2.93  16.10  20.73   8.10    92   0.95    433   1.71
  1304  71503 392078   4.06  15.00  20.74   8.09    92   0.95    433   1.71
  1305  71497 392072   4.86  13.85  20.75   8.09    92   0.95    433   1.71
  1305  71502 392062   6.06  12.85  20.59   8.10    91   1.03    483   1.85
  1306  71508 392053   7.09  12.20  20.53   7.60    86   1.00    462   1.79
  1306  71511 392047   8.02  11.00  19.94   7.43    83   1.15    550   2.02
  1307  71514 392048   8.98  10.10  19.47   7.54    83   1.33    654   2.29
  1308  71504 392057  10.00   9.45  19.54   4.60    51   2.37   1230   3.97
  1308  71498 392057  11.03   7.95  19.35   4.47    50   2.43   1263   4.05
  1309  71499 392059  12.01   7.00  19.38   4.45    49   2.56   1333   4.25
  1310  71501 392070  13.02   6.15  18.92   3.69    41   2.78   1457   4.55
  1311  71501 392063  14.02   5.45  18.53   3.07    34   2.92   1617   4.72
  1313  71503 392060  14.99   4.55  17.44   1.67    18   3.01   1667   4.74
  1314  71504 392055  15.99   3.60  16.49   1.27    13   3.19   1766   4.89
  1314  71499 392055  17.06   2.55  15.93   1.25    13   3.17   1757   4.80
  1315  71506 392058  18.01   1.70  14.17   0.80     8   3.19   1770   4.64
  1315  71509 392057  18.94   0.90  13.71   0.71     7   3.84   2129   5.45
 -1255  72202 391750   0.98   0.50  21.33   9999  9999   0.92    418   9999
  1255  72200 391753   1.82   0.40  21.33   9999  9999   0.92    418   9999
  1255  72200 391754   2.88   0.70  21.33   9999  9999   0.92    418   9999
  1256  72200 391756   3.96  13.15  21.33   9999  9999   0.92    418   9999
  1256  72200 391757   4.98  12.50  21.33   9999  9999   0.92    419   9999
  1256  72200 391758   6.06  11.30  21.31   9999  9999   0.92    419   9999
  1256  72199 391761   6.83  10.15  21.32   9999  9999   0.92    419   9999
  1256  72199 391768   8.02   9.10  21.31   9999  9999   0.92    419   9999
  1256  72199 391769   8.98   7.90  20.92   9999  9999   1.05    493   9999
  1256  72199 391775   9.89   6.75  18.51   9999  9999   1.45    727   9999
  1256  72198 391779  10.81   5.60  18.40   9999  9999   1.76    886   9999
  1256  72197 391784  11.92   3.60  18.61   9999  9999   2.03   1035   9999
  1257  72185 391796  12.89   4.30  17.73   9999  9999   2.18   1120   9999
  1257  72185 391793  13.96   3.95  17.69   9999  9999   2.23   1150   9999
  1257  72185 391789  14.92   3.40  17.75   9999  9999   2.76   1443   9999
  1257  72186 391785  15.89   2.50  17.10   9999  9999   2.88   1596   9999
  1257  72185 391780  16.84   1.45  15.85   9999  9999   2.94   1632   9999
  1258  72184 391769  17.96   0.90  14.07   9999  9999   3.06   1700   9999
 -1248  72713 390998   1.04  16.60  21.54   9999  9999   0.92    414   9999
  1248  72714 390997   2.06  16.35  21.55   9999  9999   0.91    413   9999
  1248  72714 390996   3.15  15.45  21.56   9999  9999   0.92    414   9999
  1248  72714 390995   4.16  14.20  21.56   9999  9999   0.92    414   9999
  1248  72714 390995   5.13  13.30  21.56   9999  9999   0.92    414   9999
  1249  72712 390973   5.99  11.60  20.52   9999  9999   0.94    429   9999
  1249  72713 390971   7.15  12.10  20.14   9999  9999   1.18    567   9999
  1249  72713 390971   8.09  11.15  19.33   9999  9999   1.21    585   9999
  1249  72713 390971   8.99  10.30  19.84   9999  9999   1.08    512   9999
  1249  72713 390971   9.89   9.20  20.38   9999  9999   1.01    471   9999
  1249  72714 390971  11.17   8.15  19.81   9999  9999   1.02    474   9999
  1250  72714 390971  12.01   7.20  19.31   9999  9999   1.04    484   9999
  1250  72715 390972  12.84   6.35  18.29   9999  9999   1.25    609   9999
  1250  72715 390972  14.00   5.15  17.10   9999  9999   1.91    967   9999
  1250  72716 390973  15.18   4.15  16.69   9999  9999   2.32   1197   9999
  1250  72717 390973  15.96   3.15  16.67   9999  9999   2.37   1225   9999
  1250  72717 390974  17.04   2.15  16.44   9999  9999   2.34   1207   9999
  1250  72720 390977  17.92   0.90  14.10   9999  9999   2.18   1114   9999
 -1329  73979 390379   1.09   5.35  21.49   9999  9999   0.90    404   1.65
  1329  73985 390378   1.99   4.80  21.48   9999  9999   0.90    404   1.65
  1330  73986 390378   2.85   3.95  21.48   9999  9999   0.90    404   1.65
  1330  73989 390379   3.92   2.95  21.48   9999  9999   0.90    404   1.65
  1330  73991 390378   4.99   1.95  21.48   9999  9999   0.90    404   1.65
  1330  73992 390378   5.83   1.15  21.48   9999  9999   0.90    404   1.65
 -1342  74440 387836   1.10  15.75  21.90   7.88    91   0.93    421   1.72
  1342  74449 387817   2.01  15.20  21.91   7.89    91   0.93    421   1.72
  1342  74445 387816   2.94  14.25  21.91   7.87    91   0.93    421   1.72
  1343  74437 387816   4.04  13.25  21.90   7.87    91   0.93    421   1.72
  1343  74432 387818   5.09  12.10  21.91   7.87    91   0.93    421   1.72
  1344  74428 387825   6.05  11.25  21.90   7.88    91   0.93    421   1.72
  1344  74428 387828   7.04  10.35  21.90   7.87    91   0.93    422   1.72
  1344  74428 387831   8.12   9.25  21.90   7.87    91   0.93    421   1.72
  1345  74430 387829   9.10   8.35  21.89   7.85    91   0.93    422   1.72
  1345  74431 387832  10.02   7.50  21.88   7.82    90   0.93    423   1.72
  1345  74433 387833  11.02   6.55  21.89   7.77    90   0.93    423   1.72
  1346  74433 387837  12.00   5.50  21.87   7.76    90   0.94    426   1.73
  1346  74432 387838  12.98   4.40  21.86   7.73    89   0.94    427   1.73
  1346  74434 387837  14.07   3.55  21.82   7.71    89   0.95    432   1.75
  1347  74434 387823  15.00   2.50  21.82   7.60    88   0.95    433   1.75
  1350  74431 387832  16.01   1.70  18.92   0.72     8   1.82    916   3.05
  1350  74426 387828  16.99   0.55  18.89   0.68     8   1.86    943   3.12
 -1402  74552 385528   1.09   5.30  22.65   9999  9999   0.94    427   9999
  1402  74555 385520   2.00   4.70  22.67   9999  9999   0.94    427   9999
  1402  74555 385518   2.98   3.70  22.67   9999  9999   0.94    427   9999
  1402  74557 385512   3.93   2.90  22.67   9999  9999   0.94    427   9999
  1402  74558 385506   4.89   1.90  22.67   9999  9999   0.94    426   9999
  1402  74559 385504   5.84   1.05  22.65   9999  9999   0.94    426   9999
 -1419  74130 384686   1.07   5.35  22.07   9999  9999   0.92    418   1.71
  1420  74133 384677   2.03   4.65  22.07   9999  9999   0.92    417   1.71
  1420  74134 384673   3.04   3.65  22.07   9999  9999   0.92    418   1.71
  1420  74135 384668   4.04   2.80  22.08   9999  9999   0.92    418   1.71
  1420  74137 384665   5.03   1.70  22.07   9999  9999   0.92    417   1.71
  1420  74138 384664   6.03   0.70  22.07   9999  9999   0.92    417   1.71
