# MEETVAARTUIG : M.S. ARGUS
# MEETDATUM    : 30-01-2006 07:57:52
# MEETGEBIED   : VOLKERAK/ZOOMMEER
# STARTPUNT    : Krammersluizen
# EINDPUNT     : Kreekraksluizen
# PROJECTCODE  : E7608X
# OPDRACHTGEVER: ZLXXAXAMDBG
# BEHEERDER    : ZLXXAXAMDBG
# BEMONST. INST:
# WAARNEMER(S) : G.J.Bakker
#
* 20060130
$ 9999 [00000000000000]
>TIJD      uumm                    
>X         coordinaat              
>Y         coordinaat              
>SENSHTE   Diepte set        m     
>ECHOS     Echoset           mtrs  
>Echo      Echoschip         M     
>Temp      Temperatuur       oC            : 0.0  0.5  15  0.5
>pH        Zuurgraad         dimsls
>GELBH     Geleidendheid     mS/cm 
>SALNTT    Saliniteit        dimsl 
>CL-       Chloride          mg/l  
>CHFLYSI   Chlorofyl         ugr/l 
>O2        Zuurstof          mg/l  
>%O2       Zuurstof%         %     
 -1244  72875 399997   0.99   6.60   8.80   1.08   8.33   1.01   0.93    409   3.60  13.84    97
  1244  72881 399992   1.94   5.80   8.60   1.08   8.32   1.01   0.93    408   3.60  13.84    97
  1244  72884 399988   3.02   4.70   8.70   1.09   8.33   1.01   0.93    409   3.50  13.84    97
  1244  72882 399984   4.04   3.80   8.50   1.08   8.34   1.01   0.93    409   3.50  13.84    97
  1245  72881 399982   5.00   2.75   8.20   1.08   8.33   1.01   0.93    409   3.60  13.83    97
  1245  72879 399979   5.99   1.85   8.10   1.08   8.34   1.01   0.93    409   3.60  13.83    97
  1245  72878 399979   7.06   0.80   8.00   1.08   8.33   1.01   0.93    409   3.60  13.83    97
 -1310  74972 394984   1.03   7.25   9.60   1.16   8.32   1.03   0.95    420   3.60   9999  9999
  1310  74971 394979   1.90   6.80   9.80   1.15   8.33   1.03   0.95    421   3.60   9999  9999
  1310  74969 394973   2.86   5.80  10.00   1.16   8.31   1.03   0.95    421   3.50   9999  9999
  1310  74969 394971   3.89   4.90  10.10   1.15   8.32   1.03   0.95    421   3.50   9999  9999
  1310  74968 394970   4.89   3.90  10.10   1.16   8.33   1.03   0.95    421   3.50   9999  9999
  1310  74968 394970   5.89   3.10  10.10   1.14   8.33   1.03   0.95    422   3.60   9999  9999
  1310  74967 394968   6.84   1.95  10.20   1.15   8.33   1.03   0.95    421   3.60   9999  9999
  1310  74967 394966   7.82   1.10  10.10   1.15   8.31   1.04   0.95    422   3.60   9999  9999
 -1326  73952 392158   1.00   5.95   7.60   1.27   8.32   1.18   1.09    501   3.50   9999  9999
  1326  73949 392154   1.88   5.25   7.60   1.28   8.31   1.18   1.09    500   3.50   9999  9999
  1326  73948 392152   2.85   4.30   7.60   1.27   8.33   1.18   1.09    501   3.50   9999  9999
  1326  73947 392148   3.82   3.30   7.60   1.27   8.32   1.18   1.09    500   3.50   9999  9999
  1326  73947 392148   4.87   2.25   7.60   1.27   8.33   1.18   1.09    500   3.50   9999  9999
  1326  73946 392147   5.83   1.30   7.50   1.27   8.33   1.18   1.09    502   3.60   9999  9999
 -1532  71493 392064   1.06  18.05  20.60   1.13   8.35   1.20   1.11    513   3.60  13.17    92
  1533  71499 392060   2.02  16.95  20.90   1.13   8.36   1.20   1.11    513   3.60  13.17    92
  1533  71498 392057   3.00  16.00  20.80   1.13   8.36   1.20   1.11    513   3.60  13.17    92
  1533  71501 392058   3.98  15.10  21.20   1.14   8.36   1.20   1.11    512   3.60  13.16    92
  1534  71505 392058   5.00  14.20  21.20   1.14   8.36   1.20   1.11    513   3.60  13.13    92
  1534  71504 392058   6.03  13.20  21.30   1.14   8.37   1.20   1.11    512   3.60  13.15    92
  1534  71503 392057   6.99  12.15  21.20   1.14   8.37   1.20   1.11    512   3.60  13.15    92
  1535  71500 392055   8.00  11.00  21.20   1.14   8.36   1.20   1.11    512   3.70  13.13    92
  1535  71499 392057   8.99   9.90  21.10   1.14   8.35   1.20   1.11    511   3.60  13.13    92
  1535  71498 392057  10.13   8.65  20.90   1.14   8.37   1.20   1.11    512   3.60  13.13    92
  1536  71501 392058  11.02   7.80  21.20   1.14   8.37   1.20   1.11    512   3.70  13.15    92
  1536  71506 392058  12.01   7.00  21.20   1.14   8.35   1.20   1.11    512   3.80  13.15    92
  1536  71507 392060  13.02   6.15  21.20   1.13   8.36   1.20   1.11    513   3.70  13.15    92
  1536  71507 392060  14.05   5.05  21.20   1.14   8.35   1.20   1.11    512   3.60  13.13    92
  1537  71504 392057  15.03   3.80  21.30   1.13   8.35   1.20   1.11    513   3.60  13.14    92
  1538  71507 392058  16.02   3.05  21.20   1.27   8.33   1.30   1.21    568   3.70  13.01    92
  1538  71514 392060  17.01   2.30  21.10   1.71   8.21   1.65   1.52    749   3.60  12.74    91
  1541  71507 392062  17.98   1.10  21.10   2.78   8.07   2.37   2.16   1090   4.20   8.64    64
 -1524  72186 391771   0.93  18.25  19.70   1.19   8.36   1.20   1.11    512   3.60   9999  9999
  1524  72182 391773   1.85  17.55  19.80   1.20   8.36   1.20   1.11    512   3.60   9999  9999
  1524  72173 391773   2.84  16.35  20.10   1.19   8.37   1.20   1.11    513   3.60   9999  9999
  1525  72169 391769   3.83  15.30  20.30   1.18   8.34   1.20   1.11    513   3.60   9999  9999
  1525  72168 391767   4.87  14.20  20.30   1.18   8.34   1.20   1.11    513   3.60   9999  9999
  1525  72168 391764   5.88  13.15  20.30   1.18   8.36   1.20   1.11    512   3.60   9999  9999
  1525  72168 391764   6.84  12.30  20.30   1.17   8.37   1.20   1.11    513   3.60   9999  9999
  1525  72167 391762   7.82  11.45  20.30   1.17   8.35   1.20   1.11    512   3.60   9999  9999
  1525  72168 391760   8.81  10.30  20.30   1.17   8.37   1.20   1.11    513   3.60   9999  9999
  1525  72166 391758   9.86   9.40  20.40   1.18   8.37   1.20   1.11    513   3.60   9999  9999
  1525  72168 391760  10.89   8.15  20.30   1.17   8.36   1.20   1.11    513   3.60   9999  9999
  1525  72168 391758  11.81   7.35  20.40   1.18   8.36   1.20   1.11    513   3.60   9999  9999
  1525  72168 391758  12.82   6.15  20.30   1.17   8.36   1.20   1.11    513   3.60   9999  9999
  1526  72169 391758  13.87   5.30  20.30   1.18   8.36   1.20   1.11    513   3.60   9999  9999
  1526  72169 391758  14.87   4.20  20.30   1.17   8.36   1.20   1.11    513   3.60   9999  9999
  1526  72170 391756  15.84   3.20  20.30   1.18   8.33   1.22   1.13    523   3.60   9999  9999
  1526  72172 391756  16.88   2.00  20.40   1.40   8.32   1.30   1.20    563   3.60   9999  9999
  1526  72175 391756  17.82   1.10  20.40   2.98   8.17   1.76   1.56    759   3.60   9999  9999
 -1518  72691 390995   0.92  18.35  20.00   1.23   8.34   1.19   1.10    506   3.60   9999  9999
  1518  72691 390993   1.95  17.50  20.10   1.23   8.36   1.19   1.10    506   3.60   9999  9999
  1518  72689 390991   2.80  16.90  20.10   1.23   8.36   1.19   1.10    506   3.60   9999  9999
  1518  72689 390991   3.81  15.80  20.00   1.23   8.34   1.19   1.10    506   3.60   9999  9999
  1518  72689 390989   4.83  14.70  20.10   1.23   8.37   1.19   1.10    505   3.60   9999  9999
  1518  72689 390987   5.84  13.65  20.20   1.23   8.37   1.19   1.10    506   3.60   9999  9999
  1518  72689 390986   6.93  12.60  20.10   1.22   8.35   1.19   1.10    506   3.60   9999  9999
  1518  72689 390986   7.80  11.45  20.20   1.23   8.37   1.19   1.10    506   3.60   9999  9999
  1518  72689 390986   8.97  10.60  20.20   1.22   8.36   1.19   1.10    506   3.60   9999  9999
  1518  72687 390984   9.87   9.80  20.20   1.21   8.37   1.19   1.10    505   3.60   9999  9999
  1518  72687 390984  10.82   8.90  20.20   1.22   8.36   1.19   1.10    506   3.60   9999  9999
  1518  72687 390982  11.89   7.95  20.30   1.22   8.37   1.19   1.10    506   3.60   9999  9999
  1518  72687 390982  12.95   6.60  20.30   1.22   8.36   1.19   1.10    505   3.60   9999  9999
  1518  72687 390980  14.00   5.65  20.30   1.23   8.37   1.19   1.10    506   3.60   9999  9999
  1518  72686 390980  14.80   4.55  20.30   1.23   8.35   1.19   1.10    506   3.60   9999  9999
  1518  72687 390980  15.85   3.60  20.30   1.22   8.36   1.19   1.10    507   3.60   9999  9999
  1518  72687 390978  16.83   2.60  20.30   1.23   8.35   1.19   1.10    507   3.60   9999  9999
  1518  72686 390978  18.00   1.30  20.30   1.23   8.37   1.19   1.10    507   3.60   9999  9999
  1518  72686 390978  18.86   0.40  20.30   1.23   8.36   1.19   1.10    507   3.60   9999  9999
 -1334  73998 390384   1.02   0.50   7.30   1.33   8.31   1.18   1.09    501   9.90   9999  9999
  1334  73996 390378   1.88   5.00   7.30   1.32   8.32   1.19   1.09    502   7.90   9999  9999
  1335  73996 390378   2.88   3.95   7.30   1.31   8.33   1.18   1.09    501   8.50   9999  9999
  1335  73995 390377   3.87   3.05   7.30   1.31   8.33   1.18   1.09    501  13.20   9999  9999
  1335  73995 390375   4.87   2.25   7.30   1.31   8.34   1.18   1.09    501  11.70   9999  9999
  1335  73994 390375   5.81   1.15   7.30   1.31   8.34   1.18   1.09    501  11.60   9999  9999
 -1347  74414 387829   1.06  16.00  19.50   0.84   8.33   1.18   1.10    508   3.60  13.56    94
  1347  74428 387829   1.92  15.90  19.40   0.83   8.35   1.18   1.10    507   3.60  13.56    94
  1348  74431 387825   3.00  14.85  19.20   0.83   8.35   1.18   1.10    508   3.60  13.55    94
  1348  74432 387823   4.07  13.80  19.30   0.82   8.35   1.18   1.10    509   3.60  13.55    94
  1348  74431 387822   5.04  12.40  19.30   0.83   8.35   1.18   1.10    507   3.60  13.53    94
  1348  74430 387822   6.00  11.35  19.30   0.82   8.35   1.18   1.10    507   3.60  13.55    94
  1349  74430 387820   7.02  10.40  19.30   0.83   8.34   1.18   1.10    508   3.60  13.53    94
  1349  74429 387822   8.05   9.35  19.40   0.84   8.35   1.18   1.10    508   3.60  13.53    94
  1349  74426 387825   9.06   8.50  19.30   0.82   8.36   1.18   1.10    508   3.70  13.54    94
  1350  74427 387829  10.02   7.55  19.30   0.82   8.36   1.18   1.10    509   3.70  13.54    94
  1350  74427 387829  11.07   6.65  19.30   0.82   8.36   1.18   1.10    508   3.60  13.52    94
  1350  74424 387833  12.04   5.60  19.30   0.82   8.36   1.18   1.10    509   3.70  13.52    94
  1350  74422 387833  13.02   4.60  19.30   0.83   8.34   1.18   1.10    509   3.60  13.52    94
  1351  74422 387835  13.99   3.55  19.40   0.83   8.35   1.18   1.10    508   3.70  13.51    94
  1351  74424 387831  15.02   2.65  19.40   0.85   8.35   1.20   1.12    516   3.60  13.50    94
  1352  74429 387829  16.01   1.75  19.30   1.05   8.33   1.27   1.18    552   3.60  13.33    93
  1353  74426 387823  17.04   0.45  19.30   1.88   8.25   1.69   1.56    753   3.70  12.62    91
 -1429  74541 385498   1.05   5.50   7.00   0.92   8.34   1.20   1.11    515   3.60   9999  9999
  1429  74542 385498   1.93   4.80   7.00   0.93   8.36   1.20   1.11    515   3.60   9999  9999
  1429  74542 385498   2.87   3.80   7.00   0.93   8.36   1.20   1.11    515   3.60   9999  9999
  1429  74544 385500   3.85   2.90   7.10   0.94   8.36   1.20   1.11    515   3.60   9999  9999
  1429  74544 385500   4.91   1.70   7.10   0.95   8.36   1.20   1.11    515   3.60   9999  9999
  1429  74544 385500   5.85   0.75   7.00   0.94   8.36   1.20   1.11    515   3.60   9999  9999
 -1446  74127 384648   0.93   5.75   7.30   1.11   8.36   1.22   1.13    526   3.60   9999  9999
  1446  74123 384646   1.91   4.75   0.00   1.08   8.36   1.22   1.13    526   3.60   9999  9999
  1446  74121 384646   2.93   3.80   2.10   1.09   8.36   1.22   1.13    526   3.60   9999  9999
  1446  74120 384646   3.87   3.00   0.00   1.10   8.36   1.22   1.13    526   3.60   9999  9999
  1446  74117 384646   4.84   1.85   2.00   1.08   8.36   1.22   1.13    526   3.60   9999  9999
  1446  74116 384646   5.85   0.85   2.20   1.06   8.36   1.22   1.13    527   3.60   9999  9999
