# MEETVAARTUIG : M.S. ARGUS
# MEETDATUM    : 02-03-2009 14:42:41
# MEETGEBIED   : VOLKERAK/ZOOMMEER
# STARTPUNT    : Antwerpen
# EINDPUNT     : Krammersluizen
# PROJECTCODE  : E7608X
# OPDRACHTGEVER: ZLXXAXAMDBG
# BEHEERDER    : ZLXXAXAMDBG
# BEMONST. INST:
# WAARNEMER(S) : G.J.Bakker
#
* 20090302
$ 9999 [00000000000]
>TIJD      uumm                    
>X         coordinaat              
>Y         coordinaat              
>SENSHTE   Diepte set        m     
>ECHOS     Echoset           mtrs  
>Temp      Temperatuur       oC        : 0.0   0.5   15   0.5
>GELBH     Geleidendheid     mS/cm 
>SALNTT    Saliniteit        dimsl 
>CL-       Chloride          mg/l  
>O2        Zuurstof          mg/l  
>%O2       Zuurstof%         %     
 -0900  74125 384639   1.05   5.65   4.67   9999   1.24    593   9999  9999
  0900  74126 384638   1.87   5.10   4.67   9999   1.24    594   9999  9999
  0900  74126 384638   2.81   4.25   4.67   9999   1.25    594   9999  9999
  0900  74125 384638   3.80   3.15   4.67   9999   1.24    594   9999  9999
  0900  74125 384638   4.91   2.20   4.67   9999   1.25    594   9999  9999
  0900  74125 384639   5.86   1.15   4.67   9999   1.24    594   9999  9999
 -0844  74552 385488   0.99   5.40   4.62   1.48   1.24    594   9999  9999
  0844  74554 385500   1.87   5.05   4.63   1.48   1.24    593   9999  9999
  0844  74555 385504   2.84   4.15   4.63   1.48   1.24    593   9999  9999
  0844  74556 385509   3.91   2.95   4.63   1.48   1.25    594   9999  9999
  0844  74558 385512   4.83   2.15   4.63   1.48   1.25    594   9999  9999
  0844  74559 385514   5.83   1.00   4.63   1.49   1.25    594   9999  9999
 -0915  74425 387824   1.04  16.85   4.67   9999   1.24    591  13.27   104
  0915  74433 387840   2.01  15.15   4.67   9999   1.24    590  13.27   104
  0916  74441 387843   2.99  13.00   4.68   9999   1.24    589  13.24   104
  0916  74447 387838   3.98  11.80   4.67   9999   1.24    589  13.23   104
  0916  74442 387833   5.06  12.05   4.67   9999   1.24    590  13.23   104
  0917  74437 387831   6.07  11.55   4.68   9999   1.24    591  13.23   104
  0917  74434 387830   7.06  10.75   4.68   9999   1.24    590  13.23   104
  0917  74429 387829   7.98   9.75   4.66   9999   1.24    591  13.22   104
  0917  74425 387828   9.00   8.85   4.66   9999   1.24    591  13.22   104
  0918  74422 387828  10.01   7.70   4.64   9999   1.24    592  13.21   104
  0918  74417 387830  11.06   6.65   4.64   9999   1.24    591  13.20   104
  0918  74411 387842  12.04   5.50   4.65   9999   1.24    591  13.20   104
  0919  74410 387840  13.02   4.40   4.64   9999   1.25    594  13.20   103
  0919  74412 387836  14.08   3.30   4.63   9999   1.25    598  13.19   103
  0919  74419 387832  15.04   2.55   4.62   9999   1.27    609  13.17   103
  0921  74443 387818  15.93   1.75   4.37   9999   1.65    810  11.14    87
  0922  74444 387821  17.01   0.70   4.25   9999   2.31   1176  11.21    88
 -0934  74015 390366   0.98   5.70   4.50   9999   1.20    567   9999  9999
  0934  74010 390375   1.87   5.05   4.49   9999   1.20    568   9999  9999
  0934  74008 390379   2.86   3.95   4.48   9999   1.20    568   9999  9999
  0934  74005 390381   3.80   3.10   4.49   9999   1.20    567   9999  9999
  0934  74004 390383   4.87   2.00   4.50   9999   1.20    567   9999  9999
  0934  74001 390385   5.80   0.90   4.50   9999   1.20    566   9999  9999
 -0943  72703 391018   1.01  17.00   3.97   9999   1.23    583   9999  9999
  0943  72700 391017   1.87  16.20   3.94   9999   1.23    584   9999  9999
  0943  72698 391017   2.89  15.35   3.93   9999   1.23    584   9999  9999
  0943  72697 391016   3.92  14.45   3.92   9999   1.23    584   9999  9999
  0943  72696 391019   4.94  13.65   3.92   9999   1.23    584   9999  9999
  0944  72696 391019   5.94  12.25   3.92   9999   1.23    584   9999  9999
  0944  72695 391019   6.91  11.60   3.92   9999   1.23    585   9999  9999
  0944  72694 391018   7.89  10.40   3.92   9999   1.23    585   9999  9999
  0944  72693 391015   8.88   9.65   3.93   9999   1.23    585   9999  9999
  0944  72693 391015   9.98   8.35   3.94   9999   1.23    584   9999  9999
  0944  72692 391015  10.97   7.20   3.93   9999   1.23    584   9999  9999
  0944  72692 391014  11.90   6.25   3.94   9999   1.23    585   9999  9999
  0944  72692 391012  12.94   5.50   3.94   9999   1.23    584   9999  9999
  0944  72692 391011  13.94   4.55   3.94   9999   1.23    585   9999  9999
  0944  72692 391010  14.89   3.80   3.94   9999   1.23    585   9999  9999
  0944  72692 391010  15.81   2.80   3.95   9999   1.23    585   9999  9999
  0944  72692 391009  17.01   1.85   3.96   9999   1.23    584   9999  9999
 -0950  72192 391767   1.01   0.80   3.98   9999   1.23    585   9999  9999
  0950  72191 391769   1.96   2.20   3.98   9999   1.23    585   9999  9999
  0950  72191 391770   2.91   1.35   3.98   9999   1.23    585   9999  9999
  0950  72191 391772   3.89   0.45   3.98   9999   1.23    586   9999  9999
  0950  72191 391772   4.83  10.55   3.97   9999   1.23    585   9999  9999
  0950  72191 391774   6.08  13.05   3.98   9999   1.23    585   9999  9999
  0950  72190 391775   7.00  12.25   3.98   9999   1.23    586   9999  9999
  0950  72190 391775   7.96  11.00   3.98   9999   1.23    585   9999  9999
  0950  72190 391777   8.89  10.40   3.97   9999   1.23    585   9999  9999
  0950  72190 391778   9.83   9.10   3.97   9999   1.23    585   9999  9999
  0950  72190 391779  11.08   8.00   3.98   9999   1.23    584   9999  9999
  0950  72190 391780  12.08   7.15   3.97   9999   1.23    585   9999  9999
  0950  72190 391780  13.00   5.90   3.97   9999   1.23    586   9999  9999
  0950  72189 391782  13.96   5.50   3.97   9999   1.23    586   9999  9999
  0950  72189 391782  14.91   3.85   3.97   9999   1.23    584   9999  9999
  0950  72189 391783  15.83   3.40   3.93   9999   1.32    634   9999  9999
  0950  72189 391785  17.05   2.35   3.55   9999   1.46    713   9999  9999
  0950  72188 391786  17.91   0.90   3.37   9999   1.59    774   9999  9999
 -0956  71483 392070   1.02  18.00   3.88   1.44   1.24    587  13.56   104
  0956  71483 392074   2.05  17.05   3.88   1.44   1.24    588  13.54   104
  0957  71486 392075   3.07  15.95   3.87   1.44   1.24    588  13.55   104
  0957  71488 392077   3.99  15.00   3.86   1.44   1.24    588  13.53   104
  0958  71498 392073   4.97  14.40   3.86   1.44   1.24    588  13.51   104
  0958  71504 392066   6.03  13.60   3.84   1.44   1.24    589  13.51   104
  0959  71502 392060   7.01  12.65   3.85   1.44   1.24    588  13.48   104
  0959  71502 392061   7.98  11.50   3.87   1.44   1.24    589  13.48   104
  0959  71503 392063   9.07  10.55   3.86   1.44   1.24    589  13.49   104
  1000  71503 392066   9.96   9.55   3.86   1.44   1.24    588  13.47   104
  1000  71502 392066  11.07   8.40   3.84   1.44   1.24    588  13.48   104
  1000  71499 392065  12.04   7.30   3.85   1.44   1.24    588  13.46   103
  1000  71498 392063  13.01   6.20   3.82   1.45   1.24    591  13.46   103
  1001  71498 392061  14.02   5.40   3.81   1.45   1.25    594  13.45   103
  1001  71499 392061  15.03   4.40   3.79   1.46   1.26    599  13.43   103
  1001  71501 392063  15.96   3.60   3.76   1.50   1.29    618  13.41   103
  1002  71503 392065  16.98   2.45   3.43   1.99   1.76    866  13.42   102
  1004  71493 392072  18.03   1.10   3.39   2.61   2.34   1191  11.41    87
 -1022  73938 392134   0.95   5.75   4.60   1.40   1.17    552   9999  9999
  1022  73940 392149   1.83   5.35   4.61   1.40   1.17    552   9999  9999
  1022  73941 392155   2.85   4.50   4.60   1.40   1.17    553   9999  9999
  1022  73941 392158   3.89   3.40   4.61   1.40   1.17    552   9999  9999
  1023  73941 392163   4.80   2.45   4.61   1.40   1.17    552   9999  9999
  1023  73941 392166   5.90   1.30   4.61   1.40   1.17    551   9999  9999
 -1035  74959 394986   0.91   7.10   4.55   9999   1.17    551   9999  9999
  1035  74963 394995   2.02   0.45   4.55   9999   1.17    551   9999  9999
  1035  74963 394995   2.89   0.45   4.55   9999   1.17    551   9999  9999
  1036  74964 394998   3.88   0.45   4.55   9999   1.17    552   9999  9999
  1036  74965 394999   4.97   3.50   4.55   9999   1.17    551   9999  9999
  1036  74965 394999   5.95   2.45   4.55   9999   1.17    551   9999  9999
  1036  74964 394999   6.96   1.50   4.55   9999   1.17    552   9999  9999
 -1100  72882 399991   1.00   0.40   4.45   9999   1.10    513  13.30   104
  1100  72878 400000   1.98   1.05   4.46   9999   1.10    513  13.31   104
  1100  72876 400003   3.07   5.30   4.46   9999   1.11    514  13.29   104
  1101  72877 400005   3.99   4.55   4.46   9999   1.11    514  13.29   104
  1101  72877 400006   5.01   3.60   4.46   9999   1.11    513  13.29   104
  1101  72877 400005   6.04   2.55   4.47   9999   1.10    512  13.26   103
  1102  72879 400003   7.08   1.60   4.46   9999   1.11    513  13.28   103
  1102  72879 400002   8.01   0.60   4.46   9999   1.11    514  13.26   103yyy
