# MEETVAARTUIG : M.S. ARGUS
# MEETDATUM    : 18-10-2004 07:18:54
# MEETGEBIED   : VOLKERAK/ZOOMMEER
# STARTPUNT    : KRAMMERSLUIZEN
# EINDPUNT     : KREEKRAKSLUIZEN
# PROJECTCODE  : E7608X
# OPDRACHTGEVER: ZLXXAXAMDBG
# BEHEERDER    : ZLXXAXAMDBG
# BEMONST. INST:
# WAARNEMER(S) : Henk Korstanje
#
* 20041018
$ 9999 [00000000000000]
>TIJD      uumm                    
>X         coordinaat              
>Y         coordinaat              
>SENSHTE   Diepte set        m     
>ECHOS     Echoset           mtrs  
>Echo      Echoschip         M     
>Temp      Temperatuur       oC            :8.0  0.5  15  0.5
>pH        Zuurgraad         dimsls
>GELBH     Geleidendheid     mS/cm 
>SALNTT    Saliniteit        dimsl 
>CL-       Chloride          mg/l  
>CHFLYSI   Chlorofyl         ugr/l 
>O2        Zuurstof          mg/l  
>%O2       Zuurstof%         %     
 -1047  72871 400035   1.14   7.90   9.60  11.78   8.28   1.31   0.89    396   2.90   9.80    92
  1047  72880 400025   2.29   6.60  10.10  11.78   8.28   1.31   0.90    397   2.90   9.80    91
  1047  72889 400016   3.12   6.20   9.90  11.78   8.27   1.31   0.89    396   2.90   9.79    91
  1047  72894 400012   4.03   5.30  10.00  11.78   8.28   1.31   0.89    396   2.90   9.78    91
  1047  72896 400012   5.18   4.20  10.00  11.78   8.27   1.31   0.89    397   1.30   9.78    91
  1048  72897 400012   6.30   3.20  10.00  11.78   8.28   1.31   0.90    397   1.80   9.78    91
  1048  72895 400014   7.05   2.55  10.10  11.78   8.29   1.31   0.90    397   2.00   9.79    91
  1048  72892 400015   7.88   1.30  10.10  11.77   8.28   1.31   0.89    396   2.80   9.78    91
 -1112  74968 394994   1.09   6.60   8.50  11.86   8.23   1.26   0.86    374   2.20   9999  9999
  1112  74968 394984   1.87   6.15   9.10  11.86   8.22   1.26   0.86    374   2.20   9999  9999
  1112  74968 394978   2.84   5.35   9.60  11.86   8.21   1.26   0.86    374   2.20   9999  9999
  1112  74968 394975   3.85   4.95   9.70  11.86   8.23   1.26   0.86    374   2.20   9999  9999
  1112  74968 394969   4.85   4.15   9.90  11.87   8.23   1.26   0.86    374   3.90   9999  9999
  1112  74969 394963   5.92   3.40  10.00  11.86   8.23   1.26   0.86    374   4.20   9999  9999
  1113  74969 394960   6.81   2.50  10.10  11.85   8.23   1.26   0.86    374   3.60   9999  9999
  1113  74969 394957   7.90   1.60  10.10  11.85   8.22   1.26   0.86    374   3.10   9999  9999
 -1126  73942 392166   1.05  51.25   7.30  11.46   8.35   1.44   0.99    454   2.80   9999  9999
  1126  73938 392157   1.90  51.25   7.40  11.48   8.36   1.45   1.00    457  13.30   9999  9999
  1126  73937 392154   2.82   0.40   7.20  11.47   8.35   1.45   1.00    457   9.60   9999  9999
  1127  73935 392150   3.89   0.40   7.30  11.46   8.35   1.45   1.00    457   7.80   9999  9999
  1127  73932 392143   4.86   2.25   7.40  11.47   8.34   1.45   1.00    457   4.60   9999  9999
  1127  73932 392142   5.86   1.30   7.40  11.45   8.34   1.45   1.00    457   4.60   9999  9999
 -1150  71519 392045   0.85  18.60  20.10  11.79   8.41   1.51   1.03    478   3.50   9999  9999
  1150  71511 392048   1.90  17.95  20.50  11.80   8.40   1.51   1.03    478   3.60   9999  9999
  1150  71508 392048   2.90  16.55  20.20  11.79   8.41   1.50   1.03    477   3.50   9999  9999
  1150  71505 392048   3.80  15.70  20.00  11.78   8.41   1.51   1.03    478   2.90   9999  9999
  1151  71502 392049   4.82  15.00  19.90  11.76   8.40   1.50   1.03    478   3.30   9999  9999
  1151  71498 392049   5.86  14.00  19.80  11.74   8.40   1.50   1.03    478   3.20   9999  9999
  1151  71496 392049   6.88  13.10  19.50  11.74   8.40   1.50   1.03    477   3.20   9999  9999
  1151  71493 392048   7.81  12.10  19.40  11.74   8.40   1.50   1.03    477   3.00   9999  9999
  1151  71490 392048   8.84  10.65  19.30  11.73   8.41   1.51   1.04    478   3.20   9999  9999
  1151  71489 392049   9.87   9.65  19.30  11.74   8.39   1.50   1.03    477   3.10   9999  9999
  1151  71489 392050  10.90   8.40  19.30  11.73   8.39   1.50   1.03    477   3.20   9999  9999
  1151  71489 392051  11.83   7.45  19.30  11.73   8.39   1.50   1.03    478   3.30   9999  9999
  1151  71489 392053  12.81   6.60  19.30  11.72   8.40   1.50   1.03    478   3.40   9999  9999
  1151  71490 392055  13.83   5.55  19.30  11.72   8.41   1.50   1.03    478   3.10   9999  9999
  1151  71490 392056  14.87   4.70  19.40  11.70   8.40   1.50   1.04    478   3.50   9999  9999
  1151  71490 392059  15.81   3.70   1.90  11.70   8.40   1.51   1.04    480   3.30   9999  9999
  1152  71492 392061  16.82   2.65  19.50  11.72   8.38   1.52   1.05    486   3.40   9999  9999
  1152  71493 392063  17.85   1.75  19.60  11.74   8.40   1.54   1.06    493   3.70   9999  9999
  1152  71495 392065  18.89   1.15  19.70  11.79   8.35   1.59   1.10    514   2.90   9999  9999
 -1145  72198 391752   1.03  15.45  19.70  11.77   8.37   1.48   1.02    469   3.30   9999  9999
  1145  72185 391758   1.91  16.05  19.60  11.78   8.38   1.48   1.02    468   3.20   9999  9999
  1145  72182 391759   2.90  15.40  19.70  11.78   8.38   1.49   1.02    470   3.30   9999  9999
  1145  72178 391760   3.87  14.70  19.70  11.77   8.37   1.49   1.02    471   3.00   9999  9999
  1145  72176 391761   4.89  13.95  19.70  11.77   8.39   1.49   1.02    471   2.40   9999  9999
  1145  72175 391762   5.89  12.85  19.70  11.77   8.39   1.49   1.02    472   2.90   9999  9999
  1145  72174 391763   6.85  12.05  19.60  11.78   8.39   1.49   1.02    471   3.00   9999  9999
  1145  72173 391764   7.88  10.85  19.60  11.78   8.38   1.49   1.03    473   3.10   9999  9999
  1145  72173 391766   8.85   9.90  19.60  11.78   8.39   1.49   1.02    472   3.20   9999  9999
  1145  72173 391766   9.85   8.70  19.50  11.77   8.39   1.49   1.02    472   3.00   9999  9999
  1145  72174 391768  10.90   7.70  19.60  11.76   8.37   1.49   1.02    472   3.00   9999  9999
  1145  72174 391769  11.88   6.55  19.50  11.76   8.37   1.49   1.03    473   3.10   9999  9999
  1146  72175 391770  12.82   5.75  19.60  11.75   8.39   1.50   1.03    474   3.30   9999  9999
  1146  72175 391771  13.90   4.65  19.60  11.73   8.39   1.50   1.03    475   4.00   9999  9999
  1146  72176 391772  14.81   3.70  19.50  11.72   8.39   1.50   1.03    475   3.40   9999  9999
  1146  72175 391773  15.82   2.65  19.50  11.72   8.39   1.50   1.03    475   3.30   9999  9999
  1146  72175 391773  16.90   1.60  19.40  11.72   8.37   1.50   1.03    475   3.50   9999  9999
 -1138  72710 390988   0.91  17.00  19.20  11.60   8.38   1.46   1.00    459   3.00   9999  9999
  1138  72700 390987   1.83  16.55  19.30  11.62   8.37   1.46   1.00    459   2.80   9999  9999
  1138  72696 390987   2.83  15.75  19.40  11.60   8.36   1.46   1.00    459   2.80   9999  9999
  1138  72696 390987   3.80  14.95  19.30  11.59   8.38   1.46   1.00    459   2.70   9999  9999
  1138  72692 390988   4.84  13.85  19.30  11.59   8.37   1.45   1.00    459   3.30   9999  9999
  1138  72691 390988   5.80  12.90  19.30  11.57   8.38   1.45   1.00    459   2.80   9999  9999
  1138  72691 390988   6.83  12.00  19.30  11.53   8.38   1.45   1.00    458   3.00   9999  9999
  1138  72692 390989   7.84  11.05   0.00  11.49   8.38   1.45   1.00    457   2.80   9999  9999
  1139  72693 390990   8.85   9.85   0.00  11.49   8.38   1.45   1.00    457   3.10   9999  9999
  1139  72694 390990   9.81   8.90   1.90  11.48   8.36   1.45   1.00    457   3.10   9999  9999
  1139  72696 390991  10.84   7.90   0.00  11.47   8.39   1.45   1.00    457   3.10   9999  9999
  1139  72698 390991  11.83   7.05   1.90  11.46   8.38   1.44   1.00    456   3.20   9999  9999
  1139  72699 390991  12.90   6.00  19.20  11.43   8.38   1.44   1.00    456   3.20   9999  9999
  1139  72700 390991  13.82   5.00  19.20  11.43   8.38   1.44   1.00    456   2.90   9999  9999
  1139  72702 390991  14.80   3.95  19.20  11.41   8.36   1.44   1.00    456   2.90   9999  9999
  1139  72703 390992  15.89   2.95  19.10  11.41   8.38   1.44   1.00    456   2.80   9999  9999
  1139  72704 390992  16.87   2.00  19.10  11.41   8.37   1.44   1.00    456   2.90   9999  9999
  1139  72706 390992  17.83   1.05  19.00  11.40   8.36   1.44   1.00    456   2.60   9999  9999
 -1209  74014 390366   1.02   5.40   7.00  11.53   8.38   1.46   1.01    462   3.70   9.97    93
  1209  74007 390387   2.06   0.45   6.90  11.52   8.38   1.46   1.01    462   3.20   9.96    92
  1209  74010 390390   3.02   3.40   7.00  11.52   8.36   1.46   1.01    463   3.90   9.95    92
  1209  74014 390392   4.01   2.55   6.90  11.50   8.38   1.46   1.01    462   3.50   9.94    92
  1210  74017 390394   4.85   1.70   7.00  11.47   8.38   1.46   1.01    462   3.90   9.94    92
  1210  74021 390406   5.96   0.60   7.00  11.41   8.37   1.45   1.00    461   3.70   9.92    92
 -1223  74420 387802   1.11  16.30  16.10  11.32   8.40   1.46   1.02    467   4.10  10.21    94
  1223  74428 387797   2.01  15.55  16.00  11.33   8.40   1.46   1.02    467   3.70  10.21    94
  1224  74433 387800   3.01  14.65  16.90  11.35   8.40   1.47   1.02    467   3.30  10.21    94
  1224  74439 387811   4.03  13.65  18.30  11.34   8.39   1.46   1.02    467   3.90  10.22    95
  1224  74443 387820   5.08  10.90   2.40  11.36   8.40   1.46   1.01    466   4.20  10.21    95
  1224  74447 387827   6.00   7.45   0.00  11.36   8.39   1.46   1.01    466   4.00  10.21    95
  1225  74449 387829   6.96   5.00  18.20  11.38   8.40   1.47   1.02    467   3.30  10.20    94
  1225  74446 387824   7.97   6.65  18.60  11.36   8.40   1.47   1.02    467   3.60  10.21    95
  1225  74440 387820   9.02   7.75  18.70  11.35   8.39   1.47   1.02    467   3.40  10.22    95
  1225  74435 387816   9.87   8.00  18.80  11.34   8.41   1.47   1.02    467   3.50  10.20    94
  1226  74434 387814  11.04   6.95  18.70  11.35   8.40   1.47   1.02    467   3.60  10.17    94
  1226  74435 387813  12.10   5.75  18.70  11.35   8.40   1.47   1.02    467   3.60  10.17    94
  1226  74436 387812  12.97   4.90  18.70  11.35   8.39   1.47   1.02    467   3.10  10.16    94
  1226  74434 387809  14.12   3.65  18.60  11.36   8.41   1.47   1.02    467   3.50  10.16    94
  1226  74429 387806  15.16   2.50  18.20  11.36   8.40   1.47   1.02    467   3.30  10.17    94
  1227  74425 387804  15.88   1.85  17.80  11.36   8.40   1.47   1.02    467   3.20  10.17    94
  1227  74424 387803  17.01   0.70  17.60  11.36   8.40   1.47   1.02    467   3.20  10.17    94
 -1237  74553 385515   1.00   5.45   6.80  11.55   8.38   1.48   1.02    468   4.00   9999  9999
  1238  74554 385504   1.87   4.90   6.70  11.57   8.38   1.48   1.02    468   3.90   9999  9999
  1238  74554 385501   2.87   3.75   6.70  11.56   8.38   1.48   1.02    468   3.40   9999  9999
  1238  74554 385498   3.88   2.85   6.70  11.56   8.36   1.48   1.02    468   3.10   9999  9999
  1238  74554 385498   4.89   1.85   6.70  11.56   8.38   1.48   1.02    468   3.40   9999  9999
  1238  74554 385498   5.83   0.90   6.70  11.56   8.38   1.48   1.02    468   3.50   9999  9999
 -1253  74122 384669   1.17   5.25   7.10  11.56   8.26   1.52   1.05    486   4.00   9999  9999
  1253  74122 384660   1.90   4.85   7.10  11.58   8.26   1.52   1.05    486   4.20   9999  9999
  1254  74125 384650   2.90   3.90   7.00  11.58   8.26   1.52   1.05    486   3.20   9999  9999
  1254  74130 384641   3.81   2.85   7.10  11.59   8.24   1.52   1.05    486   3.70   9999  9999
  1255  74142 384634   4.83   1.70   6.90  11.60   8.26   1.52   1.05    486   2.90   9999  9999
