# MEETVAARTUIG         : M.C.ECOS 8 VERTIKAAL
# MEETDATUM            : 03-04-2025 09:04:54
# MEETGEBIED           : VOLKERAK/ZOOMMEER
# STARTPUNT            : ZTS 09
# EINDPUNT             : ZTS 46
# PROJECTCODE          : ATS ZTS
# OPDRACHTGEVER        : ZLXXAXAMDBG
# BEHEERDER            : ZLXXAXAMDBG
# BEMONST. INST        : []
# WAARNEMER(S)         : Bernaaards
#
* 20250403
$ 9999 [00000000000000000000]
>TIJD       uumm                         
>X          coordinaat                   
>Y          coordinaat                   
>SENSHTE    Diepte set           m       
>Echms      Echoset              mtrs    
>Temp       Temperatuur          oC      
>pH         Zuurgraad            pH      
>O2         Zuurstof             mg/l    
>%O2        Zuurstof%            %       
>GELBH      Geleidendheid        mS/cm   
>GEL20      Gel20                ???     
>SALNTT     Saliniteit           dimsl   
>CL-        Chloride             mg/l    
>CHLFRFU    Chlorofyl            RFU     
>TROEBFN    Troebelheid          FNU     
>PHUCOUG    Phycocyanine         ug/l    
 -1103    72881   400000    0.96    8.09   10.38    8.43   11.40    102    1.12    140    0.79     335    0.76    1.83   11.36
  1103    72881   400000    2.03    6.76   10.42    8.43   11.40    102    1.12    140    0.79     335    0.81    1.65   11.36
  1103    72881   400000    2.98    5.94   10.41    8.43   11.40    102    1.12    140    0.79     335    0.94    1.58   11.36
  1104    72881   400000    4.07    4.66   10.41    8.43   11.40    102    1.12    140    0.79     335    0.85    1.83   11.37
  1104    72881   400000    5.03    3.70   10.42    8.43   11.40    102    1.12    140    0.79     335    1.08    1.97   11.37
  1104    72881   400000    6.05    2.89   10.42    8.43   11.40    102    1.12    140    0.79     335    0.92    1.72   11.38
  1104    72881   400000    7.02    2.09   10.42    8.43   11.40    102    1.12    140    0.79     335    0.92    2.26   11.38
  1105    72881   400000    8.05    0.75   10.42    8.43   11.40    102    1.12    140    0.79     335    0.90    2.10   11.38
 -2359    74950   394970    0.00    9999    9999    9999    9999   9999    9999   9999    9999    9999    9999    9999    9999
  2359    74950   394970    8.00    9999    9999    9999    9999   9999    9999   9999    9999    9999    9999    9999    9999
 -1142    73940   392150    0.96    7.01   10.27    8.36   11.20    100    1.21    151    0.86     373    0.85    3.66   11.17
  1142    73940   392150    2.05    5.41   10.15    8.35   11.20    100    1.23    154    0.87     384    0.90    3.52   11.16
  1143    73940   392150    3.02    4.40   10.13    8.35   11.20    100    1.23    154    0.87     384    1.30    3.51   11.15
  1143    73940   392150    4.06    3.30   10.15    8.35   11.20    100    1.23    154    0.87     383    1.07    3.77   11.14
  1143    73940   392150    5.07    2.26   10.14    8.35   11.20    100    1.23    154    0.87     382    0.99    3.93   11.13
  1143    73940   392150    5.94    1.43   10.12    8.35   11.20     99    1.23    154    0.87     382    1.04    5.33   11.14
  1144    73940   392150    6.92    0.76   10.11    8.35   11.20     99    1.23    154    0.87     382    1.13    4.65   11.13
 -0843    71500   392060    1.03   19.32   10.81    8.40   11.20    101    1.26    156    0.88     389    1.29    1.56   11.17
  0844    71500   392060    2.03   18.22   10.81    8.40   11.20    102    1.26    156    0.88     389    1.35    1.72   11.19
  0844    71500   392060    3.11   16.55   10.81    8.40   11.20    101    1.26    156    0.88     389    1.36    1.56   11.17
  0844    71500   392060    3.99   15.56   10.76    8.39   11.20    101    1.26    156    0.88     389    1.17    1.52   11.17
  0845    71500   392060    4.98   14.46   10.70    8.38   11.20    101    1.25    155    0.88     386    1.10    1.60   11.15
  0845    71500   392060    5.99   13.39   10.67    8.37   11.20    101    1.25    155    0.88     386    1.02    1.53   11.12
  0845    71500   392060    6.98   12.39   10.67    8.37   11.10    100    1.25    155    0.88     386    1.09    1.57   11.10
  0845    71500   392060    8.00   11.34   10.64    8.35   11.10    100    1.25    155    0.88     385    0.94    1.58   11.03
  0846    71500   392060    9.01   10.48   10.44    8.36   11.00     99    1.25    156    0.88     389    0.99    1.58   10.99
  0846    71500   392060   10.01    9.74   10.34    8.36   11.00     99    1.26    157    0.89     392    0.97    1.64   11.00
  0846    71500   392060   11.09    8.83   10.23    8.35   11.00     98    1.26    158    0.90     398    0.91    1.58   10.98
  0847    71500   392060   12.02    8.21    9.97    8.31   10.80     96    1.31    165    0.94     420    1.00    2.72   10.75
  0848    71500   392060   13.09    6.91    9.76    8.27   10.50     93    1.35    170    0.97     440    0.75    4.37   10.51
  0849    71500   392060   13.96    5.76    9.46    8.20   10.20     89    1.41    180    1.03     474    0.75    7.03   10.16
  0850    71500   392060   14.98    5.23    9.41    8.13    9.88     86    1.69    215    1.24     596    0.81    5.53    9.81
  0851    71500   392060   15.98    4.00    8.39    8.08    9.33     80    2.04    267    1.56     762    0.84    3.78    9.26
  0853    71500   392060   16.88    3.01    7.57    8.02    8.31     70    2.22    297    1.75     866    0.77    2.49    8.24
  0854    71500   392060   18.03    1.40    7.53    8.01    7.90     66    2.52    338    2.00    1008    0.65    2.33    7.84
  0855    71500   392060   18.92    1.14    7.57    7.83    6.14     52    3.12    417    2.50    1285    0.68    2.66    6.09
 -2359    72180   391770    0.00    9999    9999    9999    9999   9999    9999   9999    9999    9999    9999    9999    9999
  2359    72180   391770   17.00    9999    9999    9999    9999   9999    9999   9999    9999    9999    9999    9999    9999
 -0834    72700   391000    1.08   16.84   10.47    8.36    9999   9999    1.24    155    0.88     385    1.03    1.92   10.98
  0834    72700   391000    2.00   16.00   10.49    8.36    9999   9999    1.24    154    0.87     384    1.16    2.10   10.98
  0834    72700   391000    3.01   14.99   10.50    8.36    9999   9999    1.25    155    0.88     385    1.08    2.01   10.97
  0834    72700   391000    4.08   13.92   10.51    8.35    9999   9999    1.25    155    0.88     387    1.23    1.94   10.97
  0834    72700   391000    5.09   12.93   10.50    8.35    9999   9999    1.25    156    0.88     388    1.09    1.84   10.96
  0834    72700   391000    6.13   11.96   10.50    8.35    9999   9999    1.25    156    0.88     389    1.14    1.74   10.96
  0834    72700   391000    7.09   11.06   10.47    8.34    9999   9999    1.25    156    0.88     390    1.04    1.81   10.96
  0834    72700   391000    8.07   10.08   10.39    8.35    9999   9999    1.25    156    0.88     389    0.99    1.76   10.96
  0834    72700   391000    9.03    9.21   10.29    8.34    9999   9999    1.25    156    0.88     390    0.90    1.82   10.98
  0834    72700   391000   10.06    8.26   10.22    8.34    9999   9999    1.25    156    0.89     391    0.78    2.08   10.99
  0834    72700   391000   11.04    7.59   10.17    8.34    9999   9999    1.25    157    0.89     393    0.91    2.14   10.97
  0834    72700   391000   12.11    6.24   10.05    8.32    9999   9999    1.25    157    0.89     395    0.90    2.10   10.96
  0835    72700   391000   13.11    5.02    9.85    8.31    9999   9999    1.27    161    0.91     406    0.73    2.87   10.94
  0835    72700   391000   13.97    4.41    9.34    8.25    9999   9999    1.34    172    0.98     444    0.73    3.80   10.93
  0835    72700   391000   15.07    3.13    8.42    8.07    9999   9999    1.50    196    1.12     528    0.61    3.82   10.76
  0835    72700   391000   16.00    2.43    7.75    7.95    9999   9999    1.63    217    1.25     602    0.68    3.48   10.63
  0835    72700   391000   17.03    1.12    7.43    7.87    9999   9999    1.71    229    1.33     644    0.74    3.05   10.06
 -1152    74000   390380    1.03    5.99    9.97    8.32    9999   9999    1.25    158    0.90     396    0.65    2.16   10.93
  1152    74000   390380    1.91    4.80    9.98    8.32    9999   9999    1.25    158    0.89     396    0.92    2.36   10.93
  1152    74000   390380    2.96    3.79    9.98    8.32    9999   9999    1.25    158    0.89     396    0.89    2.29   10.93
  1152    74000   390380    4.01    2.71    9.95    8.32    9999   9999    1.25    158    0.89     396    0.92    2.26   10.92
  1152    74000   390380    4.90    1.85    9.92    8.32    9999   9999    1.25    158    0.90     396    0.82    2.26   10.92
  1152    74000   390380    5.91    0.94    9.90    8.32    9999   9999    1.25    158    0.90     397    0.89    2.35   10.93
 -1206    74430   387826    1.04   14.45   10.52    8.37   11.10    100    1.24    154    0.87     384    0.94    2.15   11.04
  1211    74430   387826    2.08   12.99   10.50    8.36   11.10     99    1.24    154    0.87     384    0.97    2.08   11.02
  1212    74430   387826    2.95   12.61   10.47    8.36   11.10     99    1.24    154    0.87     384    0.96    2.16   11.03
  1212    74430   387826    4.02   11.61   10.40    8.36   11.10     99    1.24    155    0.88     385    0.84    2.35   11.02
  1213    74430   387826    4.98   10.51   10.41    8.36   11.10     99    1.24    155    0.88     385    0.88    2.38   11.02
  1213    74430   387826    6.12    8.84   10.39    8.36   11.10     99    1.24    155    0.88     385    0.97    2.25   11.02
  1213    74430   387826    7.01    7.14   10.38    8.36   11.10     99    1.24    155    0.88     386    0.93    2.30   11.02
  1213    74430   387826    7.90    6.40   10.37    8.35   11.10     99    1.24    155    0.88     387    0.82    2.61   11.01
  1214    74430   387826    9.06    5.26   10.34    8.35   11.00     99    1.25    156    0.88     389    0.92    2.19   10.99
  1214    74430   387826   10.09    4.69   10.34    8.35   11.00     99    1.25    156    0.89     391    0.92    2.60   10.97
  1214    74430   387826   11.11    5.09   10.34    8.35   11.00     98    1.25    156    0.89     391    0.83    2.34   10.95
  1215    74430   387826   12.03    5.46   10.32    8.34   11.00     98    1.25    157    0.89     392    0.98    3.03   10.94
  1215    74430   387826   12.93    4.74   10.32    8.34   11.00     98    1.26    157    0.89     393    0.80    2.83   10.91
  1216    74430   387826   14.10    3.41   10.11    8.29   10.30     92    1.50    188    1.08     501    1.00    2.81   10.28
  1217    74430   387826   14.95    1.29    9.99    8.20    9.54     84    1.80    226    1.31     635    1.04    4.35    9.46
 -1256    74550   385500    1.08    5.94   10.70    8.51    9999   9999    1.29    160    0.91     404    2.31    4.52   11.60
  1256    74550   385500    1.94    4.45   10.70    8.51    9999   9999    1.29    160    0.91     404    2.32    5.23   11.59
  1256    74550   385500    3.07    3.36   10.70    8.51    9999   9999    1.29    160    0.91     404    2.27    4.80   11.60
  1256    74550   385500    3.92    2.43   10.70    8.51    9999   9999    1.30    160    0.91     405    2.21    4.82   11.59
  1256    74550   385500    5.01    1.34   10.69    8.51    9999   9999    1.30    161    0.91     406    2.29    5.04   11.60
  1256    74550   385500    5.93    0.75   10.68    8.50    9999   9999    1.30    161    0.91     406    2.14    4.47   11.60
 -1240    74145   384650    1.11    6.20   10.70    8.41    9999   9999    1.26    156    0.89     391    1.15    1.81   11.21
  1240    74145   384650    1.93    5.04   10.72    8.41    9999   9999    1.26    156    0.89     391    1.13    1.93   11.21
  1240    74145   384650    2.92    4.10   10.66    8.41    9999   9999    1.26    156    0.89     391    1.26    1.76   11.18
  1240    74145   384650    3.88    2.95   10.59    8.41    9999   9999    1.26    156    0.89     391    1.32    1.81   11.19
  1240    74145   384650    4.92    1.91   10.51    8.40    9999   9999    1.26    156    0.89     391    1.15    1.85   11.20
  1240    74145   384650    5.89    1.10   10.48    8.40    9999   9999    1.26    156    0.89     391    1.21    2.05   11.20
