# MEETVAARTUIG : M.S. ARGUS
# MEETDATUM    : 12-05-2010 10:48:19
# MEETGEBIED   :
# STARTPUNT    :
# EINDPUNT     :
# PROJECTCODE  :
# OPDRACHTGEVER:
# BEHEERDER    :
# BEMONST. INST:
# WAARNEMER(S) : Gerrit Bakker
#
* 20100512
$ 9999 [00000000000]
>TIJD      uumm                    
>X         coordinaat              
>Y         coordinaat              
>SENSHTE   Diepte set        m     
>ECHOS     Echoset           mtrs  
>Temp      Temperatuur       oC        : 5.0   0.5   15   0.5
>O2        Zuurstof          mg/l  
>%O2       Zuurstof%         %     
>GELBH     Geleidendheid     mS/cm 
>SALNTT    Saliniteit        dimsl 
>CL-       Chloride          mg/l  
 -1048  72878 399975   1.04   6.50  11.42  10.09    93   1.19   0.81    349
  1049  72850 400001   2.07   4.65  11.41  10.09    93   1.18   0.81    348
  1049  72847 400007   3.05   3.75  11.41  10.08    93   1.18   0.81    349
  1049  72847 400006   4.19   2.70  11.41  10.08    93   1.18   0.81    349
  1049  72847 400006   5.06   1.90  11.40  10.08    93   1.18   0.81    349
  1050  72847 400005   6.03   0.95  11.40  10.06    93   1.18   0.81    349
  1051  72876 400003   6.97   1.15  11.42  10.06    93   1.19   0.81    349
 -2359  74650 397850   1.00   9999   9999   9999   9999  9999   9999   9999
  2359  74650 397850   8.00   9999   9999   9999   9999  9999   9999   9999
 -1022  74960 394933   1.09   7.55  11.34   9999  9999   1.23   0.85    368
  1022  74966 394956   1.83   7.60  11.35   9999  9999   1.23   0.85    368
  1022  74968 394962   2.80   6.50  11.35   9999  9999   1.23   0.85    368
  1022  74971 394968   3.87   5.50  11.35   9999  9999   1.23   0.85    368
  1022  74972 394970   4.84   4.50  11.35   9999  9999   1.23   0.85    368
  1022  74972 394970   5.84   3.55  11.35   9999  9999   1.23   0.85    368
  1022  74972 394971   6.83   2.65  11.34   9999  9999   1.23   0.85    368
  1022  74972 394970   7.80   1.45  11.35   9999  9999   1.23   0.85    368
  1022  74971 394967   8.83   0.55  11.34   9999  9999   1.23   0.85    369
 -1008  73947 392143   0.98   5.65  11.39   9999  9999   1.18   0.81    347
  1008  73945 392157   1.85   5.10  11.39   9999  9999   1.19   0.81    350
  1008  73944 392162   2.80   4.10  11.40   9999  9999   1.19   0.82    351
  1009  73943 392163   3.87   3.05  11.40   9999  9999   1.19   0.81    349
  1009  73941 392162   4.81   2.05  11.40   9999  9999   1.19   0.81    349
  1009  73940 392161   5.82   1.00  11.40   9999  9999   1.19   0.81    349
 -0936  71484 392059   1.00  17.75  11.61  10.08    94   1.47   1.01    466
  0937  71488 392068   2.02  16.85  11.61  10.08    94   1.47   1.01    466
  0937  71490 392073   3.01  15.90  11.61  10.07    94   1.47   1.01    466
  0937  71492 392073   3.99  15.05  11.62  10.07    94   1.47   1.02    467
  0938  71495 392073   5.04  14.15  11.63  10.05    93   1.48   1.02    468
  0938  71498 392072   5.98  13.25  11.62  10.04    93   1.48   1.02    469
  0938  71503 392073   7.01  12.25  11.62   9.97    93   1.54   1.06    493
  0939  71506 392070   8.05  11.35  11.61   9.93    92   1.54   1.06    493
  0939  71507 392067   9.01  10.45  11.62   9.91    92   1.54   1.06    494
  0939  71507 392065  10.04   9.50  11.59   9.91    92   1.56   1.08    505
  0940  71509 392060  11.00   8.65  11.59   9.69    90   1.81   1.26    608
  0941  71499 392055  12.06   7.55  11.28   8.82    82   2.31   1.64    811
  0943  71493 392061  12.96   6.10  11.00   8.30    76   2.82   2.05   1038
  0943  71493 392059  14.02   5.05  10.95   8.29    76   2.96   2.15   1097
  0945  71498 392052  15.03   4.55   9.57   6.82    61   3.64   2.79   1448
  0945  71497 392054  16.07   3.35   7.71   5.82    50   3.69   2.98   1656
  0947  71499 392058  17.02   2.50   7.56   2.67    23   3.78   3.07   1705
  0948  71500 392046  18.06   1.45   7.70   1.67    14   4.58   3.75   2082
  0950  71498 392060  18.95   0.40   7.58   0.70     6   5.01   4.14   2299
 -0928  72206 391762   1.02  14.75  11.68   9999  9999   1.43   0.98    448
  0928  72203 391771   1.81  13.50  11.68   9999  9999   1.43   0.98    449
  0928  72202 391775   2.81  12.70  11.68   9999  9999   1.43   0.98    449
  0928  72201 391778   3.85  11.60  11.68   9999  9999   1.43   0.98    448
  0928  72201 391779   4.85  10.25  11.68   9999  9999   1.43   0.99    449
  0928  72201 391781   5.83   9.55  11.67   9999  9999   1.45   0.99    454
  0928  72202 391781   6.83   8.10  11.61   9999  9999   1.45   1.00    456
  0928  72203 391778   7.85   7.05  11.64   9999  9999   1.46   1.00    460
  0928  72203 391780   8.84   5.75  11.68   9999  9999   1.52   1.05    486
  0929  72204 391780   9.80   4.80  11.71   9999  9999   1.63   1.13    532
  0929  72205 391779  10.88   3.50  11.66   9999  9999   1.66   1.15    545
  0929  72206 391778  11.90   2.30  11.65   9999  9999   1.69   1.17    558
  0929  72203 391776  12.83   2.30  10.86   9999  9999   2.41   1.74    867
  0929  72202 391776  13.81   2.45  10.47   9999  9999   2.64   1.93    974
  0930  72200 391775  14.82   1.45  10.14   9999  9999   3.23   2.41   1241
  0930  72193 391778  15.82   1.55   9.07   9999  9999   3.44   2.66   1378
  0930  72186 391785  16.82   1.35   8.15   9999  9999   3.57   2.84   1476
  0931  72181 391776  17.80   0.45   7.36   9999  9999   3.84   3.14   1743
 -0922  72714 390980   0.85  17.25  11.51   9999  9999   1.36   0.93    418
  0922  72699 390989   1.82   0.55  11.51   9999  9999   1.36   0.93    419
  0922  72693 390989   2.84  15.60  11.51   9999  9999   1.36   0.93    419
  0922  72691 390991   3.86  14.60  11.52   9999  9999   1.36   0.93    419
  0922  72687 390996   4.84  13.50  11.51   9999  9999   1.36   0.93    419
  0922  72685 390998   5.89  12.55  11.51   9999  9999   1.36   0.93    420
  0922  72683 391000   6.84  11.85  11.51   9999  9999   1.36   0.93    419
  0922  72681 391000   7.85  10.80  11.52   9999  9999   1.36   0.93    419
  0922  72680 391001   8.88   9.55  11.51   9999  9999   1.36   0.93    420
  0922  72680 391001   9.86   8.90  11.52   9999  9999   1.36   0.94    420
  0922  72679 391001  10.82   7.80  11.52   9999  9999   1.36   0.94    421
  0923  72678 391001  11.81   6.70  11.51   9999  9999   1.43   0.98    449
  0923  72677 391001  12.84   5.80  11.47   9999  9999   1.43   0.99    450
  0923  72677 391001  13.84   4.80  11.34   9999  9999   1.79   1.26    606
  0923  72676 391000  14.84   4.00  10.60   9999  9999   2.15   1.55    759
  0923  72676 391000  15.84   2.80   9.75   9999  9999   2.49   1.86    931
  0923  72675 390999  16.88   1.70   9.41   9999  9999   2.59   1.95    982
  0923  72674 390996  17.81   0.50   8.57   9999  9999   2.76   2.14   1086
 -0915  74011 390355   1.02   5.35  11.44   9999  9999   1.38   0.96    432
  0915  74008 390373   1.86   4.65  11.43   9999  9999   1.38   0.95    431
  0915  74008 390378   2.83   3.85  11.43   9999  9999   1.38   0.96    432
  0915  74007 390386   3.90   2.75  11.43   9999  9999   1.38   0.96    432
  0915  74007 390391   4.89   1.70  11.44   9999  9999   1.39   0.96    433
  0915  74008 390392   5.84   0.90  11.44   9999  9999   1.39   0.96    434
 -0857  74414 387811   1.05  16.05  11.51   9.93    92   1.44   1.00    455
  0857  74419 387825   1.99  15.40  11.52   9.92    92   1.45   1.00    458
  0858  74421 387828   3.06  14.50  11.50   9.92    92   1.45   1.00    457
  0858  74423 387829   4.03  13.45  11.47   9.92    92   1.45   1.00    458
  0858  74426 387829   5.02  12.55  11.48   9.93    92   1.45   1.00    458
  0858  74430 387828   6.04  11.40  11.47   9.93    92   1.45   1.00    458
  0859  74430 387828   7.00  10.50  11.47   9.93    92   1.45   1.00    457
  0859  74431 387827   8.04   9.60  11.47   9.93    92   1.45   1.00    458
  0859  74432 387827   9.05   8.40  11.46   9.92    92   1.45   1.00    458
  0900  74434 387826  10.02   7.60  11.43   9.86    91   1.45   1.00    457
  0900  74435 387828  11.05   6.45  11.34   9.85    91   1.43   0.99    454
  0900  74435 387830  12.01   5.35  11.32   9.85    91   1.43   0.99    455
  0900  74435 387831  13.03   4.35  11.32   9.78    90   1.43   0.99    452
  0901  74435 387832  14.03   3.20  11.31   9.78    90   1.44   1.00    457
  0901  74432 387832  15.04   2.35  11.32   9.75    90   1.46   1.01    463
  0903  74432 387826  16.00   1.75  11.67   8.65    81   1.81   1.26    606
  0903  74429 387826  17.01  51.25  11.73   8.63    80   1.95   1.36    666
 -0823  74565 385516   1.00   5.55  11.36   9999  9999   1.48   1.03    474
  0823  74564 385490   1.82   0.45  11.38   9999  9999   1.49   1.03    475
  0823  74563 385484   2.87   3.75  11.38   9999  9999   1.48   1.03    474
  0823  74563 385482   3.84   2.75  11.39   9999  9999   1.49   1.03    475
  0823  74563 385480   4.84   1.90  11.40   9999  9999   1.49   1.03    475
  0823  74563 385478   5.85   0.70  11.41   9999  9999   1.49   1.03    475
 -0840  74128 384668   0.83   5.55  11.35   9999  9999   1.45   1.01    461
  0840  74129 384658   1.81   0.40  11.35   9999  9999   1.45   1.01    462
  0840  74129 384656   2.88   3.85  11.35   9999  9999   1.45   1.01    462
  0840  74129 384654   3.81   3.05  11.35   9999  9999   1.46   1.01    463
  0840  74128 384651   4.91   0.55  11.35   9999  9999   1.46   1.01    463
