# M.S. 'ARGUS'
# 27-02-1996 10:34:25
# PROJECTCODE: E7301X
# OPDRACHTGEVER: AXW
# MEETGEBIED: Veerse Meer
# STARTPUNT: Veersegatdam
# EINDPUNT: Sluis Kats
# LUCHTTEMP.        2.2 GR.C
# BAROMETER        1017 MBAR
# WINDSNELHEID       -- M/SEC
# WINDRICHTING       -- GRAD 
* 19960227
$-9999 [0002222220220220]
> TIJD
> X-COORD
> Y-COORD
>SENSHTE Diepte set      m
>Echms   Echo set        mtrs
>Echo    Echo schip      mtrs
>Temp    Temperatuur     Gr.C
>pH      Zuurgraad       s.e.
>O2      Zuurstof ME     mg/
>O2%     Zuurstof Verz.  %
>GELBH   Geleidendheid   mS/cm
>SALNTT  Saliniteit      Prom
>CL-     Chloride        mg/l       
>DICHT   Dichtheid       Gr.
>Flme    Flur ME         fgr
>      76.0 Mex 3001        %
-1034  33195 400540  1.11 17.61 18.57  2.42  8.53 12.36   101 16.13 17.00  9544 13.64  3.26     0
 1035  33190 400539  1.87 17.30 18.57  2.29  8.51 12.37   101 16.14 17.09  9593 13.71  3.48     0
 1035  33188 400542  2.94 15.90 18.59  2.28  8.51 12.37   101 16.17 17.13  9617 13.74  3.58     0
 1036  33187 400548  3.92 14.39 18.57  2.23  8.51 12.43   101 16.17 17.16  9634 13.77  3.33     0
 1036  33188 400553  5.08 12.61 18.43  2.16  8.50 12.46   101 16.15 17.17  9639 13.78  3.01     0
 1037  33190 400561  5.93  9.62 18.01  2.03  8.49 12.45   101 16.11 17.20  9657 13.81  2.72     0
 1037  33191 400563  7.16  7.83 17.99  1.99  8.49 12.41   101 16.10 17.20  9658 13.81  2.64     0
 1038  33193 400566  8.15  6.40 17.91  1.92  8.49 12.39   100 16.07 17.22  9664 13.82  2.61     0
 1038  33194 400569  9.09  4.77 17.87  1.84  8.49 12.39   100 16.05 17.23  9671 13.83  2.50     0
 1038  33195 400572 10.02  3.72 17.81  1.78  8.49 12.40   100 16.03 17.24  9678 13.84  2.49     0
 1039  33205 400581 11.13  6.51 17.76  1.78  8.49 12.38   100 16.03 17.24  9678 13.84  2.62     0
 1039  33209 400583 12.00  5.57 17.91  1.78  8.49 12.39   100 16.03 17.24  9678 13.84  2.65     0
 1040  33211 400584 12.98  4.46 17.97  1.78  8.48 12.38   100 16.03 17.24  9679 13.84  2.65     0
 1040  33213 400585 14.03  3.26 18.21  1.78  8.48 12.35   100 16.04 17.24  9681 13.85  2.64     0
 1040  33214 400587 14.96  2.15 18.23  1.79  8.48 12.34   100 16.04 17.24  9680 13.84  2.71     0
 1041  33215 400588 16.07  0.87 18.29  1.80  8.48 12.33   100 16.05 17.25  9686 13.85  2.76     0
-1045  33142 400175  1.11 13.10 13.96  1.98  8.51 12.51   101 15.99 17.08  9587 13.71  3.02     0
 1046  33128 400180  1.96 10.91 13.76  2.31  8.51 12.39   101 16.19 17.14  9619 13.75  2.71     0
 1046  33121 400185  2.96  8.91  4.80  2.24  8.51 12.50   102 16.18 17.16  9632 13.77  3.74     0
 1047  33118 400187  4.11  7.27  4.05  2.16  8.50 12.51   102 16.15 17.17  9640 13.78  3.40     0
 1047  33120 400195  4.93  6.56  4.03  2.11  8.50 12.49   102 16.14 17.18  9646 13.79  3.05     2
 1048  33136 400223  5.92  6.59 13.68  2.11  8.51 12.46   101 16.14 17.19  9647 13.79  2.95     0
 1048  33143 400237  7.06  5.68 14.78  2.02  8.50 12.48   101 16.11 17.21  9659 13.81  2.84     0
 1049  33150 400247  7.99  5.35 14.86  1.88  8.50 12.48   101 16.07 17.23  9672 13.83  2.70     0
 1049  33157 400256  9.05  4.37 14.43  1.81  8.50 12.47   101 16.04 17.23  9674 13.84  2.61     0
 1049  33164 400265 10.17  3.29 14.23  1.80  8.50 12.44   100 16.03 17.24  9675 13.84  2.56     1
 1050  33168 400271 11.08  2.27 14.23  1.79  8.50 12.44   100 16.03 17.24  9677 13.84  2.57     0
 1050  33174 400278 11.93  1.44 14.11  1.77  8.50 12.43   100 16.03 17.24  9677 13.84  2.58     0
 1050  33181 400283 12.94  0.25 13.70  1.77  8.49 12.41   100 16.03 17.24  9678 13.84  2.63     0
-1059  33918 398915  1.03 19.48 23.12  1.81  8.52 12.46   101 15.90 17.07  9580 13.70  2.18     0
 1100  33920 398909  1.99 19.19 23.84  1.91  8.52 12.39   100 15.97 17.10  9596 13.72  2.97     0
 1100  33922 398906  3.04 18.40 24.02  2.08  8.51 12.35   100 16.09 17.14  9620 13.75  3.28     0
 1101  33922 398904  3.98 17.41 23.98  2.05  8.51 12.40   101 16.09 17.16  9635 13.78  3.63     2
 1101  33921 398904  4.94 16.57 24.00  1.99  8.51 12.39   101 16.10 17.20  9657 13.81  3.26     0
 1102  33918 398904  5.97 15.68 24.12  1.97  8.51 12.40   100 16.10 17.22  9665 13.82  2.90     0
 1102  33916 398903  7.00 14.76 24.06  1.94  8.51 12.40   100 16.09 17.22  9668 13.82  2.91     0
 1103  33912 398903  7.95 13.67 24.02  1.86  8.52 12.42   100 16.06 17.23  9674 13.83  2.72     0
 1103  33909 398904  8.98 12.78 23.96  1.86  8.51 12.43   101 16.06 17.23  9673 13.83  2.74     0
 1103  33908 398905  9.98 12.04 23.86  1.85  8.51 12.42   100 16.06 17.23  9673 13.83  2.71     0
 1103  33906 398905 11.17 10.65 23.74  1.83  8.50 12.44   101 16.05 17.23  9675 13.84  2.67     0
 1104  33905 398906 11.97 10.26 23.68  1.83  8.50 12.45   101 16.05 17.23  9673 13.83  2.72     0
 1104  33902 398906 12.92  9.50 23.59  1.83  8.50 12.44   101 16.05 17.24  9675 13.84  2.74     0
 1104  33899 398907 14.07  8.47 23.94  1.80  8.50 12.47   101 16.04 17.24  9679 13.84  2.76     0
 1105  33898 398907 14.99  7.62 24.00  1.77  8.50 12.46   101 16.03 17.24  9677 13.84  2.78     0
 1105  33897 398907 16.01  6.59 24.04  1.75  8.50 12.46   100 16.02 17.24  9680 13.85  2.72     0
 1106  33895 398908 17.01  5.45 24.02  1.73  8.50 12.44   100 16.01 17.24  9681 13.85  2.75     0
 1106  33894 398909 17.95  4.49 23.98  1.72  8.49 12.42   100 16.01 17.24  9680 13.85  2.66     0
 1106  33893 398909 19.00  3.48 23.88  1.71  8.49 12.41   100 16.00 17.24  9680 13.85  2.70     0
 1107  33893 398909 20.04  2.45 23.86  1.72  8.49 12.39   100 16.01 17.25  9681 13.85  2.71     0
 1107  33892 398909 20.98  1.55 23.84  1.71  8.49 12.39   100 16.00 17.25  9682 13.85  2.68     0
 1107  33891 398909 21.97  0.48 23.88  1.71  8.49 12.36   100 16.00 17.25  9681 13.85  2.71     3
-1116  35005 398030  1.04  4.26  5.93  1.86  8.51 12.56   102 16.06 17.23  9669 13.83  3.44     0
 1117  35011 398028  1.97  3.44  5.83  1.87  8.51 12.55   101 16.07 17.23  9673 13.83  3.38     0
 1117  35015 398026  3.04  2.35  5.75  1.86  8.51 12.54   101 16.07 17.23  9676 13.84  3.22     0
 1117  35020 398028  4.05  1.17  5.60  1.87  8.51 12.54   101 16.07 17.24  9679 13.84  3.02     0
 1118  35023 398028  4.88  0.33  5.58  1.98  8.50 12.48   101 16.15 17.27  9693 13.86  3.99     5
-1124  35439 397445  0.98  0.35 16.74  1.78  8.51 12.52   101 16.01 17.21  9663 13.82  2.17     0
 1124  35443 397435  1.95 13.34 13.62  1.82  8.51 12.50   101 16.04 17.23  9672 13.83  2.77     0
 1124  35444 397431  3.04 12.97 11.14  1.83  8.51 12.50   101 16.05 17.23  9675 13.84  3.58     0
 1125  35442 397430  3.96 12.14 11.39  1.82  8.51 12.49   101 16.04 17.23  9670 13.83  3.14     0
 1125  35441 397430  5.02  0.65 11.60  1.79  8.51 12.51   101 16.03 17.24  9675 13.84  3.07     0
 1125  35441 397428  5.99  0.45  3.08  1.81  8.51 12.49   101 16.04 17.23  9673 13.83  3.03     0
 1126  35441 397427  7.14  8.76  2.82  1.80  8.51 12.49   101 16.04 17.23  9674 13.83  2.98     0
 1126  35441 397426  7.92  7.75  4.03  1.81  8.51 12.48   101 16.04 17.23  9674 13.84  3.02     0
 1126  35441 397424  8.98  5.95  8.84  1.85  8.51 12.47   101 16.07 17.25  9683 13.85  2.90     0
 1126  35440 397420 10.06  3.22  9.26  1.82  8.51 12.51   101 16.09 17.28  9702 13.87  2.77     3
 1127  35440 397424 11.10  4.09  2.50  1.83  8.51 12.54   101 16.10 17.29  9707 13.88  2.85     0
 1128  35441 397426 12.05  3.69  9.66  1.82  8.51 12.55   101 16.10 17.30  9712 13.89  2.88     0
 1128  35442 397427 13.05  2.76 10.35  1.83  8.51 12.52   101 16.11 17.30  9712 13.89  3.00     0
 1129  35443 397428 14.02  1.80 10.96  1.82  8.51 12.53   101 16.11 17.30  9715 13.89  3.04     0
 1129  35443 397428 15.00  0.81 10.86  1.83  8.51 12.50   101 16.11 17.31  9716 13.89  3.14     0
-1136  36133 396886  1.05  6.19  7.01  1.93  8.50 12.50   101 15.87 16.97  9539 13.63  2.66     0
 1136  36135 396882  2.01  4.93  6.97  1.91  8.50 12.47   101 15.93 17.05  9573 13.69  3.15     0
 1137  36135 396882  3.05  3.80  6.97  1.88  8.50 12.46   101 16.00 17.15  9628 13.77  3.42     0
 1137  36133 396880  4.03  2.55  6.95  1.81  8.51 12.47   101 16.02 17.21  9663 13.82  3.33     0
 1137  36133 396878  5.04  1.46  6.93  1.77  8.51 12.47   101 16.02 17.24  9675 13.84  2.99     0
 1138  36133 396876  6.10  0.37  6.85  1.75  8.51 12.46   100 16.03 17.25  9682 13.85  2.87     0
-1144  36701 395942  1.06  0.35  9.60  2.02  8.52 12.53   102 16.08 17.16  9635 13.78  2.66     0
 1145  36702 395940  2.01  0.26  9.72  2.02  8.52 12.54   102 16.08 17.16  9633 13.77  3.13     0
 1145  36702 395940  3.12  2.50  9.60  1.94  8.52 12.54   102 16.05 17.17  9640 13.78  3.54     0
 1146  36701 395940  4.21  4.26  9.62  1.91  8.52 12.54   101 16.03 17.17  9638 13.78  3.65     0
 1146  36702 395940  4.99  3.87  9.66  1.91  8.52 12.52   101 16.03 17.17  9640 13.79  3.62     0
 1147  36701 395940  5.95  2.91  9.68  1.89  8.52 12.52   101 16.04 17.20  9653 13.80  3.48     0
 1147  36701 395940  7.01  1.82  9.66  1.87  8.52 12.51   101 16.05 17.21  9659 13.81  3.35     0
 1147  36701 395940  8.00  0.80  9.68  1.84  8.51 12.51   101 16.05 17.23  9670 13.83  3.07     0
-1200  37384 393837  1.10  0.81 19.51  1.92  8.53 12.54   101 15.99 17.12  9608 13.74  3.26     0
 1200  37384 393839  1.99 15.37  2.82  1.90  8.53 12.49   101 16.03 17.17  9639 13.78  3.31     0
 1201  37387 393840  2.96 14.84  2.62  1.87  8.52 12.51   101 16.02 17.18  9642 13.79  3.20     0
 1201  37390 393840  3.97 14.28 17.79  1.87  8.52 12.49   101 16.01 17.17  9640 13.79  3.25     0
 1201  37393 393841  5.05 13.61 17.62  1.78  8.52 12.54   101 16.00 17.20  9658 13.81  3.10     0
 1202  37395 393840  6.01 12.90 17.58  1.77  8.52 12.47   101 15.98 17.18  9644 13.79  2.90     0
 1202  37397 393840  7.06 11.96 17.57  1.74  8.52 12.51   101 15.97 17.19  9650 13.80  2.96     0
 1202  37398 393840  8.10 10.90 17.62  1.72  8.52 12.49   100 15.97 17.20  9653 13.81  2.87     0
 1202  37399 393840  9.20  9.80 17.60  1.69  8.51 12.47   100 15.96 17.21  9658 13.82  2.77     0
 1203  37402 393841 10.13  8.88 17.62  1.71  8.52 12.42   100 15.96 17.20  9656 13.81  2.84     0
 1204  37403 393841 11.01  7.97 17.64  1.66  8.51 12.45   100 15.96 17.22  9666 13.83  2.80     0
 1204  37404 393841 12.08  6.93 17.66  1.66  8.51 12.44   100 15.96 17.22  9665 13.83  2.83     3
 1204  37405 393840 12.94  6.07 17.62  1.65  8.51 12.43   100 15.96 17.22  9669 13.83  2.86     0
 1204  37405 393840 13.93  5.03 17.58  1.61  8.51 12.43   100 15.94 17.23  9672 13.84  2.96     0
 1205  37406 393840 15.11  3.78 17.57  1.60  8.51 12.41   100 15.94 17.23  9672 13.84  2.93     0
 1205  37406 393840 16.10  2.76 17.41  1.56  8.51 12.41   100 15.92 17.24  9677 13.84  2.99     0
 1205  37404 393840 17.08  1.75 17.25  1.55  8.51 12.39    99 15.92 17.24  9680 13.85  2.96     0
 1206  37404 393839 17.96  0.81 17.15  1.55  8.51 12.35    99 15.93 17.24  9680 13.85  2.99     0
-1212  38320 393989  1.08  0.37  2.17  2.05  8.53 12.58   102 16.00 17.06  9575 13.69  3.14     0
 1213  38317 393990  2.06  0.33  4.24  2.07  8.53 12.52   102 15.98 17.03  9558 13.67  3.76     0
 1214  38318 393992  2.92  0.40  6.65  2.06  8.53 12.50   101 15.99 17.04  9564 13.68  3.62     0
 1214  38320 393994  3.96  0.43  6.59  2.00  8.53 12.50   101 15.99 17.08  9585 13.71  3.46     0
 1215  38320 393994  5.10  1.44  6.54  1.94  8.53 12.51   101 16.01 17.13  9616 13.75  3.45     0
 1215  38322 393995  6.08  0.42  6.49  1.89  8.53 12.48   101 16.01 17.16  9632 13.77  3.18     0
-1229  40116 395986  1.09 22.50 24.66  2.70  8.55 12.55   103 15.84 16.53  9273 13.25  3.41     0
 1229  40120 395989  1.94 21.83 24.60  2.32  8.55 12.72   104 15.93 16.84  9445 13.51  3.74     0
 1230  40120 395990  2.96 20.84 24.60  2.22  8.55 12.62   103 15.98 16.94  9506 13.59  3.64     0
 1230  40120 395990  4.02 19.78 24.60  2.15  8.54 12.60   102 16.02 17.03  9559 13.67  3.47     0
 1230  40119 395991  5.03 18.74 24.60  2.08  8.54 12.57   102 16.04 17.08  9588 13.71  3.30     0
 1231  40118 395991  5.90 17.76 24.60  2.08  8.54 12.51   102 16.04 17.08  9589 13.71  3.32     1
 1231  40117 395991  7.09 16.51 24.62  1.91  8.53 12.50   101 16.03 17.17  9638 13.78  3.09     0
 1232  40116 395991  8.12 15.41 24.52  1.80  8.53 12.46   101 15.99 17.18  9645 13.79  2.90     0
 1232  40116 395990  9.09 14.43 24.46  1.83  8.52 12.43   100 16.00 17.18  9642 13.79  2.81     0
 1233  40117 395990 10.06 13.51 24.34  1.82  8.52 12.43   100 16.00 17.19  9649 13.80  2.77     0
 1233  40117 395989 11.07 12.50 24.14  1.78  8.52 12.42   100 16.00 17.20  9656 13.81  2.72     0
 1233  40118 395989 12.01 11.58 23.88  1.75  8.52 12.42   100 15.99 17.21  9660 13.82  2.74     0
 1234  40119 395988 13.12 10.43 23.34  1.72  8.52 12.40   100 15.98 17.21  9661 13.82  2.70     0
 1234  40119 395987 14.03  9.52 22.92  1.70  8.52 12.39   100 15.98 17.22  9666 13.83  2.72     0
 1234  40119 395986 15.00  8.51 22.68  1.71  8.52 12.40   100 15.98 17.22  9667 13.83  2.71     0
 1235  40119 395986 16.06  7.33 22.49  1.70  8.51 12.40   100 15.99 17.23  9672 13.84  2.79     0
 1235  40118 395981 17.04  6.27 21.53  1.63  8.51 12.37    99 15.99 17.27  9695 13.87  2.80     0
 1236  40117 395972 18.07  4.55 19.87  1.47  8.47 12.04    96 16.04 17.42  9778 13.99  2.61     0
 1237  40100 395963 18.96  2.13 19.62  1.08  8.30 10.30    82 16.56 18.27 10265 14.68  1.65     0
 1241  40096 395970 19.96  1.48 21.07  0.95  8.17  8.81    70 17.12 19.02 10689 15.27  1.19     0
 1244  40094 395971 21.10  0.31 21.21  1.02  8.12  8.64    69 17.25 19.13 10757 15.37  1.20     0
-1318  41803 397194  1.07  0.42  8.94  3.46  8.56 12.46   104 15.76 16.05  9002 12.84  3.27     0
 1319  41803 397198  2.02  0.42  8.78  3.26  8.57 12.48   104 15.82 16.22  9097 12.98  3.69     0
 1320  41799 397196  3.04  5.66  9.45  2.13  8.57 12.87   104 15.81 16.80  9425 13.48  4.01     0
 1320  41793 397192  4.20  4.20  9.74  2.14  8.56 12.47   101 15.99 17.00  9540 13.64  3.77     1
 1321  41790 397190  4.99  3.45  9.32  2.12  8.55 12.49   101 16.01 17.03  9559 13.67  3.68     0
 1321  41790 397191  6.09  2.32  9.20  1.99  8.55 12.53   101 16.00 17.09  9590 13.71  3.33     0
 1321  41793 397192  7.15  1.14  9.16  1.89  8.54 12.49   101 15.98 17.12  9608 13.74  2.97     0
-1353  44378 396356  0.96  6.79  8.32  3.43  8.60 12.59   105 15.86 16.18  9082 12.95  3.55     0
 1354  44373 396354  2.00  5.75  8.08  1.99  8.57 13.05   106 15.83 16.89  9481 13.56  3.77     0
 1354  44368 396356  2.98  4.78  8.22  2.25  8.55 12.42   101 15.78 16.70  9371 13.40  4.09     0
 1355  44371 396348  4.03  3.71  7.98  2.06  8.53 12.23    99 15.81 16.84  9447 13.51  3.40     0
 1356  44373 396346  5.05  2.73  7.92  1.79  8.53 12.24    99 15.89 17.07  9580 13.70  2.86     0
 1357  44374 396344  6.02  1.59  7.92  1.78  8.53 12.20    98 15.91 17.10  9596 13.73  2.83     0
 1357  44376 396342  6.96  0.55  7.86  1.76  8.52 12.20    98 15.91 17.11  9604 13.74  2.68     0
-1403  45337 396420  1.10  0.39 12.94  3.23  8.58 12.68   105 15.84 16.25  9121 13.01  3.70     0
 1403  45339 396418  2.04  9.94 12.94  2.75  8.58 12.81   106 15.82 16.48  9241 13.21  4.07     0
 1403  45341 396415  3.05  8.76 12.96  2.14  8.56 12.97   105 15.76 16.74  9391 13.43  3.64     0
 1404  45347 396410  4.06  7.51 13.10  3.31  8.56 11.81    98 15.80 16.17  9067 12.94  3.38     0
 1404  45354 396410  5.01  6.32 13.12  2.24  8.54 12.21    99 15.75 16.67  9351 13.37  3.39     0
 1405  45355 396413  0.78 10.76 13.10  3.04  8.55 11.87    98 15.81 16.32  9154 13.07  3.89     0
-1411  46254 396886  1.02  4.00  5.67  3.00  8.58 12.58   104 15.74 16.26  9121 13.03  4.64     1
 1412  46263 396893  2.02  3.03  5.71  2.87  8.58 12.61   104 15.76 16.35  9173 13.10  5.14     0
 1412  46267 396898  2.97  2.10  5.77  2.67  8.57 12.58   103 15.79 16.49  9249 13.22  4.96     0
 1413  46269 396899  4.06  1.01  5.73  2.46  8.57 12.53   102 15.77 16.57  9300 13.29  4.50     0
-1423  48032 396628  1.09  0.33 17.79  4.02  8.60 12.49   106 16.04 16.09  9020 12.84  3.41     0
 1423  48034 396625  2.05 14.99 17.74  3.53  8.60 12.71   107 15.99 16.27  9124 13.01  5.15     5
 1424  48035 396624  2.99 14.07 17.74  3.18  8.60 12.61   105 15.98 16.44  9226 13.17  4.99     0
 1425  48036 396620  4.01 13.01 17.76  3.00  8.54 12.40   103 16.67 17.31  9720 13.86  4.12     0
 1425  48037 396617  5.07 11.94 17.76  2.46  8.52 12.40   103 18.11 19.28 10736 15.44  3.63     0
 1426  48039 396603  5.99 10.97 17.70  1.62  8.37 11.24    94 20.95 23.20 13083 18.60  1.85     0
 1428  48039 396598  7.00 10.04 17.64  1.74  8.22 10.85    92 22.53 25.03 14135 20.05  1.32     0
 1428  48046 396581  8.01  8.88 17.07  2.24  8.22  6.51    56 23.40 25.69 14513 20.55  0.88     0
 1431  48051 396581  8.99  7.97 17.62  1.97  8.21  6.19    53 23.36 25.86 14614 20.70  0.88     0
 1432  48057 396580  9.99  6.98 17.76  1.65  8.27  6.23    53 23.35 26.11 14760 20.92  0.84     0
 1433  48068 396579 11.03  6.12 17.95  1.46  8.33  6.52    55 23.41 26.34 14892 21.11  0.84     0
 1434  48070 396582 12.00  5.05 17.97  1.44  8.33  6.59    56 23.44 26.39 14919 21.15  0.85     0
 1434  48069 396582 13.12  3.90 18.01  1.45  8.32  6.60    56 23.45 26.41 14931 21.17  0.84     0
 1435  48068 396584 14.02  3.01 17.97  1.44  8.31  6.61    56 23.49 26.45 14958 21.20  0.87     0
 1435  48067 396585 15.00  2.00 17.97  1.42  8.30  6.58    56 23.51 26.50 14980 21.24  0.82     0
 1435  48064 396586 16.02  0.95 17.99  1.42  8.27  6.49    55 23.54 26.54 15004 21.27  0.81     0
-1446  49180 395843  1.06  1.22 11.66  3.86  8.61 12.42   105 16.03 16.15  9056 12.90  3.68     0
 1446  49186 395842  2.04  9.08 11.62  3.39  8.62 12.61   105 15.92 16.26  9123 13.02  4.45     0
 1447  49186 395841  3.00  8.10 11.62  3.43  8.61 12.58   105 15.96 16.29  9135 13.03  4.49     1
 1447  49185 395841  3.99  0.51 11.60  3.18  8.60 12.59   105 15.96 16.42  9214 13.15  4.39     0
 1448  49186 395840  5.00  6.01 11.51  2.96  8.54 12.20   102 16.99 17.70  9941 14.17  3.45     0
 1449  49186 395836  6.07  4.79 11.08  1.87  8.35 10.92    92 21.84 24.10 13600 19.30  1.85     0
 1450  49183 395830  7.05  3.16 10.37  1.76  8.33  9.45    80 22.48 24.96 14096 20.00  1.26     0
 1453  49203 395829  8.03  2.09 11.84  1.87  8.24  7.16    61 23.09 25.62 14472 20.52  1.02     0
 1456  49204 395834  9.06  1.69 11.80  2.01  8.22  7.02    60 23.37 25.84 14602 20.69  0.98     1
 1457  49187 395850 10.03  1.10 12.10  2.04  8.22  5.45    47 23.42 25.87 14621 20.71  0.97     0
