# M.S. ARGUS
# MEETPUNT: VTS-01
# PROJECTCODE: E7301X
# MEETGEBIED: VEERSE MEER
# STARTPUNT: SLUIS KATS
# EINDPUNT: VEERSEGATDAM
* 19970819
$ 9999 [0000000000000000]
> TIJD
> X-COORD
> Y-COORD
>SENSHTE Diepte set      m
>ECHOS   Echo set        mtrs
>Echo    Echo schip      mtrs
>Temp    Temperatuur     oC
>pH      Zuurgraad       DIMSLS
>O2      Zuurstof ME     mg/l
>O2%     Zuurstof Verz.  %
>GELBH   Geleidendheid   ms/cm
>SALNTT  Saliniteit      DIMSLS
>CL-     Chloride        mg/l
>DICHT   Dichtheid
>Flme    Flur ME          gr
>MexB    Mex 3001B       %
 -823  49220 395862   0.98   0.06   3.15  24.75   8.27   8.03    110  34.23  21.59  12112  13.36   8.35      3
  824  49218 395862   2.03   9.23  11.73  24.75   8.27   8.35    114  34.25  21.60  12119  13.37   8.38      3
  824  49214 395862   3.03   0.07  11.71  24.65   8.25   7.48    102  34.30  21.68  12166  13.46   7.51      3
  827  49215 395862   4.09   7.14  11.75  24.61   8.24   7.85    107  34.37  21.75  12207  13.53   7.38      3
  827  49224 395860   5.15   5.94  11.69  23.66   8.07   5.84     79  36.51  23.76  13356  15.30   3.12      2
  829  49218 395858   5.98   5.20  11.75  22.41   7.94   4.11     56  40.36  27.31  15399  18.31   1.42      2
  832  49218 395855   7.30   3.87  11.77  21.01   7.77   1.53     20  40.24  28.12  15870  19.30   2.99      3
  836  49226 395860   8.06   3.04  11.65  18.91   7.63   0.87     11  39.02  28.56  16132  20.17   5.29      4
  838  49228 395861   9.09   2.13  11.63  18.25   7.54   0.84     11  38.45  28.55  16130  20.32   4.96      4
  839  49228 395862  10.14   0.89  11.63  16.55   7.34   0.84     10  36.95  28.49  16099  20.67   4.66      3
 -846  48043 396624   1.05  16.58  17.71  24.22   8.21   7.06     96  33.80  21.54  12087  13.47   7.84      3
  847  48045 396637   1.92  15.48  17.62  24.17   8.21   7.25     98  33.75  21.53  12080  13.48   7.87      3
  847  48044 396639   3.06  14.20  17.60  24.15   8.20   7.43    100  33.73  21.52  12078  13.48   7.50      3
  847  48042 396640   3.98  13.11  17.56  24.16   8.19   7.49    101  33.74  21.52  12078  13.48   7.05      3
  848  48034 396637   5.07  11.95  17.56  24.18   8.13   6.19     85  34.78  22.25  12490  14.01   2.77      2
  850  48044 396620   6.09  11.18  17.71  22.08   7.96   4.16     56  40.00  27.26  15367  18.36   1.47      2
  852  48049 396603   7.03  10.31  17.71  21.23   7.85   2.40     32  40.31  28.03  15815  19.17   1.11      2
  855  48055 396603   8.27   9.09  17.76  17.73   7.64   0.81     10  37.72  28.31  15991  20.26  22.31      3
  858  48057 396604   8.89   8.59  17.75  16.57   7.57   0.75      9  36.91  28.44  16068  20.62  16.70      3
  859  48058 396606   9.97   7.41  17.73  15.24   7.47   0.69      8  35.81  28.43  16072  20.91   8.28      3
  859  48058 396607  11.05   6.32  17.73  13.85   7.38   0.66      8  34.66  28.42  16069  21.18   4.58      3
  900  48057 396608  12.30   5.01  17.00  12.29   7.30   0.67      8  33.89  28.88  16336  21.83   2.97      3
  900  48058 396609  13.04   4.29  17.73  11.07   7.25   0.66      7  33.04  29.02  16421  22.16   3.03      3
  901  48058 396611  13.98   3.34  17.68  10.92   7.23   0.63      7  32.94  29.03  16431  22.19   2.78      3
  901  48058 396612  15.23   2.05  17.68  10.72   7.22   0.61      7  32.76  29.01  16421  22.21   2.52      3
  901  48058 396614  16.04   1.22  17.71  10.59   7.21   0.60      6  32.66  29.03  16430  22.25   2.37      3
 -931  46228 396896   0.97   4.18   6.01  24.50   8.18   6.67     91  33.92  21.49  12059  13.36   7.01      3
  932  46213 396885   2.13   2.99   6.07  24.27   8.13   6.43     87  33.95  21.62  12132  13.52   6.01      3
  933  46203 396886   3.17   1.93   6.09  24.28   8.13   6.30     85  33.95  21.62  12130  13.51   5.66      3
  935  46201 396887   3.96   1.15   6.11  24.24   8.13   6.39     87  34.00  21.67  12158  13.56   5.71      3
 -941  45333 396415   0.99  11.00  12.44  24.36   8.19   7.03     95  33.60  21.33  11969  13.28   6.28      3
  941  45327 396414   2.06  -0.02  12.36  24.19   8.16   7.29     98  33.49  21.34  11972  13.33   6.35      3
  942  45309 396415   3.01   8.89  12.09  23.93   8.08   5.60     75  33.45  21.44  12028  13.48   5.26      3
  944  45303 396417   4.00   7.91  11.85  23.56   7.98   5.00     67  33.95  21.97  12333  13.98   2.98      3
  946  45304 396418   5.19   6.99  11.89  23.52   7.98   4.95     66  34.09  22.09  12401  14.08   3.26      2
  946  45305 396409   6.11   5.65  11.81  22.24   7.87   2.62     35  38.30  25.88  14573  17.28   1.51      2
  949  45302 396410   7.08   4.63  11.71  21.16   7.76   1.26     17  37.87  26.19  14760  17.80   1.59      3
  951  45304 396412   8.10   3.51  11.79  19.90   7.76   0.96     12  36.89  26.20  14770  18.13   1.42      3
  952  45312 396415   9.03   2.71  12.17  19.45   7.75   0.71      9  36.62  26.28  14816  18.30   1.35      3
  953  45313 396415  10.23   1.71  12.19  19.24   7.74   0.68      9  36.55  26.35  14855  18.40   1.27      3
  954  45314 396415  11.04   0.71  12.24  18.95   7.74   0.65      8  36.45  26.46  14919  18.56   1.28      3
-1001  44409 396323   1.05   6.94   0.00  24.47   8.23   7.12     97  33.62  21.29  11944  13.22   6.60      3
 1001  44409 396317   2.07   4.37   0.00  23.60   8.00   5.29     71  33.39  21.55  12093  13.65   3.97      3
 1004  44405 396316   3.00   3.28   7.79  23.70   8.08   5.43     73  33.12  21.31  11956  13.44   4.91      3
 1005  44425 396319   4.15   3.03   7.87  23.77   8.07   4.74     64  33.80  21.76  12212  13.76   4.21      3
 1007  44427 396319   4.95   2.13   7.91  23.65   8.02   4.86     65  33.95  21.93  12309  13.92   3.54      3
 1008  44451 396322   6.09   1.01   8.44  23.41   7.96   3.78     51  35.09  22.86  12842  14.69   1.94      2
-1022  42801 397318   1.04  -0.01  16.37  23.84   8.20   8.00    107  33.04  21.18  11883  13.31   6.64      3
 1022  42798 397318   2.10  14.51  16.29  23.82   8.20   8.16    109  33.02  21.18  11881  13.31   6.68      3
 1023  42798 397318   3.14  13.28  16.37  23.72   8.20   8.42    113  32.95  21.18  11882  13.34   7.08      3
 1024  42794 397311   4.18  11.85  16.05  23.43   8.07   6.54     87  32.98  21.34  11973  13.54   3.95      3
 1027  42797 397305   5.20  10.60  15.89  23.02   7.89   3.54     47  33.29  21.76  12217  13.97   2.55      2
 1030  42795 397304   6.04   9.78  15.80  22.94   7.90   3.45     46  33.83  22.19  12459  14.31   2.25      2
 1031  42768 397316   7.02   8.52  16.07  22.71   7.86   1.77     24  35.35  23.42  13164  15.30   1.59      2
 1034  42769 397310   8.12   7.15  16.07  21.64   7.82   2.41     32  36.35  24.75  13932  16.59   1.76      2
 1035  42766 397297   9.09   5.94  15.48  21.34   7.78   1.24     16  36.60  25.12  14141  16.94   1.47      2
 1037  42779 397299  10.07   5.43  15.84  21.42   7.76   0.84     11  36.61  25.08  14117  16.89   1.45      3
 1038  42783 397304  11.30   4.42  16.03  20.51   7.76   0.82     11  35.54  24.78  13954  16.90   1.40      3
 1039  42788 397315  12.16   3.35  16.19  19.46   7.75   0.55      7  34.81  24.83  13984  17.20   1.36      3
 1040  42789 397318  12.94   2.09  16.17  19.35   7.75   0.50      6  34.81  24.90  14022  17.28   1.38      3
 1040  42789 397321  14.15   0.54  16.00  19.05   7.74   0.48      6  34.51  24.84  13991  17.31   1.39      3
-1047  41818 397224   1.01   7.84   9.15  24.06   8.19   7.16     97  33.19  21.18  11885  13.25   6.18      3
 1047  41826 397229   1.99   6.83   9.09  24.05   8.19   7.40    100  33.18  21.18  11885  13.26   6.44      3
 1048  41832 397234   3.08   5.92   9.11  23.96   8.18   7.58    102  33.12  21.18  11885  13.28   6.28      3
 1048  41844 397243   3.89   4.23   9.00  23.69   8.09   5.75     77  32.96  21.19  11891  13.36   2.67      3
 1051  41847 397230   4.92   3.50   9.21  23.20   7.96   4.29     57  32.91  21.40  12009  13.65   2.09      3
 1053  41844 397219   6.11   2.38   9.21  22.40   7.84   2.28     30  34.40  22.88  12860  14.98   1.94      2
 1056  41843 397219   7.17   1.04   9.15  22.25   7.84   2.25     30  35.18  23.54  13233  15.51   1.75      2
-1110  40140 396011   0.78   0.04  24.32  24.37   8.20   7.33     99  33.34  21.14  11860  13.14   5.31      3
 1110  40130 396018   2.08  21.96  24.28  24.27   8.19   7.55    102  33.29  21.16  11868  13.17   5.15      3
 1111  40120 396020   2.98  18.80  23.45  24.37   8.20   7.35     99  33.34  21.14  11859  13.13   5.38      3
 1112  40114 396027   4.10  15.93  22.93  24.29   8.18   7.53    102  33.29  21.15  11862  13.16   4.08      3
 1113  40140 396022   5.19  18.55  24.26  22.80   7.87   3.16     42  32.81  21.52  12080  13.85   1.87      3
 1116  40142 396006   6.02  18.33  24.32  21.73   7.78   1.49     19  33.44  22.52  12654  14.88   1.41      3
 1118  40140 396004   7.26  16.99  24.40  21.04   7.77   1.55     20  33.63  23.03  12947  15.44   1.30      3
 1119  40120 395993   8.02  14.68  24.08  20.49   7.77   0.73      9  34.51  24.00  13506  16.32   1.21      3
 1121  40119 395994   9.03  13.58  23.98  20.19   7.77   0.66      8  34.28  24.00  13504  16.39   1.30      3
 1121  40118 395994  10.18  12.26  23.81  19.71   7.77   0.62      8  33.78  23.87  13435  16.41   1.16      3
 1122  40114 395994  11.01  11.22  23.53  18.10   7.76   0.59      7  32.83  24.05  13542  16.93   1.12      3
 1122  40116 395997  12.15  10.03  23.74  15.93   7.73   0.59      7  30.76  23.62  13298  17.08   1.15      3
 1123  40120 396001  13.12   9.53  24.24  14.44   7.68   0.58      7  29.89  23.77  13388  17.49   1.19      2
 1123  40126 396006  14.00   9.19  24.40  13.00   7.64   0.56      6  29.34  24.17  13621  18.07   1.17      3
 1123  40132 396011  15.14   8.66  24.34  11.47   7.57   0.55      6  29.00  24.85  14017  18.86   1.15      3
 1124  40138 396017  16.04   7.78  24.32  10.63   7.52   0.53      6  28.77  25.20  14223  19.27   1.10      4
 1124  40143 396021  17.12   6.71  24.18   9.74   7.47   0.51      5  28.43  25.49  14388  19.63   1.09      6
 1124  40146 396022  18.11   5.72  24.12   9.52   7.44   0.49      5  28.33  25.55  14425  19.71   1.13      6
 1125  40150 396023  19.05   4.85  24.06   9.40   7.43   0.48      5  28.27  25.58  14441  19.75   1.08      7
 1125  40154 396024  20.17   3.69  24.04   9.35   7.42   0.46      5  28.25  25.59  14449  19.77   1.15      7
 1126  40155 396024  21.12   2.70  24.08   9.29   7.41   0.46      5  28.22  25.60  14455  19.78   1.11      7
 1126  40155 396023  22.15   1.66  24.04   9.26   7.41   0.46      5  28.20  25.61  14457  19.79   1.19      7
 1126  40155 396022  22.98   0.75  24.00   9.24   7.40   0.45      5  28.19  25.61  14462  19.80   1.16      7
-1210  38359 394034   1.08  -0.02   7.69  25.40   8.25   7.71    107  34.02  21.14  11854  12.84   8.01      3
 1211  38374 394044   2.03   5.06   7.61  25.35   8.25   8.06    111  33.99  21.14  11854  12.85   8.61      3
 1212  38391 394052   2.99   3.84   7.24  25.24   8.24   8.19    113  33.92  21.14  11857  12.89   8.00      3
 1213  38404 394056   4.15   2.38   6.94  24.45   8.13   8.40    114  33.46  21.19  11887  13.15   4.69      3
 1213  38411 394046   5.15   0.30   6.17  21.73   7.72   2.55     33  32.41  21.76  12219  14.31   1.40      3
-1224  37429 393842   0.84  18.69  19.32  25.54   8.26   7.86    109  34.12  21.14  11855  12.80   9.34      3
 1225  37432 393843   2.07  17.47  19.26  25.48   8.25   8.29    114  34.08  21.14  11856  12.82   9.80      3
 1225  37440 393845   3.10  16.42  18.47  25.00   8.21   7.51    103  33.74  21.13  11849  12.95   7.90      3
 1226  37438 393850   4.21  15.26  18.37  24.56   8.15   6.78     92  33.44  21.12  11849  13.07   5.98      3
 1229  37433 393859   5.06  14.45  18.33  24.44   8.13   6.07     82  33.36  21.12  11848  13.10   4.58      3
 1230  37418 393869   6.10  12.69  18.69  20.90   7.68   1.39     18  32.19  22.01  12367  14.71   1.38      4
 1233  37425 393862   7.14  12.55  18.33  19.96   7.70   0.66      8  32.17  22.49  12642  15.31   1.15      3
 1235  37425 393860   8.54  11.15  18.45  19.79   7.73   0.62      8  32.33  22.70  12764  15.51   0.93      3
 1235  37426 393858   9.03  10.56  18.75  19.63   7.76   0.59      8  32.35  22.80  12823  15.62   1.01      3
 1236  37425 393856  10.12   9.45  18.97  19.14   7.77   0.58      7  32.09  22.86  12859  15.79   1.03      3
 1236  37422 393850  11.08   8.48  19.54  14.71   7.66   0.55      6  29.15  22.95  12920  16.82   1.14      2
 1237  37420 393848  12.15   7.36  19.64  13.16   7.60   0.55      6  28.67  23.46  13215  17.50   1.11      2
 1237  37419 393847  13.12   6.35  19.74  12.32   7.53   0.54      6  28.46  23.79  13409  17.90   1.13      2
 1238  37416 393844  14.03   5.29  19.86  10.32   7.40   0.52      5  27.92  24.59  13870  18.84   1.17      3
 1238  37415 393841  15.22   4.02  19.82   9.60   7.37   0.51      5  27.62  24.78  13984  19.10   1.25      3
 1239  37417 393839  16.13   3.03  19.72   9.34   7.34   0.49      5  27.42  24.77  13974  19.13   1.22      4
 1239  37422 393838  17.25   2.19  19.64   9.20   7.33   0.48      5  27.34  24.78  13985  19.16   1.26      4
 1239  37429 393838  18.02   1.14  19.36   9.16   7.33   0.47      5  27.32  24.79  13989  19.17   1.23      4
-1251  36704 395987   1.05   7.43   9.93  24.80   8.22   7.83    107  33.59  21.12  11844  13.00  11.50      3
 1252  36700 395989   2.11   6.34   9.79  24.76   8.21   8.21    112  33.56  21.12  11843  13.00  11.63      3
 1252  36698 395991   2.95   5.18   9.64  24.76   8.21   8.38    114  33.56  21.12  11844  13.01  11.30      3
 1252  36696 395988   4.23   3.81   9.61  24.60   8.20   7.92    109  33.46  21.12  11844  13.05   9.90      3
 1254  36708 395973   4.99   3.10  10.12  24.03   7.93   4.27     58  33.17  21.19  11886  13.26   3.86      3
 1256  36709 395977   6.17   1.95  10.32  22.41   7.83   1.87     25  32.82  21.72  12194  14.10   2.52      3
 1258  36689 395972   7.12   0.75   0.00  19.52   7.73   0.80     10  31.75  22.40  12592  15.34   1.20      3
-1322  36124 396834   1.04   5.12   6.64  24.90   8.22   8.40    115  33.67  21.13  11849  12.97  13.57      4
 1322  36168 396855   2.26   4.07   7.31  24.80   8.21   8.55    117  33.60  21.12  11847  13.00  14.45      4
 1324  36168 396858   3.07   3.32   7.37  24.57   8.19   8.78    120  33.55  21.20  11891  13.12  13.99      3
 1324  36162 396860   4.01   2.35   7.43  23.66   7.92   4.53     61  33.18  21.37  11991  13.50   4.23      3
 1328  36160 396860   5.00   1.30   7.35  23.46   7.92   4.39     59  33.27  21.52  12080  13.67   4.15      2
 1328  36171 396860   5.88   0.19   7.53  23.89   8.01   5.18     70  34.56  22.24  12487  14.09   6.22      3
-1337  35430 397465   0.98  11.58  12.19  24.83   8.22   8.29    113  33.60  21.11  11841  12.98  14.33      4
 1337  35430 397464   2.11  10.11  11.83  24.78   8.22   8.71    119  33.58  21.12  11844  13.00  15.55      4
 1338  35428 397464   3.12   9.26  11.87  24.81   8.21   8.91    122  33.57  21.10  11837  12.98  14.58      4
 1338  35427 397463   4.01   8.11  11.95  24.78   8.21   9.03    123  33.58  21.12  11846  13.00  13.55      4
 1338  35444 397449   5.16   8.88  13.59  22.80   7.87   4.30     57  32.98  21.64  12151  13.94   4.60      3
 1341  35445 397447   5.96   7.72  13.41  22.88   7.89   4.12     54  32.90  21.55  12095  13.85   4.06      3
 1342  35446 397443   7.02   6.92  13.47  22.22   7.84   3.76     50  34.53  23.07  12968  15.17   2.99      3
 1343  35450 397437   7.99   7.72  15.00  21.22   7.69   1.35     18  33.79  23.05  12959  15.41   1.81      3
 1346  35449 397449   9.05   6.28  13.35  20.13   7.68   0.71      9  33.18  23.17  13033  15.78   1.87      4
 1348  35447 397449  10.04   5.28  13.37  19.53   7.69   0.68      9  32.72  23.15  13019  15.91   2.01      4
 1348  35445 397449  10.94   4.23  13.43  19.31   7.69   0.62      8  32.65  23.22  13061  16.02   2.13      3
 1349  35443 397448  11.92   2.89  13.91  19.10   7.69   0.56      7  32.65  23.33  13126  16.15   2.19      3
 1349  35441 397448  13.21   1.21  14.35  18.34   7.63   0.53      6  32.04  23.27  13096  16.29   2.66      3
 1349  35439 397448  14.06   0.09  14.37  17.92   7.59   0.48      6  31.69  23.23  13071  16.35   3.03     23
-1354  35005 398048   1.04  -0.03   6.19  24.82   8.23   8.51    116  33.56  21.09  11828  12.97  13.90      4
 1355  35007 398055   1.94   0.05   6.00  24.81   8.23   8.83    121  33.54  21.08  11822  12.96  14.51      4
 1355  35009 398061   3.06   2.40   5.90  24.56   8.19   9.09    124  33.37  21.07  11819  13.03  14.56      4
 1356  34988 398061   4.05   1.29   6.33  23.52   8.06   6.11     82  32.63  21.04  11805  13.29  10.97      3
-1406  33906 398910   0.89  22.34  22.79  24.25   8.14   8.31    112  33.13  21.06  11811  13.10  11.86      3
 1407  33906 398918   2.06  21.63  21.64  24.17   8.16   8.65    117  33.09  21.06  11812  13.13  13.88      3
 1408  33903 398917   2.94  20.70   0.00  24.18   8.16   8.84    119  33.09  21.06  11812  13.12  13.86      3
 1408  33887 398913   3.91  15.66  23.31  24.16   8.16   8.58    116  33.07  21.06  11811  13.13  13.55      3
 1410  33883 398911   5.07  12.57  23.31  24.15   8.16   8.72    118  33.07  21.06  11812  13.13  13.92      3
 1410  33906 398902   6.16  16.01  23.29  21.45   7.81   3.84     49  31.23  21.02  11797  13.82   1.47      3
 1413  33928 398910   7.08  15.73  21.66  20.80   7.77   3.05     39  30.84  21.04  11814  14.01   1.01      2
 1416  33929 398911   8.04  14.37  21.52  20.85   7.77   3.01     38  30.95  21.10  11845  14.03   0.96      2
 1416  33930 398909   9.00  13.14  21.44  20.76   7.76   2.79     35  30.89  21.10  11848  14.06   0.94      2
 1417  33931 398907   9.93  12.06  21.46  20.81   7.76   2.77     35  30.96  21.13  11865  14.07   0.94      2
 1418  33932 398906  11.21  10.80  21.27  21.05   7.76   2.74     35  31.27  21.24  11927  14.09   0.95      2
 1418  33933 398904  12.17  10.08  21.25  21.16   7.76   2.68     34  31.37  21.26  11937  14.08   0.99      2
 1418  33931 398898  13.03  10.28  21.74  21.33   7.76   2.61     33  31.63  21.38  12003  14.12   1.07      2
 1419  33929 398892  14.57   8.92  22.26  21.54   7.77   2.53     33  31.95  21.51  12077  14.17   1.14      2
 1419  33925 398881  15.05   8.05  23.17  21.53   7.76   2.32     30  31.92  21.50  12070  14.16   1.11      2
 1420  33920 398870  16.09   5.05  23.51  21.38   7.75   1.99     26  31.89  21.54  12096  14.23   1.06      3
 1422  33916 398867  17.05   2.89  23.47  21.51   7.75   1.95     25  32.07  21.61  12134  14.25   1.06      3
 1422  33912 398870  18.09   2.03  23.41  21.65   7.76   1.94     25  32.26  21.68  12175  14.27   1.18      3
 1423  33907 398875  19.05   0.66  23.31  21.38   7.74   1.95     25  32.02  21.64  12151  14.31   1.09      3
 1424  33907 398911  20.18   2.81  22.65  21.29   7.73   1.76     23  31.93  21.62  12140  14.31   1.13      3
 1424  33899 398916  21.09   1.89  22.67  19.95   7.70   0.37      5  30.79  21.43  12035  14.50   1.46      5
-1436  33147 400242   1.04  12.44  13.65  24.22   8.17   8.14    110  33.08  21.03  11797  13.09  13.00      3
 1437  33145 400255   2.08  10.81  13.55  24.08   8.15   8.64    116  33.00  21.04  11803  13.14  14.52      3
 1437  33141 400268   3.00   9.75  13.39  24.04   8.14   8.80    119  32.98  21.04  11805  13.15  13.74      3
 1438  33134 400283   4.13   7.88  13.02  24.01   8.11   7.89    106  32.98  21.06  11812  13.17  12.09      3
 1440  33134 400286   4.98   6.99  12.90  23.80   8.09   8.01    107  32.84  21.06  11813  13.23  11.66      3
 1440  33135 400285   6.04   6.09  12.98  22.35   7.95   4.85     63  31.72  20.94  11753  13.53   4.11      3
 1443  33134 400281   6.94   5.14  13.10  21.46   7.83   5.05     65  31.23  21.01  11795  13.82   2.29      3
 1443  33143 400272   8.14   4.37  13.39  20.52   7.74   2.85     36  30.62  21.02  11801  14.06   0.90      2
 1447  33148 400288   9.18   3.80  13.65  20.29   7.72   2.19     28  30.48  21.02  11803  14.12   0.87      2
 1449  33148 400288  10.11   2.91  13.00  20.30   7.71   2.16     27  30.51  21.04  11813  14.13   0.89      2
 1449  33148 400289  11.09   1.76  13.65  20.42   7.72   2.13     27  30.69  21.12  11858  14.16   0.91      2
 1449  33147 400288  11.90   0.86  13.65  20.62   7.73   2.07     26  30.93  21.20  11905  14.17   0.94      2
-1453  33196 400591   1.07   0.04  18.00  24.10   8.18   8.08    109  32.99  21.02  11793  13.12  12.89      3
 1453  33205 400587   2.04  16.14  18.29  24.21   8.19   8.14    110  33.08  21.03  11797  13.09  13.12      3
 1455  33206 400587   3.17  15.31  18.35  23.87   8.13   8.54    115  32.83  21.02  11792  13.18  13.06      3
 1455  33197 400599   4.18  12.11  18.51  23.06   8.04   6.25     83  32.29  21.01  11790  13.40  10.83      3
 1458  33185 400601   4.99  10.45  18.02  22.98   8.01   6.57     87  32.17  20.97  11764  13.38   9.11      3
 1460  33179 400601   5.98   8.83  17.68  22.24   7.97   6.45     84  31.71  20.99  11778  13.59   7.94      3
 1500  33211 400580   7.14  10.42  18.23  20.68   7.77   3.24     41  30.65  20.96  11767  13.97   1.00      2
 1504  33226 400574   8.06   8.30  16.74  20.52   7.75   2.61     33  30.58  20.98  11778  14.03   0.89      2
 1505  33229 400572   8.95   6.39  16.31  20.41   7.73   2.64     33  30.50  20.98  11778  14.05   0.89      2
 1506  33236 400563  10.08   3.70  14.79  20.24   7.72   2.25     28  30.39  20.98  11780  14.10   0.84      2
 1507  33236 400560  11.10   2.28  14.73  20.09   7.70   2.22     28  30.28  20.97  11775  14.13   0.85      2
 1507  33214 400581  11.92   4.31  17.92  20.47   7.72   2.00     25  30.78  21.16  11881  14.17   0.91      2
 1508  33211 400583  12.96   3.59  18.00  20.41   7.71   1.98     25  30.67  21.10  11849  14.15   0.91      2
 1509  33208 400582  14.09   2.51  18.17  20.64   7.72   1.95     25  31.09  21.31  11967  14.25   0.91      3
 1509  33205 400581  15.30   1.55  18.23  20.68   7.72   1.94     25  31.08  21.28  11952  14.22   0.96      3
 1509  33202 400579  16.04   1.13  17.36  20.69   7.72   1.91     24  31.10  21.29  11957  14.22   0.98      3
