# M.S. 'ECOS2'
# 23-05-1995 10:05:02
# PROJECTCODE: E7301X
# OPDRACHTGEVER: AXW
# MEETGEBIED: Veerse Meer
# STARTPUNT: Veersegatdam
# EINDPUNT: Sluis kats
# TOCHTNR: VTSO
* 19950523
$-9999 [00022202220222]
> TIJD
> X-COORD
> Y-COORD
>SENSHTE Diepte set      m
>Temp    Temperatuur     Gr.C
>     300.5 Zuurstof nsw nc mg/l
>O2%     Zuurstof verzp  proc
>O2      Zuurstof        mg/l
>GELBH   Geleidendheid   mS/cm
>SALNTT  Saliniteit      Prom
>CL-     Chloride        mg/l
>DICHT   Dichtheid       Gr.
>      79.0 Fluorescentie   fl.e.
>pH      Zuurgraad       s.e.
-1005  33200 400549  1.05 13.84 14.68   142 13.47  18.16 13.96  7794 10.10  2.34  8.10
 1005  33200 400549  2.15 13.76 14.68   141 13.47  18.04 13.89  7770 10.06  2.92  8.09
 1006  33187 400543  3.22 13.47 12.59   121 11.55  18.00 13.96  7807 10.16  2.89  8.09
 1009  33196 400553  4.09 13.42 12.62   121 11.57  17.98 13.96  7821 10.16  2.79  8.09
 1009  33200 400549  5.12 13.01 10.52   100  9.64  17.87 14.02  7839 10.28  2.50  8.10
 1012  33203 400560  6.10 13.03 10.67   101  9.79  17.78 13.93  7787 10.21  2.87  8.09
 1013  33207 400565  7.02 12.93 10.72   101  9.83  17.67 13.87  7754 10.18  2.63  8.10
 1014  33198 400551  8.20 12.58  9.55    90  8.76  17.58 13.93  7789 10.28  2.55  8.12
 1017  33200 400545  9.19 12.53  9.47    88  8.68  17.57 13.94  7806 10.29  2.56  8.08
 1018  33209 400545 10.31 12.32  9.04    84  8.29  17.50 13.95  7793 10.34  2.82  8.10
 1020  33208 400543 11.26 12.31  9.01    84  8.26  17.46 13.92  7793 10.31  2.34  8.10
 1020  33206 400541 12.14 12.31  8.97    83  8.23  17.47 13.93  7797 10.32  2.57  8.10
 1020  33214 400545 13.16 12.30  8.94    83  8.19  17.50 13.96  7809 10.34  2.61  8.10
 1021  33223 400550 14.08 12.20  8.86    82  8.11  17.44 13.95  7826 10.35  2.43  8.11
 1022  33214 400535 15.00 12.15  8.39    78  7.68  17.48 14.00  7824 10.40  2.76  8.12
 1024  33223 400542 15.30 11.91  7.15    66  6.54  17.68 14.26  7975 10.63  2.63  8.08
-1030  33144 400228  0.98 13.72 16.05   154 14.73  18.11 13.96  7815 10.12  2.47  8.13
 1031  33140 400239  2.14 13.82 13.93   134 12.78  18.05 13.88  7789 10.04  2.53  8.12
 1033  33151 400246  3.11 13.36 11.97   114 10.98  17.93 13.95  7812 10.17  2.67  8.14
 1036  33147 400235  4.04 13.36 12.30   117 11.28  17.89 13.90  7776 10.13  2.68  8.06
 1037  33140 400228  5.14 13.16 11.17   106 10.24  17.89 13.98  7814 10.22  2.62  8.07
 1039  33141 400251  6.08 12.87 10.16    96  9.31  17.76 13.97  7827 10.27  2.59  8.08
 1041  33143 400253  7.24 12.83 10.20    96  9.36  17.71 13.95  7812 10.25  2.59  8.06
 1042  33133 400250  8.16 12.55  9.53    89  8.73  17.60 13.95  7804 10.30  2.45  8.06
 1044  33132 400250  9.34 12.54  9.44    89  8.66  17.60 13.96  7795 10.31  2.25  8.07
 1044  33133 400250 10.11 12.43  9.35    88  8.57  17.46 13.88  7793 10.26  2.45  8.07
 1045  33133 400249 11.15 12.42  9.28    87  8.51  17.47 13.89  7765 10.27  2.46  8.08
-1053  33907 398913  1.04 14.32 14.51   141 13.32  18.33 13.93  7788  9.99  2.35  8.12
 1055  33902 398910  2.02 13.89 11.77   113 10.80  18.22 13.99  7832 10.12  2.53  8.10
 1057  33901 398908  3.13 13.87 11.99   115 11.00  18.14 13.93  7802 10.07  2.66  8.06
 1058  33899 398904  4.12 13.90 12.31   119 11.30  18.10 13.88  7772 10.03  2.48  8.06
 1059  33898 398909  5.21 12.52  9.55    89  8.75  17.53 13.90  7784 10.27  2.47  8.08
 1102  33912 398910  5.82 12.47  8.83    82  8.09  17.70 14.07  7870 10.41  2.52  8.05
 1105  33918 398911  7.14 12.38  8.89    83  8.15  17.61 14.02  7798 10.38  2.66  8.09
 1105  33916 398904  8.06 12.32  8.80    82  8.06  17.51 13.96  7819 10.34  2.41  8.11
 1106  33916 398900  9.05 12.27  8.56    80  7.85  17.52 13.99  7822 10.37  2.33  8.11
 1107  33913 398898 10.07 12.26  8.47    79  7.76  17.52 13.99  7826 10.37  2.54  8.09
 1108  33912 398896 11.11 12.26  8.43    78  7.72  17.55 14.02  7835 10.40  2.45  8.06
 1108  33910 398894 12.00 12.26  8.38    78  7.68  17.57 14.04  7856 10.41  2.54  8.06
 1109  33909 398892 13.08 12.32  8.38    78  7.67  17.66 14.09  7882 10.44  2.31  8.05
 1109  33912 398891 14.16 12.37  8.32    77  7.61  17.72 14.13  7902 10.46  2.48  8.05
 1110  33931 398903 15.08 12.37  8.16    76  7.47  17.75 14.16  7904 10.48  2.32  8.09
 1110  33931 398905 16.12 12.44  7.91    74  7.25  17.80 14.18  7922 10.49  2.47  8.10
 1112  33929 398904 17.19 12.43  7.86    73  7.20  17.84 14.20  7951 10.51  2.39  8.06
 1113  33928 398902 18.15 12.38  7.76    72  7.10  17.77 14.17  7962 10.49  2.49  8.05
 1113  33927 398900 19.17 12.46  7.75    72  7.09  17.95 14.29  7996 10.57  2.29  8.05
 1114  33924 398897 20.03 12.51  7.70    72  7.04  18.11 14.41  8074 10.66  2.80  8.05
 1114  33921 398888 21.19 12.47  5.51    51  5.04  18.18 14.49  8117 10.72  2.55  8.05
 1118  33920 398876 22.11 12.32  4.11    38  3.75  18.17 14.53  8137 10.78  2.78  8.08
-1128  35019 398039  0.88 14.87 17.59   173 16.13  18.76 14.08  7877 10.02  2.24  8.10
 1129  35018 398041  2.20 14.79 17.51   171 16.07  18.54 13.93  7784  9.91  2.50  8.10
 1129  35014 398044  3.12 13.29 11.42   108 10.48  17.77 13.83  7746 10.09  2.45  8.11
 1133  35008 398040  4.07 13.07 10.16    96  9.31  17.86 13.99  7828 10.25  2.63  8.05
 1134  34994 398046  5.05 12.46  8.66    81  7.93  17.64 14.02  7840 10.37  2.44  8.06
-1140  35447 397444  0.92 14.29 16.61   161 15.21  18.77 14.31  7996 10.29  2.39  8.12
 1141  35436 397434  2.16 14.04 13.36   129 12.27  18.16 13.89  7778 10.01  2.41  8.13
 1143  35428 397442  3.10 13.51 11.67   111 10.70  18.04 13.98  7811 10.17  2.26  8.12
 1145  35428 397435  4.02 13.85 11.37   109 10.43  18.04 13.85  7751 10.02  2.20  8.12
 1146  35435 397448  5.06 13.44 10.32    98  9.47  18.02 13.99  7819 10.19  2.26  8.10
 1148  35438 397455  6.04 12.74  8.18    77  7.44  19.36 15.41  8570 11.39  2.41  8.06
 1151  35439 397467  7.05 12.25  5.95    55  5.38  20.00 16.18  9059 12.06  2.49  8.11
 1154  35435 397455  7.94 11.65  5.94    54  5.35  20.30 16.71  9358 12.55  2.40  8.11
 1155  35427 397452  9.11  8.93  2.00    17  1.78  20.38 18.09 10160 13.99  2.64  8.10
 1158  35421 397447 10.27  8.41  1.69    14  1.50  20.24 18.22 10225 14.15  2.09  8.06
 1159  35411 397455 11.18  8.13  0.33     3  0.29  20.22 18.35 10307 14.28  2.43  8.06
 1202  35409 397453 12.11  8.12  0.25     2  0.22  20.26 18.39 10314 14.31  2.27  8.10
-1212  36115 396899  1.12 14.46 13.89   135 12.74  18.52 14.04  7855 10.05  2.45  8.10
 1212  36115 396897  2.05 14.56 13.89   136 12.75  18.44 13.94  7794  9.96  2.35  8.10
 1212  36122 396895  3.01 14.05 13.06   126 11.97  18.40 14.08  7888 10.16  2.51  8.10
 1213  36146 396896  4.05 13.76 10.91   104  9.99  18.47 14.25  7978 10.34  2.61  8.09
 1215  36153 396898  5.13 13.42 10.95   104 10.04  17.99 13.97  7813 10.17  2.43  8.05
 1216  36156 396900  6.10 13.71 10.40   100  9.45  19.96 15.53  8700 11.32  2.51  8.06
 1217  36156 396899  7.14 13.79 10.57   101  9.52  21.64 16.94  9494 12.39  2.51  8.05
-1233  36692 396010  1.14 15.16 13.57   134 12.47  18.63 13.87  7759  9.80  2.53  8.09
 1233  36692 395974  2.05 14.22 12.02   116 11.04  18.26 13.90  7776  9.99  2.51  8.08
 1236  36690 395973  3.07 14.29 12.08   117 11.09  18.22 13.85  7738  9.93  2.36  8.07
 1237  36693 395972  4.12 14.02 11.96   115 10.98  18.12 13.86  7746  9.99  2.38  8.07
 1237  36697 395970  5.09 13.94 11.68   112 10.72  18.19 13.95  7797 10.07  2.51  8.07
 1238  36698 395970  6.22 13.78 11.57   111 10.61  18.15 13.97  7812 10.12  2.43  8.07
 1238  36692 395980  7.33 12.67  8.15    76  7.39  19.66 15.70  8790 11.62  2.54  8.08
 1241  36692 395965  8.27 10.50  3.32    30  2.95  21.56 18.41 10340 14.04  2.32  8.05
-1253  37428 393890  0.99 15.89 17.27   174 15.88  18.98 13.90  7758  9.69  2.42  8.10
 1256  37425 393893  2.00 15.64 17.10   171 15.72  18.74 13.80  7727  9.66  2.44  8.06
 1256  37423 393896  3.06 15.16 16.99   168 15.62  18.47 13.75  7686  9.71  2.09  8.06
 1257  37415 393877  4.26 14.37 11.87   115 10.89  18.47 14.02  7820 10.05  2.39  8.07
 1259  37413 393866  5.10 13.89 11.89   114 10.91  18.13 13.91  7780 10.05  2.59  8.09
 1300  37398 393866  6.22 13.50 10.52   100  9.64  18.04 13.99  7817 10.17  2.19  8.08
 1302  37381 393878  7.08 12.34  6.45    60  5.85  19.52 15.72  8805 11.69  2.44  8.08
 1304  37378 393880  8.00 12.07  7.11    66  6.37  21.27 17.39  9752 13.01  2.50  8.08
 1305  37390 393878  9.39  8.78  3.62    31  3.19  22.02 19.77 11121 15.31  2.57  8.07
 1308  37399 393882 10.25  8.25  3.59    30  3.16  21.95 20.00 11236 15.56  2.73  8.08
 1309  37397 393886 11.10  7.87  4.38    37  3.85  21.89 20.16 11351 15.73  2.36  8.10
 1311  37411 393877 12.00  7.78  4.40    37  3.86  21.92 20.24 11383 15.80  2.28  8.09
 1311  37419 393867 13.22  7.69  4.43    37  3.89  21.92 20.29 11400 15.85  2.39  8.08
 1312  37405 393853 14.17  7.64  3.57    30  3.13  21.91 20.31 11430 15.87  2.58  8.06
 1315  37374 393872 15.02  7.59  3.25    27  2.85  21.95 20.38 11464 15.93  0.24  8.07
 1317  37373 393874 16.23  7.63  3.20    27  2.81  21.92 20.32 11435 15.88  0.11  8.06
 1317  37377 393878 17.28  7.61  3.16    26  2.77  22.00 20.42 11484 15.95  0.29  8.06
 1317  37374 393880 18.18  7.62  3.12    26  2.74  21.92 20.33 11433 15.89  0.18  8.05
 1318  37375 393883 18.94  7.61  3.10    26  2.72  21.91 20.33 11436 15.89  0.30  8.05
-1323  38245 394000  0.99 15.50 14.36   143 13.19  18.76 13.86  7748  9.73  0.23  8.10
 1324  38253 394008  1.93 15.28 14.19   141 13.04  18.61 13.82  7727  9.74  0.21  8.09
 1325  38262 394017  2.91 14.56 11.55   113 10.62  18.15 13.69  7657  9.77  0.12  8.07
 1328  38248 394018  4.14 14.36 10.87   105  9.98  18.38 13.96  7809 10.01  0.26  8.07
 1331  38243 394025  5.21 14.37 11.00   107 10.11  18.21 13.81  7720  9.89  0.02  8.09
 1333  38236 394007  6.22 12.89  8.56    80  7.82  18.32 14.45  8091 10.63  0.13  8.05
 1335  38245 393973  7.11 12.46  8.11    75  7.33  20.14 16.21  9085 12.04  0.21  8.04
 1336  38249 393959  5.65 12.15  7.51    69  6.85  18.30 14.72  8238 10.95  0.29  8.05
-1347  40164 396001  1.02 15.26 12.55   124 11.53  18.73 13.92  7782  9.82 -9999 -9999
 1349  40163 396000  2.12 15.22 12.34   122 11.33  18.68 13.90  7764  9.81 -9999 -9999
 1350  40161 396001  3.10 15.13 12.33   122 11.32  18.62 13.88  7755  9.81 -9999 -9999
 1350  40160 396002  4.07 14.93 12.33   121 11.33  18.45 13.81  7720  9.79 -9999 -9999
 1350  40152 396005  5.13 14.17 11.41   110 10.48  18.13 13.82  7723  9.93 -9999 -9999
 1353  40150 396004  6.17 14.07 11.34   109 10.41  18.21 13.92  7786 10.03 -9999 -9999
 1353  40135 395997  7.31 12.26  5.75    53  5.15  21.42 17.43  9777 13.02 -9999 -9999
 1356  40121 396003  8.34 11.32  3.99    36  3.54  22.43 18.81 10570 14.23 -9999 -9999
 1359  40122 395998  9.11 10.40  3.73    33  3.29  22.83 19.66 11050 15.02 -9999 -9999
 1401  40118 395995 10.20  9.24  3.47    30  3.03  23.64 21.10 11868 16.29 -9999 -9999
 1402  40111 395991 11.33  8.03  2.70    23  2.35  23.64 21.84 12296 17.01 -9999 -9999
 1404  40110 395990 12.12  7.92  2.68    22  2.33  23.64 21.90 12334 17.08 -9999 -9999
 1405  40112 395986 13.26  7.62  3.74    31  3.25  23.65 22.11 12429 17.27 -9999 -9999
 1408  40112 395986 13.76  7.58  3.76    31  3.26  23.61 22.09 12445 17.26 -9999 -9999
 1409  40113 395985 15.12  7.44  4.17    34  3.61  23.67 22.24 12524 17.39 -9999 -9999
 1410  40113 395985 16.15  7.43  4.16    34  3.60  23.65 22.22 12519 17.39 -9999 -9999
 1410  40104 395982 17.02  7.36  3.23    27  2.79  23.67 22.28 12555 17.44 -9999 -9999
 1413  40112 395975 17.82  7.38  2.61    22  2.26  23.70 22.31 12571 17.46 -9999 -9999
 1416  40114 395972 19.02  7.36  2.49    21  2.16  23.67 22.29 12562 17.44 -9999 -9999
 1416  40115 395971 20.35  7.38  2.46    20  2.13  23.71 22.32 12568 17.47 -9999 -9999
 1417  40115 395971 21.43  7.38  2.42    20  2.09  23.70 22.30 12565 17.45 -9999 -9999
 1417  40115 395976 22.12  7.38  1.93    16  1.67  23.69 22.30 12567 17.45 -9999 -9999
 1419  40114 395978 22.92  7.36  1.87    15  1.62  23.70 22.32 12580 17.47 -9999 -9999
-1430  41861 397190  1.09 15.28 13.29   131 12.20  18.82 13.98  7823  9.86 -9999 -9999
 1432  41863 397192  2.10 15.26 13.25   131 12.17  18.76 13.94  7796  9.84 -9999 -9999
 1433  41882 397185  3.11 15.01 13.48   133 12.38  18.61 13.92  7781  9.86 -9999 -9999
 1434  41899 397177  4.22 14.79 13.38   131 12.27  18.73 14.09  7884 10.04 -9999 -9999
 1434  41890 397158  5.19 13.61 11.23   107 10.29  18.21 14.09  7877 10.24 -9999 -9999
 1436  41861 397133  6.10 13.52  9.72    93  8.90  18.26 14.16  7927 10.30 -9999 -9999
 1438  41854 397145  7.09 12.60  7.26    68  6.50  22.14 17.92 10051 13.34 -9999 -9999
 1440  41850 397157  8.12 12.33  5.68    53  5.06  22.43 18.31 10274 13.68 -9999 -9999
-1447  42850 397314  1.17 16.12 13.63   137 12.54  18.99 13.83  7730  9.59 -9999 -9999
 1448  42841 397313  2.14 15.79 13.42   134 12.33  18.95 13.91  7784  9.71 -9999 -9999
 1449  42830 397317  3.20 14.42 12.20   118 11.20  18.38 13.93  7792  9.97 -9999 -9999
 1451  42838 397318  4.10 14.37 11.94   116 10.96  18.29 13.88  7769  9.95 -9999 -9999
 1452  42850 397311  5.16 13.88 10.79   104  9.90  18.15 13.93  7790 10.07 -9999 -9999
 1454  42863 397320  6.00 13.15  8.70    82  7.95  18.35 14.38  8047 10.53 -9999 -9999
 1456  42835 397327  6.95 13.01  8.56    81  7.73  20.84 16.59  9282 12.25 -9999 -9999
 1457  42846 397316  8.20 12.51  5.57    52  4.97  22.78 18.53 10395 13.82 -9999 -9999
 1460  42834 397313  9.01 12.40  4.46    41  3.96  23.07 18.85 10576 14.08 -9999 -9999
 1503  42833 397308  9.97 12.20  3.83    35  3.39  23.27 19.12 10740 14.33 -9999 -9999
 1505  42880 397310 11.08  9.97  1.94    17  1.70  23.76 20.78 11690 15.94 -9999 -9999
 1508  42817 397322 12.18  8.81  0.97     8  0.84  24.05 21.76 12255 16.86 -9999 -9999
 1511  42816 397322 13.12  8.70  0.91     8  0.79  24.13 21.92 12343 16.99 -9999 -9999
 1511  42844 397314 14.08  8.32  0.46     4  0.40  24.10 22.12 12461 17.20 -9999 -9999
 1513  42846 397313 15.12  8.29  0.43     4  0.38  24.13 22.17 12486 17.25 -9999 -9999
-1521  44447 396326  0.52 15.44 14.09   140 12.93  18.99 14.07  7868  9.90 -9999 -9999
 1521  44449 396323  2.41 15.58 14.13   141 12.98  18.96 13.99  7820  9.82 -9999 -9999
 1522  44448 396320  3.28 15.18 13.67   135 12.56  18.58 13.83  7734  9.76 -9999 -9999
 1523  44431 396332  4.06 14.21 10.75   104  9.86  18.36 13.99  7827 10.06 -9999 -9999
 1525  44430 396334  4.85 14.10 10.78   104  9.89  18.27 13.95  7818 10.05 -9999 -9999
 1525  44430 396333  6.26 13.65 10.44   100  9.47  20.17 15.74  8817 11.49 -9999 -9999
 1526  44424 396333  7.11 13.34  7.70    73  6.94  21.22 16.77  9398 12.34 -9999 -9999
-1533  45386 396494  1.11 15.90 13.09   131 12.01  19.25 14.11  7878  9.85 -9999 -9999
 1533  45392 396490  2.02 15.72 12.86   128 11.81  19.05 14.02  7838  9.81 -9999 -9999
 1534  45396 396489  3.11 14.75 11.27   110 10.33  18.88 14.22  7954 10.14 -9999 -9999
 1537  45394 396489  4.05 14.80 11.28   110 10.35  18.58 13.97  7815  9.94 -9999 -9999
 1538  45395 396488  5.06 13.69 10.26    98  9.39  18.53 14.32  8014 10.40 -9999 -9999
 1539  45399 396489  6.05 13.03  7.34    69  6.50  24.48 19.78 11112 14.70 -9999 -9999
 1542  45399 396488  7.06 12.96  7.31    68  6.44  25.14 20.41 11472 15.19 -9999 -9999
 1542  45394 396492  8.17 10.57  2.70    24  2.34  26.05 22.63 12738 17.29 -9999 -9999
 1546  45385 396483  9.16  9.17  0.94     8  0.81  26.23 23.70 13359 18.32 -9999 -9999
 1549  45403 396512 10.10  8.56  0.39     3  0.33  26.13 24.01 13537 18.65 -9999 -9999
 1551  45410 396512 11.14  8.45  0.36     3  0.30  26.11 24.06 13579 18.70 -9999 -9999
 1551  45423 396507 12.13  8.20  0.09     1  0.08  26.13 24.26 13684 18.89 -9999 -9999
 1553  45425 396504 13.07  8.17  0.02     0  0.02  26.13 24.28 13697 18.90 -9999 -9999
-1557  46252 396900  1.01 15.71 12.05   120 11.06  19.25 14.18  7930  9.93 -9999 -9999
 1558  46256 396907  2.00 15.41 11.94   119 10.96  18.93 14.04  7848  9.88 -9999 -9999
 1559  46259 396906  2.98 14.91 11.17   110 10.24  18.84 14.14  7911 10.05 -9999 -9999
 1600  46261 396918  4.16 14.47 10.40   101  9.53  18.79 14.26  7977 10.22 -9999 -9999
 1602  46259 396918  5.04 13.98  9.79    94  8.92  19.60 15.12  8468 10.96 -9999 -9999
-1611  48093 396563  1.06 15.50 12.46   124 11.43  19.13 14.16  7925  9.96 -9999 -9999
 1614  48090 396567  1.81 15.44 12.46   124 11.43  18.93 14.02  7838  9.86 -9999 -9999
 1615  48097 396553  3.04 14.50 10.29   100  9.42  18.87 14.32  8009 10.26 -9999 -9999
 1618  48096 396551  4.06 14.44 10.32   100  9.44  19.10 14.53  8126 10.43 -9999 -9999
 1618  48096 396551  4.91 14.25 10.27    99  9.22  22.57 17.53  9829 12.76 -9999 -9999
 1619  48097 396549  6.09 13.29  8.80    83  7.70  26.58 21.51 12105 15.98 -9999 -9999
 1621  48108 396567  7.17 12.47  7.18    67  6.18  28.64 23.86 13444 17.93 -9999 -9999
 1623  48106 396576  8.22 11.00  2.73    25  2.33  28.67 24.86 14024 18.95 -9999 -9999
 1626  48094 396577  9.12  9.85  0.51     4  0.43  28.51 25.49 14383 19.61 -9999 -9999
 1630  48091 396574 10.39  8.60  0.16     1  0.13  28.29 26.18 14787 20.33 -9999 -9999
 1631  48091 396572 11.16  8.21  0.09     1  0.08  28.15 26.32 14873 20.49 -9999 -9999
 1632  48091 396572 12.12  8.06  0.02     0  0.02  28.09 26.37 14899 20.55 -9999 -9999
 1632  48092 396570 12.99  7.98  0.02     0  0.02  28.15 26.50 14976 20.66 -9999 -9999
 1633  48092 396569 14.15  7.89 -0.01     0  0.00  28.16 26.57 15018 20.73 -9999 -9999
 1633  48092 396567 15.19  7.84 -0.03     0  0.00  28.12 26.57 15020 20.73 -9999 -9999
 1633  48092 396565 15.87  7.77 -0.04     0  0.00  28.12 26.62 15048 20.78 -9999 -9999
-1639  49173 395894  0.99 15.31 12.92   128 11.85  19.07 14.19  7935 10.01 -9999 -9999
 1639  49220 395867  2.10 14.64 11.44   112 10.48  18.82 14.22  8002 10.16 -9999 -9999
 1641  49225 395847  3.15 14.35 10.21    99  9.33  19.10 14.56  8151 10.47 -9999 -9999
 1644  49225 395844  4.08 14.33 10.23    99  9.33  19.54 14.93  8360 10.76 -9999 -9999
 1644  49208 395848  5.16 13.79  9.03    87  8.18  20.59 16.03  8978 11.69 -9999 -9999
 1646  49168 395887  6.20 12.78  6.78    64  5.90  27.05 22.23 12509 16.62 -9999 -9999
 1649  49164 395879  7.06 12.21  4.10    38  3.53  28.46 23.86 13446 17.97 -9999 -9999
 1652  49166 395853  8.24 11.24  1.80    16  1.54  29.16 25.16 14195 19.14 -9999 -9999
 1655  49155 395842  9.07 10.82  0.82     7  0.69  29.04 25.34 14306 19.35 -9999 -9999
