# MEETVAARTUIG : M.C.ECOS 8 VERTIKAAL
# MEETDATUM    : 09-08-2021 13:33:47
# MEETGEBIED   :
# STARTPUNT    :
# EINDPUNT     :
# PROJECTCODE  :
# OPDRACHTGEVER:
# BEHEERDER    :
# BEMONST. INST:
# WAARNEMER(S) : Michel
#
* 20210809
$ 9999 [000000000000000]
>TIJD      uumm                    
>X         coordinaat              
>Y         coordinaat              
>SENSHTE   Diepte set        m     
>Echms     Echoset           mtrs  
>Temp      Temperatuur       oC    
>pH        Zuurgraad         dimsls
>O2        Zuurstof          mg/l  
>%O2       Zuurstof%         %     
>GELBH     Geleidendheid     mS/cm 
>GEL20     Gel20             ???   
>SALNTT    Saliniteit        dimsl 
>CL-       Chloride          mg/l  
>CHFLYSI   Chlorofyl         ugr/l 
>TURBID    Troebelheid       NTU   
 -1333  33176 400492   1.06  17.33  19.47   7.94   6.71    86  38.90  3934  28.09  15854   0.66   0.26
  1334  33176 400511   2.05  15.03  19.46   7.95   6.73    86  38.90  3935  28.09  15855   0.73   0.18
  1334  33180 400523   3.02  11.75  19.44   7.95   6.75    87  38.88  3934  28.09  15854   0.84   0.25
  1334  33185 400532   4.02  11.29  19.35   7.95   6.73    86  38.81  3935  28.10  15859   0.79   0.35
  1335  33196 400540   5.00  14.28  19.34   7.94   6.67    85  38.79  3934  28.09  15855   0.75   0.26
  1335  33203 400551   5.98  13.66  19.33   7.94   6.66    85  38.79  3935  28.09  15857   0.68   0.26
  1335  33208 400558   6.99  11.90  19.36   7.94   6.65    85  38.82  3935  28.09  15856   0.79   0.33
  1336  33203 400574   8.02  10.79  19.27   7.93   6.55    84  38.75  3936  28.10  15861   0.66   0.27
  1336  33199 400574   9.01   9.89  19.27   7.93   6.54    84  38.75  3935  28.10  15859   0.68   0.31
  1336  33197 400574  10.01   8.75  19.23   7.93   6.52    83  38.73  3937  28.11  15867   0.56   0.42
  1337  33192 400573  11.04   7.50  19.22   7.93   6.47    83  38.71  3936  28.10  15861   0.84   0.33
  1337  33192 400571  12.02   6.81  19.21   7.93   6.44    82  38.69  3935  28.09  15859   0.61   0.29
  1337  33192 400570  12.92   5.64  19.20   7.92   6.43    82  38.69  3936  28.10  15863   0.57   0.45
  1338  33200 400572  14.00   4.14  19.13   7.92   6.37    81  38.65  3937  28.11  15870   0.53   0.42
  1338  33220 400572  14.99   2.14  19.16   7.92   6.30    81  38.66  3936  28.10  15864   0.61   0.42
  1339  33218 400554  16.03   0.75  19.08   7.87   5.67    72  38.64  3941  28.14  15885   0.51   0.69
 -1325  33161 400173   1.04  12.78  19.57   7.93   6.58    85  38.99  3935  28.10  15857   0.57   0.26
  1325  33155 400205   2.03  11.73  19.52   7.94   6.61    85  38.96  3935  28.10  15859   0.96   0.29
  1326  33154 400219   3.02  10.56  19.48   7.94   6.64    85  38.91  3935  28.09  15857   0.99   0.21
  1326  33155 400231   4.00   9.75  19.46   7.95   6.69    86  38.90  3935  28.09  15855   0.95   0.29
  1326  33156 400238   4.99   8.90  19.45   7.94   6.67    86  38.89  3935  28.09  15858   0.89   0.27
  1327  33146 400242   6.03   7.31  19.39   7.94   6.64    85  38.85  3935  28.09  15858   0.74   0.18
  1328  33139 400243   6.97   6.09  19.37   7.93   6.53    84  38.83  3936  28.10  15860   0.76   0.30
  1328  33136 400244   8.06   5.03  19.35   7.92   6.45    83  38.82  3936  28.10  15862   0.84   0.17
  1329  33133 400245   9.00   4.00  19.32   7.92   6.42    82  38.80  3936  28.10  15864   0.68   0.26
  1329  33135 400244  10.02   3.06  19.30   7.91   6.36    82  38.79  3937  28.11  15866   0.79   0.19
  1330  33138 400245  11.03   2.21  19.28   7.90   6.04    77  38.78  3938  28.12  15870   0.79   0.26
  1330  33140 400245  12.01   1.35  19.28   7.89   6.00    77  38.78  3938  28.11  15869   0.52   0.34
 -1303  33937 398862   0.99   0.00  19.62   7.91   6.27    81  39.04  3936  28.10  15859   0.87   0.27
  1303  33925 398876   1.99  21.42  19.61   7.90   6.24    80  39.04  3936  28.10  15861   1.01   0.26
  1303  33918 398903   3.06  19.93  19.60   7.87   5.80    75  39.06  3939  28.12  15872   0.75   0.30
  1304  33898 398908   3.99  19.48  19.61   7.87   5.63    73  39.06  3938  28.12  15870   0.78   0.27
  1305  33895 398907   4.97  18.29  19.58   7.85   5.46    70  39.04  3940  28.13  15877   0.68   0.39
  1306  33912 398894   6.04  13.84  19.59   7.85   5.26    68  39.04  3938  28.12  15871   0.66   0.38
  1307  33921 398883   7.00  16.63  19.57   7.83   5.22    67  39.05  3941  28.14  15883   0.50   0.43
  1307  33916 398870   7.99  14.78  19.57   7.83   5.07    65  39.07  3943  28.15  15891   0.55   0.34
  1308  33909 398884   9.04  14.18  19.54   7.79   4.64    60  39.07  3946  28.18  15905   0.54   0.41
  1309  33906 398897  10.04  13.71  19.49   7.76   4.33    56  39.06  3948  28.20  15915   0.37   0.40
  1310  33899 398897  11.01  12.35  19.43   7.74   4.09    53  39.02  3949  28.21  15923   0.51   0.48
  1310  33901 398897  11.98  11.55  19.42   7.74   4.05    52  39.01  3950  28.21  15925   0.42   0.42
  1310  33901 398896  13.00  10.65  19.34   7.70   3.74    48  38.97  3952  28.23  15935   0.33   0.54
  1311  33901 398896  14.03   9.49  19.32   7.70   3.57    46  38.96  3953  28.24  15939   0.37   0.46
  1312  33901 398893  15.02   8.31  19.18   7.63   2.95    38  38.89  3957  28.27  15960   0.22   0.62
  1313  33902 398898  16.01   7.86  19.12   7.60   2.57    33  38.85  3959  28.28  15969   0.24   0.70
  1313  33903 398897  17.05   6.84  19.11   7.60   2.51    32  38.85  3959  28.29  15971   0.30   0.78
  1314  33904 398897  18.02   5.90  19.07   7.58   2.29    29  38.83  3961  28.30  15979   0.22   0.81
  1315  33911 398895  19.02   4.85  19.01   7.57   2.06    26  38.78  3961  28.30  15980   0.22   1.00
  1316  33913 398880  20.02   3.30  18.94   7.52   1.59    20  38.75  3964  28.32  15991   0.30   1.29
  1316  33909 398882  21.00   2.26  18.90   7.51   1.38    18  38.71  3963  28.32  15990   0.32   1.44
  1317  33907 398892  22.07   0.80  18.84   7.49   1.07    14  38.67  3964  28.32  15992   0.25   1.89
 -1255  35002 398011   0.99   5.03  19.59   7.97   6.85    88  38.99  3934  28.08  15851   1.18   0.26
  1255  35006 398029   2.03   3.96  19.55   7.97   6.89    89  38.96  3933  28.08  15849   1.68   0.32
  1256  35008 398030   2.94   3.08  19.54   7.97   6.91    89  38.95  3933  28.08  15848   1.55   0.26
  1256  35009 398030   3.97   2.09  19.53   7.97   6.91    89  38.95  3934  28.08  15851   2.33   0.26
  1256  35011 398030   4.99   0.98  19.51   7.97   6.84    88  38.93  3934  28.09  15853   1.59   0.23
 -1242  35489 397403   0.98  11.21  19.48   7.99   7.13    92  38.85  3929  28.04  15827   1.47   0.37
  1242  35470 397413   2.03   9.78  19.41   7.99   7.06    91  38.80  3929  28.04  15828   1.76   0.35
  1243  35468 397417   2.99   8.38  19.42   7.98   6.93    89  38.80  3928  28.04  15825   1.80   0.37
  1243  35469 397425   4.01   9.21  19.41   7.98   6.97    90  38.80  3929  28.05  15830   1.58   0.32
  1244  35467 397431   5.01   8.93  19.38   7.96   6.76    87  38.77  3929  28.05  15829   0.99   0.41
  1244  35464 397431   6.01   7.31  19.37   7.97   6.77    87  38.76  3929  28.04  15829   1.42   0.30
  1245  35464 397430   6.98   5.90  19.36   7.97   6.76    87  38.76  3929  28.04  15829   1.41   0.37
  1245  35465 397429   7.98   4.69  19.37   7.97   6.78    87  38.77  3929  28.05  15831   1.33   0.32
  1246  35465 397431   8.99   4.73  19.35   7.90   5.43    70  38.85  3939  28.12  15875   1.24   0.51
  1248  35456 397440  10.00   5.96  19.41   7.50   0.66     8  39.44  3994  28.56  16126   0.49   2.12
  1249  35453 397445  10.98   4.91  19.15   7.57   0.21     3  39.38  4010  28.69  16204   0.29   2.65
  1250  35453 397444  12.01   3.91  18.67   7.49   0.16     2  39.27  4040  28.93  16344   0.25   1.06
  1250  35453 397442  12.97   2.86  18.40   7.47   0.13     2  39.10  4047  28.98  16375   0.30   0.77
  1250  35456 397439  13.99   1.40  16.73   7.37   0.10     1  38.08  4089  29.33  16578   0.38   0.90
 -1236  36159 396872   1.01   6.11  19.62   7.96   6.65    85  38.48  3879  27.65  15600   2.54   0.42
  1233  36192 396847   2.02   5.41  19.56   7.92   6.19    80  38.88  3925  28.01  15809   1.59   0.50
  1233  36159 396881   3.00   4.26  19.55   7.94   6.39    82  38.90  3928  28.04  15823   1.83   0.44
  1234  36156 396886   4.00   3.50  19.55   7.92   6.11    79  38.97  3934  28.08  15851   1.29   0.61
  1234  36148 396890   5.03   2.58  19.55   7.92   6.08    78  38.97  3934  28.09  15853   1.27   0.64
  1235  36141 396889   5.98   1.48  19.54   7.87   5.45    70  39.02  3940  28.13  15879   1.21   0.72
 -1219  36709 395903   0.99   8.30  19.23   8.02   7.40    95  38.54  3917  27.95  15777   1.84   0.30
  1219  36708 395933   2.04   7.30  19.22   8.02   7.36    94  38.53  3917  27.95  15777   1.84   0.39
  1219  36712 395936   2.94   6.58  19.22   8.02   7.37    94  38.53  3917  27.95  15777   2.34   0.25
  1219  36719 395936   3.99   5.43  19.23   8.02   7.40    95  38.53  3917  27.95  15777   2.05   0.27
  1220  36718 395954   5.03   4.65  19.22   8.02   7.44    95  38.53  3918  27.96  15779   1.82   0.32
  1221  36704 395988   6.01   3.28  19.88   7.85   5.08    66  39.97  4007  28.66  16184   0.92   0.33
  1222  36688 395972   7.07   1.98  19.80   7.77   4.02    52  40.03  4020  28.76  16242   0.70   0.34
  1222  36700 395967   8.00   1.83  19.54   7.64   2.35    30  39.98  4038  28.91  16326   0.51   0.66
  1224  36737 395939   8.93  32.97  19.25   7.50   0.80    10  39.85  4050  29.00  16383   0.60   1.92
 -1155  37502 393856   1.00  11.88  19.40   8.02   7.43    95  39.12  3962  28.31  15982   2.66   0.40
  1156  37482 393853   1.96  12.08  19.38   8.01   7.36    95  39.15  3967  28.35  16004   2.00   0.40
  1156  37460 393850   2.92  13.70  19.40   8.02   7.39    95  39.18  3969  28.36  16012   2.20   0.46
  1157  37429 393842   4.02  15.06  19.39   8.00   7.19    92  39.20  3971  28.38  16022   1.57   0.34
  1158  37417 393828   5.00  14.13  19.35   7.99   7.09    91  39.19  3974  28.40  16035   1.31   0.35
  1158  37411 393825   5.98   0.00  19.36   7.98   6.97    90  39.25  3980  28.45  16061   1.36   0.33
  1200  37401 393840   6.98  12.43  19.84   7.85   5.03    65  40.10  4024  28.80  16261   0.81   0.37
  1201  37401 393841   7.99  11.45  19.76   7.77   4.07    53  40.19  4039  28.92  16332   0.74   0.46
  1203  37406 393849   9.01  10.39  19.57   7.65   2.67    35  40.13  4049  29.00  16380   0.59   0.53
  1204  37406 393834  10.04   9.54  19.30   7.51   0.77    10  39.99  4059  29.08  16425   0.41   0.91
  1205  37408 393833  10.99   8.56  19.20   7.49   0.51     7  39.93  4062  29.10  16441   0.39   1.01
  1205  37409 393834  12.02   7.54  17.87   7.62   0.21     3  39.19  4103  29.43  16636   0.28   0.48
  1206  37411 393834  12.99   6.51  17.52   7.65   0.14     2  38.62  4074  29.20  16505   0.28   0.45
  1206  37413 393835  14.07   5.46  16.67   7.67   0.11     1  37.92  4077  29.23  16525   0.36   0.38
  1206  37414 393836  14.99   4.50  15.24   7.69   0.08     1  36.78  4084  29.29  16563   0.26   0.35
  1206  37416 393839  16.05   3.46  14.44   7.67   0.07     1  36.06  4078  29.25  16541   0.28   0.31
  1207  37419 393840  16.99   2.55  14.17   7.66   0.05     1  35.83  4077  29.24  16537   0.36   0.36
  1207  37422 393841  18.04   1.49  14.10   7.66   0.04     1  35.76  4077  29.24  16536   0.34   0.39
 -1148  38337 394019   0.99   6.04  19.25   8.00   7.26    93  39.11  3974  28.40  16036   1.38   0.18
  1149  38336 394011   2.03   4.91  19.24   8.00   7.26    93  39.10  3974  28.40  16036   1.36   0.23
  1149  38339 394009   3.01   3.79  19.24   8.00   7.25    93  39.10  3974  28.40  16036   1.47   0.20
  1149  38343 394008   4.01   2.68  19.23   8.00   7.24    93  39.09  3974  28.40  16035   1.50   0.24
  1149  38346 394009   5.00   1.69  19.23   8.00   7.23    93  39.09  3974  28.40  16036   1.41   0.22
  1150  38351 394008   5.99   0.75  19.23   8.00   7.18    92  39.08  3974  28.40  16035   1.84   0.33
 -1111  40128 396012   0.95  22.64  19.30   8.01   7.17    92  39.03  3962  28.31  15979   1.47   0.20
  1111  40130 396030   1.99  22.09  19.34   8.01   7.17    92  39.09  3964  28.33  15992   1.35   0.21
  1111  40131 396026   2.97  20.90  19.34   8.01   7.16    92  39.11  3966  28.34  15999   1.22   0.29
  1111  40131 396006   3.99  19.68  19.35   8.01   7.14    92  39.11  3965  28.34  15997   1.14   0.24
  1112  40131 395995   5.03  19.10  19.31   8.01   7.15    92  39.04  3962  28.31  15982   1.32   0.22
  1112  40134 395998   5.97  17.83  19.37   8.01   7.13    92  39.15  3967  28.35  16006   1.18   0.22
  1112  40141 396007   7.08  16.55  19.40   8.02   7.11    92  39.20  3970  28.37  16019   1.25   0.25
  1113  40145 395996   8.02  15.29  19.49   8.01   7.06    91  39.35  3978  28.44  16055   1.31   0.23
  1113  40140 395986   9.00  13.13  19.50   8.01   7.01    90  39.38  3980  28.45  16061   1.29   0.19
  1114  40143 395981  10.02  11.45  19.51   8.00   6.93    89  39.40  3982  28.46  16069   1.21   0.21
  1115  40148 395987  11.00  11.35  19.57   8.00   6.84    88  39.49  3986  28.50  16088   1.21   0.22
  1115  40139 395989  12.04  11.15  19.59   7.99   6.72    87  39.54  3989  28.52  16103   1.27   0.41
  1115  40133 395989  13.04   0.00  19.58   7.99   6.74    87  39.55  3990  28.53  16108   1.28   0.32
  1116  40128 395994  13.99   9.46  19.65   7.98   6.57    85  39.62  3992  28.55  16118   1.92   0.34
  1117  40100 396005  14.99   6.80  19.71   7.96   6.16    80  39.81  4005  28.65  16177   1.31   0.48
  1118  40095 395998  15.99   5.58  19.90   7.89   5.24    68  40.24  4033  28.87  16306   1.40   0.70
  1118  40095 396006  16.98   0.00  19.90   7.88   5.03    66  40.29  4038  28.91  16326   1.16   0.59
  1120  40075 396009  18.04   0.00  19.83   7.80   3.95    51  40.38  4053  29.03  16396   0.78   1.37
  1121  40107 395983  19.06   3.54  19.75   7.74   3.26    42  40.41  4063  29.11  16442   0.68   1.29
  1122  40119 395998  20.05   3.69  19.66   7.69   2.66    34  40.40  4069  29.16  16469   0.78   1.49
  1123  40128 396005  20.77   3.45  19.62   7.67   2.30    30  40.38  4071  29.18  16481   0.40   1.82
  1124  40142 395997  22.00   1.81  19.49   7.58   1.42    18  40.34  4078  29.23  16515   0.36   2.10
  1125  40152 396011  22.97   1.04  19.44   7.55   0.94    12  40.31  4079  29.24  16520   0.33   2.66
 -1057  41859 397236   1.01   7.80  19.34   8.00   6.90    89  39.20  3975  28.41  16043   0.69   0.09
  1057  41854 397237   2.03   6.96  19.34   8.00   6.91    89  39.20  3975  28.41  16043   0.75   0.05
  1057  41849 397241   3.03   5.78  19.34   8.00   6.90    89  39.20  3976  28.42  16045   0.73   0.13
  1057  41830 397227   4.02   5.23  19.34   8.00   6.94    89  39.20  3976  28.42  16045   0.83   0.18
  1058  41828 397222   5.02   3.99  19.33   8.00   6.91    89  39.20  3976  28.42  16046   0.75   0.09
  1058  41825 397221   6.00   3.14  19.34   8.00   6.90    89  39.21  3976  28.42  16046   0.83   0.11
  1058  41820 397225   7.04   1.95  19.34   8.00   6.90    89  39.21  3976  28.42  16046   0.69   0.14
  1059  41810 397222   7.99   1.28  19.33   7.99   6.85    88  39.20  3976  28.42  16045   0.84   0.16
 -1044  42848 397315   1.04  15.83  19.27   7.95   6.57    84  38.58  3919  27.97  15786   1.05   0.26
  1044  42837 397328   2.00  14.63  19.35   7.97   6.58    84  39.04  3959  28.28  15965   0.80   0.18
  1045  42832 397332   3.02  13.06  19.34   7.96   6.57    84  38.79  3934  28.09  15852   1.24   0.19
  1045  42829 397333   3.97  11.73  19.38   7.97   6.58    84  38.90  3941  28.14  15886   0.93   0.22
  1045  42830 397334   5.02   9.96  19.52   7.99   6.69    86  39.31  3971  28.38  16022   0.94   0.13
  1046  42827 397333   6.01   9.08  19.59   7.98   6.56    85  39.44  3979  28.44  16056   0.68   0.15
  1047  42822 397328   7.00   9.63  19.67   7.98   6.37    82  39.65  3993  28.56  16123   0.75   0.21
  1048  42842 397336   8.01   4.78  19.91   7.96   5.83    76  40.29  4037  28.90  16320   0.70   0.41
  1048  42831 397334   9.01   5.89  20.00   7.95   5.69    74  40.48  4048  28.99  16372   0.65   0.42
  1049  42827 397331  10.04   5.69  20.01   7.95   5.68    74  40.49  4049  28.99  16374   0.80   0.51
  1049  42827 397331  11.00   4.79  20.02   7.95   5.66    74  40.52  4050  29.01  16382   0.78   0.44
  1049  42832 397330  12.01   3.54  20.02   7.95   5.62    73  40.53  4052  29.02  16388   0.97   0.40
  1050  42841 397331  12.99   1.35  20.06   7.94   5.50    72  40.60  4055  29.05  16405   0.84   0.69
 -1030  44433 396349   0.99   7.33  19.11   8.05   7.32    94  38.83  3957  28.27  15960   1.87   0.27
  1030  44429 396348   1.98   6.45  19.11   8.05   7.29    93  38.83  3957  28.27  15961   1.86   0.28
  1030  44434 396355   3.02   5.19  19.44   8.05   7.18    92  39.33  3980  28.45  16062   1.52   0.28
  1031  44424 396358   4.00   4.36  19.49   8.05   7.08    91  39.43  3986  28.50  16091   2.02   0.28
  1032  44411 396364   5.03   3.31  19.47   8.05   7.17    92  39.36  3980  28.45  16062   1.82   0.30
  1033  44402 396377   5.99   2.00  19.61   8.00   6.47    84  39.76  4009  28.68  16196   1.21   0.31
  1034  44410 396379   7.00   1.00  19.58   8.00   6.68    86  39.53  3988  28.52  16100   1.20   0.82
 -1018  45404 396450   0.96  11.78  19.14   8.05   7.33    94  38.83  3955  28.25  15950   1.78   0.35
  1018  45390 396443   1.96   0.00  19.14   8.05   7.33    94  38.83  3955  28.25  15950   1.72   0.28
  1018  45383 396441   2.98   9.58  19.14   8.05   7.32    94  38.82  3954  28.25  15947   1.67   0.33
  1018  45378 396440   4.02   0.00  19.25   8.04   7.28    93  38.90  3952  28.23  15936   1.47   0.24
  1019  45369 396446   5.01   0.00  19.34   8.01   6.90    89  39.19  3974  28.41  16037   1.28   0.30
  1020  45351 396442   6.02   5.80  19.46   8.00   6.55    84  39.61  4007  28.66  16185   1.28   0.36
  1021  45348 396435   7.00   0.00  19.73   8.00   6.33    82  40.19  4042  28.94  16346   1.32   0.38
  1021  45348 396435   7.98   3.54  19.78   8.00   6.30    82  40.29  4048  28.99  16373   0.84   0.48
  1021  45350 396433   9.01   0.00  19.81   8.00   6.24    81  40.45  4061  29.10  16433   1.08   0.37
  1022  45352 396432  10.03   1.65  19.91   7.98   5.94    78  40.74  4083  29.27  16532   0.87   0.43
  1023  45357 396438  10.97  69.82  19.92   7.97   5.76    75  40.80  4087  29.30  16551   0.86   0.54
 -1009  46321 396920   1.01   4.59  19.29   8.06   7.49    96  38.71  3930  28.05  15833   2.18   0.50
  1010  46286 396908   2.01   3.66  19.29   8.04   7.24    93  38.89  3948  28.19  15915   1.79   0.50
  1010  46270 396903   3.00   2.73  19.33   8.04   7.10    91  39.01  3956  28.26  15955   1.78   0.47
  1011  46265 396899   4.02   1.70  19.30   8.03   6.92    89  39.19  3978  28.44  16055   0.79   0.32
  1012  46256 396913   5.02   0.85  19.45   8.03   6.77    87  39.89  4036  28.90  16320   0.79   0.36
 -0952  48135 396544   1.03  14.78  18.28   7.96   6.86    86  37.06  3845  27.39  15455   1.19   0.47
  0952  48086 396590   2.00  12.73  18.75   8.04   7.32    93  38.15  3919  27.97  15788   1.31   0.41
  0953  48069 396602   3.01  11.13  18.75   8.02   6.78    86  38.56  3961  28.30  15978   1.01   0.23
  0953  48060 396611   4.02  10.70  18.56   8.03   6.75    86  38.69  3991  28.54  16117   0.87   0.26
  0954  48058 396623   4.97   9.83  19.31   8.04   6.99    90  40.21  4081  29.26  16529   1.09   0.85
  0954  48062 396637   6.00   8.76  19.31   8.03   6.86    89  40.34  4094  29.36  16586   0.95   1.08
  0955  48061 396643   6.96   7.36  19.42   8.04   6.87    89  40.51  4101  29.42  16620   0.92   0.82
  0955  48058 396644   8.01   5.70  19.35   8.04   6.95    90  40.49  4105  29.45  16640   1.00   1.04
  0956  48055 396648   8.97   5.28  19.51   8.04   6.93    90  40.73  4115  29.53  16684   1.05   0.96
  0956  48051 396655  10.00   4.48  19.62   8.03   6.77    88  40.90  4123  29.59  16718   0.92   0.98
  0957  48039 396667  11.02   3.50  19.69   8.02   6.58    86  41.01  4128  29.63  16743   0.95   0.91
  0958  48034 396657  12.02   2.38  19.72   8.01   6.44    84  41.07  4132  29.66  16760   0.90   0.92
  0959  48068 396645  13.01   1.34  19.72   8.00   6.18    81  41.08  4133  29.67  16766   1.06   0.96
 -0938  49164 395868   1.05   9.97  18.75   8.10   7.90   100  38.43  3947  28.19  15916   1.71   0.48
  0939  49231 395858   2.02   9.05  18.89   8.06   7.36    94  38.76  3968  28.36  16013   1.39   0.43
  0941  49215 395847   3.01   8.28  18.80   8.01   6.52    83  39.32  4034  28.88  16316   0.87   0.77
  0942  49215 395854   4.00   1.42  18.95   8.00   6.46    83  39.68  4058  29.07  16424   0.59   0.88
  0942  49219 395860   5.00   6.40  18.94   8.00   6.49    83  39.66  4057  29.06  16417   0.61   0.74
  0943  49214 395866   6.00   5.32  19.09   8.03   6.79    87  40.05  4083  29.28  16540   0.60   1.27
  0944  49206 395863   6.99   4.51  19.13   8.04   6.87    88  40.23  4098  29.39  16608   0.63   1.26
  0944  49206 395861   7.99   3.56  19.14   8.04   6.88    89  40.32  4106  29.45  16643   0.64   1.26
  0944  49206 395860   9.00   2.55  19.14   8.04   6.88    89  40.33  4107  29.47  16650   0.57   1.25
  0945  49205 395861  10.03   1.61  19.15   8.03   6.83    88  40.36  4110  29.48  16660   0.74   1.30
  0945  49201 395863  10.98   0.50  19.16   8.03   6.76    87  40.41  4114  29.52  16679   0.77   1.65
