# M.S. ARGUS
# 18-01-2000 08:08:24
# PROJECTCODE: E7301X
# STARTPUNT: SLUIS KATS
# EINDPUNT: VEERSEGATDAM
# OPDRACHTGEVER: ZLXXAXWMDBG
# BEHEERDER: ZLXXAXWMDBG
# BEMONST. INST.: ZLXXAXMVSGN
# TLU        oC    6.8
# LUCHTDK    hp    1024
# WINDSHD    m/s    6.4
# WINDRTG    graad    340
# BEWKGD         8
* 20000118
$-9999 [000222222022200]
> TIJD
> X-COORD
> Y-COORD
>SENSHTE   Diepte set        m
>ECHOS     Echoset           mtrs
>Echo      Echoschip         M
>Temp      Temperatuur       oC
>pH        Zuurgraad         dimsls
>O2        Zuurstof          mg/l
>%O2       Zuurstof verz.p.  %
>GELBH     Geleidendheid     ms/cm
>GELDHD    Geleidendh (20)   ms/cm
>SALNTT    Saliniteit        dimsls
>CL-       Chloride          mg/l
>MEX       MEX               %
 -759  49193 395838   0.93   9.39  11.70   4.45   8.11  11.48     97  13.91  19.78  13.59   7604      0
  759  49192 395838   1.90   8.42  11.70   4.44   8.11  11.54     98  13.90  19.78  13.59   7602      0
  800  49188 395834   3.04   7.03  11.70   4.37   8.12  11.70     99  13.88  19.78  13.59   7606      0
  800  49186 395834   4.07   5.96  11.80   4.33   8.12  11.84    100  13.87  19.79  13.60   7611      0
  801  49188 395833   5.18   4.53  11.70   4.32   8.11  11.92    101  14.18  20.25  13.94   7802      0
  803  49197 395840   6.11   4.35  11.60   5.11   7.71   7.26     66  21.56  30.13  21.51  12107      0
  804  49201 395850   6.99   3.57  11.40   5.85   7.53   5.34     50  23.40  32.07  23.01  12967      0
  806  49194 395849   7.92   2.45  11.50   5.89   7.51   4.21     39  23.86  32.67  23.48  13238      0
  808  49182 395845   9.04   1.74  11.70   5.97   7.48   2.95     28  24.03  32.83  23.61  13311      0
  808  49183 395843  10.03   0.68  11.70   6.03   7.47   3.68     35  24.08  32.84  23.61  13315      0
 -816  48025 396608   0.92   0.57  17.30   4.51   8.13  11.36     97  14.34  20.36  14.02   7850      0
  816  48027 396610   2.14   0.51   0.00   4.51   8.13  11.46     98  14.40  20.44  14.09   7885      0
  817  48031 396607   3.01   1.11  17.40   4.51   8.14  11.55     98  14.32  20.34  14.01   7841      0
  817  48033 396601   4.04  11.98  17.40   4.52   8.15  11.68     99  14.36  20.39  14.04   7860      0
  819  48053 396594   4.98  11.13  17.40   4.48   7.91   9.46     83  19.30  27.44  19.42  10915      0
  820  48054 396596   6.04   9.97  17.40   5.69   7.68   6.53     60  22.78  31.35  22.45  12645      0
  821  48054 396596   7.04   9.15  17.40   5.56   7.68   6.56     61  22.99  31.74  22.76  12824      0
  823  48049 396595   8.01   7.88  17.40   6.65   7.43   2.43     23  24.94  33.48  24.10  13595      0
  823  48047 396605   9.00   7.59  17.40   6.71   7.44   2.53     24  25.18  33.75  24.31  13716      0
  825  48053 396603   9.99   6.24  17.50   7.00   7.38   1.55     15  25.64  34.11  24.60  13877      0
  827  48056 396586  10.99   5.23  17.50   7.29   7.32   0.50      5  26.34  34.78  25.12  14177      0
  828  48058 396598  12.09   4.23  17.50   7.60   7.30   0.11      1  26.77  35.08  25.35  14309      0
  828  48058 396601  13.05   3.24  17.40   7.63   7.30   0.08      1  26.81  35.10  25.37  14319      0
  829  48057 396604  14.15   2.24  17.40   7.72   7.31   0.05      1  26.91  35.16  25.41  14344      0
  829  48054 396608  14.99   1.38  17.40   7.75   7.31   0.03      0  26.94  35.18  25.42  14351      0
  829  48050 396613  16.06   0.53  17.40   7.81   7.32   0.03      0  27.02  35.22  25.45  14368      2
 -840  46252 396916   0.93   0.62   5.20   4.41   8.10  11.02     94  14.75  21.01  14.51   8125      0
  840  46246 396919   1.99   3.22   5.00   4.40   8.10  11.08     94  14.75  21.00  14.51   8124      0
  841  46245 396914   2.96   2.35   2.30   4.40   8.10  11.20     95  14.74  21.00  14.51   8122      0
  841  46244 396910   4.06   1.27   5.20   4.39   8.09  11.32     96  14.96  21.31  14.74   8256      0
  843  46247 396906   4.73   0.54   5.60   4.99   7.87  10.11     90  18.69  26.20  18.45  10364      3
 -849  45351 396429   0.95   0.55  12.70   4.62   8.12  11.04     95  14.83  21.01  14.51   8123      0
  849  45345 396436   2.13   9.67  12.20   4.61   8.12  11.14     95  14.84  21.02  14.52   8130      0
  850  45341 396441   2.98   8.60  11.70   4.61   8.12  11.23     96  14.85  21.03  14.53   8134      0
  850  45338 396444   4.15   7.17  11.00   4.45   8.11  11.35     97  14.93  21.24  14.69   8226      0
  851  45337 396445   4.98   6.27  11.00   4.45   8.07  11.23     96  15.30  21.76  15.08   8447      0
  852  45341 396445   6.21   5.15  12.00   5.48   7.78   7.62     68  18.72  25.90  18.21  10228      0
  853  45349 396434   7.18   4.60  12.90   5.79   7.74   6.28     57  19.01  26.09  18.36  10310      0
  854  45352 396429   8.01   3.59  13.00   5.71   7.74   6.07     55  19.27  26.50  18.67  10489      0
  854  45356 396432   9.01   2.52  13.00   5.72   7.73   5.95     54  19.51  26.82  18.92  10631      0
  855  45357 396437   9.99   1.87  12.90   5.72   7.72   5.89     53  19.59  26.93  19.01  10680      0
  855  45358 396439  11.08   0.87  12.90   5.70   7.72   5.90     54  19.71  27.12  19.15  10760      0
 -902  44387 396366   0.93   5.94   6.80   4.41   8.10  10.91     93  14.98  21.33  14.75   8263      0
  902  44382 396369   2.22   4.68   7.00   4.41   8.09  11.01     94  14.98  21.33  14.75   8263      0
  903  44376 396369   3.11   3.82   7.00   4.37   8.09  11.13     95  14.96  21.33  14.75   8262      0
  904  44378 396369   3.98   2.96   6.90   4.38   8.09  11.23     96  14.96  21.32  14.74   8258      0
  904  44386 396366   5.08   1.96   6.60   4.37   8.09  11.34     97  14.99  21.37  14.78   8279      0
  905  44394 396360   5.96   1.18   6.70   4.44   8.08  11.23     96  15.21  21.65  14.99   8397      0
 -915  42832 397309   0.93  14.70  13.80   4.26   8.09  10.94     93  14.97  21.41  14.82   8299      0
  915  42821 397320   1.90   0.57   8.90   4.26   8.09  11.00     94  14.97  21.41  14.82   8298      0
  916  42818 397325   3.03   0.53   7.90   4.26   8.09  11.12     95  14.98  21.42  14.82   8302      0
  916  42817 397324   4.03   1.57   8.30   4.26   8.09  11.22     95  14.98  21.41  14.82   8300      0
  917  42818 397320   5.00   9.69   9.20   4.31   8.08  11.26     96  15.06  21.51  14.89   8340      0
  917  42817 397316   5.87   9.40  10.40   4.45   8.06  11.12     95  15.28  21.74  15.06   8437      0
  919  42808 397319   6.88   8.33  10.00   4.62   7.99   9.95     86  15.86  22.45  15.60   8741      0
  919  42805 397317   8.14   7.01  10.13   4.75   7.99   9.70     84  16.11  22.73  15.81   8862      0
  920  42805 397313   9.00   6.25  13.30   4.85   7.98   9.50     83  16.24  22.85  15.89   8909      0
  921  42807 397300   9.97   4.91  16.20   4.90   7.96   9.11     79  16.37  23.00  16.01   8974      0
  921  42806 397310  10.98   4.21  14.20   4.92   7.96   8.98     78  16.38  23.00  16.01   8977      0
  922  42813 397324  12.14   2.40   8.40   4.94   7.95   8.92     78  16.41  23.04  16.04   8992      0
  922  42815 397326  13.07   0.55   8.10   4.95   7.94   8.91     78  16.43  23.06  16.05   8999      0
 -928  41820 397218   0.91   6.42   9.20   4.24   8.09  10.90     93  15.07  21.55  14.92   8359      0
  928  41810 397225   2.08   5.58   8.70   4.24   8.09  10.97     93  15.07  21.56  14.93   8362      0
  929  41804 397228   3.15   5.19   8.30   4.22   8.08  11.05     94  15.17  21.71  15.04   8426      0
  930  41798 397225   4.05   3.70   8.50   4.24   8.06  10.62     90  15.23  21.79  15.10   8461      0
  930  41803 397228   5.00   3.35   2.10   4.27   8.06  10.63     91  15.32  21.90  15.18   8506      0
  931  41812 397230   6.02   2.21   8.50   4.32   8.05  10.53     90  15.35  21.91  15.19   8513      0
  931  41820 397227   7.02   0.80   8.80   4.39   8.03  10.53     90  15.53  22.12  15.35   8602      0
 -942  40124 395983   1.04  22.43  24.30   4.22   8.12  11.32     96  14.85  21.25  14.70   8231      0
  942  40103 395986   2.04  19.90  23.90   4.22   8.12  11.40     97  14.84  21.24  14.69   8226      0
  943  40102 395986   3.12  18.80  23.80   4.22   8.12  10.33     88  14.84  21.25  14.69   8229      0
  943  40105 395986   4.20  17.88  24.10   4.21   8.12  11.64     99  14.85  21.26  14.70   8234      0
  944  40114 395990   4.95  17.67  24.40   4.10   8.07  11.42     97  15.26  21.91  15.20   8514      0
  945  40132 395989   6.18  17.29  24.40   4.10   8.07  11.11     94  15.25  21.89  15.18   8506      0
  945  40138 395986   7.18  15.91  24.30   4.15   8.07  11.08     94  15.33  21.99  15.25   8545      0
  945  40138 395983   8.06  14.63  24.40   4.24   8.06  11.01     94  15.41  22.05  15.30   8572      0
  946  40127 395977   9.02  13.31  24.50   4.33   8.04  10.67     91  15.52  22.14  15.37   8610      0
  947  40112 395976   9.86  12.76  24.00   4.34   8.04  10.63     91  15.51  22.14  15.36   8608      0
  948  40106 395983  11.10  10.67   0.00   4.34   8.04  10.65     91  15.51  22.14  15.36   8609      0
  948  40109 395984  12.20   9.93  24.10   4.38   8.04  10.68     91  15.56  22.17  15.39   8624      0
  949  40117 395984  13.19   9.68  24.40   4.43   8.02  10.58     91  15.61  22.22  15.42   8643      0
  949  40134 395983  14.02   8.95   0.00   4.44   8.02  10.37     89  15.63  22.23  15.43   8649      0
  950  40140 395982  15.10   7.11  24.40   4.45   8.02  10.33     89  15.64  22.24  15.44   8652      0
  950  40144 395979  16.00   5.46  24.40   4.46   8.01  10.31     88  15.65  22.25  15.45   8655      0
  951  40153 395985  17.06   4.60  24.10   4.50   8.02  10.29     88  15.68  22.27  15.46   8663      0
  952  40175 396000  18.12   3.46  23.90   4.58   7.97   9.58     82  15.77  22.35  15.52   8698      0
  953  40159 395994  19.02   3.21  24.20   4.58   7.97   9.36     81  15.77  22.35  15.52   8699      0
  954  40154 395988  20.02   0.30  24.30   4.62   7.95   9.30     80  15.82  22.40  15.56   8719      0
  954  40140 395994  20.98   1.94  24.20   4.63   7.95   9.01     78  15.82  22.40  15.56   8721      0
  955  40136 395999  22.04   0.81  24.20   4.67   7.93   8.90     77  15.87  22.44  15.59   8736      0
-1008  38333 394005   0.98   5.44   7.70   4.20   8.13  11.38     96  14.50  20.77  14.33   8026      0
 1009  38329 393998   2.24   3.97   7.60   4.19   8.13  11.51     97  14.50  20.77  14.34   8027      0
 1009  38325 394003   2.92   3.64   7.90   4.24   8.12  11.56     98  14.72  21.06  14.55   8149      0
 1009  38322 394009   4.08   2.74   8.10   4.22   8.12  11.63     99  14.66  20.98  14.49   8116      0
 1010  38323 394011   5.02   1.78   8.20   4.29   8.12  11.70     99  14.80  21.14  14.61   8184      0
 1010  38324 394009   6.07   0.60   8.10   4.30   8.12  11.79    100  14.83  21.18  14.64   8199      0
-1017  37364 393830   0.93   5.80  15.50   4.19   8.12  11.39     96  14.60  20.92  14.45   8089      0
 1017  37369 393847   1.96  12.26  19.00   4.19   8.12  11.46     97  14.61  20.93  14.46   8096      0
 1018  37378 393849   3.13  13.70  20.00   4.19   8.12  11.60     98  14.63  20.96  14.47   8105      0
 1018  37388 393848   4.10  14.14  19.90   4.20   8.12  11.69     99  14.65  20.99  14.50   8118      0
 1019  37399 393842   5.03  13.81  19.80   4.20   8.11  11.71     99  14.86  21.28  14.72   8243      0
 1019  37405 393832   6.04  12.52  19.80   4.20   8.11  11.78    100  14.88  21.30  14.74   8253      0
 1020  37409 393831   6.98  11.47  19.80   4.23   8.11  11.81    100  14.96  21.41  14.82   8300      0
 1020  37412 393834   8.00  10.55  19.70   4.26   8.12  11.83    101  14.99  21.44  14.84   8311      0
 1021  37411 393837   9.00   9.59  19.70   4.26   8.12  11.88    101  15.02  21.48  14.87   8327      0
 1021  37407 393838   9.97   8.56  19.80   4.25   8.11  11.91    101  15.06  21.55  14.92   8356      0
 1022  37398 393837  11.17   6.67  19.80   4.15   8.11  11.97    102  15.06  21.59  14.96   8377      0
 1022  37391 393833  12.01   4.61  19.80   4.20   8.11  11.94    101  15.11  21.64  14.99   8396      0
 1023  37390 393840  12.88   4.50  19.90   4.84   8.02  11.25     98  16.19  22.79  15.85   8885      0
 1024  37396 393845  14.04   4.18  19.70   5.04   7.96   8.97     78  16.59  23.23  16.18   9072      0
 1025  37405 393847  14.92   3.46  19.30   5.05   7.96   8.76     77  16.62  23.27  16.21   9089      0
 1027  37416 393853  15.98   2.14  18.60   5.07   7.90   7.92     69  16.66  23.30  16.24   9104      1
 1028  37419 393849  17.21   0.96  18.70   5.06   7.90   7.78     68  16.64  23.29  16.23   9097      8
 1029  37410 393846  17.87   0.57  19.07   5.05   7.92   8.09     71  16.61  23.25  16.20   9081      3
-1040  36723 395967   0.98   7.67   9.70   4.17   8.09  10.96     93  15.02  21.52  14.90   8347      0
 1040  36704 395976   1.97   7.16   9.90   4.18   8.09  11.08     94  15.02  21.53  14.91   8350      0
 1041  36697 395970   3.08   4.59   9.60   4.20   8.09  11.17     95  15.05  21.55  14.92   8359      0
 1041  36693 395960   4.10   4.16   8.90   4.21   8.09  11.24     95  15.07  21.58  14.94   8371      0
 1042  36688 395952   5.17   2.83   8.90   4.22   8.09  11.30     96  15.09  21.60  14.96   8381      0
 1042  36682 395945   5.96   1.95   2.97   4.25   8.08  11.32     96  15.18  21.71  15.04   8427      0
 1043  36678 395940   7.14   0.56   8.50   4.28   8.07  11.31     96  15.29  21.85  15.15   8486      0
-1049  36136 396892   0.95   5.38   7.40   4.18   8.08  10.94     93  15.15  21.71  15.05   8428      0
 1049  36134 396893   2.14   4.22   7.30   4.18   8.08  11.07     94  15.15  21.72  15.05   8429      0
 1050  36131 396890   3.09   3.35   7.10   4.17   8.09   9.97     85  15.15  21.72  15.05   8431      0
 1050  36128 396886   4.03   2.29   7.30   4.17   8.09  10.04     85  15.15  21.72  15.05   8431      0
 1051  36126 396878   5.09   0.90   7.40   4.16   8.09  11.38     97  15.15  21.73  15.06   8434      0
-1058  35453 397421   0.93  12.34   2.30   4.14   8.09  11.10     94  15.15  21.73  15.06   8437      0
 1058  35448 397421   2.15  11.81   0.00   4.14   8.09  11.19     95  15.15  21.74  15.06   8439      0
 1059  35445 397423   2.96  11.57   2.30   4.14   8.09  11.25     96  15.15  21.73  15.06   8437      0
 1060  35443 397425   4.08  11.27   0.00   4.14   8.09  11.39     97  15.15  21.73  15.06   8437      0
 1100  35442 397424   4.92  10.58   1.47   4.14   8.09  11.49     98  15.15  21.73  15.06   8437      0
 1101  35440 397428   6.16   9.61  13.30   4.13   8.09  11.62     99  15.15  21.74  15.07   8440      0
 1101  35440 397424   6.96   8.07   0.00   4.13   8.10  11.69     99  15.15  21.74  15.06   8439      0
 1102  35441 397424   8.14   7.02   0.00   4.13   8.10  11.80    100  15.15  21.74  15.06   8438      0
 1102  35442 397428   9.12   6.56  13.20   4.13   8.10  11.92    101  15.15  21.74  15.06   8439      0
 1103  35443 397430  10.23   5.44  13.20   4.13   8.11  11.99    102  15.15  21.74  15.06   8439      0
 1103  35445 397425  11.18   4.07  13.30   4.13   8.10  12.09    103  15.15  21.74  15.06   8439      0
 1104  35444 397426  11.89   3.57  13.20   4.13   8.10  12.13    103  15.15  21.74  15.07   8440      0
 1104  35444 397424  13.01   2.27  13.50   4.13   8.10  12.20    104  15.15  21.74  15.06   8438      0
 1105  35444 397427  14.11   1.36  13.20   4.13   8.10  12.29    104  15.15  21.74  15.06   8439      0
 1106  35446 397426  15.13   0.00  12.90   4.13   8.09  12.36    105  15.15  21.74  15.06   8438     12
-1112  34978 398057   1.10   0.57   0.00   4.14   8.11  11.07     94  15.08  21.63  14.98   8391      0
 1113  34983 398052   1.88   0.61   3.20   4.14   8.12  11.15     95  15.16  21.75  15.07   8443      5
 1113  34991 398050   3.18   1.96   5.30   4.17   8.12  11.32     96  15.19  21.77  15.09   8452      0
 1114  34996 398054   3.96   0.93   5.10   4.19   8.12  11.37     97  15.21  21.79  15.10   8460      0
-1121  33879 398866   0.93  10.44  21.00   4.16   8.11  11.03     94  15.21  21.80  15.11   8467      0
 1122  33878 398880   2.12  11.87  23.40   4.16   8.10  11.11     94  15.21  21.80  15.11   8467      0
 1122  33878 398882   3.10  11.72  23.90   4.15   8.11  11.21     95  15.20  21.80  15.11   8467      0
 1123  33879 398880   3.96  10.76  23.60   4.16   8.10  11.31     96  15.21  21.80  15.11   8467      0
 1123  33882 398882   5.01  11.07   0.00   4.15   8.10  11.43     97  15.20  21.80  15.11   8467      0
 1124  33885 398884   5.99  11.89  24.00   4.16   8.10  11.52     98  15.21  21.81  15.11   8468      0
 1124  33889 398880   7.05  11.12  24.10   4.15   8.12  11.66     99  15.21  21.81  15.11   8468      0
 1125  33889 398884   8.08  10.60  24.00   4.16   8.12  11.74    100  15.21  21.81  15.12   8468      0
 1125  33888 398891   9.17  11.09  23.40   4.15   8.12  11.88    101  15.21  21.81  15.12   8469      0
 1126  33888 398892  10.13  10.60  23.30   4.15   8.12  11.97    102  15.21  21.81  15.11   8468      0
 1126  33888 398889  10.94   9.28  23.40   4.16   8.11  12.00    102  15.21  21.80  15.11   8467      0
 1127  33890 398890  12.10   9.65  23.00   4.15   8.11  12.10    103  15.21  21.81  15.12   8468      0
 1127  33897 398893  13.12   8.79  22.30   4.17   8.12  12.12    103  15.24  21.85  15.15   8485      0
 1127  33899 398893  14.21   8.06  22.20   4.44   8.08  12.08    104  15.68  22.31  15.50   8683      0
 1129  33905 398902  15.14   6.74  21.20   4.90   8.01   9.96     87  16.58  23.30  16.24   9105      0
 1130  33895 398903  16.02   6.60  22.00   5.00   8.00   9.74     85  16.70  23.41  16.32   9151      0
 1131  33887 398897  16.95   5.69  22.80   5.06   7.98   9.26     81  16.79  23.49  16.38   9183      0
 1131  33887 398892  18.01   3.73  23.20   5.08   7.97   9.19     81  16.81  23.51  16.40   9194      0
 1132  33891 398894  19.04   3.58  22.90   5.12   7.92   8.64     76  16.92  23.63  16.49   9245      0
 1133  33895 398895  20.19   2.55  22.20   5.20   7.84   7.52     66  17.11  23.85  16.65   9337      0
 1135  33907 398907  21.08   0.49  20.40   5.33   7.71   4.56     40  17.39  24.17  16.89   9475      0
-1143  33150 400231   0.95  11.96  14.30   4.14   8.10  10.97     93  15.20  21.81  15.12   8470      0
 1144  33144 400245   1.97  10.26  13.70   4.14   8.09  11.06     94  15.21  21.82  15.13   8474      0
 1145  33147 400243   3.00   9.39  13.80   4.14   8.10  11.19     95  15.22  21.83  15.13   8478      0
 1145  33149 400231   4.24   6.87  14.20   4.14   8.10  11.30     96  15.21  21.83  15.13   8477      0
 1146  33150 400226   5.12   8.13  14.50   4.14   8.10  11.40     97  15.22  21.83  15.13   8478      0
 1146  33153 400228   6.04   7.53  14.60   4.14   8.10  11.50     98  15.21  21.82  15.13   8474      0
 1147  33156 400235   6.98   6.72  14.40   4.15   8.11  10.78     92  15.23  21.84  15.14   8484      0
 1147  33159 400239   8.14   5.62  14.30   4.15   8.10  11.69     99  15.25  21.87  15.16   8495      0
 1148  33159 400244   8.99   4.64  14.10   4.20   8.09  11.72    100  15.33  21.95  15.23   8531      0
 1148  33158 400248  10.09   3.40  14.00   4.29   8.09  11.66    100  15.49  22.14  15.36   8608      0
 1149  33158 400246  11.06   2.43  13.90   4.59   8.05  11.19     97  16.08  22.79  15.85   8885      0
 1150  33150 400244  12.15   0.53  13.80   4.70   8.04  10.50     91  16.28  23.01  16.02   8981      0
-1152  33187 400560   0.93   0.60   3.23   4.15   8.10  10.89     93  15.22  21.82  15.13   8474      0
 1153  33188 400558   2.01  13.53   2.40   4.15   8.10  11.00     93  15.23  21.84  15.14   8481      0
 1154  33193 400557   3.18  14.47   2.80   4.15   8.10  11.15     95  15.22  21.83  15.14   8479      0
 1154  33196 400553   4.11  14.15  16.50   4.15   8.10  11.28     96  15.24  21.85  15.15   8488      0
 1155  33201 400548   4.96  12.63  18.50   4.16   8.10  11.33     96  15.25  21.87  15.16   8496      0
 1155  33204 400554   5.95  11.38   0.00   4.16   8.09  11.40     97  15.26  21.87  15.17   8497      0
 1156  33209 400553   7.01   9.39  18.10   4.17   8.09  11.52     98  15.28  21.91  15.19   8510      0
 1156  33214 400555   8.06   8.13  17.80   4.22   8.11  11.55     98  15.37  22.01  15.27   8555      0
 1157  33218 400563   8.92   7.18   2.70   4.36   8.08  11.49     98  15.59  22.23  15.43   8647      0
 1157  33222 400563  10.01   5.74  17.00   4.52   8.07  11.26     97  15.97  22.68  15.77   8840      0
 1158  33227 400555  11.04   3.71  16.20   4.54   8.07  10.98     95  16.03  22.74  15.82   8868      0
 1159  33223 400552  12.15   2.78  16.50   4.59   8.06  10.77     93  16.11  22.82  15.88   8900      0
 1159  33218 400551  13.21   2.35   0.00   4.86   8.02  10.58     92  16.58  23.32  16.26   9115      0
 1201  33200 400556  13.90   3.85   0.00   5.05   7.96   9.13     80  16.90  23.65  16.50   9256      0
 1203  33205 400560  15.06   2.30   2.50   5.48   7.80   7.12     63  17.94  24.82  17.39   9756      0
 1205  33222 400563  15.50  13.44  17.00   5.68   7.67   5.00     45  18.78  25.86  18.18  10207      0
