# M.S. ARGUS
# 19-10-2001 06:07:23
# PROJECTCODE: E7301X
# STARTPUNT: ZANDKREEK
# EINDPUNT: VEERSEGATDAM
# OPDRACHTGEVER: ZLXXAXWMDBG
# BEHEERDER: ZLXXAXWMDBG
# BEMONST. INST.: ZLXXAXMVSGN
# TLU        oC    13.4
# LUCHTDK    hPa    1015
# WINDSHD    m/s    4.4
# WINDRTG    gradn    332
# BEWKGD     /8    8
* 20011019
$ -9999 [0000000000000]
> TIJD
> X-COORD
> Y-COORD
>SENSHTE   Diepte set        m
>ECHOS     Echoset           mtrs
>Echo      Echoschip         M
>Temp      Temperatuur       oC                   :10. 1. 11 1.0
>pH        Zuurgraad         dimsls
>O2        Zuurstof          mg/l
>%O2       Zuurstof%         %
>GELBH     Geleidendheid     mS/cm
>SALNTT    Saliniteit        dimsls
>CL-       Chloride          mg/l
 -605  51143 396544   1.01   0.00   8.80  15.10   7.90   7.27     87  38.63  31.05  17580
  605  51157 396538   2.07   6.15   0.00  15.10   7.90   7.23     87  38.61  31.03  17571
  606  51163 396538   3.05   5.24   0.00  15.20   7.92   7.22     87  39.02  31.31  17732
  606  51174 396543   3.95   4.34   8.70  15.19   7.92   7.39     89  38.96  31.27  17707
  606  51177 396546   4.89   3.44   8.70  15.21   7.93   7.40     89  39.08  31.36  17763
  607  51179 396549   5.95   2.36   0.00  15.22   7.93   7.42     90  39.18  31.44  17807
  607  51182 396553   6.91   1.38   8.70  15.22   7.93   7.45     90  39.23  31.49  17834
 -612  50530 396243   1.00   8.48   0.00  15.15   7.91   7.34     88  38.69  31.06  17590
  612  50540 396243   1.90   7.55   3.70  15.16   7.92   7.33     88  38.73  31.09  17605
  613  50542 396244   3.12   6.35  10.10  15.16   7.92   7.35     88  38.75  31.11  17614
  613  50542 396245   4.04   5.47   1.90  15.16   7.92   7.36     88  38.77  31.13  17625
  613  50543 396245   5.04   4.52  10.00  15.17   7.92   7.38     89  38.83  31.17  17650
  613  50544 396246   6.12   3.45  10.00  15.18   7.92   7.40     89  38.84  31.18  17655
  614  50544 396247   7.09   2.51   9.90  15.18   7.92   7.41     89  38.86  31.19  17662
  614  50545 396248   8.03   1.61  10.00  15.19   7.92   7.42     89  38.89  31.21  17673
  614  50545 396249   8.99   0.70   9.90  15.21   7.93   7.43     89  38.95  31.24  17693
 -621  49767 395931   1.01   4.18   5.70  15.12   7.92   7.31     88  38.50  30.92  17506
  622  49763 395931   1.97   3.26   5.70  15.14   7.92   7.31     88  38.67  31.05  17583
  622  49761 395932   2.97   2.24   0.00  15.17   7.92   7.35     88  38.77  31.12  17620
  622  49760 395932   4.08   1.23   5.80  15.17   7.92   7.37     89  38.76  31.11  17616
 -651  49176 395843   1.03   9.85  11.90  15.06   8.33   9.31    102  20.68  15.62   8743
  651  49192 395836   1.91   8.79  11.80  15.06   8.33   9.32    102  20.68  15.62   8743
  652  49210 395833   3.09   7.26  11.70  15.23   8.28   8.72     96  20.88  15.71   8795
  654  49197 395844   3.92   7.23  11.80  15.18   8.18   7.58     83  21.14  15.95   8932
  655  49186 395850   4.97   6.26  12.00  15.10   8.18   7.20     79  22.76  17.33   9711
  656  49179 395855   6.08   5.25  12.00  15.19   8.01   6.63     76  30.95  24.23  13648
  657  49185 395855   7.04   4.26  11.90  15.18   7.81   3.95     46  32.18  25.31  14269
  659  49194 395855   8.01   3.20  11.80  15.13   7.59   0.78      9  32.90  25.97  14647
  700  49202 395856   8.98   2.22  11.70  15.11   7.57   0.15      2  32.97  26.04  14690
  701  49201 395860   9.95   1.28  11.60  15.08   7.56   0.54      6  33.02  26.09  14721
 -710  48030 396615   1.03  16.13   2.30  15.15   8.32   8.98     98  20.66  15.57   8712
  710  48040 396610   1.96  15.24   0.00  15.14   8.32   9.01     98  20.66  15.57   8714
  710  48041 396610   3.07  14.12   2.40  15.16   8.32   9.02     99  20.66  15.56   8711
  711  48041 396609   3.95  13.21   2.40  15.17   8.32   9.01     99  20.74  15.63   8748
  712  48043 396610   5.02  12.15  17.60  15.09   8.23   7.94     87  21.72  16.46   9220
  713  48035 396614   5.90  11.20  17.60  15.19   8.06   7.00     80  28.67  22.27  12526
  715  48043 396610   7.03  10.11  17.60  15.13   7.66   2.49     29  32.33  25.46  14358
  717  48062 396605   8.09   9.00  17.60  15.00   7.53   0.12      1  32.89  26.04  14689
  717  48063 396605   9.06   8.01  17.60  14.95   7.56   0.11      1  32.95  26.13  14739
  718  48064 396606   9.98   7.17  17.60  14.48   7.55   0.16      2  33.09  26.57  14994
  718  48065 396606  11.04   6.11  17.60  13.85   7.53   0.13      2  33.13  27.03  15265
  718  48066 396607  12.00   5.14  17.60  13.76   7.45   0.11      1  33.04  27.01  15254
  718  48065 396607  13.08   4.05  17.60  13.08   7.40   0.09      1  32.71  27.20  15363
  719  48065 396607  13.96   3.15  17.60  13.05   7.39   0.08      1  32.69  27.20  15364
  719  48064 396609  15.06   2.03  17.60  12.85   7.38   0.06      1  32.57  27.23  15383
  719  48064 396609  16.04   1.11  17.60  12.80   7.38   0.06      1  32.57  27.27  15405
 -748  46271 396904   0.97   4.49   6.00  15.09   8.31   8.97     98  20.57  15.52   8686
  748  46261 396901   1.96   2.64   6.00  15.10   8.32   8.97     98  20.58  15.52   8686
  749  46254 396902   2.99   0.44   6.10  15.07   8.30   8.82     96  20.73  15.66   8764
  749  46251 396902   3.93   1.66   6.10  15.07   8.31   8.83     96  20.61  15.56   8708
  750  46243 396905   5.02   0.67   0.00  15.05   8.29   8.57     94  20.77  15.69   8785
 -755  45358 396425   0.98  11.43  12.70  15.10   8.32   9.09     99  20.63  15.57   8713
  756  45366 396427   1.98  10.50   2.10  15.10   8.32   9.01     98  20.63  15.57   8712
  756  45368 396428   2.98   9.48  13.10  15.10   8.32   8.99     98  20.63  15.57   8712
  757  45367 396430   4.12   8.33  13.10  15.09   8.30   8.69     95  20.71  15.63   8748
  758  45355 396429   4.93   7.75  12.90  15.08   8.27   8.07     88  21.01  15.89   8893
  800  45331 396430   5.98   6.41  12.30  15.12   8.17   3.70     41  23.57  18.00  10091
  801  45329 396433   6.98   5.29  12.30  14.98   7.81   5.72     65  27.98  21.80  12258
  802  45323 396433   7.98   4.09   0.00  14.96   7.85   2.94     33  28.48  22.23  12507
  803  45324 396432   8.92   3.09   2.60  14.96   7.84   2.97     34  28.48  22.24  12511
  803  45323 396432   9.89   2.07  12.00  15.00   7.87   2.97     34  28.70  22.41  12605
  803  45324 396433  11.01   1.03  11.90  15.01   7.85   3.08     35  28.83  22.51  12664
 -809  44408 396341   1.00   0.92   8.60  15.10   8.32   8.95     98  20.63  15.56   8708
  809  44405 396342   2.13   5.70   8.60  15.10   8.32   8.94     98  20.62  15.55   8703
  811  44394 396349   2.93   5.16   8.20  15.10   8.28   8.60     94  20.70  15.62   8743
  812  44399 396349   3.95   4.08   0.00  15.07   8.27   8.16     89  20.82  15.73   8804
  812  44403 396348   4.94   3.01   8.40  15.06   8.27   7.19     79  20.78  15.70   8788
  813  44404 396347   5.95   2.08   8.50  15.07   8.27   7.97     87  20.79  15.71   8792
  814  44398 396348   6.94   1.16   8.50  15.07   8.21   7.30     80  21.85  16.58   9288
 -823  42844 397302   1.00   1.53   0.00  15.14   8.32   8.91     97  20.61  15.53   8690
  823  42831 397307   2.01   1.85  17.00  15.13   8.32   8.91     97  20.60  15.52   8689
  824  42829 397309   2.90   0.94   0.00  15.15   8.32   8.88     97  20.62  15.53   8694
  825  42831 397315   3.98  12.79   2.10  15.14   8.29   8.06     88  20.86  15.74   8809
  826  42826 397321   4.97   9.14   2.20  15.23   8.30   8.44     92  20.77  15.62   8743
  826  42821 397327   6.01   4.18   1.90  15.15   8.27   8.22     90  20.81  15.69   8781
  828  42798 397335   6.96   6.12   8.80  15.07   8.21   7.04     77  21.21  16.05   8986
  831  42812 397322   7.98   8.37  13.70  14.90   7.98   3.64     40  24.86  19.18  10765
  833  42798 397320   8.96   6.93   1.90  14.95   7.93   3.15     35  23.22  17.77   9965
  833  42798 397318   9.93   5.96   2.40  14.96   7.93   3.09     35  25.57  19.75  11092
  833  42797 397317  11.09   4.76   0.00  14.96   7.93   3.10     35  25.60  19.78  11107
  833  42796 397316  12.15   3.70  16.20  14.96   7.93   3.11     35  25.68  19.85  11144
  834  42795 397315  13.05   2.75  16.20  14.97   7.92   3.11     35  25.73  19.89  11166
  834  42791 397315  14.04   1.76  16.10  15.00   7.91   2.99     34  26.13  20.21  11352
  834  42788 397316  15.01   0.77  16.10  15.01   7.91   2.96     33  26.26  20.32  11411
 -841  41833 397213   1.02   0.40   2.70  15.15   8.31   8.98     98  20.56  15.49   8666
  841  41833 397212   2.07   6.89   0.00  15.14   8.31   8.97     98  20.56  15.49   8669
  841  41833 397212   3.32   5.73   2.30  15.14   8.31   8.97     98  20.57  15.49   8670
  841  41831 397213   4.14   5.20   0.00  15.19   8.31   8.95     98  20.65  15.55   8701
  842  41831 397214   5.09   4.10   0.00  15.19   8.31   8.94     98  20.69  15.58   8719
  844  41804 397226   6.02   2.79   9.40  15.08   8.22   7.11     78  21.50  16.29   9122
  846  41787 397231   7.22   1.52   8.50  14.99   8.11   4.96     55  22.66  17.29   9689
  847  41800 397230   8.01   0.65   9.10  14.86   7.96   2.90     32  24.51  18.90  10607
 -857  40134 396005   0.99   0.40   2.20  15.07   8.32   9.15    100  20.63  15.58   8718
  859  40121 396006   1.86  22.01   0.00  15.08   8.29   8.48     93  20.72  15.65   8759
  900  40119 396012   2.92  20.81  23.70  15.07   8.29   8.88     97  20.71  15.64   8756
  901  40114 396008   4.02  19.68  23.70  15.08   8.27   8.40     92  20.80  15.71   8792
  903  40098 395998   5.11  18.29  22.10  14.99   8.20   6.60     72  21.13  16.02   8967
  904  40094 395991   5.88  17.11  21.50  14.99   8.17   6.05     66  21.44  16.28   9116
  904  40093 395990   7.07  15.72  21.40  14.97   8.12   6.08     67  21.84  16.61   9306
  906  40087 395986   8.19  14.06  19.70  14.97   8.13   3.99     44  21.68  16.48   9230
  906  40092 395991   8.89  14.02  21.30  14.98   8.07   4.83     53  22.31  17.00   9526
  907  40096 395994  10.07  13.07  21.80  14.98   8.03   4.84     53  22.78  17.40   9750
  908  40111 396009  11.03  12.78  23.40  14.97   7.98   3.30     36  23.18  17.73   9941
  909  40115 396015  12.10  11.65  23.30  14.94   7.98   3.15     35  23.31  17.86  10014
  910  40122 396021  13.03  10.70  23.80  14.82   7.95   2.56     28  23.56  18.13  10164
  912  40128 396013  13.98   9.76  24.10  12.65   7.92   0.11      1  26.82  22.11  12440
  912  40127 396010  15.12   8.65  24.20  11.88   7.83   0.08      1  26.94  22.67  12761
  913  40123 396007  16.18   7.64  24.20   9.98   7.73   0.06      1  26.28  23.23  13090
  914  40118 396005  17.04   6.65  24.20   9.69   7.70   0.04      0  26.09  23.23  13088
  914  40115 396004  18.03   5.49  24.10   9.57   7.68   0.04      0  26.02  23.24  13094
  914  40112 396001  19.07   4.29  24.00   9.53   7.68   0.04      0  25.99  23.24  13096
  915  40110 395999  20.06   3.05  24.00   9.44   7.66   0.03      0  25.95  23.26  13106
  915  40107 395997  21.01   1.96   0.00   9.40   7.63   0.04      0  25.95  23.27  13115
  915  40106 395997  22.10   0.67  23.70   9.35   7.61   0.03      0  25.94  23.30  13128
 -928  38318 394003   1.03   6.39   0.00  15.09   8.32   9.45    103  20.75  15.67   8769
  928  38322 394008   1.95   5.35   2.30  15.08   8.32   9.42    103  20.75  15.67   8771
  929  38324 394011   3.07   4.23   8.20  15.03   8.30   9.39    102  20.74  15.68   8776
  930  38327 394020   4.11   3.22   8.40  14.95   8.28   8.66     94  20.71  15.68   8778
  931  38337 394027   4.97   2.11   8.30  14.92   8.27   8.39     91  20.70  15.69   8782
  932  38334 394031   5.93   1.87   8.50  14.87   8.24   7.94     86  20.74  15.74   8813
  933  38322 394026   7.06   1.02   8.50  14.85   8.24   7.69     84  20.74  15.75   8817
 -938  37426 393845   0.97  17.25  19.60  14.92   8.28   8.70     95  20.70  15.69   8783
  939  37416 393851   1.96  16.93  19.80  14.93   8.28   8.69     95  20.70  15.69   8783
  939  37411 393853   2.99  16.03  19.80  14.91   8.28   8.69     95  20.70  15.69   8784
  939  37406 393855   3.92  15.45  19.80  14.91   8.28   8.64     94  20.69  15.69   8783
  940  37402 393855   4.97  14.55  19.80  14.91   8.28   8.63     94  20.70  15.69   8784
  940  37399 393853   6.03  13.44  19.80  14.91   8.28   8.61     94  20.70  15.69   8785
  941  37396 393848   7.05  11.94  19.70  14.90   8.27   8.45     92  20.70  15.70   8788
  943  37413 393848   8.06  11.29  19.70  14.81   8.20   6.52     71  20.87  15.88   8889
  944  37413 393851   9.00  10.28  19.70  14.80   8.19   6.66     72  20.91  15.92   8910
  945  37411 393860  10.03   8.86  19.70  14.75   8.15   5.60     61  21.11  16.10   9016
  948  37399 393872  11.13   7.97  19.70  14.83   8.00   2.75     30  21.96  16.78   9401
  949  37395 393877  12.15   6.77  19.80  14.68   7.93   1.53     17  22.20  17.04   9548
  951  37406 393858  13.08   6.27  19.80  13.86   7.85   0.13      1  22.23  17.43   9770
  952  37408 393855  14.04   5.25  19.90  12.47   7.99   0.10      1  22.85  18.63  10455
  952  37411 393853  15.12   4.11  19.80  10.87   8.01   0.09      1  23.99  20.51  11531
  954  37417 393852  16.06   2.97  19.40  10.62   7.99   0.04      0  23.95  20.62  11591
  954  37418 393853  16.99   1.99  19.40   9.94   7.97   0.04      0  23.83  20.89  11746
  954  37418 393854  17.95   0.93  19.40   9.64   7.96   0.04      0  23.74  20.97  11795
-1006  36713 395957   1.05   8.23   9.80  15.14   8.30   9.18    100  20.70  15.60   8733
 1006  36717 395960   2.12   6.68   9.90  15.15   8.30   9.18    100  20.71  15.61   8738
 1006  36718 395963   3.06   6.18  10.00  15.14   8.29   9.18    100  20.77  15.66   8767
 1008  36717 395972   3.94   5.53  10.00  15.10   8.28   8.76     96  20.78  15.69   8780
 1008  36717 395973   5.07   4.20  10.00  15.09   8.28   8.74     95  20.77  15.69   8780
 1008  36718 395973   6.07   3.45  10.00  15.08   8.28   8.72     95  20.77  15.69   8781
 1008  36718 395973   7.00   2.74  10.10  15.05   8.27   8.71     95  20.76  15.69   8782
 1010  36706 395962   8.01   1.08   9.90  14.85   8.23   7.29     79  20.80  15.80   8845
-1017  36145 396862   1.02   1.05   0.00  14.98   8.26   8.30     90  20.50  15.50   8673
 1017  36139 396870   2.09   4.67   2.10  15.04   8.26   8.24     90  20.60  15.56   8712
 1018  36137 396871   3.08   3.70   0.00  15.03   8.26   8.22     90  20.64  15.60   8731
 1018  36135 396873   4.05   2.72   0.00  15.03   8.26   8.20     89  20.62  15.58   8720
 1018  36132 396876   5.06   0.42   0.00  15.03   8.26   8.17     89  20.62  15.58   8721
 1018  36129 396878   6.02   0.83   2.00  15.03   8.26   8.17     89  20.62  15.58   8722
-1024  35454 397439   0.97  12.69  15.90  15.09   8.28   8.62     94  20.62  15.56   8706
 1024  35451 397430   2.00  13.96  14.50  15.08   8.28   8.60     94  20.61  15.55   8705
 1025  35450 397426   3.07  13.07  13.30  15.08   8.28   8.57     94  20.61  15.56   8707
 1025  35448 397424   4.12  11.81  12.40  15.05   8.27   8.55     93  20.60  15.56   8707
 1025  35444 397422   5.19   9.78   0.00  15.06   8.27   8.47     92  20.60  15.56   8706
 1026  35442 397421   5.88   8.85   2.60  15.06   8.27   8.45     92  20.61  15.56   8709
 1026  35442 397420   7.04   7.52   0.00  15.06   8.27   8.44     92  20.61  15.56   8708
 1026  35442 397420   8.05   6.46   0.00  15.06   8.27   8.43     92  20.61  15.56   8709
 1026  35443 397419   8.97   5.37   2.00  15.06   8.27   8.42     92  20.61  15.56   8711
 1028  35448 397421  10.15   5.43  11.30  15.02   8.27   7.95     87  20.63  15.60   8730
 1028  35446 397423  10.92   4.77   0.00  15.01   8.27   7.94     86  20.64  15.61   8736
 1028  35445 397425  11.95   3.75   0.00  15.01   8.27   7.92     86  20.66  15.62   8746
 1029  35445 397427  13.12   2.72  14.10  15.00   8.27   7.93     86  20.66  15.63   8748
 1029  35446 397428  13.96   1.94  14.60  14.99   8.27   7.92     86  20.66  15.63   8749
 1029  35448 397431  14.98   0.78   0.00  14.99   8.27   7.75     84  20.66  15.63   8749
-1034  35019 398016   1.05   0.48   5.80  15.08   8.28   8.52     93  20.60  15.55   8700
 1034  35011 398037   1.89   0.37   5.90  15.08   8.28   8.50     93  20.62  15.56   8708
 1035  35008 398043   3.01   0.40   5.90  15.09   8.28   8.47     92  20.62  15.56   8706
 1035  35007 398046   3.99   1.49   5.90  15.09   8.28   8.46     92  20.62  15.56   8708
 1035  35007 398047   4.98   0.58   5.90  15.04   8.27   8.47     92  20.61  15.57   8713
-1043  33912 398887   1.00   0.41  23.90  15.23   8.30   8.88     97  20.69  15.56   8709
 1043  33901 398884   2.14  20.08  24.10  15.22   8.30   8.88     97  20.69  15.56   8709
 1043  33897 398883   3.02  17.64  22.70  15.21   8.30   8.87     97  20.68  15.56   8708
 1044  33891 398881   4.04  12.99  19.00  15.16   8.29   8.79     96  20.66  15.56   8708
 1044  33887 398881   4.93  10.09  17.80  15.16   8.29   8.76     96  20.65  15.56   8708
 1045  33886 398881   6.17   8.16  17.80  15.14   8.29   8.76     96  20.64  15.56   8708
 1045  33883 398882   7.20   6.89   0.00  15.14   8.29   8.70     95  20.65  15.56   8710
 1045  33883 398882   8.11   6.16  17.90  15.14   8.29   8.68     95  20.65  15.56   8708
 1045  33884 398882   9.03   5.30  17.80  15.12   8.28   8.67     95  20.64  15.56   8711
 1046  33883 398882   9.61   4.63  17.90  15.13   8.28   8.61     94  20.64  15.56   8710
 1047  33893 398885  10.98  10.15  18.60  15.07   8.27   8.30     91  20.62  15.57   8712
 1048  33896 398887  12.09  10.45  20.20  15.06   8.27   8.26     90  20.62  15.57   8713
 1048  33898 398888  13.07   9.99  21.70  15.06   8.26   8.21     89  20.62  15.57   8714
 1048  33898 398889  14.08   9.15  22.40  15.04   8.26   8.19     89  20.62  15.58   8718
 1049  33897 398890  15.24   8.11  22.40  15.01   8.25   7.87     86  20.61  15.58   8722
 1050  33896 398891  16.03   7.27  22.40  15.01   8.25   7.83     85  20.62  15.59   8725
 1051  33894 398886  16.95   5.65  20.20  14.92   8.21   6.87     75  20.65  15.65   8760
 1053  33903 398882  17.97   5.25  22.80  14.75   8.07   4.09     44  21.12  16.11   9018
 1055  33903 398883  19.04   4.22   0.00  14.70   7.91   1.50     16  21.63  16.56   9275
 1057  33903 398883  20.16   2.91   0.00  14.69   7.79   0.12      1  21.81  16.71   9362
 1057  33903 398883  21.00   2.06   0.00  14.68   7.79   0.12      1  21.84  16.74   9377
 1058  33903 398883  22.02   1.22   0.00  14.60   7.82   0.10      1  22.47  17.30   9697
-1108  33153 400233   1.20  11.90  14.40  15.30   8.32   9.24    101  20.72  15.56   8707
 1109  33151 400240   1.95  10.74  13.80  15.31   8.32   9.22    101  20.72  15.56   8707
 1109  33148 400240   3.30   9.15  13.60  15.32   8.32   9.20    101  20.73  15.56   8707
 1109  33145 400241   4.06   8.16  13.50  15.33   8.32   9.23    101  20.73  15.56   8707
 1110  33143 400242   5.19   6.81  13.40  15.29   8.31   9.24    101  20.72  15.56   8708
 1110  33143 400243   5.89   6.12  13.40  15.30   8.31   9.17    100  20.72  15.56   8709
 1111  33146 400243   6.92   5.30  13.50  15.30   8.31   9.16    100  20.72  15.56   8709
 1111  33149 400244   7.90   4.49  13.70  15.22   8.30   9.13    100  20.69  15.57   8711
 1112  33151 400254   9.19   3.70  14.40  15.21   8.29   8.75     96  20.68  15.56   8710
 1113  33152 400253   9.98   2.95  14.50  15.20   8.29   8.72     95  20.68  15.56   8709
 1115  33148 400246  11.07   1.75  13.90  15.07   8.27   8.18     89  20.63  15.57   8716
 1115  33147 400245  11.98   0.83  13.70  15.03   8.26   8.17     89  20.61  15.58   8719
-1119  33202 400589   1.00  17.09   0.00  15.34   8.32   9.24    101  20.74  15.56   8707
 1120  33212 400550   2.16   0.43   0.00  15.32   8.32   9.25    101  20.73  15.56   8707
 1120  33213 400547   2.91   0.43  16.30  15.34   8.32   9.24    101  20.74  15.56   8708
 1120  33213 400546   3.94   0.40   2.20  15.33   8.32   9.24    101  20.74  15.56   8708
 1120  33212 400545   5.10  12.87   2.00  15.32   8.32   9.23    101  20.73  15.56   8708
 1121  33212 400545   6.06  11.85   0.00  15.32   8.32   9.20    101  20.74  15.56   8710
 1121  33211 400543   7.00  11.09   0.00  15.31   8.31   9.19    101  20.73  15.56   8708
 1121  33211 400543   8.05  10.13   0.00  15.31   8.31   9.18    101  20.73  15.56   8708
 1121  33210 400542   9.13   9.05  16.30  15.31   8.31   9.16    100  20.72  15.56   8707
 1121  33209 400542  10.12   8.05  16.40  15.30   8.31   9.15    100  20.72  15.56   8708
 1123  33201 400541  11.13   7.88  17.00  15.14   8.28   8.46     92  20.67  15.57   8717
 1123  33201 400539  12.14   6.87  17.10  15.12   8.28   8.40     92  20.66  15.58   8718
 1125  33196 400531  13.11   6.01  17.70  15.01   8.26   8.01     87  20.61  15.58   8719
 1126  33198 400532  14.22   5.05  17.40  14.93   8.21   6.92     75  20.68  15.67   8770
 1126  33199 400532  15.14   3.74  17.20  14.87   8.19   6.94     75  20.73  15.73   8808
 1126  33201 400530  16.01   2.39  17.00  14.91   8.19   6.70     73  20.81  15.79   8840
 1128  33191 400540  16.92   1.33   0.00  14.84   8.14   5.44     59  20.95  15.93   8919
