# MEETVAARTUIG : M.S. ARGUS
# MEETDATUM    : 07-10-2009 09:32:31
# MEETGEBIED   : VEERSE MEER
# STARTPUNT    : Zandkreek
# EINDPUNT     : Veersegatdam
# PROJECTCODE  : E7301X
# OPDRACHTGEVER: ZLXXAXAMDBG
# BEHEERDER    : ZLXXAXAMDBG
# BEMONST. INST:
# WAARNEMER(S) : G.J.Bakker.
#
* 20091007
$ 9999 [00000000000]
>TIJD      uumm                    
>X         coordinaat              
>Y         coordinaat              
>SENSHTE   Diepte set        m     
>ECHOS     Echoset           mtrs  
>Temp      Temperatuur       oC       : 13.  1.0  11 1.0
>O2        Zuurstof          mg/l  
>%O2       Zuurstof%         %     
>GELBH     Geleidendheid     mS/cm 
>SALNTT    Saliniteit        dimsl 
>CL-       Chloride          mg/l     :12000.  500.  13 500
 -0932  51094 396558   1.05   4.80  15.91   7.26    90  40.99  32.49  18416
  0932  51080 396550   2.04   3.80  15.90   7.26    90  40.98  32.49  18414
  0933  51078 396553   2.99   2.60  15.92   7.25    90  41.00  32.50  18415
  0933  51077 396556   4.07   1.45  15.90   7.24    90  41.00  32.50  18423
  0933  51076 396555   5.06   0.65  15.89   7.23    89  40.99  32.51  18426
 -0937  50524 396257   1.07   6.25  15.90   7.21    89  40.97  32.48  18409
  0937  50503 396253   2.05   1.35  15.91   7.21    89  40.97  32.47  18404
  0937  50499 396246   3.04  51.25  15.90   7.20    89  40.97  32.48  18409
  0938  50497 396243   4.04  51.25  15.93   7.19    89  40.97  32.46  18394
  0938  50494 396240   5.04  51.25  15.92   7.21    89  40.97  32.46  18399
  0938  50495 396241   6.02  51.25  15.85   7.21    89  40.95  32.50  18422
  0938  50497 396243   7.04  51.25  15.91   7.19    89  40.97  32.47  18404
 -0944  49774 395916   0.99   2.70  15.83   7.27    90  40.94  32.51  18427
  0944  49764 395911   1.99   1.75  15.90   7.25    90  40.94  32.45  18393
  0944  49764 395910   3.03   0.75  15.89   7.25    90  40.94  32.46  18398
 -1008  49211 395849   1.04  51.25  15.66   6.72    82  40.40  32.17  18230
  1008  49200 395851   2.00   9.00  15.71   6.71    82  40.43  32.16  18222
  1008  49195 395853   3.08   8.00  15.65   6.71    82  40.37  32.15  18220
  1008  49190 395858   4.01   7.15  15.67   6.71    82  40.43  32.19  18241
  1009  49185 395857   4.98   6.30  15.56   6.76    83  40.32  32.18  18237
  1009  49181 395855   6.08   5.30  15.62   6.76    83  40.34  32.15  18219
  1009  49180 395855   7.08   4.40  15.61   6.77    83  40.31  32.13  18208
  1010  49178 395849   8.03   3.50  15.70   6.76    83  40.59  32.31  18309
  1010  49176 395844   8.97   2.45  15.78   6.72    83  40.60  32.25  18276
  1010  49179 395842   9.96   1.45  15.75   6.71    83  40.61  32.29  18296
  1011  49183 395841  10.96   0.50  15.73   6.70    82  40.67  32.35  18336
 -1022  48057 396609   1.02  14.30  15.26   7.37    90  39.65  31.83  18033
  1023  48071 396607   2.00  13.45  15.22   7.37    90  39.65  31.86  18052
  1023  48077 396607   3.02  12.45  15.20   7.37    90  39.64  31.87  18056
  1024  48065 396595   4.02  11.45  15.18   7.35    89  39.70  31.94  18097
  1024  48060 396594   5.07  10.45  15.24   7.33    89  39.76  31.94  18099
  1024  48057 396597   6.11   9.50  15.16   7.31    89  39.85  32.09  18185
  1025  48056 396604   6.98   8.60  15.31   7.20    88  40.12  32.21  18253
  1025  48056 396610   8.00   7.55  15.33   7.15    87  40.11  32.18  18238
  1025  48055 396614   8.99   6.55  15.36   7.12    87  40.15  32.19  18245
  1025  48051 396615  10.03   5.55  15.35   7.10    87  40.15  32.20  18249
  1026  48048 396618  11.03   4.60  15.32   7.06    86  40.14  32.22  18259
  1026  48044 396618  12.02   3.75  15.33   7.04    86  40.17  32.24  18269
  1026  48041 396617  13.01   2.85  15.27   7.03    86  40.17  32.29  18298
  1027  48036 396617  14.03   1.85  15.33   7.00    85  40.17  32.24  18269
  1027  48035 396615  14.95   0.95  15.30   7.00    85  40.17  32.26  18284
 -1038  46269 396891   1.15  51.25  15.07   7.46    90  39.13  31.52  17853
  1038  46247 396894   2.09   3.25  14.99   7.45    90  39.29  31.73  17974
  1039  46247 396899   3.09   2.30  14.95   7.42    90  39.34  31.80  18019
  1040  46251 396901   4.01   1.50  14.91   7.21    87  39.48  31.96  18111
  1040  46253 396900   5.05   0.45  14.99   7.20    87  39.39  31.82  18026
 -1046  45373 396439   0.94  51.25  15.06   7.28    88  39.23  31.61  17909
  1046  45363 396432   2.03   9.60  15.06   7.25    88  39.21  31.60  17899
  1047  45358 396431   3.02   8.45  15.03   7.25    88  39.20  31.61  17908
  1047  45353 396432   4.06   7.40  14.99   7.21    87  39.21  31.65  17932
  1047  45348 396432   5.06   6.50  14.94   7.21    87  39.22  31.70  17961
  1048  45345 396431   5.96   5.75  14.97   7.20    87  39.21  31.67  17941
  1048  45344 396430   7.00  51.15  14.90   7.21    87  39.23  31.74  17985
  1048  45344 396429   8.03  51.25  14.83   7.19    87  39.23  31.80  18018
  1048  45345 396429   9.00  51.25  14.90   7.15    86  39.24  31.75  17990
  1049  45346 396428   9.98  41.55  14.88   7.14    86  39.23  31.76  17995
  1049  45348 396429  11.01   0.40  14.82   7.12    86  39.24  31.82  18028
 -1056  44401 396345   1.08   6.80  15.16   7.03    85  39.17  31.48  17831
  1056  44401 396353   2.07   5.85  15.15   7.03    85  39.16  31.48  17830
  1056  44402 396355   2.97   5.00  15.08   7.04    85  39.15  31.53  17858
  1056  44403 396357   4.00   3.90  15.00   7.03    85  39.18  31.62  17912
  1057  44398 396360   5.05   2.90  14.79   7.06    85  39.19  31.80  18017
  1057  44391 396354   6.06   2.10  14.79   7.03    85  39.19  31.80  18017
  1058  44391 396350   6.98   1.20  14.79   7.03    85  39.19  31.80  18017
 -1109  42830 397303   1.05  14.40  15.26   7.05    85  39.15  31.38  17774
  1109  42818 397309   2.03  13.60  15.19   7.07    86  39.11  31.40  17786
  1110  42814 397312   3.07  12.80  15.14   7.07    86  39.08  31.42  17794
  1110  42817 397323   4.05  10.30  15.06   7.04    85  39.00  31.41  17790
  1110  42822 397336   5.04   4.35  14.98   6.97    84  39.02  31.49  17838
  1111  42825 397341   6.03   2.70  14.96   6.93    84  39.02  31.51  17847
  1111  42824 397342   7.10   0.90  15.00   6.91    83  39.05  31.50  17844
  1112  42823 397336   8.07   2.05  14.89   6.88    83  39.08  31.62  17911
  1112  42823 397329   9.04   4.35  14.90   6.82    82  39.07  31.60  17901
  1112  42823 397313   9.93   6.50  14.86   6.78    82  39.13  31.69  17952
  1113  42826 397313  10.94   5.55  14.85   6.76    81  39.13  31.69  17957
  1113  42828 397315  11.91   4.70  14.85   6.75    81  39.14  31.70  17962
  1113  42830 397315  13.03   3.60  14.84   6.72    81  39.15  31.72  17972
  1113  42833 397311  14.06   2.60  14.84   6.69    81  39.15  31.72  17972
  1114  42833 397313  15.02   1.80  14.84   6.66    80  39.17  31.74  17982
  1114  42832 397315  15.99  51.25  14.83   6.66    80  39.16  31.74  17982
 -1120  41817 397202   0.99   7.45  15.14   7.22    87  39.05  31.39  17778
  1120  41805 397196   2.05   6.95  15.12   7.25    88  39.04  31.40  17782
  1121  41804 397196   2.96   6.00  15.17   7.25    88  39.04  31.36  17759
  1121  41806 397193   3.98   5.20  15.10   7.25    88  39.03  31.40  17786
  1122  41802 397207   5.00   3.65  15.10   7.21    87  39.03  31.40  17786
  1123  41804 397220   6.05   2.75  15.06   7.23    87  39.03  31.44  17805
  1123  41804 397224   6.99   1.85  15.10   7.20    87  39.04  31.41  17792
  1123  41807 397228   8.02   1.00  14.95   7.19    87  39.09  31.58  17888
 -1134  40141 396001   1.04  22.00  15.48   7.13    87  39.24  31.29  17718
  1134  40119 395981   1.99  20.55  15.50   7.12    87  39.25  31.28  17714
  1134  40112 395976   3.10  19.15  15.51   7.10    86  39.24  31.26  17704
  1134  40111 395973   3.98  18.20  15.46   7.11    86  39.23  31.29  17722
  1135  40110 395969   4.98  51.25  15.51   7.09    86  39.24  31.26  17704
  1136  40105 395973   6.06  15.80  15.41   7.09    86  39.18  31.29  17719
  1136  40107 395976   7.00  15.15  15.08   7.08    86  39.03  31.42  17796
  1136  40111 395982   7.97  14.45  15.08   7.02    85  39.03  31.42  17796
  1137  40113 395988   9.01  13.40  15.08   7.01    85  39.03  31.42  17796
  1137  40113 395991  10.10  12.55  15.01   7.03    85  38.98  31.43  17803
  1137  40113 395991  11.02  11.65  15.03   6.96    84  38.99  31.42  17798
  1137  40115 395992  12.00  11.05  14.95   6.97    84  38.97  31.47  17826
  1138  40116 395991  13.03  10.05  15.02   6.93    84  38.99  31.43  17803
  1138  40116 395988  14.02   9.05  15.01   6.93    84  39.00  31.45  17813
  1138  40115 395985  15.03   7.90  15.00   6.92    83  39.00  31.46  17818
  1138  40115 395983  16.03   6.85  14.99   6.90    83  38.99  31.46  17817
  1139  40114 395982  17.10  50.90  14.92   6.89    83  39.00  31.52  17855
  1139  40116 395980  18.01   5.10  14.98   6.85    83  39.01  31.48  17832
  1139  40118 395980  19.03   4.35  14.93   6.86    83  39.00  31.51  17851
  1140  40120 395980  20.11   3.30  14.98   6.83    82  39.02  31.49  17838
  1140  40120 395982  20.98   2.45  14.97   6.83    82  39.02  31.50  17842
  1140  40119 395985  22.02   1.50  14.99   6.80    82  39.03  31.49  17838
  1140  40119 395988  23.01   0.75  14.97   6.80    82  39.03  31.51  17848
 -1154  38341 394017   1.01   5.75  15.26   7.29    88  39.09  31.33  17743
  1154  38324 393998   2.00   4.80  15.30   7.29    88  39.11  31.31  17734
  1154  38316 393990   3.01   3.80  15.30   7.28    88  39.11  31.31  17734
  1154  38311 393984   4.05   2.80  15.30   7.28    88  39.11  31.31  17734
  1155  38311 393982   5.00   1.80  15.29   7.26    88  39.11  31.32  17739
  1155  38311 393979   6.00   0.75  15.29   7.26    88  39.10  31.31  17734
 -1201  37395 393833   1.04  51.25  15.35   7.07    86  39.10  31.27  17706
  1202  37387 393846   2.07  15.80  15.34   7.06    86  39.10  31.27  17711
  1202  37383 393849   3.02  15.00  15.34   7.05    86  39.10  31.27  17711
  1202  37382 393852   4.05  13.70  15.26   7.04    85  39.09  31.33  17743
  1203  37380 393856   5.04  12.70  15.33   7.00    85  39.09  31.27  17710
  1203  37380 393854   6.00  11.55  15.30   7.00    85  39.10  31.31  17729
  1203  37382 393848   7.01  10.60  15.26   7.04    85  39.10  31.34  17748
  1204  37387 393848   7.95  10.65  15.24   7.05    85  39.07  31.33  17742
  1204  37393 393847   9.02   9.80  15.25   7.05    85  39.08  31.33  17742
  1205  37399 393846  10.05   8.90  15.21   7.04    85  39.06  31.34  17751
  1205  37401 393845  11.10   7.95  15.14   7.06    85  39.03  31.37  17768
  1205  37401 393845  11.99   7.00  15.21   7.03    85  39.05  31.33  17745
  1205  37400 393845  12.99   6.10  15.13   7.04    85  39.04  31.39  17778
  1206  37397 393846  14.05   5.10  15.16   7.04    85  39.04  31.36  17764
  1206  37396 393846  15.02   4.15  15.19   7.02    85  39.04  31.34  17750
  1206  37395 393847  16.04   3.15  15.17   7.02    85  39.03  31.35  17754
  1206  37394 393849  17.01   2.25  15.19   7.01    85  39.03  31.33  17744
  1207  37393 393850  18.03   1.25  15.13   7.02    85  39.04  31.39  17778
  1207  37390 393849  18.86   0.40  15.10   7.02    85  39.01  31.39  17776
 -1226  36720 395942   1.08   8.15  15.34   7.30    88  38.91  31.10  17613
  1227  36714 395950   1.97   7.45  15.35   7.30    88  38.91  31.10  17608
  1227  36710 395951   3.05   6.10  15.33   7.30    88  38.89  31.09  17607
  1227  36704 395950   4.07   5.15  15.27   7.30    88  38.88  31.13  17630
  1228  36703 395947   5.05   3.85  15.31   7.29    88  38.88  31.10  17611
  1228  36704 395944   5.93   3.45  15.33   7.28    88  38.89  31.09  17607
  1228  36708 395937   6.97   2.40  15.33   7.28    88  38.90  31.10  17612
  1229  36716 395928   7.97   1.40  15.26   7.09    86  39.06  31.30  17727
  1230  36715 395928   8.97   0.40  15.32   7.01    85  39.08  31.27  17710
 -1237  36145 396880   0.99   6.20  15.39   7.11    86  38.90  31.06  17584
  1237  36141 396880   2.03   5.15  15.31   7.12    86  38.90  31.12  17621
  1237  36140 396880   3.03   4.10  15.36   7.11    86  38.89  31.07  17593
  1238  36140 396878   3.98   3.15  15.34   7.10    86  38.89  31.09  17602
  1238  36141 396880   5.04   2.10  15.35   7.10    86  38.89  31.08  17598
  1238  36140 396883   6.06   1.35  15.26   7.12    86  38.85  31.11  17619
  1238  36140 396887   6.96   0.80  15.29   7.10    86  38.86  31.10  17610
 -1245  35453 397427   1.03  51.25  15.35   7.18    87  38.97  31.15  17639
  1245  35431 397445   2.07  12.50  15.43   7.15    87  38.98  31.10  17607
  1247  35450 397442   3.01   9.95  15.33   7.14    86  38.91  31.11  17617
  1247  35453 397433   3.98  10.10  15.32   7.14    86  38.90  31.11  17617
  1248  35453 397428   5.08   9.60  15.27   7.14    86  38.86  31.12  17619
  1248  35452 397429   6.05   8.75  15.32   7.14    86  38.89  31.10  17612
  1248  35454 397421   7.06   6.15  15.21   7.12    86  38.80  31.11  17616
  1249  35457 397414   8.04   2.90  15.21   7.09    86  38.80  31.11  17616
  1249  35463 397414   9.05   3.30  15.20   7.08    85  38.78  31.10  17610
  1250  35460 397417  10.01   2.60  15.21   7.06    85  38.80  31.11  17616
  1250  35455 397420  11.00   2.10  15.15   7.05    85  38.77  31.13  17628
  1251  35453 397423  12.01   2.55  15.21   7.01    85  38.80  31.11  17616
  1251  35454 397426  13.25   1.80  15.21   7.00    84  38.80  31.11  17616
  1251  35455 397426  13.99   0.95  15.22   6.99    84  38.81  31.11  17616
 -1257  35020 398040   0.96   4.45  15.57   7.26    88  39.10  31.09  17604
  1258  35013 398038   2.00   3.30  15.54   7.25    88  39.07  31.09  17603
  1258  35013 398038   2.98   2.35  15.49   7.24    88  39.04  31.10  17610
  1258  35013 398039   4.04   1.35  15.42   7.24    88  38.99  31.11  17617
  1259  35014 398040   4.97   0.50  15.41   7.15    87  38.97  31.10  17611
 -1307  33905 398881   1.03  20.35  15.35   7.15    87  38.95  31.13  17629
  1307  33889 398887   2.03  18.55  15.40   7.15    87  38.92  31.07  17590
  1307  33888 398888   3.04  17.50  15.37   7.14    86  38.92  31.09  17604
  1307  33887 398886   3.97  15.25  15.33   7.13    86  38.90  31.10  17612
  1308  33884 398881   4.99  13.00  15.28   7.11    86  38.85  31.10  17609
  1308  33885 398878   5.99  12.20  15.34   7.09    86  38.90  31.10  17607
  1308  33885 398875   7.01  10.75  15.27   7.09    86  38.85  31.11  17614
  1309  33886 398875   8.08   9.85  15.32   7.07    86  38.89  31.10  17612
  1309  33887 398876   9.06   9.35  15.25   7.06    85  38.83  31.10  17613
  1309  33894 398880  10.07  11.10  15.19   7.07    85  38.81  31.13  17630
  1310  33899 398882  11.06  11.65  15.24   7.06    85  38.79  31.08  17597
  1310  33902 398888  11.97  11.05  15.22   7.05    85  38.78  31.08  17601
  1310  33900 398890  12.94  10.10  15.21   7.05    85  38.77  31.08  17600
  1311  33896 398892  14.02   9.10  15.15   7.05    85  38.77  31.13  17628
  1311  33896 398894  14.98   8.20  15.21   7.03    85  38.77  31.08  17600
  1311  33896 398897  16.02   7.20  15.15   7.04    85  38.77  31.13  17628
  1312  33898 398892  17.04   6.10  15.14   7.05    85  38.74  31.11  17617
  1312  33894 398890  17.97   4.80  15.15   7.03    85  38.77  31.13  17628
  1313  33891 398890  19.02   3.30  15.21   7.02    85  38.77  31.08  17600
  1314  33890 398887  20.01   1.75  15.20   7.01    85  38.77  31.09  17605
  1314  33891 398886  21.01   0.95  15.16   7.02    85  38.77  31.12  17624
  1315  33890 398894  22.09   1.30  15.15   7.00    84  38.77  31.13  17628
  1316  33890 398897  22.89   0.60  15.20   6.98    84  38.78  31.10  17610
 -1324  33149 400220   0.98  11.90  15.51   7.27    88  39.02  31.07  17591
  1325  33137 400228   2.07  10.50  15.43   7.25    88  38.94  31.06  17586
  1325  33138 400229   2.98   9.60  15.41   7.24    88  38.94  31.08  17596
  1325  33140 400228   4.03   8.55  15.40   7.22    87  38.93  31.07  17595
  1326  33138 400230   4.93   7.70  15.38   7.20    87  38.91  31.07  17594
  1326  33139 400232   6.07   6.65  15.30   7.21    87  38.83  31.07  17590
  1326  33138 400238   6.98   5.85  15.35   7.17    87  38.89  31.08  17598
  1327  33138 400242   8.06   4.80  15.35   7.17    87  38.89  31.08  17598
  1327  33140 400245   9.03   3.75  15.34   7.16    87  38.89  31.09  17602
  1327  33140 400248  10.01   2.85  15.29   7.15    86  38.89  31.13  17625
  1328  33140 400247  10.99   1.90  15.28   7.13    86  38.84  31.09  17604
  1328  33140 400249  11.99   0.85  15.35   7.12    86  38.88  31.07  17593
 -1333  33194 400526   1.06  17.00  15.47   7.24    88  38.98  31.06  17589
  1333  33192 400539   2.06  16.15  15.48   7.23    88  38.98  31.06  17584
  1333  33193 400542   3.01  15.30  15.46   7.24    88  38.96  31.05  17583
  1334  33197 400546   3.99  14.25  15.42   7.22    88  38.93  31.06  17586
  1334  33198 400546   5.02  12.95  15.39   7.23    88  38.92  31.07  17595
  1334  33196 400546   6.01  12.25  15.34   7.22    87  38.85  31.05  17582
  1335  33195 400547   7.05  11.40  15.40   7.19    87  38.91  31.06  17585
  1335  33193 400547   8.00  10.65  15.40   7.19    87  38.92  31.07  17590
  1335  33192 400546   9.04   9.50  15.31   7.20    87  38.86  31.08  17601
  1335  33192 400545  10.02   8.70  15.38   7.17    87  38.91  31.07  17594
  1336  33194 400543  11.06   7.65  15.36   7.15    87  38.90  31.08  17598
  1336  33197 400540  12.01   6.40  15.30   7.16    86  38.85  31.08  17600
  1336  33200 400540  13.01   5.00  15.37   7.12    86  38.90  31.07  17594
  1337  33202 400540  13.99   3.90  15.36   7.11    86  38.90  31.08  17598
  1337  33205 400541  15.06   2.65  15.31   7.12    86  38.90  31.12  17621
  1337  33208 400545  16.03  51.25  15.37   7.10    86  38.90  31.07  17594
