# MEETVAARTUIG         : M.C.ECOS 8 VERTIKAAL
# MEETDATUM            : 08-07-2024 12:52:15
# MEETGEBIED           : VEERSE MEER
# STARTPUNT            : VTS17
# EINDPUNT             : VTS -01
# PROJECTCODE          : VTS
# OPDRACHTGEVER        : ZLXXAXAMDBG
# BEHEERDER            : ZLXXRWMVSGN
# BEMONST. INST        : []
# WAARNEMER(S)         : Bernaards
#
* 20240708
$ 9999 [000000000000000]
>TIJD       uumm                         
>X          coordinaat                   
>Y          coordinaat                   
>SENSHTE    Diepte set           m       
>Echms      Echoset              mtrs    
>Temp       Temperatuur          oC      
>pH         Zuurgraad            dimsls  
>O2         Zuurstof             mg/l    
>%O2        Zuurstof%            %       
>GELBH      Geleidendheid        mS/cm   
>GEL20      Gel20                ???     
>SALNTT     Saliniteit           dimsl   
>CL-        Chloride             mg/l    
>CHLFRFU    Chlorofyl            RFU     
>TROEBFN    Troebelheid          FNU     
 -1252    33193   400533    0.95   18.18   18.31    8.07    8.41    104   36.07   3740   26.56   14978    1.89    0.00
  1253    33194   400534    2.03    0.75   18.26    8.07    8.40    104   36.03   3740   26.56   14978    2.29    0.00
  1253    33193   400536    3.01   16.09   18.17    8.06    8.34    103   35.98   3742   26.57   14985    2.10    0.00
  1254    33191   400544    4.02   14.75   18.03    8.04    8.02     99   35.86   3741   26.57   14984    1.86    0.00
  1255    33197   400551    5.09   12.73   18.00    8.02    7.59     94   35.84   3742   26.58   14989    1.46    0.00
  1256    33203   400552    6.04   11.80   17.99    7.99    7.29     90   35.86   3744   26.59   14997    1.18    0.00
  1257    33209   400551    6.99   11.33   18.03    7.94    6.43     79   35.96   3752   26.65   15030    0.56    0.00
  1258    33210   400552    7.94   10.68   17.97    7.91    6.07     75   35.93   3754   26.67   15041    0.39    0.00
  1259    33206   400549    9.01    9.88   17.98    7.91    5.97     74   35.95   3756   26.68   15049    0.33    0.00
  1259    33206   400550   10.03    8.83   17.96    7.90    5.83     72   35.95   3756   26.69   15052    0.39    0.00
  1260    33205   400560   11.02    7.83   17.96    7.90    5.80     72   35.96   3757   26.69   15056    0.33    0.00
  1302    33203   400560   11.97    6.69   18.10    7.79    4.20     52   36.37   3789   26.94   15199    0.27    0.00
  1302    33198   400554   13.01    5.29   18.15    7.72    3.23     40   36.63   3812   27.12   15302    0.21    0.00
  1303    33202   400548   14.02    3.80   18.18    7.69    2.69     34   36.77   3824   27.22   15359    0.15    0.00
  1304    33201   400553   15.01    2.44   18.17    7.68    2.51     31   36.80   3828   27.25   15375    0.12    0.00
  1305    33203   400556   16.07    1.30   18.12    7.66    2.27     28   36.77   3829   27.26   15382    0.13    0.00
  1305    33213   400562   16.81    0.00   18.06    7.64    2.09     26   36.71   3828   27.25   15376    0.68    0.00
 -1238    33142   400213    1.07   12.24   18.28    8.07    8.40    104   36.04   3739   26.55   14974    1.73    0.00
  1238    33142   400223    2.00    9.70   18.25    8.07    8.32    103   36.00   3738   26.54   14969    1.81    0.00
  1241    33141   400225    3.01   10.74   18.04    7.97    6.97     86   35.92   3746   26.61   15007    0.76    0.00
  1241    33140   400218    3.97    9.80   18.04    7.97    7.00     86   35.92   3746   26.61   15007    0.76    0.00
  1242    33145   400217    5.00    8.70   18.03    7.97    6.85     85   35.92   3747   26.61   15011    0.67    0.00
  1243    33148   400218    5.97    7.78   18.03    7.95    6.56     81   35.93   3749   26.63   15019    0.62    0.00
  1243    33150   400228    7.01    6.75   18.03    7.95    6.61     82   35.94   3750   26.63   15022    0.52    0.00
  1244    33149   400227    8.03    5.80   18.03    7.94    6.41     79   35.96   3752   26.65   15033    0.49    0.00
  1244    33145   400225    9.00    4.90   18.03    7.94    6.40     79   35.96   3752   26.65   15032    0.48    0.00
  1245    33148   400216   10.00    3.96   18.04    7.91    6.01     74   36.03   3758   26.70   15059    0.46    0.00
  1246    33154   400228   10.99    2.89   18.12    7.84    5.01     62   36.25   3774   26.83   15132    0.36    0.00
  1249    33146   400237   12.02    1.78   18.14    7.74    3.47     43   36.56   3806   27.08   15276    0.15    0.00
  1249    33146   400236   13.04    0.98   18.14    7.73    3.23     40   36.59   3808   27.10   15287    0.21    0.00
 -1205    33911   398882    1.03    0.00   18.33    8.02    7.68     95   36.16   3748   26.62   15011    1.06    0.00
  1211    33921   398875    1.98   19.85   18.28    8.00    7.39     92   36.13   3750   26.63   15020    1.17    0.00
  1212    33929   398881    3.02   17.55   18.18    8.00    7.20     89   36.05   3749   26.63   15016    1.69    0.00
  1213    33935   398875    3.99   15.94   18.12    8.00    7.22     89   36.04   3753   26.66   15037    1.97    0.00
  1214    33942   398877    5.00   14.73   18.02    7.97    6.91     85   35.94   3751   26.64   15028    0.95    0.00
  1214    33945   398877    6.03   13.70   18.01    7.97    6.86     85   35.94   3751   26.65   15028    0.88    0.00
  1214    33952   398880    7.05   12.95   18.01    7.97    6.79     84   35.94   3752   26.65   15030    0.94    0.00
  1217    33945   398894    7.99   12.46   18.00    7.96    6.67     82   35.94   3751   26.65   15029    0.72    0.00
  1216    33952   398887    9.09   11.54   18.10    7.88    5.46     68   36.16   3766   26.76   15096    0.54    0.00
  1218    33935   398901   10.08   10.24   18.06    7.89    5.65     70   36.09   3763   26.74   15080    0.61    0.00
  1219    33937   398907   10.97    8.68   18.30    7.84    4.87     61   36.46   3782   26.88   15164    0.86    0.00
  1221    33927   398929   12.03    8.04   18.38    7.74    3.41     43   36.82   3812   27.12   15302    0.28    0.00
  1222    33923   398931   13.01    7.01   18.39    7.71    3.00     37   36.93   3823   27.21   15353    0.23    0.00
  1223    33920   398933   14.02    6.20   18.36    7.70    2.86     36   36.94   3826   27.23   15366    0.20    0.00
  1223    33918   398931   15.05    5.80   18.34    7.69    2.75     34   36.94   3828   27.25   15375    0.21    0.00
  1224    33911   398923   16.06    4.26   18.31    7.69    2.62     33   36.94   3830   27.27   15387    0.19    0.00
  1224    33914   398927   16.94    3.60   18.32    7.69    2.56     32   36.98   3834   27.30   15402    0.15    0.00
  1225    33915   398925   18.00    3.00   18.30    7.68    2.50     31   36.97   3834   27.30   15404    0.18    0.00
  1226    33918   398920   19.03    1.61   18.28    7.67    2.37     30   36.97   3837   27.32   15416    0.24    0.00
  1227    33925   398918   19.93    1.71   18.26    7.66    2.21     28   36.97   3838   27.33   15420    0.12    0.00
  1228    33923   398914   21.00    1.44   18.21    7.64    1.99     25   36.95   3840   27.34   15430    0.22    0.00
  1228    33924   398912   22.00   64.08   18.21    7.64    1.94     24   36.94   3839   27.34   15427    0.20    0.00
 -1153    35028   398019    0.98    5.16   18.64    8.06    8.07    101   36.44   3752   26.65   15029    1.27    0.00
  1154    35030   398018    1.94    4.08   18.55    8.07    8.09    101   36.38   3753   26.66   15033    1.99    0.00
  1154    35037   398009    2.99    3.16   18.31    8.06    8.00     99   36.19   3753   26.66   15035    2.23    0.00
  1155    35036   398007    4.01    2.18   18.16    8.03    7.61     94   36.09   3754   26.67   15043    2.02    0.00
  1156    35031   398008    5.04    1.25   18.13    7.97    6.68     83   36.10   3758   26.70   15058    1.37    0.00
 -1139    35512   397372    1.05   10.90   18.63    8.07    8.13    102   36.41   3749   26.63   15017    2.15    0.00
  1139    35469   397397    2.01    9.74   18.42    8.06    7.98     99   36.25   3750   26.63   15021    2.62    0.00
  1140    35462   397400    2.96    6.78   18.36    8.02    7.36     91   36.22   3752   26.65   15030    1.85    0.00
  1141    35452   397412    4.01    5.64   18.28    8.00    7.13     88   36.14   3750   26.63   15021    1.45    0.00
  1142    35451   397414    4.99    4.44   18.29    8.01    7.18     89   36.17   3752   26.65   15032    1.60    0.00
  1142    35456   397406    6.01    3.98   18.22    8.00    7.11     88   36.14   3755   26.67   15044    1.58    0.00
  1142    35454   397407    7.01    4.51   18.21    7.99    7.04     87   36.15   3757   26.69   15056    1.53    0.00
  1143    35447   397411    8.06    4.04   18.23    7.97    6.79     84   36.19   3760   26.71   15065    1.00    0.00
  1145    35451   397418    9.07    6.80   18.82    7.73    3.35     42   37.54   3850   27.42   15474    0.49    0.00
  1146    35451   397425   10.01    4.66   18.64    7.64    2.23     28   37.69   3881   27.66   15613    0.43    0.00
  1147    35448   397432   11.04    3.03   18.09    7.56    1.24     15   37.28   3884   27.69   15632    0.36    0.00
  1147    35441   397440   12.03    1.64   17.74    7.54    0.90     11   36.98   3883   27.69   15628    0.20    0.00
  1148    35440   397442   12.98   30.37   17.68    7.54    0.83     10   36.93   3883   27.68   15628    0.16    0.00
 -1130    36200   396850    1.06    7.15   18.56    8.03    7.26     91   36.25   3738   26.54   14966    1.44    0.00
  1131    36176   396862    1.95    5.69   18.47    8.05    7.51     93   36.20   3741   26.56   14978    1.65    0.00
  1131    36173   396863    3.05    4.35   18.43    8.05    7.57     94   36.21   3745   26.59   14998    1.72    0.00
  1132    36165   396868    3.96    3.86   18.44    8.02    7.15     89   36.28   3751   26.64   15027    1.33    0.00
  1132    36154   396872    5.05    3.03   18.46    8.01    7.05     88   36.31   3753   26.66   15033    1.38    0.00
  1133    36148   396879    6.02    2.26   18.43    7.98    6.72     84   36.31   3756   26.68   15048    1.15    0.00
  1134    36148   396884    6.96    1.11   18.45    7.95    6.12     76   36.40   3763   26.74   15080    0.95    0.00
 -1117    36683   395901    0.99    7.45   18.51    8.05    7.60     95   36.26   3744   26.59   14995    1.33    0.00
  1118    36671   395957    2.02    6.34   18.47    8.05    7.63     95   36.24   3745   26.60   15000    2.14    0.00
  1118    36671   395958    2.99    5.14   18.45    8.05    7.63     95   36.23   3745   26.60   14998    2.35    0.00
  1118    36671   395960    4.03    4.20   18.39    8.05    7.64     95   36.18   3745   26.60   14998    2.42    0.00
  1120    36670   395988    5.03    3.01   18.49    7.99    6.73     84   36.39   3759   26.70   15060    1.05    0.00
  1121    36668   395999    6.01    2.41   18.78    7.93    5.79     73   36.90   3787   26.92   15185    0.67    0.00
  1122    36672   396002    7.06    1.40   19.18    7.85    4.68     59   37.70   3836   27.31   15408    0.48    0.00
  1124    36669   395995    7.89    0.75   19.28    7.78    3.65     46   38.11   3870   27.58   15560    0.71    0.00
 -1051    37362   393864    1.03   15.06   18.82    8.04    7.27     91   36.88   3782   26.88   15163    1.46    0.00
  1053    37372   393856    2.00   12.15   18.82    8.04    7.27     91   36.90   3784   26.90   15173    1.53    0.00
  1054    37371   393856    2.97    9.93   18.81    8.04    7.30     92   36.90   3785   26.91   15178    1.68    0.00
  1054    37374   393851    4.04   10.85   18.81    8.03    7.25     91   36.92   3788   26.93   15190    1.46    0.00
  1056    37372   393848    4.99   10.04   18.99    8.00    6.74     85   37.21   3802   27.04   15254    1.25    0.00
  1056    37371   393848    6.03    9.13   19.01    8.01    6.82     86   37.20   3800   27.03   15245    1.45    0.00
  1057    37368   393851    6.97    8.25   19.08    7.98    6.34     80   37.37   3811   27.11   15293    1.07    0.00
  1060    37358   393863    7.98    6.29   19.54    7.80    3.65     47   38.58   3896   27.78   15678    0.44    0.00
  1100    37346   393873    9.00    5.68   19.26    7.77    3.41     43   38.56   3917   27.95   15774    0.33    0.00
  1101    37350   393866   10.01    5.09   19.06    7.76    3.19     40   38.38   3916   27.94   15773    0.19    0.00
  1102    37351   393869   11.05    4.64   18.65    7.73    2.88     36   38.04   3915   27.94   15771    0.19    0.00
  1103    37351   393871   11.99    3.89   18.45    7.72    2.67     34   37.81   3909   27.89   15743    0.18    0.00
  1105    37350   393883   13.06    2.03   17.65    7.66    1.84     23   37.06   3898   27.81   15700    0.14    0.00
  1106    37353   393877   14.03   21.04   17.49    7.64    1.44     18   36.91   3896   27.79   15692    0.16    0.00
 -1037    38375   394060    1.06    6.50   18.85    8.04    7.54     95   36.92   3784   26.90   15171    0.97    0.00
  1037    38368   394046    2.03    5.39   18.78    8.04    7.54     95   36.87   3784   26.90   15173    1.40    0.00
  1038    38366   394043    2.96    4.24   18.73    8.05    7.54     95   36.83   3785   26.91   15176    1.62    0.00
  1039    38358   394024    4.01    2.55   18.69    8.03    7.43     93   36.78   3783   26.90   15171    1.55    0.00
  1039    38357   394021    5.02    1.63   18.67    8.03    7.40     93   36.77   3783   26.90   15171    1.29    0.00
  1040    38354   394011    6.02    0.00   18.58    8.01    7.13     89   36.71   3784   26.91   15176    1.10    0.00
 -1015    40103   396006    0.97   21.42   18.74    8.03    7.43     93   36.68   3768   26.78   15101    0.94    0.00
  1016    40101   396007    2.11   20.43   18.75    8.03    7.40     93   36.78   3778   26.85   15144    1.04    0.00
  1016    40101   396007    3.04   19.20   18.75    8.03    7.39     93   36.83   3783   26.89   15169    1.00    0.00
  1016    40101   396004    4.05   17.79   18.74    8.03    7.38     92   36.83   3784   26.90   15174    1.10    0.00
  1017    40101   396000    5.05   16.63   18.73    8.02    7.34     92   36.83   3784   26.90   15175    0.90    0.00
  1017    40098   395995    6.01   15.64   18.72    8.02    7.31     92   36.82   3785   26.91   15176    0.94    0.00
  1018    40094   395988    7.00   14.33   18.70    8.02    7.28     91   36.81   3785   26.91   15177    0.67    0.00
  1019    40090   395987    7.99   11.01   18.68    8.01    7.05     88   36.79   3785   26.91   15179    0.80    0.00
  1019    40080   395983    9.07    8.54   18.67    8.00    6.95     87   36.80   3787   26.93   15188    0.84    0.00
  1019    40080   395983   10.06    7.90   18.66    8.00    6.93     87   36.80   3787   26.93   15188    0.77    0.00
  1020    40081   395984   11.07    6.73   18.66    8.00    6.94     87   36.80   3787   26.92   15187    0.82    0.00
  1020    40082   395991   12.06    5.54   18.66    8.00    6.91     87   36.80   3788   26.93   15190    0.74    0.00
  1020    40080   395994   13.00    0.00   18.66    7.99    6.89     86   36.80   3788   26.93   15190    0.63    0.00
  1020    40077   395995   14.07    0.00   18.66    7.99    6.89     86   36.80   3788   26.93   15191    0.69    0.00
  1021    40076   395996   14.93    1.45   18.66    7.99    6.87     86   36.81   3788   26.93   15192    0.68    0.00
  1022    40066   395990   16.05    2.36   18.68    7.97    6.43     81   36.94   3799   27.02   15242    0.61    0.00
 -0954    41857   397216    1.06    7.81   18.66    8.02    7.31     92   36.76   3784   26.90   15172    1.15    0.00
  0954    41829   397205    1.97    7.51   18.64    8.01    7.23     91   36.75   3784   26.90   15172    1.07    0.00
  0955    41829   397205    2.90    6.16   18.61    8.01    7.23     91   36.73   3784   26.90   15173    1.12    0.00
  0956    41823   397203    4.04    5.20   18.60    8.01    7.14     89   36.72   3784   26.90   15173    0.92    0.00
  0956    41815   397198    5.00    4.71   18.51    7.97    6.75     84   36.67   3786   26.92   15182    0.74    0.00
  0957    41814   397202    5.96    3.36   18.42    7.96    6.57     82   36.57   3783   26.89   15170    0.50    0.00
  0958    41808   397203    7.01    2.18   18.53    7.95    6.31     79   36.78   3795   26.99   15225    0.70    0.00
  0958    41797   397205    8.06    1.16   18.59    7.95    6.29     79   36.91   3804   27.06   15266    0.46    0.00
 -0943    42845   397311    1.06   15.76   18.66    8.00    7.21     90   36.54   3761   26.72   15070    0.86    0.00
  0944    42841   397311    2.02   15.03   18.66    7.99    6.95     87   36.55   3761   26.72   15071    0.87    0.00
  0944    42837   397312    2.96    0.75   18.67    8.00    7.11     89   36.59   3765   26.75   15088    1.22    0.00
  0945    42828   397312    3.97   12.51   18.72    8.02    7.28     91   36.73   3775   26.83   15134    1.28    0.00
  0946    42831   397318    5.00    7.50   18.68    7.98    6.73     84   36.84   3790   26.95   15200    0.81    0.00
  0947    42829   397323    5.99    4.96   18.68    7.96    6.53     82   36.92   3798   27.01   15237    0.71    0.00
  0947    42817   397324    7.02    3.51   18.67    7.95    6.25     78   37.05   3813   27.13   15304    0.64    0.00
  0948    42816   397326    7.98    1.64   18.68    7.94    6.13     77   37.08   3815   27.14   15313    0.45    0.00
  0948    42816   397329    8.95    0.00   18.72    7.92    5.86     74   37.27   3831   27.27   15387    0.42    0.00
 -0929    44437   396332    1.08    7.25   18.43    8.02    7.43     93   36.58   3784   26.90   15173    1.22    0.00
  0929    44424   396333    2.07    6.38   18.38    8.02    7.38     92   36.54   3784   26.90   15175    1.36    0.00
  0930    44416   396332    2.98    5.53   18.41    8.00    7.15     89   36.64   3791   26.96   15207    1.35    0.00
  0931    44406   396336    3.96    4.64   18.46    7.99    6.95     87   36.73   3796   27.00   15230    1.45    0.00
  0932    44406   396341    4.95    3.60   18.31    7.95    6.51     81   36.65   3800   27.03   15247    0.96    0.00
  0932    44397   396343    5.97    2.56   18.62    7.94    6.10     77   37.40   3852   27.44   15484    0.47    0.00
  0933    44394   396345    7.04    1.48   18.62    7.93    6.07     76   37.64   3877   27.64   15597    0.49    0.00
  0934    44387   396354    7.95    0.00   18.60    7.92    5.74     72   37.82   3897   27.80   15690    0.28    0.00
 -0917    45392   396447    1.03   11.44   18.46    7.99    7.04     88   36.73   3797   27.00   15232    1.22    0.00
  0918    45371   396437    1.98    0.00   18.41    7.98    6.91     86   36.66   3794   26.98   15218    1.21    0.00
  0918    45371   396436    3.05    9.01   18.42    7.98    6.96     87   36.68   3794   26.98   15222    1.03    0.00
  0919    45361   396430    4.05    0.00   18.58    7.96    6.51     82   37.33   3849   27.41   15468    1.19    0.00
  0920    45362   396436    5.05    6.79   18.57    7.94    5.92     75   38.13   3932   28.07   15849    0.57    0.00
  0921    45359   396436    6.03    5.78   18.56    7.94    5.90     74   38.24   3943   28.16   15900    0.67    0.00
  0921    45354   396436    7.01    4.86   18.56    7.93    5.80     73   38.39   3960   28.29   15974    0.43    0.00
  0922    45352   396435    7.98    3.89   18.56    7.93    5.75     73   38.44   3964   28.33   15996    0.42    0.00
  0922    45342   396427    8.98    3.00   18.57    7.93    5.71     72   38.48   3968   28.36   16015    0.33    0.00
  0922    45339   396428   10.01    1.98   18.57    7.93    5.67     72   38.61   3981   28.46   16071    0.28    0.00
  0923    45337   396429   11.05    1.09   18.58    7.93    5.62     71   38.65   3985   28.49   16091    0.32    0.00
 -0909    46275   396906    1.01    4.84   18.37    8.02    7.52     94   36.52   3782   26.89   15168    1.41    0.00
  0909    46263   396904    2.01    3.88   18.33    8.02    7.47     93   36.64   3798   27.01   15237    1.50    0.00
  0909    46259   396901    2.95    2.85   18.31    8.01    7.44     93   36.67   3803   27.05   15263    1.37    0.00
  0910    46227   396876    4.04    1.80   18.35    7.98    6.82     85   37.21   3855   27.46   15497    0.90    0.00
  0911    46223   396870    5.03    0.85   18.55    7.97    6.35     80   38.50   3972   28.39   16033    0.66    0.00
 -0853    48076   396589    1.04   13.64   18.31    7.98    6.86     86   37.76   3915   27.94   15774    0.84    0.00
  0853    48055   396603    2.03   10.51   18.12    7.95    6.86     85   37.01   3854   27.45   15493    1.04    0.00
  0854    48041   396608    3.04    7.79   18.40    8.01    7.02     88   38.42   3976   28.42   16051    0.82    0.00
  0854    48047   396603    3.98   10.50   18.48    8.01    7.02     89   38.66   3994   28.56   16130    0.72    0.00
  0854    48044   396603    4.99    9.56   18.57    8.01    6.95     88   39.00   4022   28.79   16261    1.05    0.00
  0855    48045   396604    6.02    8.51   18.56    8.02    6.95     88   39.04   4026   28.82   16278    0.71    0.00
  0855    48043   396605    7.06    7.39   18.59    8.02    6.99     88   39.11   4031   28.86   16300    0.77    0.00
  0856    48041   396609    8.00    6.60   18.59    8.02    6.87     87   39.26   4047   28.99   16375    0.78    0.00
  0856    48040   396611    9.03    5.69   18.50    8.02    6.86     87   39.21   4050   29.01   16388    0.83    0.00
  0856    48041   396613   10.02    4.69   18.49    8.02    6.91     87   39.20   4049   29.01   16387    0.95    0.00
  0857    48047   396610   11.09    3.73   18.40    8.04    7.03     89   39.17   4053   29.04   16405    0.75    0.00
  0857    48047   396611   12.03    2.80   18.40    8.04    7.06     89   39.20   4057   29.07   16422    0.72    0.00
  0857    48042   396617   13.02    1.79   18.38    8.04    7.07     89   39.20   4059   29.08   16430    0.74    0.00
  0858    48042   396618   14.05    0.75   18.38    8.04    7.06     89   39.21   4060   29.09   16436    0.70    0.00
 -0841    49201   395839    0.98   10.58   18.00    7.94    7.14     89   36.66   3828   27.25   15376    1.16    0.00
  0841    49190   395843    2.01    9.54   18.00    7.94    7.11     88   36.71   3833   27.29   15400    0.97    0.00
  0842    49182   395853    3.04    8.44   18.07    7.94    7.04     88   37.03   3860   27.50   15521    0.84    0.00
  0843    49180   395854    3.98    6.76   18.24    7.98    6.99     88   38.31   3978   28.44   16060    0.65    0.00
  0843    49180   395856    5.04    6.04   18.29    8.00    7.03     88   38.71   4015   28.74   16232    0.74    0.00
  0843    49180   395857    6.05    4.92   18.30    8.00    7.00     88   38.78   4023   28.79   16265    0.56    0.00
  0844    49181   395858    7.06    3.89   18.32    8.01    6.99     88   38.93   4036   28.90   16327    0.60    0.00
  0844    49183   395859    8.04    2.76   18.32    8.01    7.00     88   38.99   4042   28.95   16354    0.67    0.00
  0844    49184   395860    9.04    1.64   18.32    8.01    7.01     88   39.00   4044   28.96   16362    0.56    0.00
  0845    49189   395867    9.92   27.91   18.32    8.01    7.00     88   39.04   4047   28.99   16379    0.57    0.00
