# MEETVAARTUIG :
# MEETDATUM    : 2024-02-05 00:00:00
# MEETGEBIED   :
# STARTPUNT    :
# EINDPUNT     :
# PROJECTCODE  :
# OPDRACHTGEVER:
# BEHEERDER    :
# BEMONST. INST:
# WAARNEMER(S) :
#
* 20240205
$ 9999 [000000000000000]
>TIJD      uumm                    
>X         coordinaat              
>Y         coordinaat              
>SENSHTE   Diepte set        m     
>Echms     Echoset           mtrs  
>Temp      Temperatuur       oC    
>pH        Zuurgraad         dimsls
>O2        Zuurstof          mg/l  
>%O2       Zuurstof%         %     
>GELBH     Geleidendheid     mS/cm 
>GEL20     Gel20             ???   
>SALNTT    Saliniteit        dimsl 
>CL-       Chloride          mg/l  
>CHFLYSI   Chlorofyl         ugr/l 
>TURBID    Troebelheid       NTU   
 -2359  33200 400550   1.00   9999   9999   9999   9999  9999   9999  9999   9999   9999   9999   9999
  2359  33200 400550  17.00   9999   9999   9999   9999  9999   9999  9999   9999   9999   9999   9999
 -2359  33140 400240   1.00   9999   9999   9999   9999  9999   9999  9999   9999   9999   9999   9999
  2359  33140 400240  13.00   9999   9999   9999   9999  9999   9999  9999   9999   9999   9999   9999
 -2359  33887 398893   1.00   9999   9999   9999   9999  9999   9999  9999   9999   9999   9999   9999
  2359  33887 398893  22.00   9999   9999   9999   9999  9999   9999  9999   9999   9999   9999   9999
 -2359  35010 398040   1.00   9999   9999   9999   9999  9999   9999  9999   9999   9999   9999   9999
  2359  35010 398040   5.00   9999   9999   9999   9999  9999   9999  9999   9999   9999   9999   9999
 -2359  35445 397423   1.00   9999   9999   9999   9999  9999   9999  9999   9999   9999   9999   9999
  2359  35445 397423  15.00   9999   9999   9999   9999  9999   9999  9999   9999   9999   9999   9999
 -2359  36140 396880   1.00   9999   9999   9999   9999  9999   9999  9999   9999   9999   9999   9999
  2359  36140 396880   6.00   9999   9999   9999   9999  9999   9999  9999   9999   9999   9999   9999
 -2359  36700 395940   1.00   9999   9999   9999   9999  9999   9999  9999   9999   9999   9999   9999
  2359  36700 395940   8.00   9999   9999   9999   9999  9999   9999  9999   9999   9999   9999   9999
 -2359  37397 393849   1.00   9999   9999   9999   9999  9999   9999  9999   9999   9999   9999   9999
  2359  37397 393849  18.00   9999   9999   9999   9999  9999   9999  9999   9999   9999   9999   9999
 -2359  38320 394000   1.00   9999   9999   9999   9999  9999   9999  9999   9999   9999   9999   9999
  2359  38320 394000   6.00   9999   9999   9999   9999  9999   9999  9999   9999   9999   9999   9999
 -2359  40132 396019   1.00   9999   9999   9999   9999  9999   9999  9999   9999   9999   9999   9999
  2359  40132 396019  18.00   9999   9999   9999   9999  9999   9999  9999   9999   9999   9999   9999
 -1106  41822 397191   0.99   8.59   7.25   8.26  10.20    97  23.42  3160  22.11  12452   0.23   0.80
  1107  41829 397193   2.13   7.51   7.25   8.26  10.20    97  23.43  3161  22.12  12458   0.24   0.70
  1107  41835 397194   3.13   5.84   7.25   8.26  10.20    97  23.44  3162  22.13  12463   0.24   0.66
  1107  41838 397198   4.36   5.09   7.25   8.26  10.20    97  23.46  3166  22.16  12479   0.22   0.74
  1107  41837 397202   5.07   4.35   7.24   8.26  10.20    97  23.50  3171  22.20  12503   0.26   0.66
  1107  41837 397207   6.19   3.10   7.24   8.26  10.20    97  23.50  3172  22.21  12506   0.23   0.71
  1108  41838 397210   6.88   2.15   7.25   8.26  10.20    97  23.59  3183  22.29  12554   0.23   0.68
 -1058  42811 397289   1.03  14.49   7.33   8.26  10.20    97  23.39  3150  22.04  12408   0.29   0.77
  1058  42801 397303   2.01  13.98   7.30   8.26  10.20    97  23.47  3161  22.13  12460   0.23   0.76
  1059  42804 397310   3.11  13.00   7.30   8.26  10.20    97  23.49  3165  22.15  12475   0.24   0.73
  1059  42808 397316   4.20  11.71   7.29   8.26  10.20    97  23.50  3166  22.16  12480   0.23   0.92
  1059  42799 397336   4.95   6.75   7.29   8.26  10.20    97  23.51  3169  22.19  12494   0.25   0.81
  1059  42794 397347   5.91   6.39   7.29   8.26  10.10    97  23.53  3172  22.21  12506   0.25   0.82
  1100  42772 397340   7.38   7.98   7.29   8.25  10.10    97  23.65  3187  22.32  12572   0.20   0.86
  1100  42762 397339   8.85   6.10   7.14   8.22  10.00    96  25.27  3420  24.12  13603   0.22   1.56
  1101  42762 397344   9.64   5.24   6.99   8.21  10.00    96  25.36  3445  24.31  13714   0.22   1.64
  1101  42760 397351  10.97   4.14   6.93   8.21   9.99    96  25.40  3456  24.40  13764   0.16   1.54
  1101  42756 397352  11.97   3.24   6.92   8.21  10.00    96  25.42  3460  24.43  13781   0.20   1.84
  1101  42753 397351  12.33   2.55   6.90   8.21   9.99    96  25.45  3465  24.47  13806   0.13   1.74
  1101  42751 397349  13.85   1.20   6.86   8.21   9.99    96  25.47  3472  24.52  13835   0.13   1.84
 -1049  44426 396345   1.36   7.15   7.63   8.28  10.10    98  23.99  3205  22.46  12651   0.19   1.02
  1049  44423 396357   1.99   0.00   7.61   8.28  10.10    98  23.98  3205  22.46  12650   0.22   1.04
  1049  44419 396372   2.98   0.76   7.62   8.28  10.10    98  23.98  3205  22.45  12647   0.25   1.13
  1049  44410 396375   4.14   3.89   7.59   8.28  10.10    98  23.99  3207  22.47  12659   0.23   1.02
  1050  44408 396368   5.20   3.10   7.61   8.28  10.10    97  23.99  3206  22.47  12655   0.26   1.03
  1050  44409 396360   6.01   2.40   7.48   8.26  10.00    97  24.62  3302  23.20  13076   0.22   1.15
 -1041  45362 396447   1.03   0.75   7.55   8.27  10.10    98  24.09  3225  22.61  12736   0.24   1.10
  1042  45369 396443   2.07   0.75   7.56   8.27  10.10    98  24.11  3227  22.62  12744   0.22   1.15
  1042  45373 396442   3.16   8.89   7.56   8.27  10.10    98  24.13  3229  22.64  12755   0.22   1.10
  1042  45378 396438   4.22   7.63   7.55   8.27  10.10    98  24.17  3236  22.70  12786   0.23   1.09
  1042  45377 396430   5.02   6.38   7.54   8.27  10.10    97  24.26  3249  22.79  12843   0.20   1.14
  1043  45374 396428   5.92   5.40   7.52   8.26  10.10    97  24.44  3275  22.99  12956   0.23   1.29
  1043  45367 396431   6.93   4.55   7.30   8.23  10.00    97  25.43  3427  24.17  13632   0.17   1.72
  1043  45362 396437   7.93   4.06   7.20   8.22  10.00    97  25.76  3480  24.58  13869   0.15   1.76
  1043  45360 396444   9.06   3.06   7.02   8.20  10.00    96  26.09  3540  25.05  14140   0.18   2.18
 -1034  46285 396898   1.13   4.58   7.55   8.26  10.10    98  24.58  3290  23.11  13025   0.22   1.14
  1034  46278 396895   2.04   3.70   7.55   8.26  10.10    98  24.59  3292  23.13  13033   0.24   1.23
  1035  46276 396896   3.12   2.58   7.55   8.26  10.10    98  24.63  3298  23.17  13058   0.19   1.16
 -1017  47870 396872   1.10  10.14   7.63   8.26  10.00    97  24.34  3251  22.81  12853   0.24   1.88
  1017  47876 396864   2.15   9.01   7.60   8.26  10.00    97  24.40  3262  22.90  12902   0.22   1.86
  1018  47881 396861   3.10   8.64   7.57   8.25  10.00    97  24.55  3286  23.08  13004   0.23   1.78
  1018  47884 396857   3.99   8.21   7.51   8.25  10.00    97  24.79  3322  23.36  13167   0.20   1.73
  1018  47892 396853   5.04   8.09   7.48   8.24  10.00    97  25.21  3381  23.82  13429   0.19   2.25
  1019  47904 396842   5.93   8.48   7.33   8.21  10.00    97  26.36  3549  25.12  14178   0.16   3.73
  1020  47931 396781   6.96   8.21   7.11   8.18   9.97    97  26.99  3654  25.94  14651   0.17   4.87
  1020  47940 396776   8.46   6.10   6.94   8.17   9.96    97  27.20  3700  26.30  14856   0.19   3.85
  1020  47948 396768   9.76   0.00   6.71   8.16   9.96    96  27.39  3748  26.67  15074   0.13   4.18
  1020  47951 396758  10.18   6.06   6.59   8.15   9.99    96  27.42  3763  26.79  15144   0.14   4.37
  1021  47956 396753  11.43   4.01   6.52   8.15   9.99    96  27.43  3773  26.87  15190   0.17   4.18
 -2359  49200 395850   1.00   9999   9999   9999   9999  9999   9999  9999   9999   9999   9999   9999
  2359  49200 395850  11.00   9999   9999   9999   9999  9999   9999  9999   9999   9999   9999   9999
