# MEETVAARTUIG : M.C.ECOS2 YSI
# MEETDATUM    : 01-08-2006 07:47:05
# MEETGEBIED   : VEERSE MEER
# STARTPUNT    : Zandkreek
# EINDPUNT     : Veersegatdam
# PROJECTCODE  : E7301X
# OPDRACHTGEVER: ZLXXAXAMDBG
# BEHEERDER    : ZLXXRWMVSGN
# BEMONST. INST:
# WAARNEMER(S) : G.J.Bakker.
#
* 20060801
$ 9999 [000000000000]
>TIJD      uumm                    
>X         coordinaat              
>Y         coordinaat              
>SENSHTE   Diepte set        m     
>EchoSh    Echoschip         m     
>Temp      Temperatuur       oC       : 14.  1.0  11 1.0
>pH        Zuurgraad         dimsls
>O2        Zuurstof          mg/l  
>%O2       Zuurstof%         %     
>GELBH     Geleidendheid     mS/cm 
>SALNTT    Saliniteit        dimsl 
>CL-       Chloride          mg/l     :12000.  500.  13 500
 -0747  51178 396550   1.04   8.90  22.90   8.05   6.14    87  47.19  32.16  18192
  0747  51178 396561   2.06   9.00  22.92   8.05   6.15    87  47.22  32.17  18197
  0747  51178 396573   3.10   9.40  22.92   8.05   6.23    88  47.29  32.22  18228
  0748  51167 396573   4.04   8.30  22.91   8.06   6.39    90  47.34  32.27  18254
  0748  51159 396575   5.01   8.10  22.91   8.07   6.42    91  47.40  32.32  18281
  0749  51144 396573   6.04   7.70  22.92   8.07   6.54    93  47.46  32.35  18303
  0751  51167 396573   6.95   9.10  22.92   8.07   6.54    92  47.46  32.35  18303
 -0756  50551 396252   1.09  10.00  22.80   8.06   6.11    86  47.06  32.14  18178
  0756  50530 396243   1.98  10.00  22.83   8.04   6.12    86  47.07  32.12  18169
  0756  50527 396243   3.00  10.00  22.87   8.05   6.15    87  47.19  32.18  18205
  0757  50526 396245   4.09  10.00  22.91   8.07   6.16    87  47.23  32.19  18206
  0757  50528 396254   5.00   9.80  22.96   8.07   6.38    90  47.34  32.23  18233
  0758  50529 396256   6.01   9.90  22.95   8.08   6.38    90  47.32  32.23  18228
  0758  50531 396256   6.99  10.00  22.96   8.07   6.37    90  47.34  32.23  18233
  0758  50536 396254   7.99  10.10  22.96   8.07   6.37    90  47.34  32.23  18233
  0758  50538 396250   9.00  10.00  22.97   8.07   6.39    90  47.38  32.26  18246
 -0804  49753 395936   1.02   6.00  22.83   8.06   6.23    88  46.33  31.56  17843
  0805  49737 395935   1.99   6.00  22.96   8.06   6.21    88  46.77  31.80  17982
  0805  49735 395933   3.06   6.00  22.96   8.04   6.25    88  46.81  31.83  17999
  0805  49733 395935   4.01   6.00  22.99   8.06   6.25    88  46.90  31.88  18026
  0805  49734 395937   5.00   6.00  23.07   8.06   6.24    88  47.21  32.05  18128
 -0843  49214 395868   1.03  11.60  23.07   8.07   6.05    85  46.44  31.47  17790
  0843  49223 395864   2.03  11.60  23.07   8.07   6.06    86  46.39  31.43  17768
  0843  49222 395862   3.04  11.80  23.06   8.07   6.07    86  46.39  31.44  17772
  0843  49220 395862   3.90  11.60  23.07   8.07   6.06    86  46.44  31.47  17790
  0844  49216 395860   4.99  11.60  23.05   8.07   6.04    85  46.55  31.57  17847
  0844  49214 395858   6.06  11.60  23.05   8.07   6.03    85  46.58  31.59  17860
  0844  49209 395860   7.04  11.80  23.05   8.06   6.03    85  46.63  31.63  17882
  0845  49206 395861   8.05  11.60  23.04   8.07   6.05    85  46.63  31.64  17886
  0845  49205 395862   8.98  11.60  23.04   8.06   6.05    86  46.67  31.67  17904
  0845  49203 395864  10.03  11.60  23.04   8.07   6.06    86  46.75  31.73  17939
  0845  49202 395866  10.93  11.60  23.04   8.08   6.08    86  46.71  31.70  17921
 -0854  48060 396601   1.03  16.50  23.16   8.06   6.06    85  45.64  30.80  17403
  0854  48055 396606   1.99  16.50  23.12   8.06   6.07    85  45.54  30.75  17376
  0855  48051 396612   3.05  16.40  23.13   8.06   6.08    86  45.56  30.76  17381
  0855  48047 396623   3.99  28.60  23.38   8.06   6.04    86  46.29  31.14  17596
  0855  48046 396629   4.99  28.80  23.33   8.06   6.06    86  46.33  31.20  17634
  0856  48045 396632   5.96  16.40  23.49   8.05   6.05    86  46.67  31.34  17716
  0856  48045 396636   6.99  16.50  23.47   8.07   6.28    89  46.75  31.42  17759
  0856  48046 396632   8.07  27.90  23.46   8.07   6.27    89  46.79  31.46  17780
  0857  48049 396629   9.03  16.40  23.45   8.07   6.19    88  46.82  31.49  17798
  0858  48055 396612  10.02  16.50  23.44   8.08   6.44    92  46.89  31.55  17832
  0858  48055 396608  11.02  16.50  23.44   8.08   6.44    92  46.91  31.56  17841
  0859  48053 396606  12.00  16.60  23.42   8.08   6.44    92  46.96  31.61  17871
  0859  48055 396606  12.96  27.10  23.42   8.09   6.44    92  46.95  31.60  17867
  0859  48056 396606  14.03  16.60  23.41   8.08   6.43    91  46.98  31.63  17884
  0859  48057 396606  14.97  16.50  23.40   8.08   6.42    91  47.00  31.66  17897
  0901  48049 396617  16.04  16.40  23.36   8.06   5.82    83  47.00  31.69  17914
 -0913  46258 396906   1.05   6.20  23.30   8.05   6.22    88  45.34  30.48  17216
  0914  46241 396901   2.00   6.10  23.29   8.06   6.23    88  45.38  30.52  17237
  0914  46240 396901   2.97   6.20  23.28   8.05   6.20    87  45.41  30.54  17255
  0915  46242 396908   4.02   6.30  23.34   8.04   5.70    81  46.17  31.07  17560
  0915  46243 396910   5.01   6.40  23.36   8.05   5.67    80  46.29  31.15  17604
 -0923  45355 396443   0.98  12.60  23.46   8.09   6.54    92  45.35  30.38  17156
  0923  45344 396432   2.06  23.00  23.47   8.09   6.53    92  45.35  30.37  17152
  0923  45339 396431   3.00  25.50  23.47   8.09   6.53    92  45.36  30.38  17156
  0923  45335 396427   4.01  27.40  23.49   8.09   6.51    92  45.42  30.41  17174
  0924  45334 396427   4.98   0.00  23.51   8.09   6.45    91  45.53  30.48  17214
  0925  45340 396444   5.98  26.40  23.51   8.04   5.77    82  45.90  30.75  17374
  0926  45347 396438   7.05  12.40  23.51   8.03   5.60    80  46.21  30.99  17508
  0926  45349 396432   8.00  12.30  23.47   8.01   5.41    77  46.41  31.16  17611
  0927  45349 396431   8.91  12.20  23.47   8.03   5.40    77  46.42  31.17  17616
  0927  45349 396432  10.02  12.40  23.47   8.02   5.38    76  46.44  31.19  17624
  0928  45351 396434  11.01  12.50  23.47   8.02   5.38    76  46.45  31.19  17629
  0928  45353 396434  12.01  12.60  23.47   8.03   5.38    76  46.47  31.21  17637
 -0934  44417 396358   1.08   8.00  23.47   8.07   6.31    89  45.30  30.33  17131
  0934  44406 396360   2.06   8.20  23.46   8.07   6.32    89  45.29  30.33  17130
  0934  44402 396362   2.98   8.20  23.56   8.06   6.26    89  45.69  30.56  17263
  0935  44400 396370   4.07   8.00  23.56   8.04   6.02    85  45.75  30.61  17289
  0936  44400 396368   5.01   8.20  23.55   8.04   5.90    84  45.90  30.73  17358
  0936  44397 396360   6.05   8.60  23.62   8.03   5.64    80  46.27  30.95  17489
  0937  44396 396355   7.01   8.60  23.60   8.04   5.66    80  46.39  31.06  17549
 -0949  42829 397333   1.01  11.10  23.56   8.05   5.96    84  44.95  30.01  16944
  0949  42814 397334   2.01  13.30  23.56   8.04   5.96    84  44.95  30.01  16944
  0950  42811 397332   3.03  14.70  23.56   8.03   5.96    84  44.97  30.02  16953
  0950  42811 397332   4.01  22.80  23.56   8.03   5.96    84  44.95  30.01  16944
  0950  42809 397332   5.05  29.40  23.56   8.04   5.96    84  44.95  30.01  16944
  0950  42808 397330   5.97  25.30  23.56   8.03   5.96    84  44.97  30.02  16953
  0952  42821 397339   6.97  10.10  23.53   8.01   5.15    73  45.16  30.19  17046
  0953  42831 397326   8.00  16.60  23.46   8.03   5.34    75  44.99  30.11  17001
  0954  42834 397320   9.08  16.50  23.15   8.01   5.25    74  44.94  30.28  17103
  0954  42834 397317  10.09  16.80  23.02   7.99   5.18    73  44.91  30.35  17142
  0955  42823 397309  11.01  16.60  23.57   7.99   4.86    69  45.77  30.61  17293
  0956  42817 397310  12.04  16.40  23.82   7.99   4.94    70  46.24  30.79  17395
  0956  42815 397312  13.00  16.30  23.81   8.01   4.96    71  46.23  30.79  17395
  0956  42817 397313  14.02  16.30  23.71   8.00   4.97    71  46.10  30.76  17379
  0957  42820 397315  14.97  16.10  23.76   8.00   4.95    70  46.26  30.85  17428
  0957  42824 397317  16.06  15.60  23.78   8.00   4.94    70  46.29  30.86  17433
 -1006  41823 397224   1.06   9.10  23.60   8.02   5.87    83  45.01  30.03  16954
  1006  41820 397217   2.06   9.20  23.60   8.02   5.87    83  45.01  30.03  16954
  1006  41819 397213   3.00   9.20  23.60   8.02   5.85    83  45.01  30.03  16954
  1007  41816 397211   4.03   9.10  23.60   8.02   5.85    83  45.01  30.03  16954
  1007  41813 397210   5.00   9.10  23.66   8.02   5.82    82  45.12  30.07  16978
  1007  41805 397204   6.03   9.20  23.71   8.02   5.61    80  45.25  30.13  17014
  1008  41801 397204   6.99   9.20  23.67   8.01   5.63    80  45.29  30.19  17047
  1008  41801 397206   8.01   9.20  23.36   8.00   5.29    74  44.84  30.06  16976
 -1022  40150 395984   1.00  23.90  23.68   8.02   5.92    84  45.08  30.02  16952
  1022  40136 395988   2.05  24.10  23.67   8.02   5.91    84  45.07  30.02  16952
  1022  40128 395996   3.05  24.00  23.65   8.00   5.90    83  45.06  30.03  16956
  1023  40127 395996   4.03  24.00  23.64   8.01   5.89    83  45.05  30.03  16955
  1023  40128 395996   5.02  23.80  23.65   8.02   5.88    83  45.04  30.02  16947
  1023  40132 395994   6.04  24.00  23.39   8.01   5.89    83  44.75  29.97  16925
  1024  40147 395992   7.00  24.00  23.32   7.99   5.43    76  44.82  30.07  16983
  1025  40149 395991   8.03  23.90  23.33   7.99   5.43    76  44.81  30.06  16975
  1025  40150 395991   9.02  23.90  23.41   7.99   5.37    76  44.92  30.09  16990
  1026  40141 395994  10.05  24.00  23.89   7.99   5.02    72  45.77  30.39  17165
  1026  40140 395994  11.02  24.00  23.97   7.98   5.00    71  46.00  30.51  17232
  1028  40156 396004  12.03  23.80  23.43   7.88   2.51    36  45.96  30.85  17432
  1029  40155 396004  13.03  23.70  23.14   7.85   1.95    27  45.70  30.86  17438
  1030  40152 396003  14.04  23.90  22.97   7.84   1.97    28  45.55  30.87  17442
  1030  40141 396001  15.01  24.00  22.87   7.82   1.61    23  45.46  30.87  17443
  1031  40140 396001  16.04  24.00  22.79   7.81   1.59    22  45.39  30.87  17445
  1031  40142 395997  17.00  24.00  22.60   7.81   1.33    18  45.24  30.89  17458
  1033  40145 395999  18.03  23.90  22.55   7.78   0.83    12  45.12  30.83  17425
  1034  40153 395995  19.06  23.90  22.50   7.77   0.65     9  45.05  30.82  17415
  1034  40153 395997  20.00  23.90  22.48   7.76   0.65     9  45.04  30.82  17419
  1035  40146 395999  21.08  23.90  22.44   7.76   0.50     7  45.00  30.82  17418
  1035  40141 396005  21.98  23.90  22.43   7.75   0.43     6  44.99  30.82  17417
  1035  40141 396005  23.01  23.90  22.42   7.75   0.42     6  45.00  30.83  17426
 -1053  38320 393980   0.93   7.60  23.61   8.01   5.85    83  45.13  30.11  17002
  1053  38308 393988   2.01   8.00  23.61   8.01   5.86    83  45.14  30.12  17006
  1053  38304 393995   3.05   8.20  23.62   8.01   5.85    83  45.15  30.12  17006
  1053  38306 393999   4.09   8.30  23.63   8.01   5.83    82  45.16  30.12  17007
  1054  38311 394003   5.05   8.30  23.65   8.00   5.56    79  45.23  30.16  17029
  1055  38328 394002   6.06   7.80  23.79   7.95   3.86    55  45.61  30.34  17136
 -1102  37406 393844   1.09  19.60  23.69   7.99   5.84    82  45.12  30.05  16966
  1102  37391 393846   2.06  19.60  23.70   7.98   5.83    82  45.14  30.06  16970
  1102  37387 393844   3.00  19.00  23.70   8.00   5.70    81  45.15  30.06  16975
  1103  37387 393846   4.02  19.20  23.71   8.00   5.71    81  45.17  30.07  16979
  1104  37396 393851   5.03  19.80  23.95   7.92   3.53    50  46.35  30.78  17390
  1105  37399 393853   6.05  19.80  23.94   7.92   3.54    50  46.16  30.65  17312
  1106  37396 393857   7.06  19.80  23.93   7.89   2.99    43  46.41  30.84  17424
  1107  37395 393861   8.00  19.80  23.29   7.86   2.50    35  45.79  30.82  17416
  1108  37400 393857   9.05  19.70  22.89   7.82   1.81    25  45.23  30.68  17334
  1110  37399 393860  10.03  19.50  22.40   7.78   1.38    19  44.69  30.61  17297
  1111  37403 393860  11.02  19.40  21.13   7.73   0.71    10  43.15  30.31  17131
  1112  37398 393851  12.08  19.70  19.80   7.70   0.33     4  41.76  30.16  17046
  1113  37396 393851  13.04  19.70  19.42   7.69   0.32     4  41.30  30.06  16990
  1113  37395 393853  14.06  19.80  17.05   7.73   0.34     4  38.84  29.74  16815
  1113  37395 393853  14.97  19.80  16.66   7.73   0.34     4  38.41  29.66  16770
  1113  37394 393853  16.02  19.80  16.52   7.71   0.36     4  38.28  29.65  16766
  1114  37394 393853  17.02  19.80  16.45   7.72   0.38     5  38.18  29.62  16747
  1114  37396 393855  18.07  19.80  16.38   7.72   0.39     5  38.10  29.60  16737
  1114  37399 393855  18.91  19.70  16.21   7.72   0.33     4  37.95  29.59  16735
 -1131  36720 395952   1.02  10.00  23.18   8.00   6.65    93  44.11  29.64  16731
  1131  36718 395957   2.03   9.80  23.18   8.02   6.64    93  44.10  29.63  16727
  1131  36715 395958   3.03   9.70  23.18   8.01   6.67    93  44.11  29.64  16731
  1132  36715 395956   4.08   9.70  23.18   8.01   6.65    93  44.11  29.64  16731
  1133  36713 395950   5.03   9.90  23.49   7.97   4.75    67  44.85  29.98  16929
  1134  36701 395937   6.00   9.40  23.79   7.88   2.93    42  46.11  30.72  17351
  1135  36708 395932   7.03   9.70  23.67   7.86   2.62    37  46.04  30.75  17370
  1135  36711 395932   8.04   9.80  23.49   7.86   2.64    37  45.93  30.79  17395
  1137  36711 395937   9.05   9.80  22.73   7.82   2.07    29  45.02  30.63  17308
 -1146  36151 396895   0.97   8.10  23.00   8.00   6.36    89  43.86  29.57  16693
  1147  36144 396884   2.05   7.60  23.00   8.00   6.35    88  43.87  29.58  16698
  1147  36142 396876   3.03   7.20  23.05   7.98   5.98    83  43.92  29.58  16700
  1148  36148 396872   4.06   7.40  23.06   7.98   6.12    85  44.06  29.68  16756
  1149  36145 396874   5.02   7.40  23.15   7.96   5.22    73  44.34  29.83  16842
  1150  36139 396871   6.09   7.20  23.23   7.95   4.74    66  44.56  29.94  16906
 -1157  35459 397430   0.97  14.80  23.02   7.95   5.38    75  44.01  29.67  16750
  1159  35448 397423   2.07  14.20  23.00   7.93   4.94    69  44.00  29.68  16754
  1159  35450 397421   3.01  13.50  23.00   7.92   4.96    69  44.03  29.70  16767
  1200  35447 397414   4.07  11.70  23.03   7.93   5.13    72  44.09  29.72  16781
  1201  35450 397408   4.99  11.20  23.13   7.86   2.92    41  44.55  30.00  16941
  1203  35443 397418   6.08  13.80  23.19   7.83   2.18    31  45.27  30.50  17230
  1203  35441 397421   6.98  14.60  22.99   7.82   2.19    31  45.05  30.47  17215
  1204  35440 397429   8.05  16.40  23.01   7.80   1.62    23  45.13  30.52  17242
  1205  35447 397438   9.01  16.00  22.38   7.77   1.14    16  44.44  30.43  17195
  1205  35446 397438  10.05  16.00  21.70   7.77   1.13    16  43.83  30.44  17202
  1206  35440 397434  11.06  16.30  21.66   7.75   0.49     7  43.66  30.34  17142
  1207  35442 397436  12.03  16.10  18.73   7.78   0.45     6  40.71  30.07  17003
  1207  35445 397432  13.09  16.30  17.28   7.78   0.46     6  39.09  29.78  16839
  1207  35450 397432  14.04  16.40  16.71   7.78   0.36     4  38.49  29.69  16788
 -1214  35020 398053   1.03   5.90  22.87   7.93   5.42    75  43.81  29.62  16722
  1215  35007 398049   2.06   6.20  22.87   7.92   5.27    73  43.83  29.63  16731
  1215  35007 398046   3.03   6.30  22.89   7.92   5.26    73  43.90  29.67  16754
  1217  35010 398040   4.01   6.20  22.96   7.85   2.92    41  44.51  30.09  16992
  1218  35000 398040   5.00   6.50  23.27   7.81   1.99    28  45.30  30.47  17211
 -1230  33902 398886   1.00  17.60  21.92   7.88   5.04    69  42.55  29.30  16543
  1231  33888 398885   2.04  17.90  21.93   7.88   5.00    68  42.57  29.31  16548
  1231  33890 398883   3.04  18.60  21.91   7.88   4.96    68  42.54  29.30  16543
  1231  33891 398883   4.03  19.00  21.91   7.89   4.97    68  42.53  29.29  16538
  1232  33891 398881   5.11  19.10  21.82   7.87   4.99    68  42.51  29.34  16565
  1233  33890 398879   6.01  19.10  21.66   7.78   2.16    29  42.52  29.45  16633
  1235  33889 398881   7.01  19.10  21.98   7.75   1.50    20  43.30  29.84  16852
  1235  33891 398881   8.07  20.00  22.04   7.75   1.44    20  43.47  29.93  16903
  1236  33902 398886   8.99  23.30  21.87   7.73   1.13    16  43.24  29.87  16869
  1236  33904 398886  10.01  23.60  21.78   7.73   1.13    15  43.23  29.92  16901
  1236  33904 398886  11.07  23.60  21.54   7.72   1.10    15  42.99  29.90  16891
  1237  33900 398886  11.99  22.60  21.44   7.72   0.99    13  42.80  29.82  16846
  1237  33895 398885  13.03  21.70  21.35   7.71   0.99    13  42.73  29.83  16851
  1238  33890 398888  14.07  20.50  19.67   7.70   0.64     8  40.66  29.36  16588
  1238  33893 398888  14.98  21.20  19.17   7.69   0.62     8  40.10  29.26  16531
  1239  33895 398892  16.05  22.00  18.89   7.68   0.52     7  39.80  29.21  16505
  1239  33895 398892  17.03  21.90  18.88   7.67   0.50     6  39.82  29.24  16519
  1239  33895 398892  18.04  21.70  18.81   7.66   0.47     6  39.80  29.27  16538
  1239  33893 398890  19.04  20.90  18.48   7.67   0.45     6  39.41  29.18  16489
  1240  33887 398885  20.04  17.20  18.53   7.66   0.34     4  39.47  29.20  16497
  1240  33883 398881  20.95  15.50  18.58   7.66   0.32     4  39.53  29.21  16505
 -1252  33124 400224   1.02  12.50  21.72   7.86   4.98    68  42.28  29.23  16502
  1252  33126 400235   2.06  12.60  21.74   7.85   4.94    67  42.27  29.21  16490
  1253  33128 400239   2.95  12.60  21.39   7.85   4.97    67  42.02  29.25  16517
  1253  33137 400237   3.99  13.20  20.03   7.80   3.60    47  40.58  29.05  16406
  1254  33148 400227   5.07  13.50  20.09   7.73   1.57    21  40.67  29.08  16423
  1256  33145 400227   6.01  13.40  19.42   7.70   1.19    16  39.97  28.98  16369
  1257  33136 400238   6.97  13.00  18.56   7.67   0.59     8  39.24  28.99  16375
  1257  33136 400238   8.04  12.90  18.14   7.66   0.58     7  38.74  28.87  16309
  1257  33138 400240   9.05  13.10  17.70   7.65   0.46     6  38.41  28.91  16332
  1258  33140 400242  10.00  13.20  17.63   7.65   0.42     5  38.35  28.90  16332
  1258  33143 400244  11.01  13.30  17.54   7.64   0.41     5  38.26  28.89  16325
  1258  33146 400242  11.99  13.40  17.47   7.64   0.38     5  38.19  28.88  16320
  1258  33149 400244  13.01  13.40  17.48   7.65   0.38     5  38.21  28.89  16326
  1259  33151 400242  14.00  13.60  17.48   7.64   0.38     5  38.21  28.89  16326
 -1303  33206 400546   1.00  18.00  21.85   7.84   5.70    78  42.40  29.23  16504
  1303  33212 400556   1.98  17.90  21.83   7.84   5.68    77  42.38  29.23  16503
  1304  33209 400561   3.04  18.40  21.81   7.84   5.61    76  42.37  29.24  16507
  1306  33199 400552   4.01  19.30  21.10   7.78   3.22    43  41.63  29.15  16457
  1308  33201 400541   5.08  19.10  20.42   7.73   1.81    24  40.99  29.11  16437
  1308  33203 400541   6.04  18.50  18.70   7.71   1.68    22  39.38  29.00  16385
  1310  33196 400537   7.08  19.60  18.35   7.65   0.45     6  38.91  28.86  16304
  1310  33195 400537   8.03  19.60  18.19   7.65   0.45     6  38.71  28.81  16274
  1310  33196 400537   9.07  27.60  18.07   7.64   0.48     6  38.71  28.89  16324
  1311  33198 400537  10.05  19.10  17.67   7.64   0.47     6  38.35  28.88  16315
  1311  33204 400537  11.01  17.60  17.64   7.64   0.38     5  38.33  28.88  16318
  1311  33204 400537  11.98  17.90  17.62   7.63   0.37     5  38.33  28.89  16326
  1312  33201 400539  13.07  18.70  17.48   7.65   0.37     5  38.18  28.87  16311
  1312  33197 400543  14.05  19.40  17.41   7.65   0.36     4  38.09  28.84  16297
  1312  33196 400543  14.98  19.50  17.44   7.63   0.36     4  38.14  28.86  16308
  1312  33196 400547  15.90  19.40  17.47   7.61   0.36     4  38.20  28.89  16325
  1313  33196 400549  17.03  19.30  17.49   7.61   0.35     4  38.21  28.89  16322
