# code CHLPHL    is (nog ? ) niet bekend
# MEETVAARTUIG : M.S. IJSSELMEER
# MEETDATUM    : 19-05-2021 10:15:30
# MEETGEBIED   : VEERSE MEER
# STARTPUNT    : VRPOLDER
# EINDPUNT     : KATS
# PROJECTCODE  : VTS
# OPDRACHTGEVER: ZLXXAXAMDBG
# BEHEERDER    : ZLXXRWMVSGN
# BEMONST. INST:
# WAARNEMER(S) : Lisa
#
* 20210519
$ 9999 [0000000000000]
>TIJD      uumm                    
>X         coordinaat              
>Y         coordinaat              
>SENSHTE   Diepte set        m     
>Temp      Temperatuur       oC    
>GELBH     Geleidendheid     mS/cm 
>%O2       Zuurstof%         %     
>pH        Zuurgraad         dimsls
>CHLPHL    nog niet gedefinieerd   
>SALNTT    Saliniteit        dimsl 
>CL-       Chloride          mg/l  
>O2        Zuurstof          mg/l  
>GEL20     Gel20             ???   
 -1016   33200 400550   0.91  13.81  33.63   109   8.36   2.10  27.52  15543   9.68  3859
  1017   33200 400550   1.90  13.81  33.65   109   8.36   2.10  27.53  15553   9.69  3861
  1017   33200 400550   2.88  13.81  33.65   109   8.36   2.10  27.53  15553   9.68  3862
  1017   33200 400550   3.85  13.80  33.66   109   8.36   2.70  27.55  15562   9.67  3863
  1018   33200 400550   4.88  13.80  33.67   109   8.36   2.50  27.56  15569   9.67  3865
  1019   33200 400550   5.82  13.22  33.29   103   8.34   3.00  27.62  15605   9.27  3872
  1020   33200 400550   6.83  12.23  32.54    95   8.33   3.10  27.67  15635   8.75  3878
  1022   33200 400550   7.80  11.97  32.36    90   8.30   3.50  27.69  15648   8.27  3880
  1022   33200 400550   8.91  12.06  32.51    86   8.27   1.10  27.76  15686   7.86  3889
  1023   33200 400550   9.81  12.32  32.95    86   8.27   1.10  27.98  15816   7.81  3918
  1023   33200 400550  10.89  12.40  33.08    85   8.26   1.20  28.04  15848   7.77  3925
  1024   33200 400550  11.88  12.41  33.11    85   8.26   1.10  28.06  15862   7.73  3928
  1024   33200 400550  12.82  12.41  33.11    85   8.26   1.00  28.06  15861   7.72  3927
  1024   33200 400550  13.83  12.42  33.13    85   8.26   1.10  28.07  15866   7.73  3929
  1025   33200 400550  14.87  12.52  33.31    84   8.25   1.50  28.16  15919   7.66  3940
  1025   33200 400550  15.76  12.49  33.32    82   8.24   1.30  28.20  15940   7.47  3945
 -1034   33140 400240   1.03  13.60  33.50   107   8.37   2.80  27.53  15554   9.53  3862
  1035   33140 400240   1.96  13.84  33.68   109   8.38   2.60  27.53  15554   9.66  3862
  1035   33140 400240   2.91  13.88  33.73   110   8.38   2.40  27.55  15562   9.71  3864
  1035   33140 400240   3.98  13.89  33.74   110   8.38   2.30  27.56  15569   9.71  3865
  1036   33140 400240   4.94  13.63  33.57   107   8.37   3.30  27.59  15588   9.56  3869
  1037   33140 400240   5.83  13.04  33.17   104   8.36   4.50  27.65  15622   9.34  3876
  1038   33140 400240   6.89  12.25  32.57    97   8.34   3.80  27.68  15644   8.87  3880
  1039   33140 400240   7.89  11.92  32.34    89   8.31   1.90  27.70  15656   8.23  3882
  1040   33140 400240   8.85  11.80  32.26    86   8.30   2.30  27.72  15665   7.91  3884
  1040   33140 400240   9.84  11.93  32.38    85   8.29   1.20  27.73  15670   7.83  3885
  1041   33140 400240  10.89  12.42  32.99    86   8.28   1.00  27.93  15789   7.84  3912
  1042   33140 400240  11.86  12.66  33.44    88   8.28   1.60  28.18  15930   7.97  3943
 -1054   33887 398893   1.11  13.85  33.73   103   8.35   2.20  27.58  15581   9.13  3868
  1054   33887 398893   2.01  13.83  33.76   103   8.36   2.00  27.63  15615   9.16  3875
  1055   33887 398893   2.94  13.75  33.74   104   8.36   2.10  27.67  15634   9.23  3879
  1057   33887 398893   3.81  13.05  33.26    98   8.36   2.50  27.72  15663   8.86  3885
  1057   33887 398893   4.99  13.17  33.30   100   8.36   2.90  27.66  15621   8.99  3876
  1058   33887 398893   5.98  13.12  33.31    99   8.36   2.60  27.74  15683   8.89  3889
  1059   33887 398893   7.04  12.06  32.48    91   8.33   2.00  27.74  15679   8.39  3887
  1059   33887 398893   7.95  12.10  32.50    89   8.33   2.40  27.69  15651   8.18  3881
  1100   33887 398893   8.96  12.44  32.76    93   8.34   2.30  27.71  15662   8.49  3884
  1101   33887 398893   9.89  12.54  33.04    88   8.31   1.50  27.89  15767   8.04  3907
  1101   33887 398893  10.86  12.54  33.15    89   8.31   1.90  28.00  15825   8.05  3920
  1102   33887 398893  11.82  12.62  33.24    89   8.31   1.70  28.03  15845   8.06  3924
  1102   33887 398893  12.84  12.70  33.33    89   8.31   2.00  28.05  15852   8.06  3926
  1103   33887 398893  13.91  12.90  33.63    91   8.30   2.60  28.18  15932   8.17  3944
  1103   33887 398893  14.97  12.85  33.66    90   8.30   2.20  28.25  15972   8.12  3952
  1104   33887 398893  15.95  12.83  33.69    89   8.29   3.20  28.29  15991   7.98  3956
  1104   33887 398893  17.03  12.85  33.71    88   8.29   2.50  28.29  15993   7.96  3957
  1104   33887 398893  18.11  12.81  33.70    88   8.29   2.50  28.31  16006   7.97  3960
  1105   33887 398893  19.01  12.77  33.68    88   8.29   2.10  28.32  16012   7.94  3961
  1105   33887 398893  20.00  12.64  33.57    86   8.28   1.60  28.32  16009   7.80  3960
 -1117   35010 398040   0.85  14.32  34.08   111   8.40   2.20  27.56  15566   9.71  3865
  1118   35010 398040   1.96  14.34  34.10   111   8.40   2.00  27.57  15573   9.72  3867
  1118   35010 398040   2.87  14.33  34.11   111   8.41   2.20  27.57  15574   9.74  3867
  1119   35010 398040   3.81  13.91  34.02   106   8.38   2.70  27.80  15711   9.34  3896
 -1126   35445 397423   0.98  14.35  34.10   111   8.40   2.20  27.56  15568   9.73  3865
  1126   35445 397423   1.87  14.31  34.11   111   8.40   2.70  27.59  15585   9.72  3869
  1126   35445 397423   2.94  14.31  34.10   110   8.40   2.70  27.59  15581   9.69  3868
  1127   35445 397423   3.82  14.15  34.11   109   8.38   3.00  27.72  15668   9.64  3887
  1128   35445 397423   4.90  13.56  33.85    99   8.36   2.50  27.90  15767   8.82  3908
  1129   35445 397423   5.93  13.32  34.22    95   8.31   2.30  28.41  16059   8.44  3972
  1130   35445 397423   6.96  12.77  34.05    87   8.27   4.00  28.67  16216   7.82  4005
  1131   35445 397423   7.85  12.61  33.99    84   8.26   1.80  28.74  16255   7.56  4014
  1131   35445 397423   8.82  12.56  33.97    83   8.26   1.50  28.74  16255   7.48  4014
  1132   35445 397423   9.83  12.37  33.84    81   8.25   1.70  28.77  16272   7.32  4017
 -1140   36140 396880   0.85  14.15  33.64   107   8.39   3.50  27.32  15411   9.46  3831
  1141   36140 396880   2.00  14.17  33.68   107   8.39   3.90  27.31  15428   9.46  3834
  1141   36140 396880   2.92  14.21  33.92   108   8.39   2.90  27.46  15525   9.51  3856
  1141   36140 396880   3.79  14.34  34.01   109   8.39   2.50  27.50  15527   9.54  3856
  1142   36140 396880   4.89  14.12  34.07   108   8.38   2.90  27.70  15649   9.51  3883
  1143   36140 396880   5.82  13.38  34.32    92   8.29   3.80  28.45  16084   8.17  3977
 -1205   36700 395940   1.15  14.46  34.11   115   8.42   1.50  27.48  15521  10.03  3855
  1205   36700 395940   1.85  14.43  34.08   115   8.42   1.90  27.48  15522  10.03  3855
  1206   36700 395940   2.98  14.38  34.05   115   8.42   2.90  27.49  15527  10.07  3856
  1206   36700 395940   3.99  14.37  34.05   115   8.42   3.20  27.49  15530  10.06  3857
  1207   36700 395940   5.00  13.47  34.52    91   8.28   4.10  28.59  16168   8.09  3996
  1208   36700 395940   5.87  13.14  34.47    84   8.26   3.10  28.78  16273   7.47  4018
 -1222   37397 393849   1.03  14.71  34.35   113   8.40   1.90  27.53  15546   9.81  3861
  1222   37397 393849   2.02  14.60  34.30   113   8.40   2.40  27.56  15566   9.84  3865
  1223   37397 393849   2.86  14.50  34.31   112   8.39   2.70  27.64  15611   9.76  3875
  1223   37397 393849   3.86  14.39  34.31   110   8.38   2.80  27.71  15656   9.66  3885
  1225   37397 393849   4.85  13.65  34.95    91   8.28   3.10  28.84  16304   8.00  4026
  1225   37397 393849   5.83  13.69  34.94    92   8.29   2.60  28.80  16288   8.16  4022
  1226   37397 393849   6.83  13.42  35.04    86   8.26   1.80  29.09  16454   7.66  4058
  1227   37397 393849   7.80  13.39  35.03    86   8.25   1.80  29.11  16463   7.62  4060
  1228   37397 393849   8.84  13.01  34.72    80   8.24   1.60  29.11  16466   7.15  4060
  1228   37397 393849   9.90  12.98  34.70    80   8.23   1.30  29.12  16472   7.12  4061
  1228   37397 393849  11.06  12.89  34.65    79   8.23   1.20  29.14  16484   7.08  4064
  1229   37397 393849  12.11  12.48  34.34    78   8.24   0.70  29.16  16497   7.04  4066
  1229   37397 393849  13.10  12.17  34.03    75   8.23   0.90  29.11  16470   6.84  4060
  1230   37397 393849  14.17  10.78  32.84    71   8.21   0.50  29.06  16444   6.61  4053
  1231   37397 393849  15.13  10.53  32.64    66   8.18   0.30  29.06  16444   6.22  4053
  1231   37397 393849  16.12  10.49  32.61    65   8.18   0.30  29.06  16446   6.16  4053
  1232   37397 393849  17.01  10.43  32.56    64   8.17   0.30  29.06  16443   6.04  4052
 -1241   38320 394000   1.03  14.64  34.31   107   8.37   0.80  27.54  15554   9.30  3863
  1242   38320 394000   2.16  14.62  34.30   107   8.37   1.00  27.54  15557   9.30  3863
  1242   38320 394000   2.94  14.58  34.27   107   8.37   1.30  27.55  15559   9.32  3864
  1243   38320 394000   4.06  14.53  34.24   108   8.38   2.10  27.55  15564   9.48  3865
  1243   38320 394000   5.02  14.41  34.39   104   8.36   3.00  27.77  15687   9.10  3892
  1244   38320 394000   5.86  13.42  34.93    86   8.25   1.50  29.00  16400   7.58  4046
 -1335   40132 396019   0.94  14.80  34.50   109   8.39   1.50  27.60  15587   9.50  3870
  1336   40132 396019   1.92  14.77  34.48   109   8.39   1.60  27.60  15586   9.51  3870
  1336   40132 396019   2.87  14.73  34.45   109   8.39   1.60  27.60  15592   9.51  3871
  1337   40132 396019   3.87  14.62  34.44   110   8.40   1.80  27.67  15629   9.59  3879
  1338   40132 396019   4.90  14.48  34.60   107   8.38   2.30  27.91  15766   9.30  3909
  1338   40132 396019   5.85  13.74  35.04    93   8.30   1.50  28.85  16312   8.15  4028
  1339   40132 396019   6.81  13.61  35.12    91   8.29   1.40  29.02  16414   8.07  4050
  1340   40132 396019   7.83  13.53  35.13    90   8.28   1.60  29.09  16455   7.96  4058
  1340   40132 396019   8.81  13.44  35.14    89   8.28   1.20  29.17  16499   7.87  4068
  1342   40132 396019   9.84  13.15  35.04    80   8.24   1.10  29.30  16573   7.14  4084
  1343   40132 396019  10.90  13.12  35.02    79   8.23   0.80  29.31  16580   7.03  4085
  1344   40132 396019  11.96  13.05  34.98    76   8.22   0.90  29.33  16591   6.77  4087
  1344   40132 396019  12.92  13.01  34.96    76   8.22   1.10  29.34  16597   6.74  4089
  1344   40132 396019  13.86  12.96  34.93    74   8.22   0.70  29.34  16601   6.64  4089
  1345   40132 396019  14.89  12.94  34.92    74   8.21   0.80  29.35  16602   6.57  4090
  1345   40132 396019  15.82  12.94  34.91    74   8.21   0.50  29.35  16603   6.57  4090
  1346   40132 396019  16.86  12.90  34.88    72   8.21   0.50  29.35  16605   6.45  4090
 -1405   41810 397220   0.99  14.93  34.69   111   8.39   1.60  27.67  15626   9.61  3879
  1405   41810 397220   2.02  14.84  34.62   111   8.39   2.20  27.67  15629   9.59  3879
  1406   41810 397220   2.95  14.71  34.52   110   8.39   2.20  27.67  15632   9.56  3880
  1406   41810 397220   3.90  14.68  34.51   109   8.38   2.40  27.69  15640   9.52  3882
  1406   41810 397220   4.94  14.65  34.51   109   8.38   2.30  27.71  15651   9.48  3884
  1408   41810 397220   5.92  13.77  35.19    96   8.30   4.10  28.97  16380   8.49  4042
  1408   41810 397220   7.05  13.73  35.19    96   8.31   1.40  29.00  16402   8.44  4047
 -1418   42820 397321   1.03  14.97  34.70   111   8.38   1.80  27.65  15616   9.59  3877
  1418   42820 397321   2.12  14.89  34.65   110   8.38   1.50  27.66  15622   9.56  3878
  1419   42820 397321   3.01  14.78  34.58   109   8.38   2.10  27.68  15633   9.46  3880
  1419   42820 397321   4.10  14.64  34.54   108   8.38   2.70  27.74  15667   9.43  3888
  1420   42820 397321   5.02  14.54  34.85   109   8.37   3.60  28.09  15869   9.52  3932
  1421   42820 397321   5.94  14.45  34.94   107   8.37   4.10  28.24  15960   9.29  3951
  1421   42820 397321   6.94  13.94  35.27   100   8.33   2.00  28.91  16335   8.75  4033
  1422   42820 397321   7.87  13.72  35.33    97   8.32   1.80  29.13  16472   8.56  4062
  1423   42820 397321   8.91  13.62  35.33    96   8.31   2.30  29.20  16517   8.44  4072
  1423   42820 397321   9.92  13.60  35.32    96   8.31   1.60  29.22  16527   8.42  4074
  1424   42820 397321  10.88  13.55  35.30    94   8.30   1.50  29.24  16538   8.26  4076
  1424   42820 397321  11.96  13.53  35.30    93   8.30   1.70  29.24  16542   8.23  4077
  1425   42820 397321  12.86  13.45  35.26    91   8.28   1.40  29.27  16558   8.01  4081
  1425   42820 397321  14.08  13.37  35.22    88   8.27   1.30  29.30  16575   7.79  4084
 -1438   44400 396350   0.96  15.56  35.15   113   8.37   1.40  27.62  15599   9.65  3874
  1438   44400 396350   2.01  15.73  35.26   110   8.36   0.90  27.60  15589   9.36  3872
  1439   44400 396350   2.92  15.27  34.96   113   8.38   1.50  27.66  15623   9.70  3879
  1440   44400 396350   3.96  15.01  34.78   113   8.39   2.10  27.70  15643   9.81  3883
  1440   44400 396350   4.90  14.89  34.72   112   8.39   2.40  27.73  15663   9.73  3887
  1441   44400 396350   6.06  14.09  35.27   107   8.35   2.90  28.79  16284   9.40  4022
 -1449   45379 396431   1.09  14.38  35.29   107   8.35   2.50  28.62  16203   9.37  4004
  1450   45379 396431   2.09  14.76  35.07   107   8.37   2.30  28.13  15876   9.24  3933
  1450   45379 396431   3.27  14.88  34.94   108   8.37   2.70  27.92  15765   9.34  3909
  1451   45379 396431   3.96  14.15  35.37   103   8.35   2.10  28.85  16305   9.03  4026
  1452   45379 396431   5.03  13.73  35.47    97   8.31   2.30  29.25  16545   8.54  4078
  1452   45379 396431   6.01  13.58  35.50    97   8.31   1.60  29.39  16625   8.54  4095
  1453   45379 396431   6.97  13.52  35.47    96   8.31   1.50  29.42  16641   8.49  4099
  1453   45379 396431   8.04  13.44  35.45    96   8.31   1.80  29.45  16663   8.49  4103
  1454   45379 396431   8.99  13.37  35.42    96   8.30   1.60  29.48  16676   8.46  4106
 -1504   46250 396900   1.09  15.03  34.83   110   8.37   1.00  27.73  15662   9.55  3887
  1504   46250 396900   1.98  15.03  34.83   110   8.37   1.50  27.72  15657   9.52  3886
  1504   46250 396900   3.12  14.97  34.80   110   8.37   1.90  27.73  15666   9.49  3888
  1505   46250 396900   3.97  14.23  35.45   110   8.37   2.10  28.86  16324   9.57  4031
 -1518   48050 396610   1.02  15.10  35.00   119   8.42   1.30  27.82  15712  10.29  3898
  1518   48050 396610   2.10  14.99  34.94   119   8.42   1.90  27.85  15730  10.25  3902
  1519   48050 396610   3.05  14.46  35.17   114   8.40   3.40  28.43  16070   9.96  3976
  1520   48050 396610   4.12  14.13  35.37   111   8.38   2.40  28.86  16317   9.67  4029
  1521   48050 396610   4.94  13.66  35.63   105   8.35   1.80  29.44  16657   9.26  4102
  1522   48050 396610   5.99  13.50  35.64   103   8.34   2.20  29.59  16745   9.10  4121
  1522   48050 396610   7.05  13.52  35.71   102   8.33   2.70  29.63  16765   8.98  4126
  1522   48050 396610   8.08  13.49  35.69   101   8.32   1.90  29.64  16769   8.92  4127
  1523   48050 396610   8.97  13.44  35.66   101   8.32   2.00  29.65  16777   8.87  4128
  1524   48050 396610  10.11  13.24  35.55    97   8.30   2.00  29.71  16811   8.55  4135
  1524   48050 396610  11.23  13.16  35.50    95   8.30   1.50  29.71  16815   8.39  4136
  1525   48050 396610  12.09  13.07  35.43    90   8.28   2.20  29.72  16821   8.04  4137
  1526   48050 396610  12.96  12.92  35.35    83   8.24   2.30  29.77  16846   7.39  4143
 -1537   49200 395850   1.11  14.96  35.08   118   8.43   1.20  27.99  15814  10.19  3920
  1537   49200 395850   2.06  14.90  35.04   117   8.43   1.50  28.01  15822  10.14  3922
  1537   49200 395850   3.05  14.89  35.07   118   8.44   1.80  28.03  15836  10.19  3925
  1538   49200 395850   4.06  14.69  35.02   117   8.43   2.90  28.13  15899  10.18  3938
  1538   49200 395850   5.12  14.51  35.09   116   8.42   3.20  28.33  16009  10.13  3962
  1539   49200 395850   6.00  13.74  35.59   105   8.35   2.30  29.35  16603   9.26  4091
  1539   49200 395850   7.07  13.49  35.60   104   8.34   1.60  29.56  16722   9.16  4116
