# MEETVAARTUIG : M.S. ARGUS
# MEETDATUM    : 23-09-2008 08:22:43
# MEETGEBIED   : VEERSE MEER
# STARTPUNT    : Veersegat Dam
# EINDPUNT     : Zandkreek
# PROJECTCODE  : E7301X
# OPDRACHTGEVER: ZLXXAXAMDBG
# BEHEERDER    : ZLXXAXAMDBG
# BEMONST. INST:
# WAARNEMER(S) : G.J.Bakker
#
* 20080923
$ 9999 [000000000000]
>TIJD      uumm                    
>X         coordinaat              
>Y         coordinaat              
>SENSHTE   Diepte set        m     
>ECHOS     Echoset           mtrs  
>Temp      Temperatuur       oC       : 11.  1.0  11 1.0
>pH        Zuurgraad         dimsls
>O2        Zuurstof          mg/l  
>%O2       Zuurstof%         %     
>GELBH     Geleidendheid     mS/cm 
>SALNTT    Saliniteit        dimsl 
>CL-       Chloride          mg/l     :12000.  500.  13 500
 -0822  33197 400566   1.04  33.98  16.22   8.21   9.79   118  36.69  28.46  16102
  0823  33196 400569   1.99  51.25  16.22   8.20   9.78   118  36.73  28.53  16121
  0823  33195 400571   3.00  51.25  16.22   8.20   9.77   118  36.73  28.53  16121
  0823  33194 400572   4.01  10.04  16.22   8.20   9.75   117  36.73  28.53  16122
  0823  33192 400573   4.99   8.15  16.22   8.20   9.77   117  36.36  28.23  15937
  0824  33190 400579   6.00   9.53  16.22   8.20   9.73   117  36.74  28.54  16126
  0824  33193 400578   7.03   9.50  16.19   8.20   9.69   117  36.70  28.53  16119
  0825  33206 400574   8.02   9.30  16.21   8.13   9.27   112  36.75  28.56  16139
  0825  33204 400565   9.10   8.25  16.30   8.00   7.80    94  36.90  28.62  16172
  0826  33199 400544  10.04   7.20  16.34   7.92   6.53    79  36.96  28.65  16188
  0827  33206 400540  11.00   4.87  16.33   7.92   6.39    77  36.65  28.46  16039
  0827  33213 400542  12.06   3.25  16.33   7.92   6.50    78  36.97  28.67  16198
  0830  33203 400548  13.06   4.13  16.71   7.59   3.49    42  37.55  28.88  16324
  0830  33201 400548  14.04   3.40  16.71   7.58   3.49    42  37.57  28.90  16331
  0831  33197 400552  15.01   2.75  16.76   7.58   3.33    41  37.63  28.92  16342
  0831  33198 400554  16.08  28.24  16.83   7.56   3.28    40  37.74  28.96  16369
  0832  33205 400558  16.97   0.43  16.91   7.49   2.32    28  37.92  29.06  16422
 -0835  33149 400247   0.90  51.25  16.26   8.20   9.57   115  36.77  28.54  16125
  0836  33148 400230   2.01  51.25  16.26   8.20   9.66   116  36.77  28.54  16125
  0836  33150 400218   2.99   0.40  16.27   8.19   9.71   117  36.10  27.95  15788
  0836  33153 400222   3.99  22.25  16.26   8.19   9.67   116  36.77  28.54  16125
  0836  33157 400232   5.10   0.60  16.26   8.19   9.68   117  36.77  28.54  16125
  0837  33158 400239   6.02   8.10  16.26   8.18   9.68   117  36.77  28.54  16125
  0837  33152 400240   7.00   7.05  16.24   8.15   9.38   113  36.77  28.55  16133
  0838  33150 400238   8.01   5.90  16.24   8.13   9.00   108  36.78  28.56  16138
  0838  33149 400239   8.99   4.85  16.23   8.12   9.04   108  36.05  27.94  15780
  0840  33138 400242  10.08   2.80  16.33   7.83   6.74    81  36.97  28.66  16195
  0840  33134 400242  11.03   1.70  16.35   7.84   6.73    81  36.95  28.63  16177
  0840  33132 400242  11.95   0.55  16.41   7.74   6.71    81  37.10  28.71  16226
 -0850  33880 398896   0.95  20.90  16.29   8.15   9.62   116  36.79  28.53  16122
  0850  33886 398898   1.98  20.35  16.29   8.14   9.61   116  36.80  28.54  16127
  0851  33887 398894   3.09  19.55  16.30   8.14   9.57   115  36.80  28.54  16123
  0851  33888 398893   4.06  18.60  16.30   8.12   9.51   115  36.80  28.54  16123
  0852  33892 398894   4.98  17.70  16.30   8.10   9.27   112  36.80  28.54  16123
  0852  33893 398890   6.02  16.65  16.30   8.07   8.99   108  36.81  28.54  16128
  0853  33892 398888   7.03  15.60  16.29   8.07   8.98   108  36.09  27.93  15775
  0853  33890 398888   7.93  14.75  16.28   8.08   8.92   107  36.80  28.55  16132
  0855  33887 398894   8.99  13.85  16.29   7.93   7.16    86  36.86  28.59  16157
  0855  33885 398893  10.02  12.85  16.29   7.92   7.16    86  36.88  28.61  16167
  0855  33886 398896  10.96  12.05  16.32   7.89   7.14    86  36.91  28.62  16170
  0856  33887 398899  11.98  11.05  16.33   7.89   6.61    80  36.93  28.63  16175
  0856  33888 398899  13.04  10.05  16.34   7.88   6.48    78  36.95  28.64  16181
  0857  33887 398899  14.04   9.10  16.35   7.88   6.40    77  36.96  28.64  16182
  0859  33890 398894  15.03   8.15  16.59   7.64   3.75    45  36.70  28.24  15954
  0859  33890 398893  15.98   7.25  16.68   7.63   3.71    45  37.50  28.86  16311
  0900  33893 398894  17.02   6.10  16.77   7.52   3.22    39  37.65  28.93  16348
  0900  33894 398895  17.95   5.10  16.82   7.49   3.21    39  37.74  28.97  16371
  0900  33894 398894  19.00   3.95  16.97   7.47   3.21    39  37.23  28.43  16059
  0901  33894 398891  20.05   3.30  17.20   7.42   1.75    21  37.64  28.61  16164
  0901  33894 398891  21.00   2.25  17.20   7.41   1.70    21  38.34  29.20  16506
  0902  33894 398891  21.98   1.25  17.19   7.40   1.64    20  38.35  29.22  16515
 -0910  35005 398048   1.03   4.30  16.34   8.20  10.50   126  36.79  28.50  16102
  0910  35008 398048   1.99   3.40  16.33   8.19  10.46   126  36.80  28.51  16111
  0910  35007 398047   3.04   2.45  16.33   8.19  10.47   126  36.80  28.51  16111
  0910  35006 398045   3.99   1.60  16.32   8.14  10.47   126  36.85  28.56  16140
  0911  35007 398042   4.99   0.50  16.39   8.00   5.32    64  37.07  28.70  16220
 -0916  35437 397438   1.04  28.80  16.15   8.16  10.29   124  36.53  28.41  16051
  0916  35439 397433   2.03  13.65  16.15   8.16  10.28   123  36.53  28.41  16051
  0917  35438 397428   3.06  12.45  16.21   8.17  10.30   124  36.60  28.43  16061
  0917  35438 397426   3.99  11.50  16.21   8.16  10.32   124  36.60  28.43  16061
  0917  35440 397425   5.01  10.25  16.38   8.15  10.33   125  36.82  28.50  16100
  0917  35441 397423   6.04   8.40  16.27   8.16  10.39   125  36.74  28.50  16106
  0919  35445 397421   6.98   6.90  16.71   7.50   3.05    37  37.12  28.52  16112
  0920  35447 397420   8.06   3.15  16.84   7.41   2.12    26  38.27  29.41  16624
  0920  35447 397421   9.01   1.90  16.83   7.40   2.12    26  38.28  29.42  16633
  0922  35449 397433   9.99   4.95  16.96   7.35   1.04    13  37.86  28.97  16371
  0922  35446 397433  10.92   4.20  16.94   7.37   1.01    12  38.55  29.57  16719
  0922  35443 397433  11.97   4.00  16.94   7.37   0.97    12  38.57  29.59  16729
  0922  35441 397433  12.97   3.10  16.93   7.36   0.95    12  38.58  29.60  16738
  0922  35439 397433  14.02   2.20  16.93   7.37   0.92    11  38.58  29.60  16738
  0923  35436 397434  15.03  51.25  16.93   7.35   0.79    10  38.58  29.60  16738
 -0929  36147 396876   1.01   5.70  16.14   9999  10.13   122  36.57  28.45  16075
  0929  36137 396874   2.00   4.65  16.16   9999  10.23   122  35.96  27.91  15764
  0929  36134 396873   2.97   3.55  16.14   9999  10.18   122  36.67  28.54  16125
  0930  36133 396872   4.09   2.55  16.17   9999  10.17   122  35.97  27.91  15765
  0930  36134 396872   5.07   1.70  16.19   9999  10.10   121  36.75  28.57  16144
  0930  36141 396870   6.05   0.85  16.52   9999  10.00   121  36.83  28.40  16047
 -0937  36686 395924   1.04   7.40  16.26   9999  10.63   128  36.73  28.50  16105
  0937  36693 395929   1.99   6.55  16.26   9999  10.64   128  36.74  28.51  16110
  0938  36697 395932   3.13   5.65  16.27   9999  10.63   128  36.76  28.52  16116
  0938  36704 395936   3.98   5.10  16.27   9999  10.48   126  36.77  28.53  16121
  0940  36711 395934   5.04  51.25  16.94   9999   3.05    38  38.80  29.78  16843
  0940  36710 395933   5.85   3.55  16.84   9999   3.07    38  38.51  29.61  16742
  0942  36705 395930   6.96   2.15  17.04   9999   1.29    16  38.32  29.30  16564
  0943  36703 395931   8.05   1.35  17.06   9999   1.19    15  39.11  29.96  16944
 -0956  37406 393835   0.97  17.60  16.06   9999  10.85   129  35.41  27.51  15531
  0956  37403 393852   2.09  16.50  16.07   9999  10.83   130  36.28  28.25  15960
  0957  37402 393853   3.02  15.55  16.17   9999  10.78   129  36.47  28.34  16013
  0957  37401 393854   4.04  14.55  16.33   9999  10.73   129  36.74  28.46  16081
  0957  37401 393854   5.03  13.65  16.36   9999  10.73   130  36.96  28.63  16178
  0957  37402 393855   6.01  12.70  16.37   9999  10.73   129  36.25  28.01  15822
  0959  37399 393845   7.07  11.80  16.89   9999   1.76    22  39.01  30.00  16968
  1000  37400 393847   8.02  10.80  16.95   9999   1.73    21  39.07  30.01  16972
  1000  37401 393848   9.02   9.85  17.03   9999   1.70    21  39.26  30.11  17031
  1001  37399 393845  10.04   9.00  17.02   9999   1.41    17  38.46  29.44  16641
  1001  37398 393846  11.02   8.00  16.96   9999   1.33    16  39.28  30.18  17071
  1002  37398 393849  12.09   7.00  16.90   9999   1.54    19  38.51  29.57  16717
  1002  37398 393849  13.01   5.90  16.89   9999   1.55    19  39.33  30.28  17127
  1002  37399 393849  13.99   5.10  16.88   9999   1.54    19  39.34  30.29  17136
  1002  37398 393849  15.03   4.15  16.87   9999   1.55    19  39.34  30.30  17140
  1003  37398 393850  16.02   3.20  16.86   9999   1.55    19  39.34  30.31  17145
  1003  37400 393851  17.14   2.05  16.85   9999   1.55    19  39.33  30.31  17144
  1003  37398 393852  18.07   1.15  16.84   9999   1.56    19  39.36  30.34  17164
 -1009  38310 394020   0.92  51.25  16.25   9999  10.93   132  36.73  28.51  16109
  1010  38315 394017   1.98   5.65  16.24   9999  10.96   132  36.72  28.51  16108
  1010  38312 394011   3.07   4.55  16.26   9999  10.95   132  36.76  28.53  16120
  1010  38311 394011   3.96   3.65  16.23   9999  10.96   132  36.79  28.58  16147
  1010  38309 394009   5.08   2.55  16.21   9999  10.85   130  36.83  28.63  16176
  1013  38334 393961   6.00   1.10  16.70   9999   1.91    23  38.80  29.96  16947
 -1040  40109 395991   1.05  21.50  15.90   9999  10.32   123  35.98  28.11  15880
  1040  40113 395996   2.00  20.55  15.91   9999  10.27   123  36.84  28.85  16307
  1040  40115 395996   2.98  19.85  15.90   9999  10.27   123  36.84  28.86  16311
  1041  40116 395996   4.01  19.00  15.90   9999  10.40   125  36.91  28.92  16346
  1042  40118 395988   5.05  17.85  16.01   9999   5.58    67  37.55  29.40  16621
  1044  40131 395990   5.97  17.15  16.33   9999   3.85    47  38.97  30.39  17194
  1044  40133 395988   7.00  16.05  16.26   9999   3.90    48  39.06  30.52  17271
  1045  40134 395985   8.05  14.95  16.27   9999   4.03    49  38.48  30.01  16975
  1045  40133 395983   8.99  13.95  16.28   9999   4.01    49  39.40  30.80  17433
  1047  40124 395987  10.05  13.30  16.32   9999   3.20    39  39.59  30.94  17511
  1047  40117 395987  11.05  12.15  16.35   9999   3.09    38  39.64  30.96  17522
  1048  40115 395987  12.01  11.20  16.35   9999   3.05    37  39.65  30.96  17527
  1048  40115 395990  13.05  10.20  16.35   9999   3.02    37  39.67  30.98  17537
  1048  40116 395992  14.07   9.25  16.34   9999   2.99    37  39.68  31.00  17547
  1049  40121 395994  15.03   8.55  16.29   9999   3.23    40  39.65  31.01  17555
  1049  40120 395993  16.03   7.55  16.29   9999   3.26    40  39.65  31.01  17555
  1049  40123 395994  16.96   6.70  16.29   9999   3.29    40  39.65  31.01  17555
  1049  40122 395993  18.01   5.70  16.29   9999   3.29    40  39.65  31.01  17555
  1050  40121 395992  19.01   4.75  16.27   9999   3.31    40  39.64  31.02  17559
  1050  40121 395992  20.06   3.85  16.26   9999   3.33    41  39.65  31.03  17568
  1050  40120 395989  20.99   2.60  16.26   9999   3.34    41  38.84  30.33  17160
  1050  40118 395986  22.06   1.55  16.25   9999   3.47    42  39.65  31.04  17573
  1051  40117 395985  22.93   0.65  16.24   9999   3.49    43  39.67  31.07  17587
 -1102  41805 397206   1.04   7.30  15.91   9999  10.20   122  37.06  29.04  16417
  1102  41811 397213   2.01   6.55  15.92   9999  10.21   122  37.08  29.05  16423
  1102  41814 397219   3.07   5.35  15.92   9999  10.21   122  37.09  29.06  16428
  1102  41816 397222   4.05   4.50  15.92   9999  10.18   122  37.15  29.11  16458
  1104  41811 397217   5.01   3.65  16.11   9999   6.09    74  37.61  29.37  16608
  1105  41811 397218   6.00   2.65  16.09   9999   6.50    79  38.99  30.59  17312
  1105  41811 397218   6.96   1.65  16.06   9999   6.49    79  39.33  30.91  17497
  1105  41810 397219   8.04   0.70  16.05   9999   6.51    79  38.59  30.27  17127
 -1112  42805 397315   0.97  51.25  15.76   9999  10.64   127  37.06  29.15  16482
  1112  42821 397317   2.00  13.95  15.76   9999  10.66   128  37.05  29.14  16477
  1112  42825 397316   2.98   0.40  15.76   9999  10.69   127  36.15  28.36  16023
  1112  42829 397317   3.98  51.25  15.76   9999  10.61   127  37.07  29.16  16487
  1114  42836 397317   5.06  11.15  16.02   9999   6.84    83  39.41  31.01  17556
  1114  42836 397317   6.06   9.85  16.02   9999   6.81    83  39.44  31.04  17571
  1115  42833 397319   7.00   9.25  16.02   9999   6.78    82  39.43  31.03  17566
  1115  42833 397318   8.09   8.20  16.01   9999   6.77    82  39.51  31.11  17611
  1116  42833 397315   9.04   7.45  15.99   9999   6.64    81  39.63  31.23  17682
  1116  42833 397313  10.06   6.45  15.99   9999   6.61    80  39.66  31.25  17697
  1116  42832 397310  11.02   5.60  15.98   9999   6.53    80  39.69  31.29  17717
  1117  42832 397309  12.04   4.55  15.98   9999   6.50    79  39.69  31.29  17717
  1117  42832 397310  13.05   3.55  15.98   9999   6.48    79  39.68  31.28  17712
  1117  42833 397311  13.96   2.75  15.98   9999   6.47    79  39.71  31.31  17727
  1117  42834 397313  15.04   1.65  15.98   9999   6.44    78  39.71  31.31  17727
  1117  42832 397314  16.01   0.45  15.98   9999   6.47    78  38.81  30.52  17270
 -1127  44383 396357   1.00  51.25  15.92   9999  11.84   142  37.31  29.25  16539
  1127  44386 396347   1.99  51.25  15.91   9999  11.83   142  37.33  29.28  16553
  1129  44390 396349   3.06   4.90  15.93   9999  11.25   135  37.68  29.57  16721
  1130  44383 396352   4.02   3.95  15.94   9999  11.62   139  36.58  28.60  16164
  1130  44375 396353   5.02   3.00  16.03   9999  11.54   139  37.41  29.26  16542
  1133  44406 396344   6.05  12.70  16.07   9999   8.72   106  39.08  30.68  17366
  1135  44410 396348   7.08   0.85  15.97   9999   7.67    94  39.80  31.39  17777
 -1141  45344 396433   1.00  51.25  15.93   9999  12.29   148  37.63  29.52  16696
  1141  45353 396435   1.99  51.25  15.95   9999  12.32   148  37.80  29.66  16773
  1142  45356 396423   3.03   8.15  16.02   9999   9.85   120  38.75  30.43  17222
  1142  45355 396423   4.04  51.25  16.06   9999  10.09   123  39.22  30.81  17442
  1144  45370 396438   5.01   7.35  16.02   9999   8.24   100  38.57  30.28  17131
  1144  45365 396439   6.00  51.25  16.02   9999   9.28   113  39.50  31.09  17602
  1145  45361 396431   7.07   4.85  16.00   9999   8.55   104  39.87  31.43  17799
  1145  45359 396429   8.05   3.75  15.99   9999   8.55   104  39.89  31.46  17814
  1145  45356 396426   9.05   2.55  15.97   9999   8.57   104  39.87  31.45  17813
  1146  45352 396426  10.03  51.25  15.98   9999   7.73    94  39.88  31.46  17814
  1146  45349 396426  10.91  51.25  15.96   9999   7.70    94  39.88  31.47  17823
 -1153  46232 396901   0.99   4.40  15.83   9999  11.69   141  37.72  29.68  16785
  1153  46240 396904   2.01   3.55  15.83   9999  11.78   141  36.72  28.80  16280
  1155  46256 396888   3.07   2.30  16.03   9999   9.11   111  39.88  31.42  17790
  1156  46256 396901   4.05   1.50  16.02   9999   8.54   104  39.90  31.44  17805
  1156  46255 396902   4.92   0.60  16.02   9999   8.51   104  39.88  31.42  17795
 -1207  48041 396633   0.96  51.25  15.86   9999  10.32   125  38.54  30.37  17187
  1207  48039 396608   2.03  13.70  15.86   9999  10.41   126  38.62  30.44  17227
  1207  48033 396587   3.04  12.65  15.85   9999   9.75   118  39.22  30.98  17537
  1209  48050 396597   4.04  11.65  16.06   9999   9.67   118  39.86  31.37  17766
  1210  48053 396608   5.03  10.60  15.97   9999   9.36   114  39.83  31.42  17793
  1210  48055 396607   6.07   9.60  16.11   9999   9.32   114  39.98  31.44  17804
  1210  48059 396604   6.98   8.60  16.06   9999   9.32   114  40.07  31.56  17873
  1211  48058 396607   8.00   7.70  16.06   9999   9.07   110  39.07  30.68  17366
  1211  48057 396605   9.09   6.55  16.06   9999   8.97   110  40.11  31.59  17893
  1211  48059 396607   9.95   5.75  16.06   9999   8.89   109  40.12  31.60  17899
  1212  48062 396606  11.03   4.90  16.05   9999   8.88   108  39.15  30.76  17411
  1212  48068 396602  11.99   3.95  16.02   9999   8.73   107  40.12  31.63  17917
  1213  48065 396601  12.99   2.95  16.00   9999   8.55   104  40.10  31.63  17916
  1213  48068 396601  14.15   1.90  15.98   9999   8.47   103  40.08  31.63  17915
  1213  48070 396603  15.03   1.05  15.98   9999   8.34   101  39.09  30.76  17412
 -1232  49197 395833   1.02  51.25  15.73   9999  10.25   124  38.38  30.33  17164
  1234  49200 395849   2.03   9.00  15.75   9999   9.61   116  38.93  30.80  17435
  1234  49197 395850   2.96   8.00  15.74   9999   9.58   116  38.95  30.83  17450
  1235  49197 395850   4.09   7.05  15.74   9999   9.56   116  38.96  30.83  17455
  1235  49197 395850   5.09   6.15  15.79   9999   9.54   116  39.15  30.96  17529
  1235  49198 395849   6.04   5.15  15.80   9999   9.54   116  39.29  31.08  17596
  1235  49199 395850   7.16   4.10  15.85   9999   9.51   116  39.47  31.20  17665
  1235  49200 395850   8.06   3.20  15.84   9999   9.35   114  39.52  31.25  17695
  1236  49198 395844   9.03   2.25  15.85   9999   8.84   108  39.82  31.51  17843
  1237  49197 395840  10.07   1.25  15.85   9999   8.80   107  39.82  31.51  17843
  1237  49195 395838  10.94   0.45  15.84   9999   8.76   107  39.85  31.54  17863
 -1322  49765 395937   0.96  51.25  15.82   9999   9.48   115  39.11  30.90  17495
  1323  49754 395912   2.03  51.25  15.83   9999   9.46   115  39.16  30.94  17516
 -1329  50520 396244   1.03   5.90  15.83   9999   8.76   107  39.85  31.55  17868
  1330  50517 396246   2.06   4.90  15.82   9999   8.79   107  39.79  31.50  17842
  1330  50516 396247   3.00   3.80  15.82   9999   8.83   107  39.83  31.54  17862
  1330  50516 396248   4.00   2.95  15.84   9999   8.81   107  40.11  31.77  17996
  1330  50516 396249   5.00   1.75  15.92   9999   8.77   107  40.62  32.16  18220
  1330  50517 396252   6.01   0.90  15.94   9999   8.77   107  40.69  32.20  18246
 -1334  51087 396551   0.99  51.25  15.77   9999   8.72   106  40.12  31.83  18034
  1335  51093 396559   2.06  51.25  15.78   9999   8.67   106  40.15  31.85  18045
  1335  51090 396552   3.04   1.95  15.80   9999   8.64   105  40.35  32.01  18138
  1335  51087 396548   4.05   1.00  15.85   9999   8.62   105  40.48  32.09  18181
