# MEETVAARTUIG :
# MEETDATUM    : 2015-02-04 00:00:00
# MEETGEBIED   : VEERSE MEER
# STARTPUNT    : Grevelingen
# EINDPUNT     : Grevelingen
# PROJECTCODE  : E7301R
# OPDRACHTGEVER: RIKZMON_CHEMIE
# BEHEERDER    : RIKZITSDHG
# BEMONST. INST:
# WAARNEMER(S) : K.de Vlaam
#
* 20150204
$ 9999 [000000000000000]
>TIJD      uumm                    
>X         coordinaat              
>Y         coordinaat              
>SENSHTE   Diepte set        m     
>Echms     Echoset           mtrs  
>Temp      Temperatuur       oC       :  4.  1.0  11  1
>pH        Zuurgraad         dimsls
>O2        Zuurstof          mg/l  
>%O2       Zuurstof%         %     
>GELBH     Geleidendheid     mS/cm 
>GEL20     Gel20             ???   
>SALNTT    Saliniteit        dimsl 
>CL-       Chloride          mg/l     :12000.  500.  13 500
>CHFLYSI   Chlorofyl         ugr/l 
>TURBID    Troebelheid       NTU
 -2359  33200 400550   1.00   9999   9999   9999   9999  9999   9999  9999   9999   9999   9999   9999
  2359  33200 400550  17.00   9999   9999   9999   9999  9999   9999  9999   9999   9999   9999   9999
 -2359  33140 400240   1.00   9999   9999   9999   9999  9999   9999  9999   9999   9999   9999   9999
  2359  33140 400240  13.00   9999   9999   9999   9999  9999   9999  9999   9999   9999   9999   9999
 -2359  33887 398893   1.00   9999   9999   9999   9999  9999   9999  9999   9999   9999   9999   9999
  2359  33887 398893  22.00   9999   9999   9999   9999  9999   9999  9999   9999   9999   9999   9999
 -2359  35010 398040   1.00   9999   9999   9999   9999  9999   9999  9999   9999   9999   9999   9999
  2359  35010 398040   5.00   9999   9999   9999   9999  9999   9999  9999   9999   9999   9999   9999
 -2359  35445 397423   1.00   9999   9999   9999   9999  9999   9999  9999   9999   9999   9999   9999
  2359  35445 397423  15.00   9999   9999   9999   9999  9999   9999  9999   9999   9999   9999   9999
 -2359  36140 396880   1.00   9999   9999   9999   9999  9999   9999  9999   9999   9999   9999   9999
  2359  36140 396880   6.00   9999   9999   9999   9999  9999   9999  9999   9999   9999   9999   9999
 -2359  36700 395940   1.00   9999   9999   9999   9999  9999   9999  9999   9999   9999   9999   9999
  2359  36700 395940   8.00   9999   9999   9999   9999  9999   9999  9999   9999   9999   9999   9999
 -2359  37397 393849   1.00   9999   9999   9999   9999  9999   9999  9999   9999   9999   9999   9999
  2359  37397 393849  18.00   9999   9999   9999   9999  9999   9999  9999   9999   9999   9999   9999
 -2359  38320 394000   1.00   9999   9999   9999   9999  9999   9999  9999   9999   9999   9999   9999
  2359  38320 394000   6.00   9999   9999   9999   9999  9999   9999  9999   9999   9999   9999   9999
 -0925  40131 396002   0.92  23.08   3.03   8.34  11.10    97  21.84  3302  23.24  13105   9999   9999
  0926  40134 396005   1.93  22.08   3.47   8.35  11.10    98  22.53  3365  23.72  13380   9999   9999
  0927  40133 396004   3.08  20.92   3.58   8.35  11.00    98  22.83  3400  23.99  13532   9999   9999
  0927  40131 396004   3.99  20.04   3.74   8.35  11.00    98  23.12  3427  24.20  13655   9999   9999
  0927  40128 396003   5.09  18.87   3.90   8.34  10.90    98  23.65  3491  24.69  13935   9999   9999
  0928  40124 396001   6.07  17.96   4.07   8.32  10.70    98  24.44  3590  25.46  14380   9999   9999
  0929  40122 395996   7.05  16.80   4.35   8.26  10.20    94  25.62  3735  26.59  15028   9999   9999
  0930  40123 395995   7.97  16.08   4.38   8.26  10.10    93  25.80  3758  26.77  15132   9999   9999
  0930  40124 395994   8.97  14.99   4.46   8.25  10.00    93  26.01  3780  26.94  15233   9999   9999
  0930  40124 395994  10.00  13.91   4.53   8.24   9.99    92  26.19  3799  27.09  15318   9999   9999
  0931  40125 395994  10.98  12.99   4.68   8.21   9.89    92  26.53  3833  27.35  15469   9999   9999
  0932  40123 395998  12.06  11.69   4.81   8.17   9.45    88  26.93  3877  27.70  15669   9999   9999
  0932  40122 395999  12.89  10.98   4.82   8.17   9.37    88  27.14  3906  27.93  15801   9999   9999
  0934  40120 395994  13.93   9.89   4.85   8.13   8.99    84  27.35  3933  28.14  15924   9999   9999
  0935  40122 395993  15.01   8.68   4.86   8.12   8.91    84  27.40  3939  28.19  15952   9999   9999
  0935  40124 395994  15.97   7.93   4.87   8.11   8.84    83  27.42  3941  28.20  15960   9999   9999
  0935  40124 395996  16.97   6.91   4.86   8.11   8.78    82  27.43  3943  28.22  15971   9999   9999
  0936  40123 395996  18.04   5.69   4.87   8.10   8.73    82  27.45  3945  28.24  15980   9999   9999
  0936  40122 395996  19.00   4.71   4.86   8.10   8.71    82  27.46  3948  28.26  15991   9999   9999
  0936  40122 395997  20.05   1.63   4.86   8.09   8.69    82  27.46  3948  28.26  15991   9999   9999
  0937  40122 395997  20.97   0.71   4.87   8.09   8.64    81  27.47  3948  28.26  15993   9999   9999
 -2359  41810 397220   1.00   9999   9999   9999   9999  9999   9999  9999   9999   9999   9999   9999
  2359  41810 397220   8.00   9999   9999   9999   9999  9999   9999  9999   9999   9999   9999   9999
 -2359  42820 397321   1.00   9999   9999   9999   9999  9999   9999  9999   9999   9999   9999   9999
  2359  42820 397321  15.00   9999   9999   9999   9999  9999   9999  9999   9999   9999   9999   9999
 -2359  44400 396350   1.00   9999   9999   9999   9999  9999   9999  9999   9999   9999   9999   9999
  2359  44400 396350   7.00   9999   9999   9999   9999  9999   9999  9999   9999   9999   9999   9999
 -2359  45349 396431   1.00   9999   9999   9999   9999  9999   9999  9999   9999   9999   9999   9999
  2359  45349 396431  10.00   9999   9999   9999   9999  9999   9999  9999   9999   9999   9999   9999
 -2359  46250 396900   1.00   9999   9999   9999   9999  9999   9999  9999   9999   9999   9999   9999
  2359  46250 396900   4.00   9999   9999   9999   9999  9999   9999  9999   9999   9999   9999   9999
 -2359  48050 396610   1.00   9999   9999   9999   9999  9999   9999  9999   9999   9999   9999   9999
  2359  48050 396610  15.00   9999   9999   9999   9999  9999   9999  9999   9999   9999   9999   9999
 -2359  49200 395850   1.00   9999   9999   9999   9999  9999   9999  9999   9999   9999   9999   9999
  2359  49200 395850  11.00   9999   9999   9999   9999  9999   9999  9999   9999   9999   9999   9999
 -2359  49755 395917   1.00   9999   9999   9999   9999  9999   9999  9999   9999   9999   9999   9999
  2359  49755 395917   5.00   9999   9999   9999   9999  9999   9999  9999   9999   9999   9999   9999
 -2359  50514 396244   1.00   9999   9999   9999   9999  9999   9999  9999   9999   9999   9999   9999
  2359  50514 396244   9.00   9999   9999   9999   9999  9999   9999  9999   9999   9999   9999   9999
 -2359  51079 396554   1.00   9999   9999   9999   9999  9999   9999  9999   9999   9999   9999   9999
  2359  51079 396554   8.00   9999   9999   9999   9999  9999   9999  9999   9999   9999   9999   9999
