# MEETVAARTUIG         : M.C.ECOS 6 VERTIKAAL
# MEETDATUM            : 05-08-2024 11:56:17
# MEETGEBIED           : VEERSE MEER
# STARTPUNT            : VTS-1
# EINDPUNT             : VTS_17
# PROJECTCODE          : VM WATER
# OPDRACHTGEVER        : RIKZMON_CHEMIE
# BEHEERDER            : RIKZITSDHG
# BEMONST. INST        : []
# WAARNEMER(S)         : Hofman
#
* 20240805
$ 9999 [000000000000000]
>TIJD       uumm                         
>X          coordinaat                   
>Y          coordinaat                   
>SENSHTE    Diepte set           m       
>Echms      Echoset              mtrs    
>Temp       Temperatuur          oC      
>pH         Zuurgraad            dimsls  
>O2         Zuurstof             mg/l    
>%O2        Zuurstof%            %       
>GELBH      Geleidendheid        mS/cm   
>GEL20      Gel20                ???     
>SALNTT     Saliniteit           dimsl   
>CL-        Chloride             mg/l    
>CHFLYSI    Chlorofyl            ugr/l   
>TURBID     Troebelheid          NTU     
 -1156    33200   400550    0.76   14.91   21.72    8.04    7.94    106   39.60   3820   27.17   15319    4.28    1.07
  1157    33200   400550    1.89   13.46   21.72    8.03    7.88    105   39.59   3819   27.17   15315    4.57    1.02
  1158    33200   400550    3.03   11.39   21.67    8.03    7.87    105   39.56   3820   27.17   15319    4.48    1.03
  1159    33200   400550    3.98   10.83   21.20    7.72    4.42     58   39.25   3828   27.24   15356    4.17    1.22
  1202    33200   400550    5.09    9.06   19.94    7.41    0.84     11   38.51   3856   27.47   15494    0.43    0.51
  1202    33200   400550    6.03    8.11   19.77    7.41    0.75     10   38.39   3858   27.48   15505    0.36    0.51
  1203    33200   400550    6.90    7.29   19.52    7.41    0.70      9   38.17   3856   27.47   15497    0.33    0.52
  1204    33200   400550    8.01    6.64   19.13    7.41    0.56      7   37.83   3853   27.45   15487    0.27    0.47
  1204    33200   400550    9.04    5.78   19.40    7.44    0.71      9   38.29   3879   27.65   15601    0.26    0.22
  1205    33200   400550   10.01    4.90   19.43    7.46    0.74      9   38.44   3892   27.75   15659    0.20    0.35
  1205    33200   400550   11.00    3.91   19.39    7.46    0.64      8   38.44   3895   27.78   15675    0.29    0.24
  1206    33200   400550   12.24    2.75   19.48    7.47    0.61      8   38.58   3901   27.82   15700    0.24    0.30
  1207    33200   400550   13.18    1.95   19.80    7.48    0.75     10   38.96   3912   27.91   15751    0.29    0.34
  1207    33200   400550   13.95    1.11   19.89    7.49    0.80     10   39.19   3928   28.04   15823    0.23    0.28
 -1211    33140   400240    0.89   12.63   21.83    7.98    7.33     98   39.67   3818   27.16   15310    2.54    1.00
  1212    33140   400240    1.85   11.93   21.72    7.99    7.36     98   39.58   3818   27.16   15309    3.78    1.03
  1213    33140   400240    3.07   11.34   21.28    7.81    5.34     71   39.28   3824   27.21   15342    4.32    1.08
  1214    33140   400240    3.98   10.56   21.46    7.92    6.48     86   39.43   3824   27.20   15337    4.30    1.09
  1216    33140   400240    4.95   10.18   20.78    7.51    2.17     28   38.97   3833   27.28   15382    2.48    1.11
  1218    33140   400240    5.93    9.19   20.00    7.44    0.74     10   38.12   3812   27.12   15294    1.16    0.67
  1219    33140   400240    7.05    8.13   19.28    7.43    0.67      9   38.04   3863   27.52   15529    0.25    0.30
  1220    33140   400240    7.98    7.21   19.29    7.42    0.65      8   38.06   3864   27.53   15532    0.29    0.34
  1220    33140   400240    8.94    6.29   19.35    7.43    0.65      8   38.16   3870   27.58   15559    0.27    0.30
  1221    33140   400240    9.89    2.15   19.58    7.45    0.78     10   38.52   3887   27.71   15636    0.21    0.23
  1221    33140   400240   11.05    4.23   19.78    7.47    0.78     10   38.90   3908   27.88   15730    0.23    0.21
  1222    33140   400240   11.96    3.38   20.17    7.49    0.94     12   39.45   3931   28.06   15836    0.25    0.24
  1222    33140   400240   13.00    2.44   20.23    7.49    0.96     13   39.60   3940   28.13   15877    0.31    0.26
  1223    33140   400240   13.92    1.61   20.26    7.50    0.96     13   39.69   3948   28.19   15910    0.21    0.27
  1223    33140   400240   14.86    0.75   20.28    7.50    0.95     12   39.74   3950   28.21   15920    0.36    0.24
 -1033    33887   398893    1.09    0.89   21.27    7.71    4.07     54   38.19   3719   26.38   14862    2.42    0.88
  1034    33887   398893    2.10   19.33   21.10    7.68    3.84     50   38.23   3736   26.51   14940    2.40    0.71
  1034    33887   398893    3.09   18.64   21.27    7.66    3.66     48   38.45   3744   26.58   14977    3.34    1.11
  1035    33887   398893    3.94   18.35   20.84    7.61    3.26     43   38.27   3760   26.71   15054    2.05    0.91
  1036    33887   398893    5.10   18.47   20.13    7.48    1.31     17   38.06   3795   26.99   15217    0.73    0.42
  1037    33887   398893    6.04   17.79   20.16    7.50    1.75     23   38.10   3797   27.00   15223    0.84    0.59
  1037    33887   398893    6.98   16.26   20.11    7.49    1.42     18   38.17   3808   27.09   15275    0.59    0.55
  1038    33887   398893    8.11   15.53   20.09    7.46    0.99     13   38.51   3843   27.36   15435    0.32    0.44
  1039    33887   398893    9.06   14.46   20.67    7.50    1.24     16   39.41   3885   27.69   15622    0.46    0.56
  1040    33887   398893    9.99   13.94   20.92    7.52    1.45     19   39.83   3906   27.86   15718    0.45    0.54
  1040    33887   398893   11.07   12.21   20.82    7.52    1.39     18   39.73   3905   27.85   15712    0.48    0.51
  1041    33887   398893   11.96   11.38   20.90    7.52    1.40     18   39.88   3913   27.91   15747    0.59    0.52
  1041    33887   398893   12.97   10.73   20.93    7.52    1.40     18   40.05   3928   28.03   15814    0.37    0.38
  1041    33887   398893   14.10    9.65   20.95    7.51    1.32     17   40.16   3937   28.10   15855    0.42    0.26
  1042    33887   398893   15.06    8.65   20.93    7.51    1.31     17   40.19   3941   28.14   15877    0.35    0.32
  1042    33887   398893   16.03    7.79   20.89    7.51    1.30     17   40.19   3944   28.16   15891    0.33    0.29
  1043    33887   398893   17.02    6.59   20.86    7.51    1.27     17   40.21   3949   28.20   15912    0.25    0.21
  1043    33887   398893   18.05    5.71   20.85    7.51    1.27     17   40.23   3951   28.21   15921    0.26    0.22
  1044    33887   398893   19.10    4.68   20.78    7.51    1.24     16   40.18   3953   28.23   15930    0.25    0.37
  1044    33887   398893   20.11    3.75   20.74    7.51    1.17     15   40.15   3953   28.23   15933    0.34    0.35
 -1240    35010   398040    1.13    4.76   22.47    8.07    8.23    111   40.29   3828   27.23   15349    3.32    1.16
  1240    35010   398040    1.95    3.89   22.47    8.06    8.20    111   40.30   3828   27.23   15349    3.61    1.18
  1241    35010   398040    3.04    2.81   22.29    8.07    8.29    112   40.16   3829   27.24   15356    4.49    1.23
  1242    35010   398040    3.94    1.41   21.90    7.84    5.36     72   39.99   3843   27.36   15424    3.96    1.37
  1243    35010   398040    4.88    0.00   20.76    7.49    1.93     25   39.12   3850   27.41   15460    1.46    0.87
 -1248    35445   397423    1.14    0.00   22.64    7.96    6.94     94   40.42   3826   27.22   15342    3.27    1.10
  1249    35445   397423    1.92    2.43   22.09    7.85    5.63     76   40.15   3844   27.36   15424    3.37    1.10
  1249    35445   397423    2.92   11.70   21.79    7.75    4.30     57   39.95   3848   27.40   15446    2.88    0.95
  1250    35445   397423    4.10   12.44   22.19    7.89    5.62     75   40.15   3836   27.30   15387    3.89    1.29
  1251    35445   397423    5.01    9.69   20.81    7.50    1.64     22   39.79   3912   27.91   15744    0.67    0.37
  1251    35445   397423    5.99    9.39   20.97    7.51    1.58     21   40.55   3973   28.39   16023    0.53    0.46
  1252    35445   397423    6.92    9.56   21.11    7.58    2.61     35   40.58   3964   28.32   15979    0.59    0.54
  1253    35445   397423    7.94    6.74   20.89    7.54    1.73     23   40.73   3998   28.59   16137    0.29    0.42
  1254    35445   397423    8.93    4.91   20.81    7.52    1.46     19   40.74   4005   28.65   16170    0.24    0.32
  1255    35445   397423   10.01    5.04   20.34    7.49    1.05     14   40.26   3997   28.58   16137    0.33    0.42
  1255    35445   397423   10.92    5.58   19.41    7.46    0.33      4   39.29   3978   28.44   16056    0.30    2.74
  1256    35445   397423   12.00    4.58   19.14    7.46    0.27      3   39.05   3977   28.43   16050    0.34    2.28
  1256    35445   397423   13.00    3.45   19.00    7.46    0.23      3   38.88   3972   28.39   16031    0.30    2.14
  1257    35445   397423   14.14    1.90   18.96    7.45    0.21      3   38.85   3973   28.39   16032    0.34    2.43
 -1303    36140   396880    1.10    6.95   22.71    7.95    6.50     88   40.29   3809   27.08   15262    6.11    1.44
  1304    36140   396880    2.02    5.91   22.60    7.97    6.80     92   40.28   3816   27.14   15297    6.93    1.46
  1304    36140   396880    2.95    0.75   22.49    7.88    5.82     79   40.35   3831   27.26   15365    4.98    1.47
  1305    36140   396880    3.88    3.74   21.98    7.77    4.71     63   40.30   3866   27.54   15528    3.41    1.08
  1306    36140   396880    5.04    2.73   20.86    7.50    1.72     23   39.67   3896   27.78   15670    1.18    0.65
  1306    36140   396880    5.95    1.95   21.02    7.51    1.59     21   40.10   3925   28.01   15801    0.62    0.63
  1307    36140   396880    7.00    0.99   21.12    7.51    1.53     20   40.61   3966   28.33   15989    0.72    0.59
 -1314    36700   395940    1.04    8.18   22.92    8.11    8.76    119   40.65   3826   27.22   15338    4.02    1.20
  1315    36700   395940    2.01    7.28   22.83    8.09    8.43    114   40.57   3826   27.22   15341    4.45    1.17
  1315    36700   395940    2.90    6.59   22.77    8.11    8.72    118   40.51   3825   27.21   15334    5.75    1.15
  1316    36700   395940    4.01    5.65   22.62    8.08    8.36    113   40.39   3825   27.21   15335    4.21    1.12
  1317    36700   395940    4.92    4.56   22.41    7.92    6.05     82   40.48   3850   27.41   15451    3.93    1.13
  1318    36700   395940    5.94    3.86   21.15    7.54    2.10     28   41.08   4010   28.68   16191    0.67    0.50
  1318    36700   395940    7.00    2.71   20.91    7.53    1.75     23   40.96   4019   28.75   16231    0.30    0.40
  1319    36700   395940    8.03    1.54   20.76    7.52    1.50     20   40.83   4018   28.75   16230    0.25    0.36
  1320    36700   395940    9.00    0.81   20.66    7.51    1.37     18   40.74   4018   28.75   16228    0.19    0.45
 -0942    37397   393849    1.07   18.07   22.79    8.00    7.17     97   40.42   3815   27.13   15289    3.64    1.05
  0943    37397   393849    1.94   15.98   22.77    7.99    7.06     96   40.44   3818   27.16   15304    3.67    1.14
  0943    37397   393849    3.05   12.97   22.75    7.97    6.85     93   40.49   3824   27.21   15333    3.41    1.14
  0946    37397   393849    3.97   15.22   22.40    7.70    3.91     53   40.99   3899   27.80   15677    3.85    1.12
  0947    37397   393849    5.09   14.32   21.88    7.60    2.70     36   41.36   3977   28.42   16036    2.05    0.82
  0948    37397   393849    6.07   13.47   21.55    7.59    2.39     32   41.51   4018   28.74   16224    0.84    0.42
  0949    37397   393849    7.07   12.28   21.35    7.58    2.13     28   41.48   4032   28.86   16289    0.32    0.52
  0950    37397   393849    8.08   11.35   21.30    7.57    2.11     28   41.45   4033   28.87   16296    0.25    0.43
  0951    37397   393849    8.92   10.69   21.28    7.58    2.11     28   41.45   4035   28.88   16304    0.37    0.42
  0951    37397   393849    9.89    9.67   21.14    7.57    2.06     27   41.36   4038   28.91   16318    0.33    0.55
  0952    37397   393849   11.12    8.43   21.09    7.55    1.87     25   41.30   4036   28.89   16309    0.28    0.52
  0953    37397   393849   12.05    7.24   21.08    7.55    1.81     24   41.31   4038   28.91   16319    0.28    0.39
  0955    37397   393849   12.95    6.49   19.50    7.45    0.62      8   39.56   3999   28.60   16149    0.25    1.19
  0956    37397   393849   14.06    5.48   19.18    7.44    0.38      5   39.21   3990   28.53   16110    0.20    1.46
  0957    37397   393849   15.09    4.05   19.07    7.45    0.29      4   39.04   3982   28.47   16075    0.21    1.66
  0957    37397   393849   15.91    3.65   18.85    7.47    0.26      3   38.85   3982   28.47   16074    0.26    1.97
  0958    37397   393849   16.93    2.63   18.66    7.50    0.22      3   38.65   3977   28.43   16054    0.32    2.35
  0959    37397   393849   17.90    1.69   18.55    7.53    0.19      2   38.53   3975   28.41   16045    0.27    2.82
  1000    37397   393849   19.07    0.75   18.54    7.53    0.19      2   38.53   3975   28.42   16046    0.18    2.88
 -1336    38320   394000    1.13    7.09   23.30    8.07    8.42    116   41.12   3841   27.34   15407    2.90    0.94
  1336    38320   394000    1.92    6.33   23.29    8.07    8.44    116   41.12   3841   27.34   15407    3.79    0.93
  1336    38320   394000    2.93    5.34   23.15    8.07    8.44    115   41.00   3841   27.34   15406    3.98    0.97
  1337    38320   394000    4.04    4.05   23.10    8.02    7.79    106   41.02   3846   27.38   15431    3.87    0.91
  1338    38320   394000    5.10    2.78   22.18    7.71    4.21     57   42.09   4022   28.78   16241    0.92    0.49
  1338    38320   394000    6.02    1.59   21.38    7.58    2.30     31   41.74   4055   29.04   16397    0.24    0.41
  1339    38320   394000    6.93    0.00   21.37    7.59    2.64     35   41.74   4056   29.05   16401    0.22    0.43
 -1402    40120   395990    1.05    0.00   22.94    7.91    6.52     89   41.40   3895   27.77   15655    2.18    0.77
  1402    40120   395990    2.11    0.00   23.04    7.92    6.31     86   41.13   3862   27.50   15503    2.41    0.68
  1403    40120   395990    3.06   17.70   23.05    7.94    6.89     94   41.02   3851   27.42   15453    2.45    0.69
  1403    40120   395990    4.01   18.26   22.90    7.87    5.90     81   41.43   3901   27.81   15681    2.43    0.68
  1404    40120   395990    5.02   17.96   22.91    7.89    6.14     84   41.47   3904   27.84   15696    2.22    0.73
  1404    40120   395990    6.00   15.74   22.74    7.84    5.26     72   41.79   3948   28.19   15899    1.52    0.57
  1405    40120   395990    7.01   16.18   22.45    7.74    4.01     55   42.34   4023   28.78   16243    0.72    0.47
  1406    40120   395990    8.03   14.95   22.07    7.69    3.34     45   42.52   4072   29.18   16472    0.34    0.33
  1406    40120   395990    9.04   13.18   22.00    7.68    3.15     43   42.49   4076   29.21   16488    0.23    0.40
  1407    40120   395990    9.96   10.93   21.65    7.65    2.85     38   42.22   4079   29.23   16503    0.26    0.43
  1407    40120   395990   11.07    9.23   21.60    7.65    2.81     38   42.17   4078   29.23   16501    0.22    0.50
  1408    40120   395990   12.11    8.54   21.52    7.65    2.76     37   42.13   4080   29.24   16512    0.22    0.36
  1408    40120   395990   13.08    8.80   21.53    7.65    2.68     36   42.15   4082   29.25   16518    0.25    0.54
  1409    40120   395990   13.95    9.04   21.50    7.64    2.57     35   42.12   4082   29.25   16518    0.21    0.34
  1409    40120   395990   14.94    8.36   21.50    7.64    2.55     34   42.13   4082   29.26   16521    0.24    0.43
  1409    40120   395990   15.97    7.33   21.50    7.64    2.54     34   42.13   4083   29.26   16523    0.24    0.37
  1410    40120   395990   17.09    6.91   21.46    7.63    2.35     32   42.10   4083   29.27   16526    0.22    0.56
  1411    40120   395990   17.98    6.10   21.46    7.63    2.29     31   42.10   4084   29.27   16527    0.16    0.50
  1411    40120   395990   19.05    4.75   21.46    7.63    2.27     30   42.10   4084   29.27   16527    0.26    0.40
  1412    40120   395990   20.08    3.18   21.43    7.62    2.16     29   42.08   4084   29.27   16528    0.20    0.43
  1413    40120   395990   20.95    1.89   21.43    7.62    2.08     28   42.08   4084   29.27   16528    0.30    0.54
 -1428    41810   397220    0.82    0.75   23.34    8.03    8.04    110   41.30   3854   27.44   15466    2.84    0.86
  1429    41810   397220    2.19    6.91   23.27    8.02    7.93    109   41.27   3857   27.46   15478    4.18    0.82
  1429    41810   397220    3.13    6.16   23.29    8.02    7.88    108   41.28   3856   27.46   15475    4.25    0.81
  1429    41810   397220    4.20    4.90   23.25    8.02    7.91    108   41.25   3857   27.46   15478    3.67    0.85
  1430    41810   397220    4.88    4.20   23.01    7.92    6.69     91   41.51   3900   27.80   15676    2.63    0.90
  1431    41810   397220    5.88    3.13   22.94    7.87    5.58     76   41.86   3938   28.11   15850    2.04    0.73
  1432    41810   397220    6.97    2.05   22.72    7.81    4.87     67   42.37   4005   28.64   16158    0.95    0.62
  1432    41810   397220    8.17    1.06   22.25    7.74    3.77     51   42.85   4089   29.31   16548    0.30    0.53
  1433    41810   397220    9.01    0.00   22.17    7.73    3.51     48   42.87   4097   29.38   16586    0.28    0.66
 -1439    42820   397321    0.96   14.44   23.34    7.99    7.74    106   41.26   3850   27.41   15448    3.04    0.84
  1440    42820   397321    2.02   13.79   23.28    8.01    7.84    107   41.23   3852   27.42   15456    3.55    0.93
  1440    42820   397321    3.12   13.20   23.27    8.01    7.88    108   41.24   3854   27.44   15467    3.85    0.87
  1440    42820   397321    4.02   11.89   23.24    8.01    7.79    107   41.23   3856   27.45   15474    3.84    0.96
  1441    42820   397321    5.03    8.16   23.01    7.91    6.46     88   41.45   3894   27.76   15651    3.15    0.85
  1442    42820   397321    6.05    5.48   22.91    7.84    5.53     76   41.77   3932   28.06   15824    2.03    0.76
  1443    42820   397321    7.01    2.89   22.67    7.78    4.46     61   42.38   4009   28.67   16176    0.75    0.49
  1443    42820   397321    8.11    2.90   22.50    7.75    3.98     54   42.78   4061   29.09   16417    0.33    0.45
  1444    42820   397321    9.06    1.08   22.37    7.73    3.63     49   42.86   4080   29.24   16506    0.35    0.58
  1444    42820   397321   10.08    1.46   22.19    7.71    3.37     46   42.89   4097   29.38   16586    0.29    0.50
  1445    42820   397321   11.03    0.00   22.14    7.70    3.21     44   42.91   4104   29.43   16617    0.18    0.71
 -1455    44400   396350    1.07    6.05   23.36    8.05    8.39    115   41.23   3846   27.38   15429    2.42    0.76
  1455    44400   396350    1.92    4.99   23.33    8.05    8.38    115   41.22   3847   27.38   15433    3.12    0.76
  1456    44400   396350    2.95    3.49   23.16    8.02    7.99    109   41.12   3851   27.42   15452    3.19    1.03
  1456    44400   396350    3.88    0.00   23.21    8.02    7.86    108   41.15   3851   27.41   15450    2.89    1.13
  1457    44400   396350    5.01    1.61   23.09    8.00    7.68    105   41.24   3868   27.55   15530    2.97    1.43
 -1504    45349   396431    0.90   10.60   23.52    8.01    7.95    109   41.50   3859   27.47   15484    2.06    0.75
  1504    45349   396431    2.08    0.00   23.48    8.00    7.89    109   41.47   3859   27.48   15486    2.42    0.72
  1504    45349   396431    2.92    9.10   23.33    8.01    7.91    109   41.38   3862   27.50   15501    2.87    0.87
  1505    45349   396431    4.10    7.84   23.29    8.00    7.75    106   41.34   3862   27.50   15501    2.90    0.79
  1506    45349   396431    5.07    7.54   23.09    7.91    6.28     86   41.51   3893   27.75   15645    2.38    0.79
  1507    45349   396431    5.93    6.50   22.46    7.82    4.83     66   42.72   4059   29.07   16409    0.57    0.64
  1507    45349   396431    7.15    0.00   22.30    7.82    4.51     61   43.15   4114   29.51   16660    0.35    0.53
  1508    45349   396431    7.97    4.64   22.19    7.80    4.25     58   43.17   4124   29.59   16711    0.22    0.43
  1509    45349   396431    9.15    3.49   22.09    7.76    3.69     50   43.12   4128   29.63   16729    0.27    0.60
  1509    45349   396431   10.06    2.50   22.08    7.76    3.61     49   43.11   4129   29.63   16731    0.23    0.46
  1510    45349   396431   11.18    1.51   21.97    7.73    3.20     43   43.08   4135   29.68   16762    0.25    0.60
 -1517    46250   396900    1.05    4.60   23.23    8.01    7.78    107   41.45   3877   27.62   15570    3.19    0.92
  1517    46250   396900    2.14    3.64   23.20    8.00    7.78    107   41.43   3878   27.63   15574    3.39    0.99
  1517    46250   396900    2.90    2.98   23.07    8.00    7.70    105   41.34   3879   27.64   15581    3.47    1.01
  1518    46250   396900    4.02    1.81   23.00    7.98    7.51    103   41.27   3878   27.63   15574    3.30    0.99
  1518    46250   396900    5.15    0.79   22.62    7.88    6.33     86   41.44   3925   28.00   15792    1.46    0.93
 -1529    48050   396610    1.10   13.18   23.16    7.98    7.91    109   41.71   3906   27.85   15704    1.93    0.94
  1530    48050   396610    2.06   12.46   23.15    8.00    8.01    110   41.70   3907   27.86   15708    3.04    1.18
  1530    48050   396610    3.06   11.34   22.85    7.97    7.68    105   41.45   3907   27.86   15707    3.08    1.09
  1531    48050   396610    3.91   10.63   22.70    7.94    7.29     99   41.32   3906   27.85   15706    2.88    1.06
  1531    48050   396610    5.04    9.55   22.44    7.90    6.74     91   41.28   3923   27.99   15786    3.29    1.14
  1532    48050   396610    6.11    4.39   22.61    7.86    6.04     82   41.91   3970   28.36   15996    1.61    0.97
  1532    48050   396610    6.92    7.50   22.31    7.90    5.68     78   43.16   4113   29.50   16657    0.54    0.80
  1533    48050   396610    8.06    6.43   22.11    7.93    5.71     78   43.37   4150   29.80   16831    0.37    0.85
  1533    48050   396610    9.02    5.50   22.03    7.92    5.43     74   43.37   4156   29.85   16859    0.35    0.87
  1534    48050   396610    9.93    4.76   22.00    7.91    5.22     71   43.36   4159   29.87   16871    0.38    0.91
  1534    48050   396610   11.08    3.63   21.96    7.90    5.04     68   43.36   4161   29.89   16884    0.29    0.81
  1535    48050   396610   12.08    2.49   21.90    7.86    4.53     61   43.34   4166   29.93   16905    0.41    0.86
  1535    48050   396610   12.90    1.60   21.88    7.86    4.35     59   43.33   4166   29.93   16907    0.34    1.17
  1535    48050   396610   14.06    1.18   21.82    7.82    3.92     53   43.31   4169   29.96   16921    0.37    1.39
 -1544    49200   395850    1.04   10.46   23.26    8.02    8.20    113   41.69   3897   27.78   15662    2.90    1.44
  1544    49200   395850    2.12    9.44   23.20    8.02    8.19    112   41.79   3911   27.89   15723    3.22    1.16
  1545    49200   395850    2.96    8.59   22.89    8.01    7.94    109   42.19   3973   28.39   16013    2.05    1.30
  1545    49200   395850    3.97    0.00   22.84    8.02    7.85    108   42.46   4003   28.62   16146    2.32    1.45
  1545    49200   395850    5.14    6.41   22.80    8.02    7.82    107   42.62   4021   28.77   16233    2.06    1.40
  1546    49200   395850    5.97    5.45   22.52    8.02    7.44    102   43.29   4109   29.47   16636    1.60    1.37
  1547    49200   395850    6.86    4.49   22.46    8.01    7.34    100   43.37   4121   29.56   16693    1.34    1.33
  1548    49200   395850    8.03    3.33   22.47    8.02    7.35    101   43.38   4121   29.57   16694    1.73    1.39
  1548    49200   395850    9.16    2.29   22.39    8.03    7.39    101   43.63   4151   29.81   16834    1.35    1.49
  1549    49200   395850   10.07    1.45   22.32    8.03    7.39    101   43.78   4171   29.97   16927    1.20    1.53
  1549    49200   395850   10.92    0.75   22.30    8.04    7.41    101   43.88   4183   30.07   16982    1.16    1.98
