# MEETVAARTUIG :
# MEETDATUM    : 2016-08-04 00:00:00
# MEETGEBIED   : VEERSE MEER
# STARTPUNT    : Veersemeer
# EINDPUNT     : Veeresmeer
# PROJECTCODE  : E7301X
# OPDRACHTGEVER: ZLXXAXAMDBG
# BEHEERDER    : ZLXXRWMVSGN
# BEMONST. INST:
# WAARNEMER(S) : K. de Vlaam
#
* 20160804
$ 9999 [000000000000000]
>TIJD      uumm                    
>X         coordinaat              
>Y         coordinaat              
>SENSHTE   Diepte set        m     
>Echms     Echoset           mtrs  
>Temp      Temperatuur       oC       :  8.  1.0  11  1
>pH        Zuurgraad         dimsls
>O2        Zuurstof          mg/l  
>%O2       Zuurstof%         %     
>GELBH     Geleidendheid     mS/cm 
>GEL20     Gel20             ???   
>SALNTT    Saliniteit        dimsl 
>CL-       Chloride          mg/l     :12000.  500.  13 500
>CHFLYSI   Chlorofyl         ugr/l 
>TURBID    Troebelheid       NTU   
 -2359  33200 400550   1.00   9999   9999   9999   9999  9999   9999  9999   9999   9999   9999   9999
  2359  33200 400550  17.00   9999   9999   9999   9999  9999   9999  9999   9999   9999   9999   9999
 -2359  33140 400240   1.00   9999   9999   9999   9999  9999   9999  9999   9999   9999   9999   9999
  2359  33140 400240  13.00   9999   9999   9999   9999  9999   9999  9999   9999   9999   9999   9999
 -2359  33887 398893   1.00   9999   9999   9999   9999  9999   9999  9999   9999   9999   9999   9999
  2359  33887 398893  22.00   9999   9999   9999   9999  9999   9999  9999   9999   9999   9999   9999
 -2359  35010 398040   1.00   9999   9999   9999   9999  9999   9999  9999   9999   9999   9999   9999
  2359  35010 398040   5.00   9999   9999   9999   9999  9999   9999  9999   9999   9999   9999   9999
 -2359  35445 397423   1.00   9999   9999   9999   9999  9999   9999  9999   9999   9999   9999   9999
  2359  35445 397423  15.00   9999   9999   9999   9999  9999   9999  9999   9999   9999   9999   9999
 -2359  36140 396880   1.00   9999   9999   9999   9999  9999   9999  9999   9999   9999   9999   9999
  2359  36140 396880   6.00   9999   9999   9999   9999  9999   9999  9999   9999   9999   9999   9999
 -2359  36700 395940   1.00   9999   9999   9999   9999  9999   9999  9999   9999   9999   9999   9999
  2359  36700 395940   8.00   9999   9999   9999   9999  9999   9999  9999   9999   9999   9999   9999
 -2359  37397 393849   1.00   9999   9999   9999   9999  9999   9999  9999   9999   9999   9999   9999
  2359  37397 393849  18.00   9999   9999   9999   9999  9999   9999  9999   9999   9999   9999   9999
 -2359  38320 394000   1.00   9999   9999   9999   9999  9999   9999  9999   9999   9999   9999   9999
  2359  38320 394000   6.00   9999   9999   9999   9999  9999   9999  9999   9999   9999   9999   9999
 -1153  40130 396006   0.98  23.11  20.19   7.84   6.65    87  40.00  3984  28.48  16077   0.80   0.00
  1154  40132 396006   2.03  21.59  20.19   7.83   6.65    87  40.00  3984  28.48  16077   0.80   0.00
  1154  40132 396006   2.90  20.86  20.19   7.84   6.64    87  40.01  3985  28.49  16081   0.80   0.00
  1154  40132 396005   3.99  19.70  20.19   7.83   6.62    87  40.01  3985  28.49  16081   0.70   0.00
  1154  40132 396003   5.07  18.51  20.19   7.83   6.62    86  40.01  3985  28.49  16081   0.80  -0.09
  1155  40131 395998   6.13  17.83  20.20   7.83   6.60    86  40.02  3985  28.49  16082   0.50   0.00
  1155  40130 395993   7.10  16.65  20.17   7.83   6.57    86  39.98  3984  28.48  16077   0.60   0.00
  1156  40131 395991   7.87  16.02  20.17   7.83   6.55    86  39.99  3985  28.49  16080   0.50   0.00
  1156  40134 395990   8.92  15.02  20.18   7.83   6.54    86  39.99  3984  28.48  16077   0.50   0.00
  1156  40136 395989   9.96  13.78  20.17   7.83   6.53    85  39.99  3984  28.48  16079   0.40   0.08
  1156  40141 395990  10.87  12.81  20.17   7.82   6.49    85  40.04  3990  28.53  16105   0.30   0.00
  1157  40143 395989  12.00  11.25  20.20   7.81   6.42    84  40.13  3996  28.58  16132   0.30   0.10
  1157  40140 395987  12.99  10.35  20.24   7.81   6.28    82  40.21  4001  28.61  16153   0.40   0.10
  1158  40135 395985  13.93   9.41  20.27   7.81   6.23    82  40.26  4003  28.63  16164   0.40   0.10
  1159  40121 395983  14.97   8.52  20.45   7.81   5.94    78  40.59  4021  28.77  16243   0.20   0.40
  1159  40119 395983  16.10   7.34  20.50   7.81   5.90    78  40.67  4024  28.80  16260   0.11   0.40
  1200  40121 395987  16.97   6.74  20.58   7.81   5.70    75  40.82  4032  28.86  16296   0.00   0.20
  1200  40123 395991  17.81   6.23  20.65   7.80   5.60    74  40.99  4043  28.95  16345   0.10   0.30
  1201  40138 396002  19.18   4.57  20.74   7.79   5.23    69  41.16  4052  29.02  16387   0.20   0.27
  1203  40136 395988  20.02   3.64  20.82   7.77   4.78    64  41.39  4068  29.15  16460   0.20   0.40
  1203  40136 395987  20.91   2.64  20.84   7.77   4.76    63  41.44  4071  29.17  16474   0.20   0.30
  1203  40135 395986  21.87   1.71  20.86   7.76   4.71    63  41.49  4075  29.20  16489   0.10   0.20
  1204  40135 395988  22.92   0.84  20.89   7.76   4.59    61  41.57  4080  29.24  16513   0.03   0.20
 -2359  41810 397220   1.00   9999   9999   9999   9999  9999   9999  9999   9999   9999   9999   9999
  2359  41810 397220   8.00   9999   9999   9999   9999  9999   9999  9999   9999   9999   9999   9999
 -2359  42820 397321   1.00   9999   9999   9999   9999  9999   9999  9999   9999   9999   9999   9999
  2359  42820 397321  15.00   9999   9999   9999   9999  9999   9999  9999   9999   9999   9999   9999
 -2359  44400 396350   1.00   9999   9999   9999   9999  9999   9999  9999   9999   9999   9999   9999
  2359  44400 396350   7.00   9999   9999   9999   9999  9999   9999  9999   9999   9999   9999   9999
 -2359  45349 396431   1.00   9999   9999   9999   9999  9999   9999  9999   9999   9999   9999   9999
  2359  45349 396431  10.00   9999   9999   9999   9999  9999   9999  9999   9999   9999   9999   9999
 -2359  46250 396900   1.00   9999   9999   9999   9999  9999   9999  9999   9999   9999   9999   9999
  2359  46250 396900   4.00   9999   9999   9999   9999  9999   9999  9999   9999   9999   9999   9999
 -2359  48050 396610   1.00   9999   9999   9999   9999  9999   9999  9999   9999   9999   9999   9999
  2359  48050 396610  15.00   9999   9999   9999   9999  9999   9999  9999   9999   9999   9999   9999
 -2359  49200 395850   1.00   9999   9999   9999   9999  9999   9999  9999   9999   9999   9999   9999
  2359  49200 395850  11.00   9999   9999   9999   9999  9999   9999  9999   9999   9999   9999   9999
 -2359  49755 395917   1.00   9999   9999   9999   9999  9999   9999  9999   9999   9999   9999   9999
  2359  49755 395917   5.00   9999   9999   9999   9999  9999   9999  9999   9999   9999   9999   9999
 -2359  50514 396244   1.00   9999   9999   9999   9999  9999   9999  9999   9999   9999   9999   9999
  2359  50514 396244   9.00   9999   9999   9999   9999  9999   9999  9999   9999   9999   9999   9999
 -2359  51079 396554   1.00   9999   9999   9999   9999  9999   9999  9999   9999   9999   9999   9999
  2359  51079 396554   8.00   9999   9999   9999   9999  9999   9999  9999   9999   9999   9999   9999
