# MEETVAARTUIG : M.S. ARGUS
# MEETDATUM    : 09-08-2011 12:48:15
# MEETGEBIED   :
# STARTPUNT    :
# EINDPUNT     :
# PROJECTCODE  :
# OPDRACHTGEVER:
# BEHEERDER    :
# BEMONST. INST:
# WAARNEMER(S) : G.J.Bakker
#
# meetpunten Z1 Z2 en Z3 gemeten op20110824
#
* 20110809
$ 9999 [0000000000000]
>TIJD      uumm                    
>X         coordinaat              
>Y         coordinaat              
>SENSHTE   Diepte set        m     
>ECHOS     Echoset           mtrs  
>Temp      Temperatuur       oC       : 10.  1.0  11  1
>pH        Zuurgraad         dimsls
>O2        Zuurstof          mg/l  
>%O2       Zuurstof%         %     
>GELBH     Geleidendheid     mS/cm 
>GEL20     Gel20             ???   
>SALNTT    Saliniteit        dimsl 
>CL-       Chloride          mg/l     :12000.  500.  13 500
 -1248  33197 400531   1.02  15.95  18.73   8.02   7.51    96  40.29  4140  29.73  16803
  1248  33195 400546   2.09  15.50  18.72   8.02   7.51    96  40.29  4141  29.74  16807
  1249  33199 400549   3.00  13.85  18.67   7.98   6.80    86  40.35  4152  29.82  16857
  1250  33207 400541   3.99  11.65  18.67   7.97   6.67    85  40.38  4155  29.85  16871
  1251  33190 400541   4.94  13.20  18.65   7.96   6.49    82  40.38  4156  29.86  16880
  1252  33184 400531   6.05  12.70  18.58   7.92   6.13    78  40.41  4166  29.94  16923
  1254  33215 400557   7.03   9.00  18.31   7.83   5.09    64  40.21  4170  29.97  16942
  1255  33214 400556   8.03   8.15  18.29   7.82   5.00    63  40.19  4169  29.96  16941
  1255  33212 400557   9.03   7.40  18.31   7.82   4.97    63  40.20  4169  29.96  16938
  1256  33207 400556  10.05   6.85  18.26   7.81   4.91    62  40.16  4169  29.96  16940
  1257  33195 400547  11.06   6.65  18.24   7.79   4.57    58  40.13  4168  29.95  16934
  1257  33196 400544  12.09   5.60  18.18   7.78   4.58    58  40.11  4171  29.98  16950
  1257  33196 400544  12.99   4.95  18.25   7.78   4.50    57  40.28  4182  30.07  17001
  1258  33194 400546  14.08   4.15  18.34   7.78   4.46    56  40.39  4186  30.09  17016
  1258  33198 400548  15.05   2.75  18.34   7.79   4.53    57  40.41  4188  30.11  17025
  1258  33201 400549  15.99   1.50  18.36   7.79   4.54    58  40.43  4188  30.11  17027
  1259  33205 400548  16.97  36.65  18.35   7.79   4.55    58  40.43  4189  30.12  17031
 -1235  33150 400225   1.06  12.10  18.74   8.03   7.57    96  40.27  4137  29.70  16790
  1235  33147 400233   2.02  27.70  18.73   8.03   7.55    96  40.28  4139  29.72  16798
  1236  33145 400238   3.03   9.65  18.73   8.03   7.51    96  40.25  4136  29.70  16784
  1236  33143 400243   4.07   8.60  18.72   8.02   7.48    95  40.28  4140  29.73  16803
  1237  33153 400246   5.08   8.25  18.67   7.98   6.83    87  40.32  4148  29.80  16843
  1237  33151 400247   6.03   7.10  18.68   7.98   6.82    87  40.37  4153  29.83  16862
  1238  33148 400248   7.00   6.10  18.70   7.96   6.34    81  40.44  4158  29.87  16887
  1239  33147 400240   8.02   5.35  18.67   7.92   5.85    75  40.60  4177  30.03  16976
  1239  33144 400238   9.04   4.15  18.68   7.92   5.78    74  40.65  4182  30.06  16995
  1240  33133 400236  10.00   2.70  18.66   7.90   5.56    71  40.67  4185  30.09  17013
  1241  33131 400237  11.01   1.55  18.64   7.89   5.51    70  40.67  4187  30.11  17022
  1242  33127 400233  12.01   0.50  18.52   7.86   5.01    64  40.55  4186  30.09  17016
 -1204  33901 398862   1.03  18.10  18.59   8.01   7.45    95  40.14  4137  29.71  16791
  1204  33886 398884   2.04  18.00  18.58   8.01   7.44    94  40.12  4136  29.70  16785
  1204  33882 398893   3.04  18.20  18.59   8.01   7.42    94  40.14  4137  29.71  16791
  1205  33881 398899   4.02  18.05  18.59   8.01   7.41    94  40.13  4136  29.70  16786
  1205  33884 398904   5.07  17.50  18.57   8.01   7.42    94  40.10  4135  29.69  16780
  1205  33884 398908   6.03  16.35  18.56   8.01   7.43    94  40.09  4135  29.69  16779
  1205  33885 398911   7.06  15.00  18.56   8.01   7.43    94  40.09  4135  29.69  16779
  1205  33884 398914   7.97  13.85  18.55   8.01   7.42    94  40.08  4135  29.69  16779
  1206  33890 398925   9.06  11.80  18.55   8.00   7.34    93  40.07  4133  29.68  16774
  1206  33892 398928  10.01  10.45  18.53   8.00   7.33    93  40.11  4139  29.72  16802
  1207  33897 398929  11.03   9.00  18.53   7.98   7.12    90  40.15  4144  29.76  16821
  1207  33898 398929  11.98   8.05  18.53   7.98   7.00    89  40.18  4147  29.78  16835
  1208  33899 398920  13.06   7.95  18.56   7.96   6.62    84  40.28  4154  29.84  16870
  1208  33898 398914  14.03   7.65  18.57   7.95   6.38    81  40.31  4156  29.86  16880
  1209  33895 398911  15.00   7.20  18.60   7.94   6.39    81  40.44  4167  29.95  16929
  1210  33888 398894  16.02   7.05  18.61   7.91   5.74    73  40.58  4181  30.05  16992
  1210  33891 398891  17.03   6.10  18.61   7.91   5.74    73  40.57  4180  30.05  16987
  1210  33892 398890  18.02   5.15  18.61   7.91   5.73    73  40.60  4183  30.07  17001
  1211  33901 398882  19.02   4.45  18.62   7.89   5.52    70  40.67  4189  30.12  17030
  1211  33903 398880  20.00   3.55  18.62   7.89   5.48    70  40.69  4191  30.14  17040
  1212  33912 398876  20.97   2.40  18.62   7.88   5.34    68  40.73  4195  30.17  17059
  1212  33915 398876  22.33   0.75  18.60   7.86   5.14    66  40.77  4201  30.22  17087
 -1153  34999 398035   0.98   4.60  18.65   7.99   7.02    89  40.31  4149  29.80  16846
  1154  34997 398042   2.02   3.55  18.65   7.99   7.00    89  40.30  4148  29.79  16842
  1155  35002 398037   2.96   2.65  18.66   7.99   7.00    89  40.32  4149  29.80  16847
  1155  35000 398032   3.99   1.80  18.63   7.96   6.34    81  40.44  4164  29.92  16917
  1156  34998 398030   4.99   0.85  18.63   7.96   6.41    82  40.42  4162  29.91  16907
 -1139  35457 397417   0.98  12.90  18.69   8.01   7.31    93  40.25  4139  29.72  16801
  1139  35447 397424   2.06  13.05  18.70   8.01   7.31    93  40.26  4140  29.73  16802
  1140  35444 397425   3.05  12.50  18.71   8.02   7.31    93  40.27  4140  29.73  16802
  1140  35444 397424   4.00  11.55  18.71   8.02   7.32    93  40.27  4140  29.73  16802
  1140  35444 397425   5.03  10.60  18.71   8.02   7.33    93  40.27  4140  29.73  16802
  1141  35442 397421   6.08   8.75  18.71   7.98   6.50    83  40.46  4159  29.88  16892
  1142  35451 397426   7.01   7.50  18.53   7.89   5.50    70  40.88  4219  30.36  17169
  1143  35468 397424   8.11   4.00  18.51   7.86   4.75    60  40.88  4221  30.38  17178
  1144  35455 397414   8.96   2.45  18.39   7.83   4.48    57  40.85  4229  30.44  17215
  1144  35439 397407   9.95   0.40  18.31   7.82   4.27    54  40.79  4230  30.45  17221
  1146  35447 397417  10.99   2.70  18.23   7.80   4.13    52  40.74  4232  30.47  17231
  1146  35456 397432  12.01   0.55  18.05   7.78   3.66    46  40.58  4232  30.47  17232
 -1129  36152 396859   1.10   5.50  18.89   8.02   7.44    95  40.47  4144  29.76  16822
  1130  36130 396878   2.00   4.85  18.88   8.03   7.44    95  40.46  4144  29.76  16821
  1130  36123 396883   3.02   4.05  18.89   8.02   7.43    95  40.48  4145  29.77  16826
  1131  36114 396887   4.05   2.70  18.88   8.02   7.40    94  40.47  4145  29.77  16826
  1131  36110 396887   5.03   1.45  18.89   8.02   7.39    94  40.50  4147  29.79  16836
  1131  36106 396887   5.93   0.40  18.83   8.01   6.94    89  40.57  4160  29.89  16894
 -1119  36704 395937   1.02   8.05  19.00   8.04   7.63    98  40.62  4150  29.81  16846
  1119  36703 395951   2.06   0.40  18.92   8.04   7.63    98  40.52  4147  29.78  16833
  1120  36708 395955   3.02   0.40  18.93   8.04   7.57    97  40.54  4148  29.79  16838
  1120  36710 395956   4.05   5.20  18.94   8.04   7.57    97  40.54  4147  29.78  16834
  1121  36705 395954   5.01   4.20  18.93   8.02   7.18    92  40.56  4150  29.81  16847
  1122  36702 395947   6.02   3.05  18.80   7.95   7.13    92  41.36  4244  30.56  17282
  1123  36691 395939   7.04   1.80  18.83   7.90   5.19    67  41.41  4246  30.58  17293
  1123  36685 395933   7.96   0.65  18.69   7.88   4.82    62  41.33  4251  30.61  17315
 -1056  37398 393846   1.12  17.25  18.90   8.04   7.51    96  40.41  4137  29.71  16789
  1057  37395 393853   1.99  16.50  18.90   8.04   7.50    96  40.41  4137  29.71  16789
  1058  37402 393850   3.03  15.60  18.95   8.02   7.28    93  40.57  4149  29.80  16844
  1059  37400 393851   4.10  14.60  18.94   8.02   7.26    93  40.54  4147  29.78  16834
  1059  37398 393852   5.01  13.70  18.93   8.02   7.27    93  40.50  4144  29.76  16819
  1059  37396 393853   6.07  12.75  18.93   8.02   7.27    93  40.51  4145  29.77  16824
  1100  37401 393848   7.01  11.85  18.98   8.02   7.19    92  40.66  4156  29.85  16874
  1102  37401 393850   8.13  10.75  18.78   7.89   5.10    65  41.21  4230  30.45  17219
  1102  37402 393849   8.97   9.95  18.74   7.88   5.11    65  41.21  4234  30.48  17237
  1103  37401 393852  10.03   8.95  18.32   7.85   4.43    56  41.11  4262  30.71  17371
  1104  37401 393853  11.06   7.95  18.20   7.84   4.32    55  40.99  4261  30.70  17365
  1104  37399 393855  12.02   7.10  18.17   7.84   4.26    54  40.94  4258  30.68  17354
  1105  37401 393858  13.09   6.00  18.12   7.83   4.18    53  40.89  4258  30.67  17352
  1105  37403 393858  14.08   5.00  18.11   7.83   4.17    53  40.89  4259  30.68  17356
  1106  37405 393857  14.99   4.05  18.06   7.82   4.05    51  40.83  4257  30.67  17349
  1107  37403 393858  16.02   3.10  17.92   7.80   3.74    47  40.69  4255  30.66  17342
  1108  37400 393861  17.04   2.15  17.91   7.79   3.48    44  40.67  4254  30.65  17337
  1109  37400 393850  18.01   1.30  17.88   7.77   3.19    40  40.64  4254  30.64  17336
 -1046  38319 394011   0.99   6.20  18.86   8.04   7.57    97  40.41  4141  29.73  16806
  1047  38302 393981   2.06   4.90  18.89   8.04   7.59    97  40.42  4139  29.72  16798
  1048  38301 393980   3.06   3.90  18.89   8.05   7.59    97  40.43  4140  29.73  16803
  1048  38303 393986   4.02   3.10  18.86   8.04   7.59    97  40.41  4141  29.73  16806
  1048  38304 393989   5.07   2.15  18.85   8.04   7.56    97  40.42  4143  29.75  16815
  1049  38306 393992   6.06   1.20  18.85   8.04   7.52    96  40.43  4144  29.76  16819
  1049  38312 393985   6.81  27.75  18.86   8.03   7.43    95  40.46  4146  29.77  16829
 -1016  40128 396003   1.00  21.60  18.94   8.04   7.66    98  40.57  4150  29.81  16848
  1017  40098 395976   2.11  19.25  18.92   8.04   7.65    98  40.55  4150  29.81  16847
  1019  40115 395962   3.03  17.25  18.92   8.04   7.62    98  40.55  4150  29.81  16847
  1020  40116 395974   4.08  18.15  19.05   8.04   7.67    98  40.75  4158  29.88  16887
  1020  40116 395979   5.06  17.65  18.97   8.04   7.65    98  40.65  4155  29.85  16873
  1021  40119 395982   6.00  16.95  19.08   8.04   7.65    98  40.82  4163  29.91  16907
  1022  40128 395987   7.06  16.15  19.22   8.00   7.13    92  41.37  4206  30.26  17108
  1022  40128 395986   8.06  15.15  19.21   8.00   7.05    91  41.31  4201  30.22  17083
  1023  40128 395984   9.05  14.20  19.24   7.97   6.30    82  41.63  4231  30.46  17222
  1024  40125 395980  10.05  13.15  19.23   7.96   6.29    81  41.65  4234  30.48  17235
  1025  40125 395982  11.06  12.30  19.19   7.95   6.04    78  41.69  4242  30.54  17271
  1026  40128 395985  12.00  11.50  19.06   7.92   5.55    72  41.75  4260  30.69  17356
  1027  40127 395993  13.08  10.35  18.97   7.91   5.39    70  41.73  4266  30.74  17385
  1027  40122 395996  14.04   9.35  18.93   7.90   5.29    68  41.72  4269  30.76  17397
  1029  40125 396000  14.99   8.45  18.75   7.88   4.73    61  41.58  4271  30.78  17409
  1030  40136 396005  16.08   7.35  18.53   7.86   4.57    58  41.43  4276  30.82  17433
  1030  40141 396005  17.03   6.45  18.45   7.86   4.54    58  41.36  4276  30.82  17434
  1031  40150 396006  18.01   5.40  18.47   7.85   4.48    57  41.38  4276  30.82  17435
  1031  40148 396009  19.04   4.40  18.47   7.85   4.45    57  41.38  4276  30.82  17435
  1032  40129 396001  20.07   3.65  18.42   7.84   4.18    53  41.33  4276  30.82  17433
  1032  40128 395995  21.06   2.70  18.45   7.84   4.38    56  41.37  4277  30.83  17439
  1033  40122 395986  22.07   1.75  18.31   7.83   4.10    52  41.24  4276  30.82  17438
  1034  40118 395981  23.00   0.55  18.29   7.83   4.07    52  41.23  4277  30.83  17442
 -1001  41799 397205   0.95   7.35  18.99   8.02   7.38    95  40.69  4158  29.87  16884
  1002  41811 397211   2.11   6.25  18.99   8.02   7.39    95  40.70  4159  29.88  16888
  1002  41809 397207   3.06   5.25  19.02   8.02   7.39    95  40.75  4161  29.90  16899
  1003  41804 397202   4.04   4.60  19.03   8.02   7.41    95  40.77  4162  29.91  16905
  1003  41798 397205   4.99   3.60  19.02   8.01   7.30    94  40.77  4163  29.91  16909
  1004  41793 397207   6.06   2.60  19.03   8.01   7.27    93  40.79  4164  29.92  16914
  1004  41793 397213   7.06   1.75  19.00   8.00   7.16    92  40.85  4173  29.99  16955
  1005  41799 397214   8.06   0.65  19.14   7.99   6.81    88  41.19  4195  30.17  17057
 -0945  42806 397311   0.99   0.40  19.06   8.02   7.35    94  40.83  4166  29.93  16920
  0946  42799 397313   2.06  13.35  19.06   8.02   7.34    94  40.80  4163  29.91  16906
  0946  42794 397315   3.02  12.15  19.06   8.01   7.34    94  40.84  4167  29.94  16925
  0946  42791 397314   4.09  11.20  19.06   8.02   7.34    94  40.84  4167  29.94  16925
  0947  42788 397315   5.11  10.30  19.06   8.02   7.34    94  40.84  4167  29.94  16925
  0947  42786 397314   6.09   9.30  19.07   8.01   7.33    94  40.87  4169  29.96  16935
  0947  42786 397316   7.01   8.45  19.06   8.02   7.30    94  40.86  4169  29.96  16935
  0948  42794 397314   7.98   7.55  19.13   8.01   7.01    90  41.13  4190  30.13  17032
  0949  42797 397317   9.02   6.70  19.12   8.01   7.01    90  41.12  4190  30.13  17032
  0949  42797 397320  10.08   5.55  19.12   8.01   6.99    90  41.19  4197  30.18  17065
  0950  42804 397327  11.09  33.35  19.16   7.99   6.46    83  41.31  4206  30.25  17105
  0951  42827 397307  11.94   4.45  19.19   7.98   6.40    83  41.56  4228  30.44  17210
  0952  42829 397313  12.98   3.65  19.24   7.97   6.31    82  41.77  4245  30.57  17288
  0953  42809 397317  14.01   1.50  19.25   7.95   6.03    78  41.88  4255  30.65  17335
  0953  42810 397317  15.09   0.65  19.25   7.95   5.99    78  41.89  4257  30.66  17340
 -0932  44420 396346   1.03   6.80  18.42   8.03   7.25    92  40.12  4150  29.81  16853
  0933  44379 396345   1.99   5.85  18.28   8.01   6.92    88  39.95  4145  29.77  16830
  0933  44380 396348   3.08   4.90  18.57   8.01   6.92    88  40.43  4169  29.96  16937
  0934  44380 396350   4.06   3.90  18.91   8.01   6.95    89  40.86  4182  30.07  16998
  0934  44382 396350   5.07   2.90  19.10   8.02   7.03    91  41.20  4200  30.21  17078
  0935  44384 396350   6.01   2.05  19.10   8.02   7.04    91  41.25  4205  30.25  17102
  0935  44386 396349   7.00   1.15  19.13   8.02   7.01    90  41.30  4207  30.27  17113
 -0919  45359 396428   0.99  10.05  18.72   8.05   7.31    93  40.49  4161  29.90  16902
  0920  45344 396420   2.02  26.75  18.73   8.05   7.32    94  40.52  4164  29.92  16912
  0920  45334 396417   3.06   7.95  18.74   8.05   7.32    94  40.55  4166  29.94  16922
  0921  45326 396413   4.01   6.80  18.85   8.03   7.19    92  40.75  4176  30.02  16971
  0921  45326 396412   5.00  26.65  18.87   8.02   7.17    92  40.83  4183  30.07  17000
  0922  45336 396408   6.06   4.05  18.93   8.02   7.04    90  40.90  4185  30.08  17008
  0923  45331 396409   7.00  27.00  19.11   8.02   7.21    93  41.20  4199  30.20  17074
  0923  45330 396412   8.03   2.85  19.13   8.02   7.21    93  41.34  4211  30.30  17132
  0924  45336 396418   9.08   2.45  19.14   8.00   6.71    87  41.70  4247  30.59  17297
  0925  45351 396418  10.09  29.20  19.10   7.99   6.51    84  41.84  4265  30.73  17381
  0926  45353 396420  10.97  28.70  19.10   7.99   6.48    84  41.86  4267  30.75  17390
 -0911  46247 396895   0.99  32.45  18.90   8.04   7.45    96  40.95  4192  30.15  17045
  0912  46239 396893   2.08  33.95  18.90   8.04   7.45    96  40.94  4191  30.14  17040
  0912  46236 396890   3.06   2.30  18.90   8.04   7.44    96  40.95  4192  30.15  17045
  0912  46237 396889   3.98   1.35  18.91   8.04   7.43    96  40.95  4192  30.14  17040
 -0852  48052 396610   1.03   2.40  18.67   8.03   7.31    94  40.80  4198  30.19  17071
  0853  48048 396617   2.06  32.00  18.67   8.03   7.29    93  40.77  4195  30.17  17057
  0853  48045 396624   3.07  12.25  18.64   8.02   7.27    93  40.71  4191  30.14  17041
  0854  48044 396627   4.03  11.25  18.65   8.02   7.25    93  40.73  4192  30.15  17046
  0854  48041 396633   5.02  10.25  18.59   8.02   7.19    92  40.76  4201  30.22  17086
  0855  48042 396635   6.08   9.25  18.58   8.01   7.17    92  40.76  4202  30.22  17090
  0856  48062 396629   7.00   8.45  18.56   8.01   7.14    91  40.75  4203  30.23  17094
  0856  48071 396626   8.07   7.45  18.55   8.01   7.10    91  40.73  4202  30.22  17089
  0857  48055 396627   9.07   6.35  18.80   8.02   7.06    91  41.32  4239  30.52  17263
  0857  48049 396628  10.00   5.50  18.90   8.02   7.04    91  41.80  4279  30.85  17449
  0858  48048 396625  10.97   4.65  18.94   8.02   7.02    91  41.94  4290  30.93  17498
  0859  48049 396617  12.02   3.65  18.86   8.00   6.57    85  42.07  4311  31.10  17595
  0859  48052 396615  13.06   2.70  18.86   8.00   6.62    86  42.08  4312  31.11  17600
  0900  48053 396618  14.00   1.70  18.82   7.97   6.19    80  42.21  4329  31.24  17679
  0901  48051 396617  15.06   0.70  18.81   7.95   5.75    74  42.21  4330  31.25  17684
 -0840  49178 395842   1.01  29.30  18.75   8.00   7.07    90  40.56  4166  29.94  16923
  0840  49214 395831   2.02   8.30  18.73   7.99   7.05    90  40.83  4196  30.17  17060
  0841  49225 395837   3.04   7.75  18.73   7.99   6.95    89  40.84  4197  30.18  17065
  0841  49222 395837   4.07   6.90  18.66   7.98   6.93    89  40.79  4198  30.19  17071
  0842  49204 395837   5.03   5.95  18.55   7.96   6.36    81  40.74  4203  30.23  17094
  0842  49199 395837   5.97   5.00  18.45   7.95   6.40    82  40.71  4209  30.28  17122
  0843  49190 395837   7.06   4.05  18.66   7.97   6.65    85  40.87  4206  30.26  17109
  0844  49187 395836   8.06   2.90  18.63   7.97   6.56    84  40.90  4212  30.30  17136
  0844  49188 395834   9.06   1.90  18.70   7.97   6.50    83  41.32  4249  30.60  17306
  0845  49196 395836   9.97   1.15  18.67   7.98   6.56    84  41.43  4263  30.71  17372
 -0817  49762 395926   0.95   2.80  18.40   7.94   6.61    84  41.15  4259  30.68  17355
  0817  49757 395924   2.03   1.90  18.42   7.94   6.60    84  41.40  4283  30.87  17467
  0818  49754 395924   2.99   1.00  18.42   7.94   6.62    85  41.60  4303  31.04  17563
 -0808  50516 396220   1.02   6.30  18.11   7.95   6.92    88  41.80  4353  31.44  17798
  0809  50490 396234   2.08   5.35  18.14   7.95   6.92    88  42.12  4384  31.69  17940
  0809  50490 396234   3.04   4.40  18.14   7.95   6.91    88  42.14  4386  31.71  17949
  0810  50492 396232   4.02   3.50  18.14   7.95   6.90    88  42.14  4386  31.71  17949
  0810  50493 396229   5.03   2.60  18.14   7.95   6.91    88  42.15  4387  31.71  17954
  0810  50496 396228   6.04   1.55  18.14   7.95   6.90    88  42.13  4385  31.70  17944
  0810  50498 396227   7.01   0.60  18.13   7.95   6.90    88  42.13  4386  31.70  17949
 -0800  51076 396533   1.06   3.46  18.05   7.94   6.87    88  42.05  4385  31.70  17946
  0800  51077 396537   1.93   4.40  18.05   7.94   6.86    88  42.05  4385  31.70  17948
  0801  51078 396535   2.99   3.44  18.05   7.94   6.85    87  42.06  4386  31.71  17951
  0801  51078 396533   4.03   2.50  18.05   7.94   6.84    87  42.05  4385  31.70  17946
  0801  51079 396530   5.07   1.54  18.00   7.94   6.85    87  42.00  4384  31.69  17943
  0801  51078 396529   6.05   0.60  18.03   7.94   6.84    87  42.03  4385  31.70  17946
