# code EchoSh    is (nog ? ) niet bekend
# MEETVAARTUIG : M.C. ECOS2
# MEETDATUM    : 15-05-2003 06:53:30
# MEETGEBIED   : VEERSE MEER
# STARTPUNT    : Zandkreek
# EINDPUNT     : Veersedam
# PROJECTCODE  : E7301X
# OPDRACHTGEVER: ZLXXAXAMDBG
# BEHEERDER    : ZLXXRWMVSGN
# BEMONST. INST:
# WAARNEMER(S) : J. Bolle
#
* 20030515
$ 9999 [000000000000]
>TIJD      uumm                    
>X         coordinaat              
>Y         coordinaat              
>SENSHTE   Diepte set        m     
>Echms     Echoset           mtrs  
>EchoSh    nog niet gedefinieerd   
>Temp      Temperatuur       oC                   :6. 1. 11 1.0
>O2        Zuurstof          mg/l  
>%O2       Zuurstof%         %     
>GELBH     Geleidendheid     mS/cm 
>SALNTT    Saliniteit        dimsl 
>CL-       Chloride          mg/l  
 -0704  51170 396548   1.06   4.93  38.60  13.40   7.85    90  35.93  29.93  16939
  0704  51178 396550   2.00   4.00  37.70  13.43   7.86    90  36.02  29.98  16971
  0704  51174 396549   3.07   2.91  38.40  13.54   7.86    90  36.29  30.15  17064
  0705  51172 396547   4.07   1.85  38.00  13.58   7.91    91  36.33  30.16  17072
  0705  51169 396546   5.14   0.81  38.50  13.61   7.95    91  36.41  30.20  17097
 -0711  50543 396244   1.11   6.07  33.60  13.45   7.75    88  36.00  29.95  16953
  0711  50527 396236   2.00   5.12  38.50  13.47   7.75    88  36.08  30.01  16984
  0712  50522 396236   3.05   4.10  34.90  13.50   7.73    88  36.13  30.04  17004
  0712  50519 396236   4.02   3.09  35.90  13.51   7.72    88  36.15  30.05  17008
  0712  50515 396237   4.99  66.91  37.80  13.53   7.70    88  36.20  30.08  17024
 -0653  49739 395940   1.05   2.22  24.80  13.51   7.88    90  36.11  30.01  16987
  0654  49739 395937   2.05  73.76  37.60  13.39   7.92    90  35.98  29.99  16973
  0654  49739 395937   2.99  66.25  38.10  13.49   7.91    90  36.10  30.01  16987
 -0744  49074 395846   1.15  10.49  11.40  14.73   8.91    95  19.65  14.90   8334
  0744  49208 395855   2.08   9.59  11.40  14.78   8.90    95  19.67  14.90   8335
  0745  49205 395852   3.07  67.27  11.50  14.69   8.63    92  19.67  14.93   8353
  0746  49204 395852   4.07   7.57  11.50  14.72   8.60    92  19.69  14.93   8352
  0746  49202 395852   4.98   6.67  11.50  14.70   8.64    92  19.73  14.97   8376
  0748  49197 395849   6.06   5.58  11.60  14.69   7.36    80  24.00  18.55  10407
  0750  49199 395846   7.00   4.58  11.50  14.12   4.59    51  29.41  23.54  13254
  0753  49194 395854   8.02   3.58  11.50  12.05   0.28     3  30.11  25.51  14395
  0754  49191 395849   9.05  70.85  11.60  10.72   0.22     2  29.91  26.25  14821
  0754  49190 395846  10.00  71.59  11.60  10.14   0.21     2  29.75  26.51  14974
  0754  49189 395848  11.12  73.05  11.60   9.04   0.17     2  29.43  27.01  15262
 -0803  48036 396607   1.05  16.54  17.40  14.37   8.54    90  19.28  14.73   8238
  0804  48030 396615   2.05  15.49  17.30  14.51   8.16    87  19.55  14.89   8332
  0805  48029 396618   2.96  14.59  17.30  14.43   8.33    88  19.44  14.84   8303
  0805  48028 396620   4.07  13.45  17.30  14.39   8.29    88  19.51  14.91   8341
  0805  48028 396622   5.02  12.47  17.20  14.44   8.21    87  19.56  14.93   8354
  0807  48031 396615   6.03  11.42  17.30  14.38   7.52    80  20.27  15.55   8707
  0809  48028 396621   7.04  10.42  17.30  14.05   3.63    40  29.64  23.79  13400
  0812  48040 396594   8.07   9.30  17.40  12.26   0.65     7  29.96  25.23  14233
  0813  48041 396595   9.04   8.36  17.30  10.48   0.59     6  29.61  26.13  14753
  0813  48043 396602   9.94   7.46  17.30   9.33   0.32     3  29.33  26.69  15080
  0814  48045 396607  11.03   6.33  17.20   8.66   0.20     2  29.25  27.13  15331
  0814  48046 396610  11.98   5.35  17.30   8.39   0.16     2  29.29  27.37  15470
  0815  48048 396614  13.04   4.28  17.30   8.29   0.26     3  29.32  27.48  15538
  0816  48050 396612  14.04   3.21  17.30   8.23   0.32     3  29.34  27.54  15571
  0816  48053 396608  14.97   2.31  17.30   8.22   0.14     1  29.34  27.55  15575
  0816  48052 396610  16.07  35.21  17.30   8.21   0.11     1  29.34  27.55  15579
  0817  48052 396612  16.93   0.26  17.30   8.21   0.14     1  29.35  27.57  15587
 -0827  46365 396911   1.11   4.88  38.40  14.93   9.87   106  19.67  14.84   8301
  0829  46263 396878   2.02   3.67  37.90  14.85   9.31   100  19.63  14.84   8301
  0829  46257 396878   2.97  71.59  39.60  14.83   9.23    99  19.62  14.83   8299
  0830  46243 396885   3.97  71.59  38.60  14.84   8.80    94  19.66  14.86   8314
  0831  46239 396892   5.00   0.60  37.00  14.81   8.90    95  19.74  14.94   8360
 -0837  45423 396460   1.03  10.25  39.20  14.70   9.62   103  19.53  14.81   8282
  0839  45356 396432   2.09  10.33  29.80  14.55   9.08    97  19.45  14.80   8279
  0840  45354 396432   3.05   9.21  39.80  14.62   9.01    96  19.51  14.82   8292
  0841  45351 396432   4.08   7.77  38.80  14.67   8.64    92  19.58  14.86   8312
  0841  45347 396431   5.03   6.96  36.70  14.81   8.49    91  19.76  14.96   8367
  0843  45352 396429   6.06   5.68  38.00  14.88   5.97    65  22.89  17.54   9830
  0846  45346 396427   7.05   4.72  12.10  14.20   2.17    24  27.03  21.41  12038
  0849  45349 396439   7.98   4.44  38.70  11.46   0.33     3  27.23  23.20  13070
  0850  45346 396440   9.02   3.33  34.60   9.86   0.23     2  27.73  24.72  13946
  0850  45344 396440   9.99   2.12  35.70   9.53   0.19     2  27.77  25.00  14104
  0850  45344 396440  11.00   1.14  38.60   9.17   0.17     2  27.83  25.31  14283
 -0856  44465 396334   1.17   7.16  38.30  14.50   9.84   105  19.37  14.75   8251
  0858  44407 396342   2.02   6.47  36.40  14.51   9.00    96  19.36  14.74   8248
  0859  44403 396344   2.97   5.51  37.10  14.34   8.83    93  19.30  14.76   8256
  0859  44400 396347   4.02   4.41  38.20  14.27   8.67    92  19.29  14.77   8264
  0900  44400 396348   4.97   3.41  36.60  14.26   8.45    89  19.30  14.78   8270
  0902  44404 396347   5.99   2.39  37.90  14.03   7.88    83  19.31  14.88   8326
  0903  44398 396349   7.07   1.26  36.70  14.18   7.25    77  20.43  15.77   8827
  0905  44401 396346   7.87  71.32  37.20  14.61   3.54    39  24.92  19.38  10878
 -0916  42828 397307   1.07  15.45  34.20  14.83   8.79    94  19.57  14.80   8277
  0917  42822 397319   2.07  70.13  34.00  14.77   8.16    87  19.62  14.85   8310
  0918  42825 397320   3.02  71.58  38.90  14.85   8.29    89  19.59  14.80   8278
  0918  42828 397320   3.98  12.89  39.40  14.81   8.43    90  19.57  14.80   8277
  0919  42830 397319   5.03  11.76  37.40  14.81   8.32    89  19.56  14.79   8276
  0920  42831 397318   6.13  10.77  38.80  14.69   8.04    86  19.49  14.78   8266
  0923  42811 397316   7.03   9.31  39.50  14.71   3.87    42  22.91  17.62   9878
  0926  42831 397311   8.05   8.76  34.60  14.46   2.16    24  24.45  19.05  10690
  0928  42815 397338   9.00  73.50  39.60  13.67   0.84     9  24.54  19.52  10959
  0930  42835 397329  10.01   2.14  37.60  13.17   0.83     9  24.53  19.77  11104
  0930  42839 397324  11.06   4.17  37.50  11.10   0.40     4  25.33  21.64  12177
  0931  42831 397322  11.98  75.09  37.90   9.50   0.19     2  26.53  23.78  13407
  0931  42827 397322  13.01   2.64  38.20   9.11   0.15     1  26.76  24.28  13692
  0932  42823 397321  14.07  74.22  37.50   8.90   0.11     1  26.83  24.49  13812
  0932  42817 397321  14.46   0.68  37.00   8.85   1.55    16  26.85  24.55  13846
 -0939  41796 397191   1.12   8.28  38.90  15.06   8.97    96  19.73  14.84   8299
  0940  41808 397200   2.04   7.24  38.10  15.01   8.85    95  19.72  14.84   8304
  0940  41814 397202   3.07   6.35  37.60  14.98   8.47    91  19.70  14.84   8302
  0941  41818 397208   4.01   5.21  35.90  14.91   8.14    87  19.67  14.84   8303
  0942  41814 397217   5.04   3.91  37.90  14.85   7.78    83  19.65  14.85   8308
  0943  41813 397219   6.03  80.79  34.60  14.84   7.78    83  19.94  15.09   8445
  0944  41813 397222   7.03  71.60  36.40  14.69   5.50    59  22.18  17.02   9536
  0947  41809 397215   8.02   0.77   9.00  13.27   1.01    11  23.61  18.91  10613
 -0957  40100 396016   1.00  20.22  39.80  14.98   9.09    98  19.66  14.81   8286
  0958  40112 396005   1.99  22.16  35.20  14.95   8.43    90  19.68  14.84   8302
  0959  40137 396012   3.10  21.10  35.10  14.95   8.20    88  19.69  14.84   8304
  0959  40142 396013   4.00  20.13  37.40  14.93   8.17    88  19.69  14.85   8308
  1000  40151 396014   5.04  18.96  38.60  14.90   8.02    86  19.68  14.86   8312
  1001  40152 396005   6.00  18.01  23.90  14.82   7.61    81  19.66  14.87   8320
  1004  40146 396006   7.02  17.14  24.00  13.93   1.43    15  23.23  18.26  10243
  1005  40144 396007   8.08  16.03  38.40  12.48   0.70     7  23.44  19.15  10752
  1006  40146 396009   9.05  14.99  24.00  11.40   0.37     4  23.72  19.97  11223
  1006  40147 396010  10.04  13.94  24.00   9.17   0.23     2  25.78  23.26  13109
  1007  40147 396011  11.06  12.87  24.00   8.85   0.16     2  26.19  23.88  13464
  1007  40147 396012  12.02  11.89  24.00   8.51   0.15     1  26.35  24.28  13691
  1007  40148 396011  13.06  10.77  38.90   8.47   0.15     2  26.41  24.36  13739
  1007  40148 396012  14.12   9.70  38.00   8.30   0.17     2  26.52  24.59  13872
  1008  40148 396012  15.00   8.80  39.70   8.19   0.17     2  26.58  24.73  13954
  1008  40149 396012  15.97   7.83  39.50   8.13   0.25     2  26.63  24.82  14003
  1008  40149 396012  17.05   6.73  36.00   8.11   0.28     3  26.64  24.85  14023
  1008  40150 396012  18.00   5.75  36.90   8.08   0.32     3  26.66  24.89  14046
  1009  40150 396011  18.99   4.73  35.90   8.06   0.33     3  26.68  24.92  14064
  1010  40145 396011  20.09   3.63  24.00   8.03   0.26     3  26.68  24.95  14082
  1010  40142 396011  21.10   2.68  36.80   8.02   0.20     2  26.69  24.96  14085
  1010  40141 396011  22.02   1.75  37.70   8.02   0.17     2  26.68  24.96  14084
  1010  40141 396010  23.03   0.64  37.50   8.01   0.15     2  26.68  24.96  14087
 -1024  38307 394000   1.02   6.74  36.00  15.49  10.06   109  19.88  14.80   8276
  1026  38328 393995   2.02   4.95   7.30  14.87   8.90    95  19.54  14.75   8252
  1027  38320 393996   3.08   4.11   7.70  14.90   8.54    91  19.56  14.76   8255
  1028  38319 393996   4.05   3.17   7.70  14.85   8.58    92  19.54  14.76   8256
  1028  38320 393998   5.07  93.48   7.80  14.77   8.42    90  19.48  14.74   8247
  1030  38325 393999   5.99  80.07   7.80  14.33   7.47    79  19.56  14.98   8380
  1033  38310 394008   7.05   0.77   8.40  13.32   1.12    12  22.44  17.86  10016
 -1039  37409 393866   1.06  18.81  37.70  15.17   9.97   107  19.66  14.74   8244
  1040  37397 393847   2.02  17.72  38.60  14.69   8.43    90  19.42  14.72   8237
  1041  37394 393848   3.07  16.55  38.10  14.69   8.21    88  19.42  14.72   8237
  1041  37394 393849   3.98  15.67  37.10  14.71   8.22    88  19.42  14.72   8232
  1041  37394 393849   5.03  14.57  39.60  14.65   8.22    88  19.40  14.72   8234
  1043  37401 393856   6.03  13.74  19.40  14.45   5.61    60  20.46  15.68   8777
  1046  37395 393847   7.06  12.41  19.70  12.67   0.58     6  22.35  18.09  10147
  1046  37392 393847   8.09  11.34  19.70  11.14   0.32     3  23.12  19.55  10984
  1047  37392 393846   9.08  10.29  19.70   8.83   0.21     2  24.53  22.24  12523
  1048  37401 393848  10.01   9.63  19.70   8.44   0.32     3  24.82  22.77  12829
  1049  37402 393854  11.04   8.61  19.40   8.23   0.85     8  24.96  23.05  12989
  1050  37403 393854  12.06   7.52  19.30   8.14   1.19    12  24.97  23.12  13030
  1051  37400 393851  13.00   6.56  19.30   8.04   1.20    12  25.01  23.23  13091
  1051  37398 393845  14.02   5.38  19.60   8.02   0.87     8  25.02  23.25  13105
  1053  37388 393852  15.05   4.34  19.80   8.01   0.30     3  25.02  23.26  13107
  1053  37386 393854  16.10   3.24  19.80   7.99   0.27     3  25.01  23.26  13112
  1054  37386 393854  17.01   2.21  19.80   7.99   0.12     1  25.01  23.27  13114
  1054  37387 393852  17.97   1.31  19.70   7.99   0.11     1  25.02  23.27  13115
  1054  37390 393848  18.73   0.45  19.70   7.97   0.06     1  25.01  23.27  13117
 -1107  36698 395942   1.04   8.55  38.50  15.14   9.77   105  19.62  14.72   8232
  1108  36700 395940   2.00   7.60  35.40  14.90   9.03    97  19.55  14.75   8252
  1109  36703 395932   2.96   6.42  39.20  14.80   8.51    91  19.54  14.78   8267
  1110  36701 395939   4.07  70.88  29.10  14.79   8.28    88  19.60  14.83   8297
  1111  36699 395940   4.99   4.51  38.00  14.67   7.57    81  19.63  14.91   8341
  1113  36694 395938   6.06   3.23  31.30  14.22   3.33    36  21.25  16.44   9208
  1115  36694 395930   7.10   1.81  39.00  12.61   0.52     5  22.02  17.83   9998
  1116  36695 395938   7.93  73.32  39.80  10.61   0.37     4  23.36  20.06  11274
  1116  36699 395942   8.77  66.23  34.90   9.97   0.24     2  23.63  20.68  11628
 -1123  36317 396706   1.04   5.84  27.10  15.11  10.88   117  19.66  14.76   8258
  1125  36111 396894   2.03   4.76  35.60  14.88   8.59    92  19.52  14.73   8240
  1126  36114 396888   3.00   3.87  38.00  14.26   9.22    98  19.50  14.95   8366
  1127  36121 396873   4.10   2.50   7.90  14.21   8.77    93  19.28  14.78   8271
  1129  36129 396885   5.01   2.63   7.50  14.41   8.06    86  20.17  15.45   8647
  1130  36136 396874   5.93   1.08   8.20  14.77   7.17    77  21.69  16.58   9286
 -1137  35476 397391   1.12   9.79  38.00  14.95  10.57   113  19.60  14.78   8266
  1138  35449 397423   2.05  12.92  36.00  15.23  10.47   113  19.73  14.78   8265
  1138  35448 397422   3.07  11.42  37.80  14.98  10.34   111  19.62  14.78   8268
  1140  35450 397425   4.02  11.83  38.80  14.42   9.12    97  19.38  14.79   8276
  1141  35449 397425   4.96  11.09  37.50  14.30   8.46    90  19.36  14.82   8291
  1143  35448 397424   6.07   9.70  38.90  14.47   4.21    45  23.07  17.87  10018
  1146  35445 397419   7.01   6.18  39.40  13.52   1.98    21  23.56  18.74  10518
  1148  35440 397427   8.00   8.23  37.60   9.56   0.47     5  22.77  20.08  11290
  1148  35444 397426   9.07   7.11  37.80   8.68   0.33     3  22.92  20.74  11664
  1148  35447 397425  10.12   5.92  39.30   8.30   0.21     2  22.96  21.00  11812
  1149  35448 397423  11.00   8.87  37.20   8.22   0.15     1  22.98  21.06  11848
  1149  35449 397422  12.05   2.63  38.00   8.16   0.12     1  23.00  21.12  11883
  1149  35450 397421  13.08   1.24  39.40   8.13   0.11     1  22.99  21.13  11889
  1149  35449 397421  14.08   0.53  37.20   8.13   0.08     1  22.99  21.13  11890
 -1158  35006 398011   1.05   5.30  38.90  14.95  10.74   115  19.60  14.77   8262
  1201  34997 398042   2.02   4.18   5.90  14.40   8.09    86  19.44  14.85   8308
  1201  34996 398041   3.04   3.18   5.90  14.47   8.34    89  19.46  14.84   8301
  1202  34995 398042   3.97   2.20   5.90  14.29   8.30    88  19.43  14.88   8326
  1204  35015 398039   5.00   0.68   5.60  14.34   5.44    58  20.23  15.53   8695
 -1212  33969 398807   1.09  21.43  38.20  14.87   9.78   105  19.64  14.83   8297
  1212  33915 398850   2.06  20.50  34.80  14.77   9.78   104  19.59  14.83   8298
  1214  33880 398879   3.95  13.05  38.50  14.59   8.54    91  19.54  14.86   8312
  1214  33876 398892   3.99  14.91  23.60  14.47   8.81    94  19.48  14.86   8311
  1216  33881 398897   5.03  17.27  39.30  14.45   7.05    75  19.84  15.16   8482
  1217  33885 398891   6.04  15.59  35.90  14.50   6.06    65  19.97  15.25   8532
  1219  33882 398897   7.09  15.67  23.10  14.61   3.80    41  20.40  15.56   8712
  1220  33883 398896   8.10  14.66  38.30  14.66   3.44    37  20.70  15.79   8841
  1221  33884 398896   9.01  13.79  39.80  14.67   3.27    35  20.95  16.00   8958
  1221  33884 398895  10.01  12.72  39.80  14.68   3.30    36  21.00  16.04   8981
  1221  33885 398894  11.00  11.47  39.00  14.64   3.30    35  21.09  16.13   9032
  1221  33885 398893  11.99  10.37  32.60  14.62   3.32    36  21.13  16.17   9057
  1222  33885 398890  13.02   8.26  39.50  12.88   3.09    32  20.81  16.64   9325
  1224  33885 398896  14.02   8.90  33.70  10.18   0.49     5  19.65  16.81   9426
  1225  33887 398896  15.03   8.33  37.50   9.52   0.33     3  19.56  17.03   9551
  1225  33889 398897  16.05   7.51  39.00   9.22   0.23     2  19.53  17.15   9619
  1225  33891 398897  17.16   6.36  37.20   8.94   0.16     2  19.49  17.25   9674
  1226  33892 398897  18.05   5.46  38.00   8.82   0.13     1  19.48  17.29   9700
  1226  33892 398897  18.96   4.52  38.70   8.56   0.10     1  19.70  17.63   9894
  1226  33889 398898  20.00   3.47  39.30   8.48   0.07     1  20.01  17.97  10087
  1227  33887 398897  21.22  69.11  36.90   8.47   0.06     1  20.16  18.13  10176
  1227  33887 398897  21.96  74.91  37.90   8.47   0.05     0  20.20  18.17  10200
 -1238  33143 400244   1.05  12.27  33.80  15.50  11.05   120  19.93  14.84   8298
  1238  33139 400242   2.11  11.21  36.90  15.36  11.07   120  19.87  14.84   8300
  1242  33138 400240   3.08  10.09  33.10  14.44   6.91    73  19.60  14.97   8375
  1243  33136 400237   4.02   9.04  38.10  14.48   6.64    71  19.64  14.98   8381
  1245  33135 400236   4.99   7.98  37.40  14.47   3.76    40  19.91  15.22   8515
  1247  33136 400248   6.05   6.92  39.60  14.52   2.87    31  20.15  15.40   8617
  1248  33138 400239   7.01   6.04  13.50  14.40   1.71    18  20.48  15.72   8798
  1249  33139 400236   8.02   5.07  13.60  14.25   1.41    15  20.47  15.77   8829
  1250  33141 400238   9.05   4.13  13.50  14.08   0.85     9  20.71  16.04   8985
  1251  33142 400242   9.96   3.18  13.70  14.48   1.42    15  21.16  16.25   9102
  1252  33143 400238  11.04   9.86  28.80  14.42   1.57    17  21.24  16.35   9155
  1252  33143 400237  11.94  59.35  38.60  14.03   1.41    15  21.00  16.31   9137
  1253  33141 400243  12.69  74.27  34.70  13.12   0.82     9  20.58  16.34   9151
 -1257  33187 400530   0.98  18.71  38.40  15.85  11.50   126  20.12  14.86   8309
  1259  33195 400546   2.08  72.07  34.40  15.54   8.19    89  19.88  14.78   8269
  1300  33195 400547   3.07  16.12  33.00  15.25   9.05    98  19.80  14.83   8293
  1301  33198 400553   3.99  14.84  18.30  14.36   7.31    78  19.59  14.99   8385
  1303  33202 400552   5.03  13.34  38.90  14.51   3.85    41  20.06  15.33   8577
  1303  33199 400550   5.99  12.67  38.00  14.58   3.88    41  20.02  15.26   8539
  1305  33197 400555   7.04  11.83  39.40  14.08   2.03    22  20.33  15.72   8801
  1306  33201 400547   8.13  10.23  38.50  13.70   0.67     7  20.34  15.88   8895
  1307  33203 400547   9.04   9.05  37.80  13.80   0.40     4  20.44  15.93   8918
  1307  33203 400547  10.09   7.92  37.50  14.02   0.41     4  20.78  16.12   9029
  1308  33202 400546  11.02   7.14  37.40  13.82   0.71     8  20.92  16.33   9144
  1308  33200 400546  12.06   6.15  37.70  13.51   0.73     8  20.82  16.37   9172
  1309  33199 400552  13.08   5.50  36.60  12.38   0.43     4  20.21  16.33   9149
  1309  33198 400556  14.02   4.74  30.40  10.22   0.28     3  19.75  16.88   9463
  1309  33197 400558  15.02   3.70  36.70   9.10   0.19     2  19.87  17.53   9832
  1310  33197 400558  15.99   2.70  37.00   8.76   0.12     1  20.17  17.99  10096
  1310  33197 400559  16.99  74.32  31.40   8.72   0.12     1  22.47  20.27  11395
  1310  33197 400559  18.03   0.63  38.10   8.73   0.09     1  27.69  25.47  14378
