# MEETVAARTUIG :
# MEETDATUM    : 2018-06-05 00:00:00
# MEETGEBIED   : VEERSE MEER
# STARTPUNT    : Veersemeer
# EINDPUNT     : Veersemeer
# PROJECTCODE  : E7301X
# OPDRACHTGEVER: ZLXXAXAMDBG
# BEHEERDER    : ZLXXRWMVSGN
# BEMONST. INST:
# WAARNEMER(S) : K. de Vlaam
#
* 20180605
$ 9999 [000000000000000]
>TIJD      uumm                    
>X         coordinaat              
>Y         coordinaat              
>SENSHTE   Diepte set        m     
>Echms     Echoset           mtrs  
>Temp      Temperatuur       oC    
>pH        Zuurgraad         dimsls
>O2        Zuurstof          mg/l  
>%O2       Zuurstof%         %     
>GELBH     Geleidendheid     mS/cm 
>GEL20     Gel20             ???   
>SALNTT    Saliniteit        dimsl 
>CL-       Chloride          mg/l  
>CHFLYSI   Chlorofyl         ugr/l 
>TURBID    Troebelheid       NTU   
 -2359  33200 400550   1.00   9999   9999   9999   9999  9999   9999  9999   9999   9999   9999   9999
  2359  33200 400550  17.00   9999   9999   9999   9999  9999   9999  9999   9999   9999   9999   9999
 -2359  33140 400240   1.00   9999   9999   9999   9999  9999   9999  9999   9999   9999   9999   9999
  2359  33140 400240  13.00   9999   9999   9999   9999  9999   9999  9999   9999   9999   9999   9999
 -2359  33887 398893   1.00   9999   9999   9999   9999  9999   9999  9999   9999   9999   9999   9999
  2359  33887 398893  22.00   9999   9999   9999   9999  9999   9999  9999   9999   9999   9999   9999
 -2359  35010 398040   1.00   9999   9999   9999   9999  9999   9999  9999   9999   9999   9999   9999
  2359  35010 398040   5.00   9999   9999   9999   9999  9999   9999  9999   9999   9999   9999   9999
 -2359  35445 397423   1.00   9999   9999   9999   9999  9999   9999  9999   9999   9999   9999   9999
  2359  35445 397423  15.00   9999   9999   9999   9999  9999   9999  9999   9999   9999   9999   9999
 -2359  36140 396880   1.00   9999   9999   9999   9999  9999   9999  9999   9999   9999   9999   9999
  2359  36140 396880   6.00   9999   9999   9999   9999  9999   9999  9999   9999   9999   9999   9999
 -2359  36700 395940   1.00   9999   9999   9999   9999  9999   9999  9999   9999   9999   9999   9999
  2359  36700 395940   8.00   9999   9999   9999   9999  9999   9999  9999   9999   9999   9999   9999
 -2359  37397 393849   1.00   9999   9999   9999   9999  9999   9999  9999   9999   9999   9999   9999
  2359  37397 393849  18.00   9999   9999   9999   9999  9999   9999  9999   9999   9999   9999   9999
 -2359  38320 394000   1.00   9999   9999   9999   9999  9999   9999  9999   9999   9999   9999   9999
  2359  38320 394000   6.00   9999   9999   9999   9999  9999   9999  9999   9999   9999   9999   9999
 -0856  40119 395976   1.03  22.22  20.16   8.22   7.17    92  37.95  3782  26.88  15156   3.40   0.90
  0856  40106 395965   2.00  20.30  20.25   8.21   6.74    87  37.82  3762  26.72  15065   2.70   0.80
  0857  40120 395967   2.94  20.27  20.15   8.20   6.74    87  38.00  3788  26.93  15183   2.60   0.80
  0858  40128 395994   3.96  19.64  19.71   8.16   5.58    72  38.59  3883  27.68  15617   1.80   0.60
  0900  40100 395975   5.02  18.08  18.77   8.12   4.38    56  39.86  4092  29.35  16583   0.50   0.30
  0901  40124 395973   6.03  17.83  18.47   8.09   3.54    45  39.78  4111  29.50  16669   0.20   0.10
  0902  40123 395973   6.96  17.05  17.60   8.10   3.52    44  39.33  4142  29.75  16820   0.20   0.10
  0903  40123 395983   8.00  15.91  17.13   8.10   3.49    43  38.90  4140  29.73  16810   0.10   0.20
  0903  40124 395985   8.93  15.25  16.79   8.10   3.45    42  38.59  4138  29.72  16804  -0.10   0.10
  0903  40116 395984   9.98  14.19  16.17   8.10   3.38    41  38.03  4135  29.69  16793   0.10   0.20
  0904  40120 395992  11.00  12.83  15.13   8.10   3.16    38  37.09  4129  29.65  16771   0.00   0.10
  0905  40115 395985  11.95  11.98  15.06   8.10   3.11    37  37.03  4129  29.65  16771   0.00   0.10
  0905  40123 395980  12.98  10.93  14.87   8.09   3.05    36  36.86  4128  29.64  16767   0.10   0.10
  0905  40123 395979  13.98   9.90  14.67   8.09   3.01    36  36.67  4125  29.62  16757   0.10   0.20
  0906  40119 395978  15.02   8.83  14.53   8.10   2.98    35  36.54  4124  29.61  16752   0.10   0.20
  0906  40116 395974  15.98   7.79  14.45   8.10   2.91    34  36.48  4125  29.62  16756   0.00   0.20
  0907  40117 395964  17.03   6.03  14.37   8.09   2.85    33  36.41  4125  29.62  16755   0.00   0.30
  0907  40123 395962  17.99   4.59  14.36   8.09   2.82    33  36.39  4123  29.61  16749   0.10   0.30
  0907  40130 395965  18.99   4.21  14.35   8.09   2.78    33  36.39  4124  29.61  16754   0.00   0.30
  0908  40129 395974  19.98   3.73  14.32   8.09   2.75    32  36.36  4124  29.61  16751   0.00   0.30
  0908  40130 395975  20.93   3.14  14.31   8.09   2.72    32  36.36  4125  29.62  16756  -0.10   0.30
  0908  40126 395973  22.00   2.05  14.29   8.09   2.70    32  36.34  4124  29.62  16754   0.00   0.30
  0909  40121 395973  23.00   0.91  14.28   8.09   2.67    31  36.33  4124  29.61  16754   0.00   0.50
 -2359  41810 397220   1.00   9999   9999   9999   9999  9999   9999  9999   9999   9999   9999   9999
  2359  41810 397220   8.00   9999   9999   9999   9999  9999   9999  9999   9999   9999   9999   9999
 -2359  42820 397321   1.00   9999   9999   9999   9999  9999   9999  9999   9999   9999   9999   9999
  2359  42820 397321  15.00   9999   9999   9999   9999  9999   9999  9999   9999   9999   9999   9999
 -2359  44400 396350   1.00   9999   9999   9999   9999  9999   9999  9999   9999   9999   9999   9999
  2359  44400 396350   7.00   9999   9999   9999   9999  9999   9999  9999   9999   9999   9999   9999
 -2359  45349 396431   1.00   9999   9999   9999   9999  9999   9999  9999   9999   9999   9999   9999
  2359  45349 396431  10.00   9999   9999   9999   9999  9999   9999  9999   9999   9999   9999   9999
 -2359  46250 396900   1.00   9999   9999   9999   9999  9999   9999  9999   9999   9999   9999   9999
  2359  46250 396900   4.00   9999   9999   9999   9999  9999   9999  9999   9999   9999   9999   9999
 -2359  48050 396610   1.00   9999   9999   9999   9999  9999   9999  9999   9999   9999   9999   9999
  2359  48050 396610  15.00   9999   9999   9999   9999  9999   9999  9999   9999   9999   9999   9999
 -2359  49200 395850   1.00   9999   9999   9999   9999  9999   9999  9999   9999   9999   9999   9999
  2359  49200 395850  11.00   9999   9999   9999   9999  9999   9999  9999   9999   9999   9999   9999
 -2359  49755 395917   1.00   9999   9999   9999   9999  9999   9999  9999   9999   9999   9999   9999
  2359  49755 395917   5.00   9999   9999   9999   9999  9999   9999  9999   9999   9999   9999   9999
 -2359  50514 396244   1.00   9999   9999   9999   9999  9999   9999  9999   9999   9999   9999   9999
  2359  50514 396244   9.00   9999   9999   9999   9999  9999   9999  9999   9999   9999   9999   9999
 -2359  51079 396554   1.00   9999   9999   9999   9999  9999   9999  9999   9999   9999   9999   9999
  2359  51079 396554   8.00   9999   9999   9999   9999  9999   9999  9999   9999   9999   9999   9999
