# MEETVAARTUIG : M.C.ECOS 6 VERTIKAAL
# MEETDATUM    : 08-01-2024 13:46:06
# MEETGEBIED   :
# STARTPUNT    :
# EINDPUNT     :
# PROJECTCODE  :
# OPDRACHTGEVER:
# BEHEERDER    :
# BEMONST. INST:
# WAARNEMER(S) : bernaards
#
* 20240108
$ 9999 [000000000000000]
>TIJD      uumm                    
>X         coordinaat              
>Y         coordinaat              
>SENSHTE   Diepte set        m     
>Echms     Echoset           mtrs  
>Temp      Temperatuur       oC    
>pH        Zuurgraad         dimsls
>O2        Zuurstof          mg/l  
>%O2       Zuurstof%         %     
>GELBH     Geleidendheid     mS/cm 
>GEL20     Gel20             ???   
>SALNTT    Saliniteit        dimsl 
>CL-       Chloride          mg/l  
>CHFLYSI   Chlorofyl         ugr/l 
>TURBID    Troebelheid       NTU   
 -1346  33200 400550   1.14  11.91   5.26   8.08  10.80    96  21.13  3005  20.95  11787   0.63   1.54
  1346  33200 400550   2.07  16.91   5.25   8.09  10.80    96  21.15  3009  20.98  11805   0.64   1.63
  1346  33200 400550   3.00  16.29   5.24   8.09  10.80    96  21.17  3012  21.00  11819   0.62   1.56
  1347  33200 400550   3.96  14.88   5.25   8.09  10.80    96  21.22  3019  21.06  11849   0.68   1.47
  1347  33200 400550   4.99  11.26   5.23   8.09  10.80    96  21.37  3041  21.22  11944   0.65   1.50
  1348  33200 400550   6.03  10.16   5.60   8.09  10.70    96  21.94  3091  21.60  12162   0.54   1.08
  1348  33200 400550   6.98   9.25   5.95   8.08  10.50    96  22.43  3132  21.91  12337   0.51   0.88
  1349  33200 400550   8.06   8.19   7.16   8.06  10.20    97  23.94  3238  22.71  12796   0.36   0.44
  1349  33200 400550   8.95   7.14   7.31   8.06  10.00    95  24.10  3247  22.78  12837   0.40   0.46
  1349  33200 400550  10.02   6.45   7.49   8.06   9.95    95  24.27  3254  22.84  12867   0.36   0.48
  1350  33200 400550  10.96   5.44   7.52   8.06   9.90    94  24.31  3257  22.85  12877   0.37   0.41
  1350  33200 400550  11.80   4.64   7.53   8.06   9.86    94  24.32  3257  22.86  12879   0.35   0.40
  1350  33200 400550  12.89   4.56   7.58   8.06   9.84    94  24.37  3260  22.88  12890   0.36   0.46
  1351  33200 400550  14.18   3.84   7.61   8.06   9.80    93  24.41  3263  22.90  12903   0.35   0.43
  1351  33200 400550  15.09   2.85   7.86   7.90   8.41    81  25.62  3403  23.98  13522   0.37   0.55
  1352  33200 400550  14.63   0.78   7.81   7.76   6.56    63  25.60  3404  23.99  13528   0.32   0.52
 -1337  33140 400240   1.00  10.91   5.16   8.08  10.80    96  20.75  2958  20.59  11583   0.65   1.81
  1338  33140 400240   1.94   9.83   5.15   8.08  10.80    96  20.72  2956  20.57  11575   0.71   1.78
  1338  33140 400240   2.89   9.15   5.16   8.08  10.80    96  20.73  2956  20.57  11574   0.72   1.77
  1339  33140 400240   4.08   8.36   5.19   8.08  10.70    96  20.77  2959  20.60  11589   0.67   1.73
  1340  33140 400240   5.05   6.64   6.06   8.07  10.60    97  22.22  3094  21.62  12170   0.52   1.14
  1340  33140 400240   6.02   5.60   5.79   8.07  10.70    97  21.82  3060  21.36  12023   0.59   1.33
  1340  33140 400240   7.00   5.45   6.04   8.08  10.30    94  22.34  3111  21.75  12247   0.47   1.09
  1341  33140 400240   8.05   4.09   7.15   8.07  10.10    95  23.93  3237  22.70  12791   0.40   0.42
  1341  33140 400240   9.05   2.93   7.17   8.07  10.00    95  23.95  3239  22.72  12800   0.37   0.55
  1341  33140 400240  10.05   1.81   7.19   8.07  10.00    95  23.99  3241  22.74  12809   0.34   0.57
  1342  33140 400240  11.01   0.88   7.23   8.07  10.00    95  24.03  3244  22.76  12823   0.34   0.43
 -1401  33887 398893   0.93   0.75   4.85   8.08  10.90    96  19.21  2763  19.11  10741   0.73   2.25
  1401  33887 398893   1.96   0.78   4.86   8.08  10.90    96  19.31  2776  19.21  10797   0.72   2.91
  1402  33887 398893   3.04  21.18   4.76   8.08  11.00    96  19.18  2765  19.14  10753   0.85   2.59
  1402  33887 398893   4.00  19.89   4.64   8.09  11.00    96  19.23  2782  19.26  10826   0.78   2.88
  1403  33887 398893   5.01  17.56   5.95   8.06  10.60    96  21.61  3016  21.03  11832   0.50   1.15
  1403  33887 398893   5.99  10.50   7.20   8.06  10.20    96  23.75  3208  22.48  12666   0.42   0.59
  1404  33887 398893   7.01  17.13   7.26   8.06  10.10    96  23.93  3227  22.63  12748   0.43   0.46
  1404  33887 398893   8.02  16.18   7.25   8.07  10.00    95  24.00  3238  22.71  12797   0.40   0.57
  1404  33887 398893   9.00  14.98   7.34   8.06  10.00    95  24.09  3242  22.75  12816   0.39   0.50
  1405  33887 398893  10.05  13.85   7.39   8.06   9.96    95  24.18  3249  22.80  12846   0.38   0.53
  1405  33887 398893  11.06  12.94   7.53   8.06   9.88    94  24.31  3255  22.85  12872   0.35   0.52
  1405  33887 398893  12.06  11.30   7.70   8.05   9.78    94  24.46  3262  22.89  12899   0.35   0.50
  1406  33887 398893  13.01   0.00   7.71   8.05   9.69    93  24.50  3267  22.93  12921   0.31   0.51
  1406  33887 398893  13.96   9.85   7.92   8.04   9.61    92  24.65  3269  22.94  12927   0.32   0.45
  1407  33887 398893  14.97   8.40   8.18   8.00   9.09    88  25.22  3321  23.35  13159   0.31   0.48
  1407  33887 398893  15.97   7.88   8.21   7.89   8.22    80  26.14  3440  24.27  13685   0.28   0.53
  1409  33887 398893  16.99   6.85   8.07   7.67   6.00    59  27.13  3584  25.38  14329   0.22   0.62
  1409  33887 398893  18.08   5.75   7.98   7.67   5.91    58  27.17  3597  25.48  14387   0.26   0.61
  1410  33887 398893  19.05   4.71   7.97   7.66   5.80    57  27.19  3601  25.52  14405   0.25   0.67
  1410  33887 398893  20.00   3.20   7.98   7.65   5.63    55  27.22  3603  25.54  14417   0.26   0.84
  1411  33887 398893  20.94   1.40   7.98   7.65   5.57    55  27.22  3604  25.54  14420   0.27   0.88
  1411  33887 398893  21.89  18.17   8.00   7.64   5.49    54  27.25  3605  25.55  14424   0.27   1.32
 -1419  35010 398040   1.07   5.09   5.04   8.07  10.80    95  19.37  2771  19.18  10777   0.76   1.89
  1419  35010 398040   2.06   3.96   5.70   8.05  10.60    96  21.02  2954  20.55  11561   0.62   1.47
  1420  35010 398040   2.99   2.99   6.41   8.06  10.30    95  22.24  3067  21.41  12051   0.50   1.08
  1420  35010 398040   4.06   1.50   7.43   8.05  10.00    95  24.05  3229  22.64  12755   0.42   0.60
  1421  35010 398040   4.96   0.75   7.51   8.05   9.88    94  24.18  3241  22.73  12808   0.38   0.53
 -1427  35445 397423   1.04  14.70   5.12   8.07  10.70    95  19.55  2790  19.32  10858   0.73   1.64
  1427  35445 397423   2.17  14.14   5.13   8.07  10.70    95  19.55  2790  19.32  10857   0.67   1.64
  1427  35445 397423   2.90  13.78   5.15   8.07  10.70    95  19.57  2792  19.33  10864   0.71   1.74
  1428  35445 397423   3.99  12.74   5.61   8.07  10.50    94  20.88  2941  20.46  11508   0.62   1.33
  1428  35445 397423   5.01   8.71   6.77   8.05  10.20    95  23.08  3153  22.06  12425   0.45   0.73
  1429  35445 397423   5.95   6.93   7.21   8.05  10.00    95  23.65  3193  22.37  12599   0.39   0.68
  1429  35445 397423   7.08   5.64   7.32   8.06   9.95    94  23.87  3215  22.54  12695   0.39   0.51
  1430  35445 397423   8.05   5.16   7.37   8.06   9.91    94  23.98  3225  22.61  12739   0.40   0.63
  1430  35445 397423   9.08   4.71   7.37   8.06   9.90    94  23.98  3224  22.61  12736   0.35   0.51
  1430  35445 397423  10.01   4.35   7.38   8.06   9.89    94  24.00  3227  22.62  12745   0.36   0.55
  1431  35445 397423  11.02   3.94   7.42   8.06   9.88    94  24.06  3231  22.66  12764   0.39   0.51
  1431  35445 397423  11.99   4.00   7.44   8.07   9.87    94  24.10  3235  22.69  12783   0.42   0.56
  1431  35445 397423  12.90   3.28   7.45   8.07   9.86    94  24.11  3236  22.70  12786   0.42   0.54
  1431  35445 397423  13.99   2.43   7.47   8.07   9.85    94  24.12  3236  22.70  12787   0.42   0.62
  1432  35445 397423  15.19   0.85   7.47   8.07   9.84    94  24.14  3238  22.71  12794   0.36   0.62
 -1438  36140 396880   1.05   6.29   4.96   8.07  10.80    95  18.79  2694  18.60  10447   0.81   2.54
  1438  36140 396880   1.98   5.08   4.99   8.07  10.80    95  18.81  2695  18.60  10449   0.83   2.51
  1439  36140 396880   3.02   3.89   5.04   8.07  10.80    95  19.17  2743  18.96  10655   0.72   1.90
  1440  36140 396880   3.97   2.84   6.93   8.05  10.00    94  23.31  3172  22.21  12507   0.44   0.75
  1440  36140 396880   4.94   1.78   7.38   8.05   9.95    94  23.92  3217  22.55  12702   0.39   0.61
  1440  36140 396880   5.96   0.88   7.41   8.05   9.89    94  23.97  3220  22.57  12716   0.38   0.69
 -1447  36700 395940   1.11   8.30   5.16   8.06  10.70    94  19.53  2786  19.28  10838   0.61   1.62
  1447  36700 395940   2.13   0.75   5.18   8.06  10.70    94  19.54  2784  19.27  10832   0.60   1.58
  1448  36700 395940   3.07   0.75   6.36   8.05  10.40    96  21.64  2988  20.80  11705   0.48   1.00
  1448  36700 395940   4.07   5.24   6.77   8.05  10.10    94  22.56  3082  21.52  12113   0.44   0.97
  1450  36700 395940   8.04   0.00   7.57   8.05   9.80    93  24.04  3217  22.55  12700   0.34   0.68
  1448  36700 395940   4.99   0.75   5.97   8.08  10.20    92  21.08  2942  20.46  11508   0.52   1.32
  1449  36700 395940   5.96   2.93   7.24   8.05  10.00    95  23.49  3169  22.19  12494   0.41   0.65
  1449  36700 395940   7.04   1.73   7.47   8.05   9.85    93  23.89  3205  22.46  12651   0.36   0.68
 -1501  37397 393849   1.07  16.18   4.55   8.08  11.00    95  18.41  2669  18.41  10342   0.72   2.07
  1502  37397 393849   2.03  16.85   4.88   8.07  10.90    95  18.87  2712  18.73  10521   0.61   1.73
  1502  37397 393849   2.96  17.14   5.44   8.06  10.70    95  19.87  2813  19.49  10954   0.55   1.60
  1503  37397 393849   4.03  15.91   5.50   8.06  10.60    95  19.99  2824  19.57  11003   0.61   1.50
  1503  37397 393849   5.02  14.51   6.14   8.05  10.60    96  20.49  2846  19.73  11094   0.56   1.28
  1504  37397 393849   6.04  13.73   7.48   8.04  10.00    95  23.72  3180  22.27  12541   0.44   0.66
  1504  37397 393849   7.03  12.51   7.49   8.05   9.86    94  23.87  3201  22.42  12630   0.42   0.63
  1504  37397 393849   8.04  11.84   7.60   8.05   9.78    93  23.99  3207  22.47  12658   0.36   0.76
  1505  37397 393849   8.96  10.38   8.14   8.01   9.33    90  25.09  3308  23.25  13102   0.39   0.59
  1506  37397 393849   9.97   9.58   8.26   7.94   8.59    84  26.36  3465  24.46  13796   0.30   0.76
  1506  37397 393849  11.02   8.63   8.03   7.81   8.00    79  27.75  3668  26.05  14710   0.27   0.62
  1507  37397 393849  12.00   7.50   7.73   7.76   7.61    75  28.26  3766  26.81  15149   0.13   0.44
  1507  37397 393849  12.95   6.51   7.71   7.72   7.23    71  28.35  3779  26.91  15211   0.13   0.57
  1507  37397 393849  14.06   5.28   7.70   7.71   6.94    68  28.36  3782  26.93  15223   0.26   0.61
  1508  37397 393849  15.04   4.21   7.68   7.71   6.75    66  28.35  3782  26.94  15224   0.16   0.50
  1508  37397 393849  16.05   3.54   7.71   7.69   6.59    65  28.37  3782  26.94  15226   0.16   0.61
  1509  37397 393849  17.10   2.33   7.71   7.69   6.48    64  28.38  3783  26.94  15229   0.20   0.64
  1509  37397 393849  18.09   1.14   7.69   7.69   6.43    63  28.37  3783  26.95  15231   0.18   0.62
  1509  37397 393849  18.73   0.83   7.70   7.69   6.43    63  28.37  3783  26.94  15228   0.40   1.16
 -1518  38320 394000   0.94   0.76   5.95   8.07  10.40    94  20.86  2913  20.24  11384   0.48   1.25
  1519  38320 394000   2.02   1.91   5.91   8.07  10.40    94  20.81  2909  20.21  11366   0.58   1.31
  1520  38320 394000   2.98   4.40   5.94   8.07  10.40    94  20.85  2912  20.23  11377   0.53   1.26
  1520  38320 394000   4.01   3.33   5.96   8.07  10.40    94  20.87  2913  20.24  11384   0.57   1.30
  1520  38320 394000   4.96   2.55   7.14   8.05  10.00    94  22.93  3103  21.68  12202   0.44   0.92
  1521  38320 394000   6.07   1.46   7.54   8.04   9.84    93  23.69  3173  22.21  12509   0.45   0.76
  1521  38320 394000   7.05   0.00   7.76   8.04   9.69    93  24.11  3210  22.49  12671   0.42   0.70
 -1544  40120 395990   1.02  22.14   6.33   8.06  10.20    93  21.38  2955  20.55  11562   0.52   1.27
  1544  40120 395990   2.04  21.92   6.34   8.06  10.20    93  21.40  2956  20.57  11569   0.46   1.29
  1545  40120 395990   3.06  19.49   6.37   8.06  10.20    93  21.45  2961  20.60  11591   0.48   1.29
  1545  40120 395990   4.01  20.23   6.44   8.06  10.20    93  21.52  2965  20.63  11607   0.52   1.26
  1545  40120 395990   4.97  18.20   6.51   8.05  10.10    93  21.61  2973  20.69  11639   0.46   1.20
  1546  40120 395990   6.07  17.78   6.69   8.05  10.10    93  21.84  2990  20.82  11713   0.48   1.30
  1546  40120 395990   6.92  16.65   6.70   8.05  10.10    93  21.90  2997  20.87  11743   0.47   1.27
  1546  40120 395990   7.96  16.14   6.94   8.05  10.00    93  22.32  3035  21.16  11910   0.49   1.28
  1547  40120 395990   8.97  14.74   7.86   8.03   9.72    93  23.73  3151  22.04  12409   0.48   1.00
  1547  40120 395990  10.02  12.98   7.98   8.03   9.57    92  24.11  3192  22.36  12591   0.40   1.09
  1547  40120 395990  11.07  11.61   8.20   8.03   9.43    91  24.57  3235  22.68  12776   0.36   0.91
  1548  40120 395990  12.04  10.33   8.33   8.03   9.32    90  24.85  3261  22.88  12890   0.40   1.02
  1548  40120 395990  12.91   9.65   8.40   8.03   9.22    90  24.98  3272  22.97  12941   0.41   1.09
  1548  40120 395990  14.02   7.68   8.49   8.03   9.13    89  25.23  3296  23.15  13047   0.36   1.11
  1549  40120 395990  14.94   7.49   8.56   8.02   8.91    87  25.58  3336  23.46  13224   0.35   1.06
  1549  40120 395990  16.09   7.10   8.40   7.92   8.32    82  27.01  3537  25.02  14117   0.30   0.98
  1550  40120 395990  17.02   6.48   8.40   7.91   7.99    79  27.07  3546  25.09  14159   0.25   0.78
  1551  40120 395990  18.03   4.83   8.14   7.78   6.83    68  28.11  3706  26.34  14878   0.28   1.09
  1552  40120 395990  18.93   3.35   8.06   7.74   6.37    63  28.32  3742  26.62  15041   0.29   1.29
  1552  40120 395990  20.02   1.61   8.04   7.72   6.16    61  28.40  3754  26.71  15095   0.21   1.43
  1553  40120 395990  21.02   0.95   8.01   7.71   6.03    60  28.45  3763  26.79  15136   0.33   1.77
 -1605  41810 397220   1.02   7.73   6.28   8.06  10.10    93  21.32  2951  20.52  11545   0.50   1.29
  1605  41810 397220   2.05   6.84   6.29   8.06  10.10    93  21.34  2952  20.53  11551   0.48   1.26
  1606  41810 397220   3.07   5.98   6.32   8.06  10.10    93  21.39  2957  20.57  11570   0.50   1.19
  1606  41810 397220   3.98   5.04   6.80   8.05  10.00    93  22.09  3016  21.02  11825   0.48   1.19
  1607  41810 397220   4.97   3.98   6.78   8.05   9.98    92  22.09  3017  21.03  11832   0.45   1.18
  1608  41810 397220   6.04   3.16   8.17   8.03   9.40    91  24.41  3216  22.54  12695   0.35   0.96
  1608  41810 397220   7.01   1.99   8.15   8.03   9.37    90  24.38  3213  22.52  12683   0.35   0.85
  1609  41810 397220   7.96   1.08   8.24   8.03   9.31    90  24.53  3226  22.61  12737   0.38   1.07
 -1615  42820 397321   1.09  15.56   5.95   8.07  10.20    93  21.11  2947  20.50  11532   0.45   1.29
  1615  42820 397321   2.05  14.58   5.95   8.07  10.20    93  21.12  2948  20.50  11534   0.56   1.20
  1615  42820 397321   2.98  14.21   6.05   8.06  10.20    93  21.22  2955  20.56  11563   0.55   1.27
  1616  42820 397321   4.07  10.55   6.15   8.06  10.20    93  21.37  2968  20.66  11622   0.53   1.28
  1618  42820 397321   5.04  11.16   8.26   8.03   9.33    90  24.50  3220  22.57  12713   0.44   0.78
  1618  42820 397321   5.98  10.68   8.30   8.03   9.30    90  24.60  3230  22.65  12756   0.40   0.82
  1619  42820 397321   7.01   9.41   8.33   8.03   9.27    90  24.66  3235  22.68  12779   0.34   0.85
  1619  42820 397321   8.00   8.44   8.45   8.03   9.21    90  24.96  3265  22.92  12911   0.38   0.72
  1619  42820 397321   9.05   7.48   8.49   8.03   9.16    89  25.11  3281  23.03  12978   0.34   0.71
  1619  42820 397321  10.01   6.48   8.51   8.03   9.12    89  25.20  3292  23.12  13027   0.35   0.81
  1620  42820 397321  11.08   5.54   8.52   8.03   9.08    89  25.38  3315  23.30  13128   0.35   0.86
  1620  42820 397321  12.06   4.81   8.52   8.00   8.82    87  26.09  3407  24.01  13537   0.33   0.90
  1620  42820 397321  13.05   3.91   8.49   7.95   8.36    83  27.13  3545  25.08  14154   0.24   1.38
  1621  42820 397321  14.01   2.83   8.48   7.94   8.22    81  27.30  3568  25.26  14256   0.25   0.98
  1621  42820 397321  15.09   1.76   8.47   7.95   8.15    81  27.38  3579  25.35  14307   0.27   1.40
  1621  42820 397321  16.04   0.75   8.49   7.91   7.93    79  27.68  3617  25.64  14476   0.34   2.65
 -1225  44400 396350   1.03   7.38   6.24   8.05  10.10    93  21.35  2958  20.58  11576   0.50   1.43
  1226  44400 396350   2.00   6.53   6.27   8.05  10.10    92  21.40  2962  20.61  11594   0.49   1.53
  1226  44400 396350   3.07   4.98   6.28   8.04  10.10    92  21.42  2965  20.63  11607   0.55   1.54
  1226  44400 396350   4.00   4.13   6.33   8.04  10.10    92  21.50  2971  20.68  11635   0.46   1.45
  1227  44400 396350   5.04   3.36   6.90   8.04   9.90    92  22.31  3037  21.18  11916   0.48   1.35
  1228  44400 396350   6.10   0.75   7.91   8.03   9.38    90  24.00  3183  22.29  12552   0.41   1.14
  1228  44400 396350   7.01   1.25   8.35   8.02   9.41    91  24.59  3225  22.60  12732   0.41   0.82
  1228  44400 396350   8.13   0.00   8.51   8.01   9.19    90  25.03  3269  22.94  12926   0.39   1.06
 -1215  45349 396431   1.01   0.75   5.99   8.05  10.20    93  21.19  2955  20.56  11567   0.46   2.94
  1216  45349 396431   1.97   0.75   6.01   8.05  10.20    92  21.24  2960  20.60  11586   0.45   2.45
  1216  45349 396431   2.91   2.40   6.08   8.04  10.10    92  21.27  2959  20.59  11583   0.54   2.11
  1217  45349 396431   3.96   0.85   6.11   8.04  10.10    92  21.28  2959  20.59  11582   0.54   2.18
  1217  45349 396431   5.07   7.01   7.41   8.02   9.75    92  23.06  3098  21.64  12179   0.44   1.49
  1218  45349 396431   6.01   5.88   7.51   8.03   9.60    91  23.18  3106  21.70  12215   0.48   1.27
  1218  45349 396431   6.98   4.94   8.28   8.01   9.41    91  24.17  3176  22.23  12516   0.37   1.02
  1219  45349 396431   8.03   3.90   8.09   8.02   9.29    89  24.12  3185  22.30  12557   0.36   1.14
  1219  45349 396431   9.05   2.46   8.27   8.01   9.26    89  24.35  3199  22.41  12620   0.44   1.24
  1220  45349 396431  10.07   1.11   8.33   8.01   9.18    89  24.70  3241  22.73  12802   0.32   1.24
  1220  45349 396431  11.06   0.00   8.38   8.00   9.11    88  24.99  3274  22.98  12950   0.35   1.40
 -1209  46250 396900   1.02   4.59   5.04   8.08  10.50    93  21.00  3004  20.94  11786   0.47   2.04
  1210  46250 396900   2.05   3.71   5.53   8.07  10.50    94  21.40  3021  21.07  11855   0.45   2.01
  1210  46250 396900   2.97   0.75   5.18   8.07  10.40    93  21.20  3022  21.07  11860   0.54   2.39
 -1152  48050 396610   1.06  13.74   7.16   8.03   9.66    91  23.36  3159  22.11  12450   0.44   0.86
  1152  48050 396610   2.07  12.99   7.15   8.03   9.65    91  23.35  3159  22.11  12451   0.45   0.87
  1153  48050 396610   3.06  11.91   7.15   8.03   9.65    91  23.36  3159  22.11  12451   0.42   0.86
  1153  48050 396610   4.00  10.55   7.16   8.03   9.64    90  23.37  3160  22.12  12454   0.38   0.83
  1154  48050 396610   5.02  10.25   7.26   8.03   9.55    90  23.51  3171  22.20  12501   0.42   0.87
  1154  48050 396610   6.02   8.73   7.67   8.02   9.29    88  24.08  3214  22.53  12689   0.41   1.27
  1155  48050 396610   7.03   8.00   8.34   7.94   8.79    86  26.94  3533  24.99  14102   0.25   1.49
  1155  48050 396610   8.05   6.94   8.33   7.95   8.77    86  26.84  3522  24.90  14051   0.21   1.57
  1156  48050 396610   8.94   5.81   8.38   7.89   8.22    82  29.36  3848  27.45  15518   0.15   1.04
  1157  48050 396610   9.97   4.91   8.34   7.91   8.35    84  29.86  3918  28.00  15838   0.14   1.20
  1157  48050 396610  11.05   3.61   8.33   7.90   8.38    84  30.30  3976  28.46  16104   0.19   1.42
  1158  48050 396610  11.94   2.76   8.33   7.89   8.34    84  30.35  3982  28.51  16131   0.11   1.62
  1158  48050 396610  12.98   1.41   8.38   7.84   7.97    80  30.46  3991  28.58  16170   0.20   3.07
  1159  48050 396610  13.96   0.75   8.39   7.83   7.78    78  30.47  3992  28.59  16175   0.24   4.58
 -1138  49200 395850   1.04   9.40   6.94   7.99  10.30    97  23.21  3156  22.09  12438   0.31   2.49
  1139  49200 395850   1.93   9.75   6.91   7.99  10.10    95  23.27  3168  22.18  12489   0.38   3.14
  1140  49200 395850   3.11   8.39   5.75   8.00  10.30    95  24.08  3380  23.82  13431   0.52  13.61
  1141  49200 395850   4.02   7.56   5.74   7.99  10.30    95  24.38  3423  24.14  13622   0.51  13.99
  1141  49200 395850   5.09   6.22   5.78   7.99  10.30    95  24.46  3431  24.22  13661   0.51  13.98
  1141  49200 395850   6.03   5.22   5.78   7.99  10.30    95  24.48  3433  24.23  13669   0.48  13.44
  1142  49200 395850   6.94   4.50   5.76   7.98  10.20    94  24.85  3487  24.65  13909   0.49  14.30
  1142  49200 395850   8.01   3.23   5.72   7.98  10.20    94  24.85  3490  24.67  13924   0.47  13.42
  1142  49200 395850   8.98   2.13   6.05   7.96  10.00    94  25.52  3553  25.16  14204   0.55  14.51
  1143  49200 395850   9.99   1.21   6.83   7.90   9.32    89  26.67  3638  25.81  14578   0.45  10.79
