# MEETVAARTUIG : M.C.ECOS 8 VERTIKAAL
# MEETDATUM    : 20-09-2023 11:22:51
# MEETGEBIED   :
# STARTPUNT    :
# EINDPUNT     :
# PROJECTCODE  :
# OPDRACHTGEVER:
# BEHEERDER    :
# BEMONST. INST:
# WAARNEMER(S) : bernaards
#
* 20230920
$ 9999 [000000000000000]
>TIJD      uumm                    
>X         coordinaat              
>Y         coordinaat              
>SENSHTE   Diepte set        m     
>Echms     Echoset           mtrs  
>Temp      Temperatuur       oC    
>pH        Zuurgraad         dimsls
>O2        Zuurstof          mg/l  
>%O2       Zuurstof%         %     
>GELBH     Geleidendheid     mS/cm 
>GEL20     Gel20             ???   
>SALNTT    Saliniteit        dimsl 
>CL-       Chloride          mg/l  
>CHFLYSI   Chlorofyl         ugr/l 
>TURBID    Troebelheid       NTU   
 -1123  33241 400545   1.05  14.53  19.61   7.69   5.72    75  39.86  4019  28.76  16243   1.14   0.99
  1123  33230 400578   1.98  15.65  19.61   7.69   5.72    75  39.87  4020  28.77  16244   0.96   0.87
  1123  33225 400586   2.94  14.60  19.61   7.69   5.71    74  39.86  4019  28.76  16242   0.92   0.92
  1123  33226 400595   3.97  13.45  19.61   7.69   5.71    74  39.86  4019  28.76  16243   0.97   0.97
  1124  33231 400607   5.02  11.69  19.61   7.69   5.71    74  39.86  4019  28.76  16242   1.03   0.84
  1124  33239 400620   6.08  10.10  19.60   7.69   5.69    74  39.86  4020  28.77  16245   0.96   0.92
  1125  33239 400625   7.09   8.73  19.59   7.69   5.69    74  39.85  4020  28.77  16246   0.98   0.87
  1125  33222 400625   7.97   8.40  19.58   7.69   5.67    74  39.84  4020  28.77  16245   1.08   0.89
  1125  33214 400611   8.99   8.11  19.58   7.69   5.65    74  39.84  4020  28.77  16247   1.05   1.00
  1126  33224 400593  10.07   6.90  19.56   7.68   5.62    73  39.83  4020  28.77  16245   1.02   0.99
  1126  33223 400590  11.08   5.44  19.57   7.69   5.64    73  39.84  4020  28.77  16247   1.01   0.91
  1127  33239 400592  12.03   3.15  19.59   7.69   5.65    74  39.85  4020  28.77  16245   0.94   0.81
  1127  33251 400595  13.05   0.98  19.45   7.67   5.48    71  39.74  4021  28.77  16250   0.92   1.53
 -1115  33142 400185   1.07  12.01  19.62   7.68   5.60    73  39.88  4020  28.77  16247   1.09   0.95
  1115  33133 400216   2.05  10.78  19.62   7.68   5.59    73  39.88  4020  28.77  16248   0.99   1.06
  1116  33134 400241   2.95   9.93  19.61   7.68   5.58    73  39.88  4020  28.77  16247   0.97   1.01
  1116  33135 400276   4.01   8.13  19.61   7.68   5.55    72  39.88  4021  28.77  16248   0.95   0.98
  1116  33135 400282   5.00   8.14  19.61   7.68   5.56    72  39.87  4020  28.77  16247   1.06   0.92
  1117  33135 400282   5.98   7.13  19.61   7.68   5.52    72  39.87  4021  28.78  16249   1.07   0.92
  1117  33135 400278   7.07   5.36  19.61   7.68   5.49    72  39.88  4021  28.78  16251   0.94   0.92
  1117  33133 400275   7.98   4.08  19.61   7.68   5.47    71  39.87  4021  28.78  16250   1.02   1.02
  1118  33130 400271   9.07   3.45  19.60   7.68   5.46    71  39.88  4022  28.78  16253   0.94   1.19
  1118  33130 400272   9.94   2.45  19.59   7.67   5.34    70  39.88  4023  28.79  16258   0.99   1.01
  1119  33136 400288  11.03   2.79  19.59   7.67   5.35    70  39.88  4023  28.79  16259   1.05   0.96
  1119  33138 400298  11.97   1.80  19.59   7.67   5.42    71  39.88  4023  28.79  16259   0.93   1.10
  1120  33148 400294  12.98   0.75  19.65   7.62   4.66    61  40.04  4034  28.88  16310   0.79   1.23
 -1058  33919 398925   1.05   0.75  19.74   7.65   5.04    66  40.02  4024  28.80  16264   0.97   1.04
  1059  33909 398923   1.99  19.45  19.74   7.65   5.02    66  40.02  4024  28.80  16265   1.00   0.91
  1059  33896 398924   3.07  17.61  19.74   7.65   5.02    66  40.03  4025  28.80  16266   0.89   1.57
  1100  33895 398924   4.03  16.35  19.74   7.65   5.03    66  40.02  4024  28.80  16265   0.93   0.88
  1100  33902 398931   5.01  15.03  19.74   7.65   5.02    66  40.03  4025  28.81  16267   0.89   0.97
  1100  33922 398935   6.02  13.95  19.73   7.65   5.05    66  40.02  4025  28.81  16267   0.99   0.93
  1101  33930 398936   6.92  12.90  19.74   7.65   5.01    65  40.03  4025  28.81  16267   0.91   1.04
  1101  33954 398908   8.08  11.95  19.88   7.56   3.76    49  40.29  4039  28.92  16332   0.67   1.09
  1102  33948 398898   9.03  12.34  19.90   7.57   3.83    50  40.28  4037  28.91  16324   0.77   1.10
  1103  33930 398889  10.08  12.64  19.97   7.52   3.15    41  40.45  4048  28.99  16372   0.59   1.20
  1103  33928 398873  10.93  12.71  20.07   7.36   1.15    15  40.66  4060  29.08  16426   0.44   1.43
  1104  33911 398884  11.94  11.48  20.16   7.33   0.46     6  40.95  4081  29.26  16524   0.28   0.85
  1104  33916 398891  13.01  10.91  20.22   7.34   0.42     6  41.12  4093  29.35  16576   0.21   0.83
  1105  33918 398900  14.00   9.64  20.25   7.35   0.41     5  41.21  4099  29.40  16605   0.27   1.10
  1105  33921 398907  15.08   7.60  20.29   7.36   0.40     5  41.31  4106  29.45  16638   0.16   1.22
  1105  33927 398915  16.00   5.95  20.29   7.37   0.39     5  41.35  4109  29.48  16653   0.21   1.29
  1106  33928 398921  17.02   4.24  20.30   7.37   0.39     5  41.38  4112  29.50  16667   0.19   1.37
  1106  33928 398925  18.08   2.66  20.29   7.38   0.39     5  41.42  4116  29.54  16685   0.20   1.30
  1106  33924 398926  19.05   1.89  20.28   7.39   0.38     5  41.44  4119  29.56  16698   0.27   1.45
  1107  33919 398925  20.02   1.35  20.25   7.42   0.37     5  41.44  4122  29.58  16710   0.27   1.14
  1107  33918 398923  20.95   0.75  20.22   7.45   0.37     5  41.41  4121  29.58  16709   0.26   1.17
 -1049  35012 398017   1.08   5.40  19.79   7.58   4.31    56  40.11  4029  28.84  16287   1.32   1.41
  1050  35000 398032   2.07   4.30  19.78   7.58   4.30    56  40.11  4029  28.84  16286   1.26   1.43
  1050  34995 398034   3.08   3.35  19.79   7.58   4.30    56  40.11  4029  28.84  16287   1.13   1.49
  1050  34992 398039   3.97   2.49  19.78   7.57   4.26    56  40.10  4029  28.84  16285   1.27   1.45
  1051  34992 398040   4.96   1.43  19.79   7.57   4.24    56  40.11  4029  28.84  16287   1.24   1.46
  1051  34992 398056   5.98   0.00  19.79   7.57   4.23    55  40.11  4029  28.84  16286   1.27   1.44
 -1038  35491 397425   1.07   0.00  19.85   7.67   5.14    67  40.21  4033  28.87  16304   2.38   1.68
  1038  35494 397441   1.98   8.40  19.85   7.67   5.16    68  40.20  4033  28.87  16304   2.21   1.56
  1039  35494 397447   2.94   7.64  19.83   7.67   5.17    68  40.17  4032  28.86  16297   2.08   1.53
  1039  35494 397465   3.98   5.11  19.82   7.68   5.19    68  40.16  4031  28.86  16297   2.16   1.76
  1040  35494 397472   5.00   4.66  19.84   7.69   5.31    70  40.23  4037  28.90  16320   2.69   1.56
  1041  35498 397457   6.02   3.09  19.85   7.66   4.81    63  40.30  4043  28.95  16349   2.13   1.52
  1042  35494 397432   6.96   3.69  20.35   7.46   2.01    27  41.35  4104  29.43  16627   0.98   1.42
  1043  35479 397424   8.02   3.85  20.30   7.36   0.79    11  41.70  4144  29.76  16812   0.36   1.50
  1043  35482 397423   8.97   3.00  20.26   7.36   0.69     9  41.71  4148  29.79  16831   0.33   1.70
  1044  35481 397428   9.98   2.03  20.09   7.42   0.43     6  41.66  4158  29.87  16880   0.22   1.29
  1045  35476 397430  10.98   0.00  20.05   7.43   0.41     5  41.68  4163  29.91  16904   0.24   1.53
 -1028  36177 396885   1.07   6.65  19.62   7.71   5.52    72  39.99  4031  28.86  16298   2.56   1.57
  1029  36168 396876   1.97   5.48  19.63   7.71   5.49    72  39.99  4031  28.85  16295   2.65   1.62
  1029  36164 396872   3.01   4.38  19.62   7.71   5.47    71  39.99  4031  28.86  16297   2.67   1.67
  1030  36160 396880   3.99   3.48  19.58   7.71   5.56    72  39.95  4031  28.86  16297   2.40   1.60
  1030  36159 396890   4.98   2.71  19.59   7.70   5.53    72  39.97  4032  28.86  16300   2.54   1.58
  1031  36163 396896   6.01   1.84  19.56   7.70   5.55    72  39.96  4033  28.87  16306   2.16   1.66
  1032  36162 396911   6.98   1.25  20.09   7.50   2.60    34  41.08  4100  29.41  16612   1.23   1.80
 -1018  36679 395914   1.03   6.63  19.43   7.73   6.07    79  39.82  4031  28.86  16296   1.55   1.56
  1019  36667 395932   1.90   5.66  19.43   7.73   6.04    78  39.82  4031  28.86  16298   1.46   1.65
  1019  36668 395937   2.97   4.70  19.43   7.73   6.03    78  39.83  4031  28.86  16298   1.57   1.56
  1019  36676 395941   4.03   4.03  19.43   7.73   6.02    78  39.83  4031  28.86  16299   1.66   1.59
  1020  36684 395941   5.01   3.55  19.43   7.73   6.02    78  39.82  4031  28.86  16296   1.56   1.51
  1020  36693 395943   6.01   2.90  19.44   7.73   6.02    78  39.85  4032  28.86  16301   1.56   1.55
  1021  36695 395960   7.06   1.99  19.97   7.58   2.98    39  40.91  4094  29.36  16583   0.98   1.20
  1022  36685 395977   8.02   0.75  20.59   7.43   1.41    19  42.31  4179  30.04  16974   0.33   0.73
 -0957  37462 393852   1.05  17.68  20.17   7.70   5.60    74  41.00  4086  29.29  16544   1.80   1.15
  0958  37411 393822   2.05  15.61  20.18   7.70   5.59    74  41.04  4089  29.32  16559   1.77   1.12
  0958  37404 393827   2.97   0.00  20.12   7.70   5.53    73  41.03  4092  29.34  16575   1.86   0.99
  0959  37405 393829   4.04  13.29  20.16   7.69   5.51    73  41.08  4094  29.36  16583   1.78   0.98
  0959  37407 393833   5.06  13.43  20.14   7.69   5.55    73  41.04  4092  29.34  16575   1.69   1.08
  1000  37408 393846   6.03  13.38  20.40   7.65   4.40    59  41.60  4124  29.60  16721   1.41   0.90
  1002  37412 393853   7.06  12.35  21.18   7.50   2.09    28  42.97  4192  30.14  17028   0.57   0.64
  1002  37401 393843   8.00  10.23  21.06   7.46   1.43    19  43.02  4207  30.26  17099   0.38   0.65
  1003  37397 393837   9.02   8.53  21.04   7.47   1.69    23  42.98  4205  30.24  17089   0.37   0.59
  1003  37394 393831  10.04   4.95  20.83   7.44   1.27    17  42.91  4217  30.34  17148   0.22   0.66
  1004  37399 393834  10.99   6.08  20.71   7.43   1.06    14  42.81  4217  30.34  17149   0.13   0.73
  1004  37409 393841  12.04   6.96  20.69   7.42   0.94    13  42.79  4217  30.34  17149   0.08   0.94
  1005  37414 393845  12.99   6.49  20.68   7.43   0.97    13  42.79  4218  30.35  17153   0.15   0.92
  1006  37423 393850  14.07   5.55  20.56   7.40   0.56     7  42.69  4219  30.36  17159   0.17   1.36
  1006  37416 393850  14.95   4.50  20.53   7.41   0.43     6  42.67  4219  30.35  17157   0.16   1.37
  1007  37403 393848  16.00   2.93  20.50   7.43   0.39     5  42.64  4219  30.36  17160   0.20   2.10
  1007  37398 393841  16.98   0.00  20.46   7.44   0.38     5  42.60  4219  30.36  17160   0.11   2.07
 -0950  38400 394075   1.12   7.11  19.92   7.71   6.14    81  40.80  4087  29.30  16551   1.48   1.26
  0950  38344 394052   1.85   6.45  19.93   7.71   6.12    80  40.81  4087  29.30  16551   1.45   1.30
  0951  38332 394038   3.05   5.24  19.93   7.71   6.12    80  40.81  4087  29.30  16552   1.52   1.27
  0951  38318 394028   4.00   4.29  19.93   7.71   6.09    80  40.81  4087  29.30  16552   1.38   1.32
  0951  38308 394017   5.07   3.25  19.94   7.71   6.03    79  40.82  4087  29.30  16553   1.45   1.09
  0952  38302 394014   6.02   2.29  19.94   7.71   6.03    79  40.83  4087  29.30  16553   1.48   1.18
  0952  38296 394007   6.98   1.28  19.94   7.71   6.03    79  40.83  4088  29.31  16555   1.50   1.27
  0952  38291 393999   7.99   0.00  19.94   7.71   6.03    79  40.83  4088  29.31  16555   1.40   1.35
 -0926  40087 395984   0.91  20.90  19.96   7.72   6.13    81  40.92  4096  29.38  16594   1.32   1.03
  0927  40098 395991   2.02  19.88  19.98   7.72   6.11    80  40.95  4096  29.38  16595   1.29   1.14
  0927  40099 395991   3.00  19.09  19.98   7.72   6.11    80  40.95  4096  29.38  16595   1.35   0.98
  0927  40102 395991   3.96  18.80  20.00   7.72   6.07    80  40.97  4097  29.38  16598   1.28   1.09
  0927  40106 395982   4.96  17.39  19.98   7.72   6.07    80  40.96  4097  29.38  16598   1.33   1.20
  0928  40104 395977   5.98  16.14  19.99   7.72   6.08    80  40.96  4097  29.38  16598   1.39   1.11
  0928  40101 395968   7.05  13.48  19.97   7.72   6.03    79  40.94  4097  29.38  16596   1.33   1.17
  0929  40104 395958   8.08  12.28  19.95   7.70   5.94    78  40.94  4098  29.39  16603   1.35   1.28
  0929  40109 395964   8.94  12.28  19.93   7.70   5.94    78  40.93  4099  29.40  16606   1.24   1.38
  0929  40117 395966  10.06  11.65  19.91   7.70   5.91    78  40.90  4098  29.39  16601   1.32   1.10
  0930  40116 395979  11.05  12.05  19.84   7.68   5.84    77  40.82  4096  29.37  16594   1.51   0.99
  0930  40117 395983  12.01  11.04  19.81   7.67   5.79    76  40.80  4096  29.38  16596   1.38   1.07
  0930  40112 395988  12.98   9.76  19.79   7.66   5.71    75  40.77  4096  29.37  16592   1.36   1.16
  0931  40108 395992  14.05   8.19  19.72   7.65   5.70    75  40.71  4094  29.36  16587   1.33   0.95
  0931  40110 395996  15.10   7.29  19.70   7.64   5.66    74  40.70  4096  29.37  16595   1.20   1.00
  0931  40112 396006  16.08   7.01  19.71   7.65   5.64    74  40.72  4096  29.38  16596   1.21   1.02
  0932  40115 396015  17.00   6.51  19.76   7.64   5.54    73  40.79  4099  29.40  16610   1.42   1.00
  0932  40117 396022  17.99   5.55  19.75   7.65   5.56    73  40.78  4100  29.41  16613   1.28   1.11
  0933  40130 396037  18.94   4.74  19.93   7.63   5.12    67  41.17  4122  29.58  16715   1.04   1.27
  0933  40135 396040  20.10   3.74  19.96   7.63   5.06    67  41.22  4125  29.61  16727   1.04   1.09
  0935  40111 396012  21.03   2.08  21.05   7.55   2.36    32  43.17  4223  30.39  17174   0.37   0.71
  0936  40111 396023  22.10   0.99  21.04   7.51   1.63    22  43.37  4243  30.55  17266   0.27   0.78
 -0910  41848 397253   1.05   8.11  19.67   7.70   6.04    79  40.75  4103  29.43  16629   1.10   0.86
  0910  41845 397257   2.05   7.15  19.71   7.71   6.03    79  40.80  4105  29.45  16637   1.15   0.98
  0911  41843 397262   2.99   6.48  19.71   7.71   6.03    79  40.80  4105  29.45  16636   1.02   0.90
  0911  41841 397268   3.98   5.25  19.72   7.71   6.03    79  40.81  4105  29.44  16635   1.07   0.98
  0911  41848 397275   5.05   4.14  19.73   7.71   6.02    79  40.82  4105  29.45  16637   1.05   0.85
  0911  41851 397273   6.06   3.34  19.73   7.71   6.01    79  40.82  4106  29.45  16639   1.00   0.92
  0912  41856 397268   7.06   2.41  19.72   7.71   6.01    79  40.81  4105  29.45  16637   1.00   1.02
  0912  41857 397256   7.98   1.30  19.70   7.72   5.93    78  40.82  4108  29.47  16652   1.00   0.84
  0913  41851 397243   8.99   0.00  20.25   7.78   5.64    75  41.98  4176  30.01  16959   0.61   1.37
 -0902  42868 397330   1.10  14.98  19.65   7.71   5.97    78  40.76  4106  29.46  16643   0.90   0.86
  0903  42848 397330   2.06  14.98  19.65   7.71   5.95    78  40.76  4107  29.46  16644   1.00   1.00
  0903  42844 397329   3.02  14.13  19.64   7.71   5.92    78  40.77  4108  29.47  16651   1.07   0.88
  0903  42844 397329   4.02  12.60  19.65   7.71   5.89    77  40.80  4111  29.49  16662   1.03   0.75
  0903  42845 397331   4.98  10.69  19.66   7.71   5.88    77  40.84  4114  29.52  16676   0.96   0.93
  0904  42846 397338   6.07   5.73  19.67   7.71   5.85    77  40.85  4114  29.52  16676   0.96   0.89
  0904  42848 397342   7.03   2.29  19.65   7.72   5.85    77  40.85  4115  29.53  16683   0.84   0.87
  0904  42849 397350   8.08   0.86  19.63   7.75   5.80    76  41.03  4136  29.69  16778   0.76   0.97
 -0852  44430 396358   1.05   6.03  19.57   7.82   6.43    84  41.14  4152  29.82  16853   1.42   0.98
  0852  44413 396359   2.06   5.89  19.57   7.82   6.42    84  41.14  4152  29.82  16853   1.22   0.93
  0852  44407 396360   3.05   5.23  19.56   7.82   6.40    84  41.14  4153  29.83  16857   1.18   0.92
  0852  44401 396363   3.95   4.13  19.56   7.82   6.39    84  41.14  4152  29.82  16855   1.21   0.98
  0853  44393 396370   4.97   3.48  19.82   7.82   6.09    80  41.65  4181  30.05  16984   0.73   0.79
  0853  44389 396373   6.05   2.40  19.91   7.82   6.08    80  41.83  4191  30.14  17034   0.88   0.90
  0854  44387 396378   7.05   1.05  19.96   7.84   6.09    81  42.01  4204  30.24  17094   0.84   1.13
 -0842  45382 396434   1.05  10.23  19.69   7.83   6.41    84  41.38  4165  29.93  16914   1.29   0.86
  0843  45367 396421   2.03   8.73  19.67   7.82   6.36    84  41.37  4166  29.93  16918   1.33   1.10
  0843  45360 396419   3.07   6.66  19.69   7.82   6.34    83  41.38  4165  29.93  16915   1.36   1.01
  0843  45356 396416   4.05   5.49  19.68   7.82   6.33    83  41.37  4165  29.93  16913   1.39   0.91
  0844  45359 396419   5.07   4.75  19.69   7.82   6.33    83  41.39  4166  29.94  16919   1.48   0.96
  0844  45361 396424   6.03   4.61  19.73   7.82   6.26    82  41.47  4172  29.98  16944   1.44   0.87
  0845  45364 396429   7.03   4.00  19.75   7.82   6.18    81  41.62  4184  30.08  17001   1.15   1.00
  0845  45367 396432   7.97   0.00  19.77   7.82   6.15    81  41.69  4189  30.12  17024   1.04   1.19
  0845  45365 396432   9.02   0.00  19.83   7.83   6.11    81  41.83  4198  30.19  17066   1.07   1.04
  0846  45357 396428  10.06   0.75  19.96   7.84   6.00    80  42.15  4218  30.35  17157   0.84   1.12
 -0835  46299 396917   1.06   4.78  19.44   7.82   6.48    85  41.28  4177  30.03  16972   1.03   1.08
  0835  46268 396899   2.06   3.74  19.46   7.82   6.39    84  41.31  4180  30.04  16982   1.03   1.69
  0836  46258 396909   3.05   2.84  19.49   7.82   6.25    82  41.40  4186  30.09  17010   1.01   2.36
  0837  46262 396916   3.97   2.29  19.57   7.82   6.18    81  41.58  4197  30.18  17061   0.93   3.81
  0837  46264 396921   4.98   1.25  19.60   7.82   6.11    80  41.69  4205  30.24  17097   0.88   4.89
 -0821  48077 396586   1.08  12.93  19.28   7.87   6.54    86  41.80  4244  30.56  17281   0.95   1.03
  0822  48050 396610   1.95   0.83  19.49   7.89   6.54    86  42.27  4273  30.79  17416   0.84   1.11
  0822  48051 396612   2.96  11.10  19.77   7.90   6.50    86  42.84  4305  31.05  17561   0.71   1.16
  0822  48053 396618   3.96  10.91  19.73   7.91   6.49    86  42.80  4304  31.04  17559   0.70   1.31
  0822  48046 396632   5.03   9.74  19.84   7.91   6.43    85  43.13  4328  31.23  17667   0.59   1.39
  0823  48040 396638   6.00   9.04  19.91   7.92   6.46    86  43.24  4332  31.26  17686   0.69   1.28
  0823  48038 396647   6.99   7.93  19.87   7.92   6.47    86  43.19  4331  31.26  17682   0.61   1.46
  0823  48037 396654   8.01   4.71  19.91   7.92   6.45    86  43.25  4334  31.28  17695   0.61   1.42
  0824  48036 396654   8.98   5.78  19.98   7.93   6.47    86  43.37  4338  31.32  17717   0.59   1.37
  0824  48036 396651  10.00   4.61  20.00   7.93   6.49    86  43.43  4342  31.35  17735   0.71   1.49
  0824  48038 396651  11.08   3.33  20.06   7.94   6.52    87  43.59  4353  31.44  17785   0.67   1.32
  0824  48043 396652  12.09   2.28  20.08   7.94   6.55    87  43.64  4356  31.46  17800   0.57   1.42
  0825  48049 396655  13.07   1.13  20.11   7.94   6.55    88  43.74  4364  31.53  17837   0.59   1.29
 -0811  49184 395875   1.04  10.10  19.44   7.82   6.53    86  42.59  4311  31.09  17592   0.60   1.62
  0811  49217 395864   2.07   9.20  19.49   7.83   6.53    86  42.75  4322  31.19  17642   0.61   1.52
  0812  49219 395864   3.02   8.27  19.53   7.83   6.50    86  42.85  4328  31.24  17671   0.52   1.98
  0812  49223 395863   4.01   7.23  19.55   7.84   6.49    86  42.89  4330  31.25  17681   0.60   1.64
  0812  49227 395864   4.98   6.21  19.60   7.85   6.48    86  43.00  4337  31.31  17715   0.50   1.80
  0812  49223 395869   6.08   5.24  19.76   7.86   6.41    85  43.43  4365  31.53  17842   0.54   2.30
  0813  49217 395868   6.98   4.75  19.75   7.86   6.40    85  43.41  4364  31.52  17838   0.45   2.28
  0813  49209 395867   7.97   2.74  19.75   7.87   6.39    85  43.41  4364  31.53  17840   0.50   2.72
  0813  49205 395865   9.06   2.51  19.76   7.88   6.38    85  43.44  4366  31.54  17848   0.52   2.19
  0814  49204 395865  10.09   1.49  19.76   7.88   6.37    85  43.45  4367  31.55  17851   0.51   2.11
  0814  49204 395865  10.99   0.75  19.76   7.88   6.36    84  43.44  4366  31.54  17848   0.46   2.56
