# MEETVAARTUIG :
# MEETDATUM    : 2014-06-11 00:00:00
# MEETGEBIED   : VEERSE MEER
# STARTPUNT    : hansweert
# EINDPUNT     : hansweert
# PROJECTCODE  : E7301X
# OPDRACHTGEVER: ZLXXAXAMDBG
# BEHEERDER    : ZLXXRWMVSGN
# BEMONST. INST:
# WAARNEMER(S) : o. van Saane
#
* 20140611
$ 9999 [0000000000000]
>TIJD      uumm                    
>X         coordinaat              
>Y         coordinaat              
>SENSHTE   Diepte set        m     
>Echms     Echoset           mtrs  
>EchoSh    Echoschip         m     
>Temp      Temperatuur       oC       :  10.  1.0  11  1
>O2        Zuurstof          mg/l  
>%O2       Zuurstof%         %     
>GELBH     Geleidendheid     mS/cm 
>GEL20     Gel20             ???   
>SALNTT    Saliniteit        dimsl 
>CL-       Chloride          mg/l     :12000.  500.  13 500
 -2359  33200 400550   1.00   9999 999.99   9999   9999  9999   9999  9999   9999   9999
  2359  33200 400550  17.00   9999 999.99   9999   9999  9999   9999  9999   9999   9999
 -2359  33140 400240   1.00   9999 999.99   9999   9999  9999   9999  9999   9999   9999
  2359  33140 400240  13.00   9999 999.99   9999   9999  9999   9999  9999   9999   9999
 -2359  33887 398893   1.00   9999 999.99   9999   9999  9999   9999  9999   9999   9999
  2359  33887 398893  22.00   9999 999.99   9999   9999  9999   9999  9999   9999   9999
 -2359  35010 398040   1.00   9999 999.99   9999   9999  9999   9999  9999   9999   9999
  2359  35010 398040   5.00   9999 999.99   9999   9999  9999   9999  9999   9999   9999
 -2359  35445 397423   1.00   9999 999.99   9999   9999  9999   9999  9999   9999   9999
  2359  35445 397423  15.00   9999 999.99   9999   9999  9999   9999  9999   9999   9999
 -2359  36140 396880   1.00   9999 999.99   9999   9999  9999   9999  9999   9999   9999
  2359  36140 396880   6.00   9999 999.99   9999   9999  9999   9999  9999   9999   9999
 -2359  36700 395940   1.00   9999 999.99   9999   9999  9999   9999  9999   9999   9999
  2359  36700 395940   8.00   9999 999.99   9999   9999  9999   9999  9999   9999   9999
 -2359  37397 393849   1.00   9999 999.99   9999   9999  9999   9999  9999   9999   9999
  2359  37397 393849  18.00   9999 999.99   9999   9999  9999   9999  9999   9999   9999
 -2359  38320 394000   1.00   9999 999.99   9999   9999  9999   9999  9999   9999   9999
  2359  38320 394000   6.00   9999 999.99   9999   9999  9999   9999  9999   9999   9999
 -1825  40114 395997   1.02   9999 999.99  20.71   9.57   124  40.28  3968  28.35  16001
  1826  40114 395994   2.12   9999 999.99  20.37   9.09   117  40.10  3979  28.44  16052
  1827  40114 395994   2.97   9999 999.99  19.88   7.68    98  40.08  4018  28.75  16236
  1827  40118 395993   3.95   9999 999.99  19.68   7.58    96  39.79  4006  28.66  16181
  1828  40121 395994   4.96   9999 999.99  18.80   7.94   100  40.33  4138  29.71  16793
  1830  40127 395998   5.96   9999 999.99  17.85   5.57    69  39.99  4189  30.12  17033
  1830  40127 395998   7.05   9999 999.99  17.88   5.63    70  40.13  4201  30.22  17088
  1831  40125 395999   7.89   9999 999.99  17.77   5.61    70  40.10  4208  30.27  17121
  1831  40123 395998   9.17   9999 999.99  17.44   5.41    67  39.85  4212  30.31  17142
  1832  40121 395998   9.98   9999 999.99  17.30   5.15    63  39.66  4205  30.25  17110
  1834  40118 395995  10.96   9999 999.99  16.86   4.38    53  39.24  4201  30.22  17095
  1835  40122 395997  11.95   9999 999.99  16.38   4.03    49  38.82  4201  30.22  17097
  1836  40129 395997  12.90   9999 999.99  16.29   3.66    44  38.75  4202  30.23  17102
  1837  40127 395993  14.14   9999 999.99  16.22   3.57    43  38.71  4204  30.25  17112
  1837  40124 395994  15.10   9999 999.99  16.18   3.52    42  38.70  4207  30.27  17125
  1838  40122 396001  16.13   9999 999.99  16.07   3.38    41  38.61  4207  30.27  17129
  1838  40122 396003  17.05   9999 999.99  16.04   3.29    40  38.59  4208  30.28  17132
  1839  40123 396001  18.12   9999 999.99  16.01   3.25    39  38.57  4209  30.28  17135
  1840  40125 395997  19.11   9999 999.99  15.96   3.13    38  38.53  4209  30.29  17137
  1842  40128 396000  20.17   9999 999.99  15.96   4.16    50  38.53  4209  30.29  17137
  1842  40128 396001  21.12   9999 999.99  15.96   4.17    50  38.53  4209  30.29  17137
  1843  40126 396000  22.13   9999 999.99  15.96   4.11    49  38.53  4209  30.29  17137
  1843  40124 395998  23.11   9999 999.99  15.92   4.04    48  38.51  4211  30.30  17145
 -2359  41810 397220   1.00   9999 999.99   9999   9999  9999   9999  9999   9999   9999
  2359  41810 397220   8.00   9999 999.99   9999   9999  9999   9999  9999   9999   9999
 -2359  42820 397321   1.00   9999 999.99   9999   9999  9999   9999  9999   9999   9999
  2359  42820 397321  15.00   9999 999.99   9999   9999  9999   9999  9999   9999   9999
 -2359  44400 396350   1.00   9999 999.99   9999   9999  9999   9999  9999   9999   9999
  2359  44400 396350   7.00   9999 999.99   9999   9999  9999   9999  9999   9999   9999
 -2359  45349 396431   1.00   9999 999.99   9999   9999  9999   9999  9999   9999   9999
  2359  45349 396431  10.00   9999 999.99   9999   9999  9999   9999  9999   9999   9999
 -2359  46250 396900   1.00   9999 999.99   9999   9999  9999   9999  9999   9999   9999
  2359  46250 396900   4.00   9999 999.99   9999   9999  9999   9999  9999   9999   9999
 -2359  48050 396610   1.00   9999 999.99   9999   9999  9999   9999  9999   9999   9999
  2359  48050 396610  15.00   9999 999.99   9999   9999  9999   9999  9999   9999   9999
 -2359  49200 395850   1.00   9999 999.99   9999   9999  9999   9999  9999   9999   9999
  2359  49200 395850  11.00   9999 999.99   9999   9999  9999   9999  9999   9999   9999
 -2359  49755 395917   1.00   9999 999.99   9999   9999  9999   9999  9999   9999   9999
  2359  49755 395917   5.00   9999 999.99   9999   9999  9999   9999  9999   9999   9999
 -2359  50514 396244   1.00   9999 999.99   9999   9999  9999   9999  9999   9999   9999
  2359  50514 396244   9.00   9999 999.99   9999   9999  9999   9999  9999   9999   9999
 -2359  51079 396554   1.00   9999 999.99   9999   9999  9999   9999  9999   9999   9999
  2359  51079 396554   8.00   9999 999.99   9999   9999  9999   9999  9999   9999   9999
