# MEETVAARTUIG :
# MEETDATUM    : 2021-11-02 00:00:00
# MEETGEBIED   : GREVELINGEN
# STARTPUNT    : LGAT
# EINDPUNT     : ZIJPE
# PROJECTCODE  : Grev water
# OPDRACHTGEVER: RIKZMON_CHEMIE
# BEHEERDER    : RIKZITSMDBG
# BEMONST. INST:
# WAARNEMER(S) : Michel
#
* 20211102
$ 9999 [000000000000000]
>TIJD      uumm                    
>X         coordinaat              
>Y         coordinaat              
>SENSHTE   Diepte set        m     
>Echms     Echoset           mtrs  
>Temp      Temperatuur       oC    
>pH        Zuurgraad         dimsls
>O2        Zuurstof          mg/l  
>%O2       Zuurstof%         %     
>GELBH     Geleidendheid     mS/cm 
>GEL20     Gel20             ???   
>SALNTT    Saliniteit        dimsl 
>CL-       Chloride          mg/l  
>CHFLYSI   Chlorofyl         ugr/l 
>TURBID    Troebelheid       NTU   
 -2359  33200 400550   1.00   9999   9999   9999   9999  9999   9999  9999   9999   9999   9999   9999
  2359  33200 400550  17.00   9999   9999   9999   9999  9999   9999  9999   9999   9999   9999   9999
 -2359  33140 400240   1.00   9999   9999   9999   9999  9999   9999  9999   9999   9999   9999   9999
  2359  33140 400240  13.00   9999   9999   9999   9999  9999   9999  9999   9999   9999   9999   9999
 -2359  33887 398893   1.00   9999   9999   9999   9999  9999   9999  9999   9999   9999   9999   9999
  2359  33887 398893  22.00   9999   9999   9999   9999  9999   9999  9999   9999   9999   9999   9999
 -2359  35010 398040   1.00   9999   9999   9999   9999  9999   9999  9999   9999   9999   9999   9999
  2359  35010 398040   5.00   9999   9999   9999   9999  9999   9999  9999   9999   9999   9999   9999
 -2359  35445 397423   1.00   9999   9999   9999   9999  9999   9999  9999   9999   9999   9999   9999
  2359  35445 397423  15.00   9999   9999   9999   9999  9999   9999  9999   9999   9999   9999   9999
 -2359  36140 396880   1.00   9999   9999   9999   9999  9999   9999  9999   9999   9999   9999   9999
  2359  36140 396880   6.00   9999   9999   9999   9999  9999   9999  9999   9999   9999   9999   9999
 -2359  36700 395940   1.00   9999   9999   9999   9999  9999   9999  9999   9999   9999   9999   9999
  2359  36700 395940   8.00   9999   9999   9999   9999  9999   9999  9999   9999   9999   9999   9999
 -2359  37397 393849   1.00   9999   9999   9999   9999  9999   9999  9999   9999   9999   9999   9999
  2359  37397 393849  18.00   9999   9999   9999   9999  9999   9999  9999   9999   9999   9999   9999
 -2359  38320 394000   1.00   9999   9999   9999   9999  9999   9999  9999   9999   9999   9999   9999
  2359  38320 394000   6.00   9999   9999   9999   9999  9999   9999  9999   9999   9999   9999   9999
 -1405  40143 396033   0.98  22.28  11.61   8.00   8.19    91  31.79  3845  27.41  15488   0.40   0.05
  1406  40151 396036   1.94  21.32  11.60   8.00   8.17    91  31.86  3854  27.48  15532   0.36   0.01
  1406  40155 396038   2.95  20.50  11.59   8.00   8.15    91  31.91  3861  27.54  15565   0.44   0.04
  1406  40162 396041   3.98  19.57  11.57   8.00   8.13    90  31.95  3867  27.59  15592   0.40   0.07
  1407  40168 396041   4.97  18.35  11.53   8.00   8.15    90  31.93  3869  27.60  15598   0.42   0.02
  1407  40171 396040   5.97  17.31  11.53   8.00   8.14    90  31.98  3875  27.65  15625   0.41   0.07
  1407  40180 396044   7.00  15.88  11.65   8.00   8.02    89  32.23  3893  27.79  15710   0.31   0.29
  1408  40181 396047   7.98  14.56  11.76   8.00   7.98    89  32.38  3902  27.86  15747   0.29   0.05
  1409  40148 396022   9.01  14.66  11.96   7.99   7.69    86  32.84  3937  28.14  15909   0.27   0.08
  1409  40136 396016   9.97  13.74  12.07   7.99   7.60    86  33.05  3952  28.26  15976   0.27   0.07
  1410  40137 396014  10.99  12.73  12.32   7.98   7.34    83  33.50  3983  28.50  16115   0.22   0.12
  1411  40134 396027  12.00  11.55  12.44   7.98   7.19    82  33.69  3994  28.59  16167   0.24   0.16
  1411  40119 396019  12.99  10.64  12.45   7.98   7.14    81  33.73  3997  28.61  16181   0.22   0.07
  1412  40113 396007  13.97   8.80  12.50   7.98   7.09    81  33.79  4000  28.64  16194   0.24   0.11
  1412  40112 396001  15.01   7.63  12.53   7.97   7.04    80  33.85  4004  28.66  16209   0.23   0.24
  1413  40109 395998  16.04   6.78  12.57   7.97   6.96    79  33.91  4008  28.70  16228   0.23   0.15
  1413  40113 395999  16.99   5.98  12.63   7.96   6.83    78  34.01  4014  28.74  16254   0.21   0.12
  1413  40115 396002  17.98   5.31  12.63   7.96   6.79    78  34.03  4015  28.76  16263   0.24   0.18
  1414  40118 396008  19.00   4.60  12.63   7.96   6.79    78  34.04  4017  28.77  16268   0.22   0.20
  1414  40120 396011  19.99   3.81  12.60   7.97   6.82    78  34.01  4016  28.76  16265   0.24   0.11
  1414  40122 396014  21.00   2.85  12.62   7.96   6.81    78  34.04  4018  28.78  16275   0.22   0.25
  1415  40123 396014  22.08   1.95  12.67   7.96   6.74    77  34.11  4021  28.80  16287   0.20   0.15
  1415  40123 396015  22.98   0.91  12.67   7.96   6.73    77  34.11  4021  28.80  16287   0.20   0.16
 -2359  41810 397220   1.00   9999   9999   9999   9999  9999   9999  9999   9999   9999   9999   9999
  2359  41810 397220   8.00   9999   9999   9999   9999  9999   9999  9999   9999   9999   9999   9999
 -2359  42820 397321   1.00   9999   9999   9999   9999  9999   9999  9999   9999   9999   9999   9999
  2359  42820 397321  15.00   9999   9999   9999   9999  9999   9999  9999   9999   9999   9999   9999
 -2359  44400 396350   1.00   9999   9999   9999   9999  9999   9999  9999   9999   9999   9999   9999
  2359  44400 396350   7.00   9999   9999   9999   9999  9999   9999  9999   9999   9999   9999   9999
 -2359  45349 396431   1.00   9999   9999   9999   9999  9999   9999  9999   9999   9999   9999   9999
  2359  45349 396431  10.00   9999   9999   9999   9999  9999   9999  9999   9999   9999   9999   9999
 -2359  46250 396900   1.00   9999   9999   9999   9999  9999   9999  9999   9999   9999   9999   9999
  2359  46250 396900   4.00   9999   9999   9999   9999  9999   9999  9999   9999   9999   9999   9999
 -2359  48050 396610   1.00   9999   9999   9999   9999  9999   9999  9999   9999   9999   9999   9999
  2359  48050 396610  15.00   9999   9999   9999   9999  9999   9999  9999   9999   9999   9999   9999
 -2359  49200 395850   1.00   9999   9999   9999   9999  9999   9999  9999   9999   9999   9999   9999
  2359  49200 395850  11.00   9999   9999   9999   9999  9999   9999  9999   9999   9999   9999   9999
