# MEETVAARTUIG : M.C.ECOS 8 VERTIKAAL
# MEETDATUM    : 24-02-2020 10:35:53
# MEETGEBIED   : VEERSE MEER
# STARTPUNT    : Kats
# EINDPUNT     : Kats
# PROJECTCODE  : VTS
# OPDRACHTGEVER: ZLXXAXAMDBG
# BEHEERDER    : ZLXXRWMVSGN
# BEMONST. INST:
# WAARNEMER(S) : Michel de Wit
#
* 20200224
$ 9999 [000000000000000]
>TIJD      uumm                    
>X         coordinaat              
>Y         coordinaat              
>SENSHTE   Diepte set        m     
>Echms     Echoset           mtrs  
>Temp      Temperatuur       oC    
>pH        Zuurgraad         dimsls
>O2        Zuurstof          mg/l  
>%O2       Zuurstof%         %     
>GELBH     Geleidendheid     mS/cm 
>GEL20     Gel20             ???   
>SALNTT    Saliniteit        dimsl 
>CL-       Chloride          mg/l  
>CHFLYSI   Chlorofyl         ugr/l 
>TURBID    Troebelheid       NTU   
 -1036  33245 400632   0.97  12.88   7.43   8.05   9.98    99  28.11  3775  26.88  15194   0.44   0.73
  1036  33249 400613   2.02  11.18   7.42   8.05   9.96    99  28.11  3775  26.89  15195   0.46   0.72
  1036  33252 400602   2.96  10.29   7.42   8.05   9.95    99  28.11  3775  26.88  15195   0.50   0.75
  1037  33253 400590   3.94   8.29   7.42   8.05   9.93    99  28.11  3775  26.88  15195   0.47   0.81
  1037  33263 400583   4.97   6.08   7.42   8.05   9.91    98  28.11  3775  26.89  15195   0.40   0.79
  1037  33268 400571   5.99   4.85   7.43   8.05   9.90    98  28.11  3776  26.89  15197   0.41   0.73
  1038  33269 400562   6.99   3.90   7.43   8.05   9.90    98  28.12  3776  26.89  15199   0.48   0.75
  1038  33269 400549   8.01   2.65   7.43   8.05   9.89    98  28.12  3777  26.90  15201   0.45   0.72
  1039  33269 400539   9.01   2.29   7.43   8.05   9.89    98  28.13  3777  26.90  15203   0.39   0.72
  1039  33250 400534   9.98   1.90   7.44   8.06   9.91    98  28.14  3778  26.91  15209   0.46   0.78
  1040  33241 400543  11.04   1.94   7.44   8.06   9.94    99  28.16  3780  26.93  15218   0.41   0.62
  1041  33243 400549  11.98   0.75   7.46   8.06   9.94    99  28.23  3787  26.98  15248   0.43   0.69
 -1044  33198 400230   1.02  13.31   7.45   8.08  10.00   100  28.14  3777  26.90  15204   0.45   0.73
  1044  33196 400208   2.06  12.43   7.45   8.08  10.00   100  28.14  3777  26.90  15204   0.39   0.69
  1045  33197 400204   2.99  11.41   7.45   8.08  10.00   100  28.15  3779  26.91  15211   0.44   0.68
  1045  33193 400207   3.93  10.36   7.45   8.08  10.00   100  28.16  3779  26.92  15213   0.42   0.83
  1046  33199 400214   4.97   9.21   7.45   8.08  10.00    99  28.16  3780  26.92  15216   0.42   0.79
  1046  33203 400218   5.99   7.75   7.45   8.08  10.00    99  28.16  3780  26.92  15216   0.41   0.74
  1046  33205 400223   6.98   6.83   7.45   8.08  10.00    99  28.17  3781  26.93  15220   0.52   0.73
  1047  33208 400228   7.99   5.74   7.45   8.08   9.98    99  28.17  3781  26.93  15219   0.38   0.75
  1047  33210 400240   9.01   4.30   7.45   8.08   9.97    99  28.17  3781  26.93  15222   0.40   0.76
  1048  33208 400241  10.02   3.31   7.45   8.08   9.97    99  28.17  3781  26.93  15221   0.43   0.81
  1048  33210 400227  11.00   2.73   7.46   8.08   9.95    99  28.20  3784  26.95  15233   0.52   0.82
  1049  33211 400206  12.03   1.69   7.48   8.08   9.94    99  28.26  3790  27.00  15264   0.50   0.75
  1049  33218 400185  12.90   0.00   7.51   8.08   9.92    99  28.39  3805  27.11  15327   0.55   0.88
 -1056  33889 398931   1.00  19.84   7.42   8.08   9.91    98  28.19  3786  26.97  15245   0.61   0.86
  1057  33886 398940   2.00  18.73   7.42   8.08   9.91    98  28.19  3786  26.97  15245   0.48   0.90
  1057  33893 398937   3.02  18.14   7.45   8.09   9.94    99  28.23  3790  27.00  15260   0.49   0.90
  1057  33896 398934   3.99  16.94   7.46   8.09   9.96    99  28.26  3792  27.01  15269   0.39   0.89
  1058  33900 398933   5.00  15.60   7.47   8.09   9.96    99  28.27  3793  27.02  15274   0.47   0.84
  1058  33907 398932   6.02  15.00   7.47   8.09   9.97    99  28.28  3793  27.03  15277   0.50   0.80
  1059  33916 398925   7.02  13.84   7.48   8.09   9.97    99  28.29  3795  27.04  15283   0.44   0.77
  1059  33924 398924   7.97  12.95   7.47   8.09   9.98    99  28.29  3795  27.04  15284   0.56   0.78
  1100  33925 398922   8.99  12.44   7.48   8.09   9.98    99  28.31  3797  27.05  15292   0.58   0.73
  1100  33928 398921  10.01  11.39   7.48   8.10   9.97    99  28.32  3798  27.06  15298   0.54   0.78
  1101  33928 398919  10.99  10.54   7.49   8.10   9.96    99  28.34  3799  27.07  15304   0.43   0.76
  1101  33928 398918  12.01   9.58   7.49   8.10   9.96    99  28.34  3800  27.08  15308   0.51   0.73
  1101  33929 398919  13.06   8.25   7.49   8.10   9.95    99  28.37  3803  27.10  15320   0.43   0.74
  1102  33923 398926  14.02   6.44   7.49   8.09   9.93    99  28.40  3808  27.14  15341   0.60   1.21
  1102  33915 398921  15.00   6.86   7.49   8.09   9.93    99  28.40  3807  27.13  15339   0.45   1.11
  1103  33912 398916  15.97   6.31   7.49   8.10   9.93    99  28.40  3808  27.14  15341   0.63   1.18
  1103  33918 398912  16.99   4.68   7.49   8.10   9.92    99  28.40  3808  27.14  15343   0.64   1.11
  1104  33924 398912  18.01   3.31   7.49   8.10   9.90    99  28.40  3808  27.15  15345   0.71   1.56
  1104  33928 398914  19.09   1.93   7.48   8.09   9.88    98  28.40  3809  27.15  15346   0.71   1.76
  1104  33933 398919  20.03   0.00   7.48   8.09   9.86    98  28.40  3809  27.15  15348   1.32   2.91
 -1111  34959 398069   1.01   4.99   7.44   8.10  10.00    99  28.14  3778  26.91  15207   0.39   0.76
  1111  34989 398066   1.98   3.84   7.45   8.10   9.98    99  28.20  3784  26.96  15236   0.36   0.77
  1112  34993 398067   2.88   2.83   7.47   8.10   9.97    99  28.27  3792  27.02  15271   0.39   0.77
  1113  34999 398066   4.00   1.59   7.48   8.10  10.00   100  28.37  3804  27.11  15325   0.44   0.74
  1114  34997 398070   5.05   0.75   7.48   8.10   9.98    99  28.39  3808  27.14  15343   0.46   0.81
 -1118  35426 397454   0.99  14.13   7.45   8.11  10.00    99  27.98  3756  26.73  15106   0.53   0.76
  1118  35442 397444   1.99  12.94   7.45   8.11   9.99    99  27.97  3755  26.73  15103   0.53   0.78
  1119  35451 397443   2.96  10.25   7.45   8.11   9.97    99  27.98  3755  26.73  15104   0.50   0.86
  1119  35457 397445   4.00   8.06   7.44   8.11   9.97    99  27.98  3756  26.73  15106   0.52   0.80
  1120  35470 397445   5.00   7.24   7.44   8.11   9.96    99  28.00  3759  26.76  15122   0.61   0.84
  1120  35477 397441   6.04   5.71   7.44   8.11   9.94    99  28.04  3764  26.80  15145   0.41   0.81
  1120  35480 397440   6.99   4.38   7.45   8.10   9.93    99  28.09  3771  26.85  15174   0.44   0.83
  1121  35487 397436   8.05   2.51   7.45   8.10   9.93    99  28.10  3771  26.85  15177   0.52   0.79
  1121  35488 397436   9.00   1.61   7.46   8.11   9.93    99  28.15  3777  26.90  15205   0.67   0.95
 -1126  36090 396948   1.00   6.26   7.50   8.12   9.98    99  27.74  3719  26.45  14941   0.56   0.85
  1127  36134 396918   1.99   5.46   7.49   8.12   9.99    99  27.72  3717  26.43  14931   0.59   0.80
  1127  36140 396917   2.96   4.63   7.49   8.12   9.98    99  27.81  3729  26.52  14985   0.63   0.87
  1128  36154 396905   4.01   3.78   7.48   8.12   9.98    99  27.85  3735  26.57  15012   0.51   0.88
  1128  36160 396896   5.06   2.36   7.48   8.11   9.96    99  28.15  3775  26.89  15196   0.82   1.05
  1128  36166 396895   5.99   1.31   7.48   8.11   9.95    99  28.19  3781  26.93  15220   0.56   1.32
 -1135  36693 395940   1.09   7.68   7.40   8.12  10.00    99  27.81  3738  26.59  15025   0.49   0.73
  1135  36693 395926   1.99   6.55   7.39   8.12  10.00    99  27.80  3736  26.58  15020   0.52   0.83
  1135  36694 395925   3.04   5.48   7.39   8.12   9.98    99  27.80  3737  26.59  15023   0.48   0.82
  1136  36699 395930   3.97   5.03   7.41   8.12  10.00    99  27.84  3741  26.62  15040   0.51   0.72
  1136  36704 395937   5.05   4.09   7.42   8.12  10.00    99  27.86  3743  26.63  15049   0.55   0.80
  1136  36704 395937   6.01   2.91   7.43   8.12  10.00    99  27.88  3744  26.64  15055   0.50   0.82
  1137  36690 395932   7.01   1.31   7.45   8.12   9.94    99  28.08  3769  26.83  15166   0.45   0.79
 -1148  37389 393879   0.97  18.39   7.55   8.12   9.96    99  28.02  3751  26.69  15085   0.58   0.77
  1148  37401 393860   2.04   0.00   7.53   8.13   9.99    99  28.00  3750  26.69  15080   0.52   0.84
  1149  37400 393861   2.97  16.26   7.57   8.13   9.96    99  28.04  3751  26.70  15086   0.53   0.77
  1149  37401 393861   3.92  15.34   7.62   8.13   9.99   100  28.22  3771  26.85  15176   0.50   0.77
  1149  37404 393859   4.97  14.18   7.62   8.13  10.00   100  28.25  3776  26.89  15196   0.47   0.84
  1150  37406 393857   6.03  13.08   7.61   8.13   9.97    99  28.26  3778  26.90  15206   0.48   0.87
  1150  37404 393860   6.93  12.31   7.61   8.13   9.96    99  28.27  3779  26.91  15211   0.46   0.90
  1150  37404 393867   7.84  11.18   7.58   8.13   9.94    99  28.31  3787  26.98  15247   0.48   0.85
  1151  37403 393869   9.03   9.86   7.57   8.13   9.92    99  28.32  3789  26.99  15258   0.48   0.90
  1151  37414 393859  10.00   8.75   7.50   8.12   9.87    98  28.36  3802  27.09  15315   0.45   0.95
  1152  37419 393860  10.96   7.23   7.37   8.11   9.70    96  28.48  3829  27.31  15441   0.42   0.80
  1153  37424 393864  11.97   5.89   7.33   8.09   9.58    95  28.60  3850  27.48  15537   0.41   0.76
  1154  37431 393862  12.94   4.38   7.25   8.08   9.38    93  28.68  3869  27.63  15623   0.40   0.83
  1155  37438 393851  13.98   2.85   6.89   7.87   7.54    75  30.54  4159  29.92  16951   0.19   0.82
  1156  37437 393869  14.97   1.74   6.86   7.82   7.08    71  30.66  4179  30.08  17043   0.27   0.80
  1157  37431 393871  15.95   0.75   6.87   7.78   6.80    68  30.71  4184  30.12  17066   0.34   0.94
 -1204  38189 393924   0.98   0.95   7.52   8.13   9.93    99  27.97  3747  26.66  15067   0.60   0.96
  1204  38324 394028   1.98   5.54   7.50   8.13   9.96    99  27.95  3746  26.66  15063   0.54   0.97
  1205  38331 394016   3.02   3.93   7.51   8.13   9.96    99  27.96  3746  26.65  15062   0.53   0.89
  1205  38337 394019   3.92   3.04   7.52   8.13   9.95    99  28.00  3751  26.70  15087   0.56   1.04
  1206  38353 394022   4.95   1.25   7.53   8.13   9.92    99  28.05  3757  26.74  15114   0.42   1.00
 -1219  40134 395965   1.00  20.23   7.48   8.14   9.98    99  27.52  3691  26.23  14815   0.57   0.99
  1219  40146 395987   1.96   0.76   7.52   8.14   9.93    99  27.74  3717  26.43  14932   0.61   1.09
  1220  40152 395999   2.92  20.60   7.53   8.14   9.95    99  27.87  3733  26.55  15002   0.53   1.20
  1220  40145 396001   4.01   0.00   7.54   8.14   9.93    99  27.93  3740  26.61  15036   0.59   1.17
  1221  40128 395990   5.11  18.25   7.67   8.14   9.95    99  28.21  3764  26.80  15143   0.49   1.14
  1221  40134 395994   6.01  17.78   7.69   8.14   9.95    99  28.35  3782  26.94  15223   0.52   1.16
  1222  40141 396003   7.08  16.65   7.66   8.16   9.93    99  28.32  3781  26.93  15222   0.48   1.19
  1222  40137 395996   7.99  15.68   7.68   8.15   9.90    99  28.34  3781  26.93  15221   0.40   1.19
  1222  40136 395991   9.00  14.54   7.69   8.15   9.90    99  28.36  3782  26.94  15225   0.50   1.18
  1223  40141 395992   9.93  13.51   7.69   8.15   9.91    99  28.36  3782  26.94  15226   0.49   1.21
  1223  40156 396002  10.93  12.63   7.70   8.14   9.86    99  28.37  3783  26.95  15230   0.45   1.18
  1224  40136 396005  12.01  11.81   7.67   8.14   9.84    98  28.35  3784  26.95  15232   0.43   1.05
  1224  40136 396005  13.04  10.76   7.66   8.14   9.81    98  28.34  3784  26.95  15233   0.47   1.18
  1225  40146 396013  13.94   9.63   7.64   8.13   9.78    98  28.34  3784  26.95  15233   0.57   1.18
  1225  40150 396015  15.02   8.59   7.65   8.13   9.76    97  28.34  3784  26.96  15235   0.53   1.22
  1226  40139 396001  16.15   7.65   7.65   8.13   9.74    97  28.35  3784  26.96  15235   0.66   1.13
  1226  40142 396000  17.14   6.58   7.65   8.13   9.72    97  28.34  3784  26.96  15236   0.55   1.32
  1226  40147 396004  17.99   5.56   7.65   8.13   9.69    97  28.35  3785  26.96  15237   0.51   1.30
  1227  40135 395992  19.07   4.49   7.66   8.13   9.67    97  28.35  3785  26.96  15238   0.58   1.23
  1227  40132 395989  19.93   3.39   7.66   8.13   9.66    96  28.36  3786  26.97  15241   0.67   1.23
  1228  40137 395991  20.98   2.51   7.66   8.13   9.65    96  28.36  3786  26.97  15242   0.54   1.30
  1228  40139 395995  22.03   1.70   7.66   8.12   9.61    96  28.36  3786  26.97  15242   0.75   1.34
 -1256  41802 397195   1.01   0.00   7.34   8.15   9.98    98  27.31  3676  26.11  14747   0.51   1.20
  1257  41817 397215   1.97   6.91   7.33   8.16   9.96    98  27.31  3677  26.12  14753   0.47   1.12
  1257  41813 397214   2.92   6.06   7.33   8.16   9.94    98  27.31  3677  26.12  14752   0.47   1.19
  1257  41796 397201   3.69   5.45   7.33   8.15   9.93    98  27.35  3683  26.16  14777   0.57   1.21
  1258  41783 397185   4.97   4.40   7.33   8.15   9.92    98  27.33  3680  26.14  14765   0.52   1.13
  1258  41794 397188   5.95   2.60   7.33   8.14   9.88    98  27.46  3696  26.27  14839   0.48   1.32
  1259  41812 397196   7.05   2.06   7.33   8.14   9.86    97  27.42  3692  26.24  14821   0.47   1.16
  1259  41802 397205   7.97   0.95   7.38   8.14   9.75    96  27.71  3726  26.50  14974   0.41   1.26
 -1306  42833 397310   0.83   0.75   7.57   8.15   9.96    98  27.07  3623  25.69  14507   0.52   1.59
  1306  42817 397344   2.05   5.94   7.46   8.14  10.00    98  26.45  3549  25.12  14178   0.58   1.80
  1307  42826 397344   2.98   4.69   7.52   8.13   9.95    98  26.96  3611  25.60  14455   0.55   1.56
  1309  42800 397324   4.03  11.70   7.60   8.14   9.90    98  27.35  3656  25.95  14655   0.58   1.70
  1309  42801 397317   5.04  10.64   7.64   8.14   9.83    98  27.82  3715  26.41  14924   0.60   1.37
  1310  42803 397308   5.98   9.28   7.62   8.14   9.79    97  27.94  3733  26.56  15005   0.45   1.20
  1310  42809 397303   6.99   8.04   7.57   8.14   9.78    97  27.98  3744  26.64  15054   0.41   1.31
  1310  42815 397301   7.95   7.30   7.58   8.13   9.78    97  28.02  3748  26.67  15071   0.49   1.20
  1311  42827 397303   8.92   6.71   7.58   8.13   9.78    97  28.02  3748  26.67  15071   0.44   1.21
  1311  42822 397300  10.01   5.25   7.54   8.13   9.78    97  28.04  3755  26.73  15103   0.49   1.29
  1312  42820 397300  10.95   4.31   7.53   8.13   9.77    97  28.04  3756  26.73  15106   0.44   1.25
  1312  42819 397304  12.05   3.28   7.53   8.13   9.76    97  28.05  3757  26.74  15110   0.47   1.30
  1312  42824 397306  13.04   2.84   7.52   8.13   9.74    97  28.04  3757  26.74  15111   0.46   1.23
  1313  42826 397308  13.98   1.95   7.52   8.13   9.73    97  28.04  3757  26.74  15110   0.58   1.33
  1313  42821 397310  15.05   0.83   7.52   8.13   9.73    97  28.05  3757  26.74  15113   0.44   1.36
 -1324  44418 396381   1.01   5.10   7.78   8.13   9.86    98  28.06  3734  26.56  15005   0.50   1.36
  1324  44425 396372   1.94   5.36   7.76   8.13   9.84    98  28.03  3732  26.54  14996   0.50   1.34
  1325  44426 396361   2.97   4.90   7.76   8.13   9.79    98  28.05  3734  26.56  15008   0.53   1.44
  1325  44432 396364   3.99   3.55   7.76   8.13   9.76    97  28.08  3739  26.60  15030   0.58   1.38
  1325  44435 396364   5.00   2.31   7.76   8.13   9.75    97  28.09  3740  26.61  15033   0.61   1.49
  1326  44421 396372   6.04   1.33   7.85   8.12   9.59    96  28.52  3789  26.99  15254   0.82   1.72
 -1333  45340 396425   1.01   0.75   7.92   8.14   9.81    98  28.16  3733  26.55  15003   0.72   1.68
  1334  45345 396428   2.02   0.76   7.88   8.13   9.76    98  28.36  3765  26.80  15147   0.72   1.91
  1334  45338 396435   3.02   8.39   7.88   8.13   9.69    97  28.62  3798  27.06  15298   0.90   1.94
  1335  45338 396441   4.01   7.48   7.88   8.13   9.69    97  28.81  3823  27.26  15409   1.14   2.23
  1335  45342 396451   4.99   6.44   7.89   8.13   9.68    97  28.81  3823  27.26  15408   1.15   2.41
  1336  45337 396445   5.99   5.50   7.89   8.13   9.66    97  28.84  3827  27.29  15427   1.30   2.24
  1336  45342 396448   7.00   4.43   7.88   8.12   9.60    97  28.89  3834  27.35  15460   1.36   2.27
  1336  45350 396458   8.01   3.48   7.88   8.12   9.58    96  28.89  3836  27.36  15466   1.27   2.64
  1337  45347 396442   9.02   2.59   7.86   8.12   9.47    95  29.09  3862  27.57  15588   2.08   2.74
  1338  45343 396437  10.01   1.38   7.86   8.12   9.45    95  29.06  3858  27.53  15569   1.60   2.56
 -1346  46240 396899   1.00   4.36   7.89   8.14   9.80    98  28.14  3734  26.56  15005   0.77   2.06
  1346  46240 396890   1.98   3.40   7.89   8.14   9.79    98  28.15  3735  26.57  15010   0.69   1.93
  1346  46245 396890   3.01   2.29   7.89   8.14   9.79    98  28.15  3736  26.58  15016   0.75   2.04
  1347  46244 396891   4.03   1.26   7.89   8.14   9.78    98  28.19  3740  26.61  15035   0.77   2.23
 -1357  48036 396670   1.00  13.56   7.60   8.15   9.94    99  27.61  3691  26.23  14814   0.95   1.95
  1358  48023 396648   2.04   0.00   7.60   8.15   9.95    99  27.62  3692  26.23  14819   1.03   1.98
  1358  48027 396648   3.03  11.56   7.60   8.15   9.93    99  27.62  3692  26.23  14820   1.15   2.04
  1358  48034 396650   3.98  10.56   7.60   8.15   9.95    99  27.62  3693  26.24  14822   1.09   2.01
  1359  48041 396648   5.00   9.74   7.62   8.14   9.75    97  27.81  3716  26.42  14926   0.94   1.91
  1400  48033 396620   5.95   7.19   7.82   8.12   9.56    96  29.05  3862  27.57  15588   1.31   2.56
  1400  48027 396618   7.04   5.71   7.84   8.12   9.53    96  29.27  3890  27.78  15713   1.47   2.82
  1400  48029 396620   7.97   5.48   7.85   8.12   9.53    96  29.39  3904  27.89  15776   1.51   2.87
  1401  48049 396633   9.00   5.68   7.81   8.10   9.42    95  29.82  3965  28.38  16056   1.31   3.11
  1401  48050 396632   9.91   5.00   7.62   8.09   9.41    95  30.32  4052  29.07  16455   1.23   3.14
  1402  48038 396632  11.02   3.40   7.52   8.08   9.49    96  30.53  4090  29.37  16631   1.51   3.32
  1402  48045 396637  11.94   2.78   7.39   8.07   9.48    96  30.69  4125  29.65  16793   1.86   3.33
  1403  48049 396641  12.97   1.86   7.30   8.07   9.50    96  30.75  4144  29.80  16881   1.44   2.90
  1404  48034 396641  13.99   0.75   7.13   8.01   8.85    89  31.00  4196  30.21  17119   1.19   2.50
 -1411  49100 395869   1.08  10.24   7.68   8.13   9.81    98  27.98  3733  26.55  15001   0.89   2.17
  1412  49112 395862   2.01   9.29   7.69   8.13   9.79    98  27.98  3732  26.55  14999   0.94   2.11
  1412  49121 395827   3.04   6.10   7.67   8.13   9.78    97  28.00  3736  26.58  15016   0.99   2.05
  1413  49121 395828   4.04   5.00   7.68   8.13   9.76    97  28.01  3738  26.59  15023   0.97   2.23
  1413  49121 395820   5.03   3.51   7.68   8.13   9.73    97  28.06  3744  26.64  15054   1.05   2.15
  1413  49127 395819   5.89   3.29   7.68   8.13   9.74    97  28.05  3743  26.63  15050   0.88   2.08
  1414  49108 395831   7.03   2.56   7.81   8.13   9.74    98  28.46  3785  26.96  15236   1.04   2.10
  1414  49107 395839   8.04   1.39   7.89   8.11   9.44    95  29.47  3911  27.95  15808   1.24   2.97
