# MEETVAARTUIG : M.C.ECOS2 YSI
# MEETDATUM    : 25-11-2005 09:11:11
# MEETGEBIED   : VEERSE MEER
# STARTPUNT    : Zandkreekdam
# EINDPUNT     : Veersedam
# PROJECTCODE  : E7301X
# OPDRACHTGEVER: ZLXXAXAMDBG
# BEHEERDER    : ZLXXRWMVSGN
# BEMONST. INST:
# WAARNEMER(S) : Geert den Hartog
#
* 20051125
$ 9999 [000000000000]
>TIJD      uumm                    
>X         coordinaat              
>Y         coordinaat              
>SENSHTE   Diepte set        m     
>EchoSh    Echoschip         m     
>Temp      Temperatuur       oC       : 5.  1.0  11 1.0
>pH        Zuurgraad         dimsls
>O2        Zuurstof          mg/l  
>%O2       Zuurstof%         %     
>GELBH     Geleidendheid     mS/cm 
>SALNTT    Saliniteit        dimsl 
>CL-       Chloride          mg/l     :12000.  500.  13 500
 -0911  51157 396538   1.10   9.60   9.19   7.75   8.91    98  34.32  31.88  18084
  0911  51150 396553   1.91  10.00   9.19   7.75   8.89    97  34.32  31.88  18084
  0911  51154 396560   2.96   0.00   9.16   7.79   8.88    97  34.30  31.89  18088
  0912  51161 396564   4.03   9.80   9.16   7.77   8.88    97  34.30  31.89  18088
  0912  51170 396562   4.90   9.80   9.14   7.79   8.86    97  34.28  31.89  18087
  0912  51182 396558   6.14   9.60   9.18   7.77   8.84    97  34.31  31.88  18084
  0913  51179 396556   7.18   9.60   9.15   7.78   8.84    97  34.29  31.89  18087
  0913  51173 396560   7.90   9.50   9.16   7.78   8.83    97  34.30  31.89  18088
 -0918  50563 396229   1.05   9.60   8.88   7.82   8.86    96  34.07  31.90  18096
  0918  50546 396224   2.10  10.10   8.88   7.85   8.85    96  34.07  31.90  18096
  0919  50541 396231   3.07  10.60   8.87   7.82   8.85    96  34.05  31.89  18090
  0919  50541 396235   3.98  10.70   8.86   7.84   8.84    96  34.03  31.88  18083
  0919  50539 396243   5.10  10.80   8.91   7.84   8.83    96  34.09  31.90  18093
  0919  50534 396246   6.08  10.60   8.66   7.84   8.87    96  33.85  31.87  18079
  0920  50530 396243   7.09  10.60   8.84   7.82   8.84    96  34.01  31.88  18081
  0920  50529 396241   8.13  10.60   8.71   7.85   8.85    96  33.91  31.89  18089
  0921  50542 396230   9.03  10.40   8.90   7.85   8.79    96  34.06  31.87  18080
 -0926  49780 395928   1.09   6.30   8.75   7.85   8.80    96  33.93  31.87  18080
  0927  49765 395917   2.18   6.30   8.79   7.85   8.79    96  33.98  31.89  18089
  0927  49760 395912   3.13   6.40   8.79   7.86   8.79    96  33.98  31.89  18089
  0927  49755 395910   3.97   0.00   8.80   7.85   8.78    96  33.99  31.89  18090
  0927  49753 395912   4.88   6.50   8.78   7.87   8.80    96  33.97  31.89  18088
  0928  49752 395920   5.74   6.40   8.78   7.86   8.80    96  33.98  31.90  18094
 -0954  49183 395835   0.94  11.10   6.33   7.88   9.43    94  27.27  26.84  15172
  0955  49212 395833   2.08  11.00   6.33   7.91   9.41    94  27.27  26.84  15172
  0955  49220 395829   3.00  10.90   6.32   7.89   9.41    94  27.28  26.86  15183
  0955  49220 395829   4.04  11.00   6.32   7.88   9.40    93  27.28  26.86  15183
  0956  49212 395834   5.05  11.50   6.32   7.87   9.40    93  27.28  26.86  15183
  0956  49208 395838   6.09  11.50   6.32   7.88   9.39    93  27.28  26.86  15183
  0956  49208 395840   7.03  11.50   6.31   7.90   9.39    93  27.28  26.87  15188
  0956  49210 395840   8.01  11.60   6.32   7.92   9.37    93  27.30  26.88  15196
  0957  49206 395842   9.05  11.60   6.34   7.89   9.36    93  27.37  26.94  15230
  0957  49203 395842  10.00  11.60   6.32   7.90   9.35    93  27.40  26.99  15258
  0957  49198 395844  10.89  11.60   6.29   7.88   9.34    93  27.50  27.12  15335
 -1006  48075 396613   1.16  16.30   6.61   7.92   9.24    93  27.72  27.11  15325
  1006  48058 396619   1.98  16.40   6.62   7.88   9.21    92  27.73  27.11  15327
  1006  48054 396617   3.02  16.40   6.62   7.90   9.20    92  27.73  27.11  15327
  1006  48052 396617   4.01  16.40   6.62   7.89   9.20    92  27.74  27.12  15333
  1006  48051 396614   5.13  28.30   6.63   7.92   9.19    92  27.74  27.11  15328
  1007  48052 396614   5.99  27.50   6.62   7.92   9.20    92  27.74  27.12  15333
  1007  48052 396610   7.09  28.70   6.66   7.88   9.18    92  27.79  27.14  15345
  1007  48055 396608   8.06  27.80   6.67   7.90   9.17    92  27.79  27.14  15341
  1007  48055 396608   9.00  27.40   6.69   7.90   9.17    92  27.82  27.15  15350
  1008  48053 396606  10.03  16.40   6.71   7.87   9.15    92  27.86  27.18  15366
  1008  48051 396604  11.06  16.40   6.72   7.91   9.14    92  27.91  27.22  15392
  1010  48049 396608  12.00  16.40   9.89   7.81   7.16    79  32.77  29.71  16820
  1010  48053 396612  13.06  16.40  10.06   7.79   6.52    72  33.02  29.82  16883
  1011  48058 396606  14.05  16.40   9.95   7.77   6.38    70  32.94  29.83  16890
  1011  48057 396606  15.09  16.40   9.80   7.79   6.39    70  32.82  29.83  16892
 -1023  46275 396880   0.96   5.40   6.99   7.89   9.01    91  28.10  27.21  15386
  1023  46244 396880   2.04   5.50   7.00   7.87   9.00    91  28.11  27.22  15387
  1023  46232 396884   3.00   5.50   7.00   7.90   9.00    91  28.11  27.22  15387
  1024  46224 396886   4.02   5.70   7.01   7.87   8.98    91  28.11  27.21  15383
 -1032  45356 396403   1.12   9.80   7.09   7.88   8.84    90  28.05  27.08  15310
  1032  45343 396408   2.07  10.50   7.08   7.89   8.83    90  28.05  27.09  15314
  1032  45339 396416   3.10  11.70   7.09   7.86   8.85    90  28.05  27.08  15310
  1032  45339 396423   4.22  11.90   7.10   7.87   8.84    90  28.06  27.09  15311
  1033  45342 396427   4.98  12.00   7.09   7.88   8.84    90  28.05  27.08  15310
  1033  45349 396432   6.22  12.30   7.05   7.88   8.84    90  28.03  27.09  15315
  1033  45356 396434   7.09  12.30   7.07   7.88   8.82    89  28.03  27.08  15306
  1034  45358 396438   8.05  12.60   7.08   7.89   8.82    89  28.08  27.12  15333
  1034  45353 396434   9.11  12.30   7.17   7.89   8.79    89  28.20  27.18  15365
  1035  45350 396421  10.13  25.00   8.63   7.83   7.78    82  30.41  28.33  16027
 -1042  44420 396347   1.04   8.10   6.97   7.86   8.88    90  27.99  27.11  15327
  1042  44402 396353   2.06   8.20   6.97   7.88   8.87    90  27.99  27.11  15327
  1042  44398 396353   3.00   8.10   6.97   7.88   8.86    90  27.99  27.11  15327
  1043  44399 396353   4.10   8.10   6.98   7.88   8.86    90  28.00  27.12  15329
  1043  44404 396353   5.03   8.10   6.98   7.86   8.85    90  28.00  27.12  15329
  1043  44409 396353   6.01   8.10   6.98   7.88   8.85    90  28.00  27.12  15329
  1043  44411 396353   7.07   8.00   6.97   7.89   8.84    89  28.00  27.12  15333
 -1054  42832 397309   1.07  26.60   7.43   7.93   8.76    89  27.94  26.70  15089
  1055  42820 397317   1.95  25.20   7.42   7.86   8.76    89  27.97  26.74  15112
  1055  42819 397319   3.15  27.80   7.44   7.87   8.75    89  28.03  26.79  15140
  1055  42818 397323   4.08  14.00   7.45   7.87   8.74    89  28.04  26.79  15141
  1055  42818 397324   5.05  13.20   7.45   7.89   8.73    89  28.03  26.78  15135
  1055  42823 397324   6.22  12.70   7.44   7.86   8.74    89  28.03  26.79  15140
  1056  42827 397322   7.00  12.60   7.44   7.86   8.73    89  28.03  26.79  15140
  1056  42830 397322   8.05  13.00   7.44   7.82   8.73    89  28.03  26.79  15140
  1056  42828 397322   8.98  12.90   7.43   7.86   8.72    89  28.04  26.81  15150
  1056  42826 397324  10.18  12.60   7.44   7.86   8.71    89  28.05  26.81  15152
  1057  42821 397324  11.08  13.60   7.44   7.87   8.70    89  28.06  26.82  15158
  1057  42820 397323  12.01  14.00   7.44   7.86   8.70    89  28.06  26.82  15158
  1057  42824 397322  13.04  13.50   7.43   7.86   8.71    89  28.06  26.83  15162
  1058  42825 397322  14.08  13.40   7.44   7.87   8.69    89  28.07  26.83  15164
  1058  42823 397323  15.11  14.20   7.44   7.87   8.70    89  28.09  26.85  15176
 -1105  41821 397204   1.03   8.80   7.45   7.86   8.70    89  28.21  26.97  15244
  1105  41804 397206   2.07   8.80   7.45   7.92   8.70    89  28.22  26.98  15251
  1105  41797 397210   3.01   9.00   7.45   7.86   8.69    89  28.22  26.98  15251
  1106  41794 397212   4.03   9.00   7.46   7.87   8.69    89  28.22  26.97  15246
  1106  41796 397216   5.09   9.00   7.47   7.87   8.68    89  28.22  26.97  15242
  1106  41801 397214   5.98   9.00   7.47   7.88   8.68    89  28.23  26.98  15248
  1106  41811 397213   7.01   8.90   7.47   7.82   8.68    89  28.24  26.99  15254
  1106  41817 397215   8.11   8.80   7.48   7.85   8.68    89  28.25  26.99  15255
 -1119  40156 396006   1.15  24.00   7.72   7.86   8.49    87  28.57  27.14  15341
  1119  40143 396001   2.02  24.10   7.70   7.86   8.50    87  28.56  27.14  15344
  1119  40145 396001   3.08  24.10   7.70   7.85   8.49    87  28.56  27.14  15344
  1119  40148 395997   3.99  24.10   7.69   7.87   8.49    87  28.55  27.14  15342
  1119  40153 395995   5.09  24.00   7.68   7.85   8.49    87  28.53  27.13  15335
  1120  40154 395993   6.00  24.00   7.68   7.85   8.49    87  28.53  27.13  15335
  1120  40151 395993   7.03  24.00   7.67   7.86   8.49    87  28.53  27.14  15339
  1120  40148 395995   8.03  24.00   7.67   7.85   8.49    87  28.54  27.15  15345
  1120  40145 395999   9.03  24.10   7.68   7.87   8.49    87  28.54  27.14  15341
  1121  40146 396001  10.03  24.00   7.70   7.85   8.49    87  28.55  27.13  15338
  1121  40148 396001  11.10  24.00   7.73   7.87   8.48    87  28.62  27.18  15367
  1121  40152 396004  12.10  23.80   7.74   7.86   8.46    87  28.58  27.13  15338
  1121  40152 396004  13.01  24.00   7.72   7.84   8.45    87  28.58  27.15  15347
  1122  40152 396006  13.94  24.00   7.73   7.86   8.45    87  28.58  27.14  15342
  1122  40152 396006  15.08  23.90   7.76   7.84   8.45    87  28.62  27.16  15353
  1122  40149 396006  15.98  24.00   7.71   7.85   8.45    87  28.57  27.15  15345
  1122  40146 396006  17.01  23.60   7.68   7.85   8.45    87  28.54  27.14  15341
  1123  40145 396008  18.03  24.00   7.63   7.87   8.46    87  28.50  27.14  15339
  1123  40146 396006  19.05  24.10   7.62   7.85   8.46    87  28.51  27.15  15350
  1123  40150 396003  20.01  24.10   7.64   7.85   8.47    87  28.52  27.15  15347
  1124  40156 395999  21.08  24.00   7.72   7.84   8.44    87  28.62  27.19  15371
  1124  40153 395997  22.09  24.00   8.00   7.86   8.35    86  28.90  27.27  15413
 -1139  38347 394007   1.02   7.00   7.58   7.86   8.44    86  28.43  27.10  15319
  1139  38323 393999   2.05   7.20   7.57   7.81   8.45    87  28.40  27.08  15306
  1139  38319 393995   2.98   7.20   7.58   7.91   8.45    87  28.41  27.08  15307
  1140  38318 393993   3.98   7.30   7.57   7.85   8.45    87  28.40  27.08  15306
  1140  38318 393995   4.98   7.30   7.57   7.91   8.45    87  28.42  27.10  15318
  1140  38322 393995   6.01   7.30   7.58   7.91   8.44    86  28.42  27.09  15313
 -1146  37403 393851   1.02  19.60   7.65   7.87   8.48    87  28.42  27.04  15282
  1147  37388 393855   2.06  19.00   7.74   7.87   8.47    87  28.53  27.08  15308
  1147  37387 393855   3.05  18.90   7.73   7.85   8.47    87  28.53  27.09  15312
  1147  37391 393857   4.00  19.50   7.76   7.91   8.43    87  28.57  27.11  15323
  1147  37392 393857   5.01  19.80   7.76   7.87   8.42    87  28.57  27.11  15323
  1148  37395 393859   5.99  19.70   7.74   7.80   8.41    87  28.56  27.11  15326
  1148  37398 393860   7.00  19.70   7.74   7.84   8.41    87  28.55  27.10  15320
  1148  37401 393862   8.07  19.60   7.71   7.85   8.41    86  28.50  27.07  15303
  1148  37403 393862   9.01  19.40   7.71   7.91   8.43    87  28.51  27.08  15309
  1149  37406 393860   9.94  19.30   7.71   7.84   8.43    87  28.52  27.09  15315
  1149  37407 393858  10.93  19.40   7.72   7.91   8.43    87  28.53  27.10  15317
  1149  37404 393857  11.95  19.60   7.73   7.80   8.44    87  28.54  27.10  15318
  1150  37402 393857  12.95  19.60   7.72   7.84   8.44    87  28.53  27.10  15317
  1150  37402 393857  13.98  19.60   7.72   7.80   8.43    87  28.52  27.09  15311
  1150  37401 393855  15.06  19.60   7.73   7.84   8.42    87  28.54  27.10  15318
  1150  37402 393855  16.07  19.60   7.78   7.91   8.41    87  28.59  27.11  15326
  1151  37403 393855  17.06  19.60   7.84   7.85   8.38    86  28.67  27.15  15347
  1151  37403 393858  18.02  19.60   7.80   7.80   8.37    86  28.63  27.14  15341
  1151  37402 393860  18.90  19.50   7.80   7.85   8.37    86  28.61  27.12  15329
 -1203  36719 395957   1.11   9.70   8.07   7.79   8.23    85  28.85  27.16  15352
  1203  36721 395961   1.99   9.50   8.07   7.84   8.23    85  28.85  27.16  15352
  1203  36721 395957   3.15   9.70   8.08   7.89   8.23    85  28.86  27.16  15353
  1203  36722 395952   3.99   9.60   8.08   7.79   8.23    85  28.86  27.16  15353
  1203  36723 395948   5.05   9.40   8.08   7.83   8.22    85  28.86  27.16  15353
  1204  36723 395946   6.02   9.40   8.08   7.83   8.22    85  28.87  27.17  15359
  1204  36717 395943   7.03   9.40   8.09   7.84   8.22    85  28.86  27.15  15349
  1204  36709 395941   8.01   9.50   8.09   7.83   8.21    85  28.87  27.16  15355
 -1212  36134 396884   1.05   7.80   8.20   7.83   8.11    84  28.09  26.27  14842
  1212  36147 396893   1.98   7.70   8.21   7.81   8.10    84  28.48  26.67  15069
  1212  36150 396891   3.06   7.90   8.25   7.82   8.06    84  29.00  27.18  15361
  1213  36153 396891   4.09   8.00   8.24   7.84   8.08    84  29.01  27.19  15371
  1213  36151 396885   4.99   7.90   8.24   7.89   8.11    84  29.02  27.20  15377
  1213  36149 396882   6.10   7.60   8.24   7.85   8.12    85  29.03  27.21  15383
 -1219  35469 397411   0.93  14.00   8.16   7.82   8.23    86  28.94  27.18  15365
  1219  35445 397429   2.09  16.40   8.12   7.83   8.24    86  28.89  27.16  15353
  1219  35441 397432   3.03  16.10   8.11   7.85   8.23    86  28.89  27.17  15358
  1219  35440 397434   4.03  15.80   8.12   7.82   8.23    86  28.90  27.17  15359
  1220  35442 397436   5.07  15.40   8.09   7.83   8.22    85  28.87  27.16  15355
  1220  35446 397436   6.06  14.80   8.11   7.84   8.22    85  28.90  27.18  15364
  1220  35448 397436   7.14  14.20   8.13   7.83   8.22    85  28.91  27.17  15361
  1220  35448 397432   7.97  14.50   8.16   7.89   8.21    85  28.95  27.19  15371
  1221  35449 397430   8.95  26.50   8.19   7.83   8.20    85  28.97  27.19  15370
  1221  35451 397427  10.03   2.20   8.19   7.78   8.18    85  28.96  27.18  15364
  1221  35452 397427  11.01  15.20   8.25   7.85   8.16    85  29.02  27.20  15373
  1221  35450 397429  12.01  15.40   8.23   7.82   8.15    85  29.02  27.21  15382
  1222  35445 397432  13.02  15.30   8.24   7.82   8.14    85  29.02  27.20  15377
  1222  35446 397434  14.03  15.00   8.25   7.82   8.12    85  29.03  27.21  15379
  1222  35448 397430  14.83  15.20   8.26   7.78   8.11    84  29.04  27.21  15380
 -1227  35038 398034   1.08   5.20   8.13   7.86   8.22    86  28.89  27.15  15349
  1227  35031 398049   2.08   5.00   8.12   7.83   8.22    86  28.89  27.16  15353
  1228  35030 398054   3.06   5.00   8.12   7.83   8.21    85  28.88  27.15  15347
  1228  35027 398056   4.00   5.00   8.12   7.84   8.22    85  28.87  27.14  15341
 -1236  33913 398884   1.14  23.50   8.13   7.89   8.25    86  28.90  27.16  15355
  1237  33893 398894   2.11  23.00   8.13   7.89   8.22    86  28.89  27.15  15349
  1237  33891 398894   3.08  22.60   8.13   7.79   8.20    85  28.89  27.15  15349
  1237  33891 398898   3.94  23.40   8.13   7.79   8.17    85  28.90  27.16  15355
  1237  33888 398898   5.06  23.60   8.13   7.85   8.16    85  28.89  27.15  15349
  1238  33888 398900   6.05  23.40   8.14   7.83   8.16    85  28.90  27.16  15350
  1238  33893 398899   7.07  23.30   8.13   7.82   8.16    85  28.89  27.15  15349
  1238  33898 398899   8.06  23.70   8.14   7.83   8.15    85  28.91  27.17  15356
  1238  33899 398899   8.96  23.80   8.15   7.83   8.15    85  28.91  27.16  15352
  1238  33899 398896  10.08  23.80   8.15   7.78   8.14    85  28.91  27.16  15352
  1239  33896 398898  11.03  23.70   8.13   7.85   8.15    85  28.89  27.15  15349
  1239  33892 398896  12.05  23.00   8.16   7.83   8.14    85  28.93  27.17  15359
  1239  33886 398894  13.07  22.30   8.15   7.82   8.14    85  28.91  27.16  15352
  1240  33885 398894  14.02  22.40   8.15   7.83   8.13    85  28.91  27.16  15352
  1240  33886 398894  15.00  22.40   8.09   7.83   8.14    85  28.87  27.16  15355
  1240  33888 398894  16.11  22.80   8.12   7.79   8.15    85  28.89  27.16  15353
  1240  33891 398894  17.16  23.30   8.13   7.83   8.15    85  28.91  27.17  15361
  1241  33893 398896  18.10  23.70   8.14   7.89   8.15    85  28.91  27.17  15356
  1241  33892 398898  19.09  23.80   8.14   7.83   8.14    85  28.90  27.16  15350
  1241  33889 398898  19.96  23.70   8.14   7.84   8.14    85  28.91  27.17  15356
  1241  33890 398900  21.01  23.60   8.15   7.89   8.14    85  28.91  27.16  15352
  1242  33892 398901  22.09  23.90   8.13   7.84   8.14    85  28.90  27.16  15355
 -1251  33143 400233   1.08  13.20   7.98   7.84   8.25    86  28.72  27.09  15314
  1251  33143 400251   2.09  13.30   7.98   7.84   8.25    86  28.72  27.09  15314
  1251  33146 400251   3.00   0.00   7.98   7.83   8.24    85  28.71  27.08  15308
  1252  33162 400240   4.11   0.00   7.98   7.84   8.25    86  28.71  27.08  15308
  1252  33165 400240   5.04   0.00   7.98   7.84   8.26    86  28.71  27.08  15308
  1252  33165 400240   6.08  14.60   7.98   7.83   8.26    86  28.71  27.08  15308
  1252  33161 400241   7.10  14.50   7.98   7.84   8.26    86  28.72  27.09  15314
  1253  33153 400242   8.05  13.50   7.98   7.90   8.27    86  28.72  27.09  15314
  1253  33145 400242   8.99  13.20   7.98   7.86   8.26    86  28.72  27.09  15314
  1253  33142 400242  10.00  12.80   7.99   7.84   8.26    86  28.73  27.10  15316
  1253  33140 400242  11.03  13.00   8.00   7.84   8.23    85  28.73  27.09  15311
  1254  33143 400242  12.01  13.00   8.00   7.86   8.23    85  28.73  27.09  15311
  1254  33149 400242  12.88  13.20   8.00   7.84   8.23    85  28.73  27.09  15311
 -1257  33203 400524   1.07  17.70   7.97   7.83   8.28    86  28.70  27.08  15307
  1257  33197 400537   2.02  28.00   7.97   7.83   8.27    86  28.71  27.09  15313
  1258  33196 400545   3.12  19.30   7.98   7.84   8.25    86  28.71  27.08  15308
  1258  33196 400549   4.09  19.20   7.98   7.90   8.25    86  28.71  27.08  15308
  1258  33201 400554   5.17  18.90   7.97   7.79   8.25    85  28.70  27.08  15307
  1258  33201 400556   6.01  21.10   7.98   7.79   8.24    85  28.71  27.08  15308
  1258  33198 400558   6.98  18.30   7.96   7.83   8.24    85  28.69  27.08  15305
  1259  33196 400560   8.19  16.10   7.97   7.83   8.24    85  28.70  27.08  15307
  1259  33193 400562   9.06  14.80   7.97   7.83   8.24    85  28.70  27.08  15307
  1259  33194 400563  10.05  14.90   7.97   7.90   8.23    85  28.70  27.08  15307
  1300  33197 400565  11.01  15.70   7.97   7.83   8.23    85  28.70  27.08  15307
  1300  33200 400565  12.01  17.10   7.99   7.84   8.22    85  28.71  27.08  15304
  1300  33207 400563  13.01  18.30   7.98   7.89   8.23    85  28.72  27.09  15314
  1300  33212 400561  14.00  17.00   7.98   7.83   8.22    85  28.72  27.09  15314
