# MEETVAARTUIG :
# MEETDATUM    : 2018-07-31 00:00:00
# MEETGEBIED   : VEERSE MEER
# STARTPUNT    : Veersemeer
# EINDPUNT     : Veersemeer
# PROJECTCODE  : E7301X
# OPDRACHTGEVER: ZLXXAXAMDBG
# BEHEERDER    : ZLXXRWMVSGN
# BEMONST. INST:
# WAARNEMER(S) : k. de vlaam
#
* 20180731
$ 9999 [000000000000000]
>TIJD      uumm                    
>X         coordinaat              
>Y         coordinaat              
>SENSHTE   Diepte set        m     
>Echms     Echoset           mtrs  
>Temp      Temperatuur       oC    
>pH        Zuurgraad         dimsls
>O2        Zuurstof          mg/l  
>%O2       Zuurstof%         %     
>GELBH     Geleidendheid     mS/cm 
>GEL20     Gel20             ???   
>SALNTT    Saliniteit        dimsl 
>CL-       Chloride          mg/l  
>CHFLYSI   Chlorofyl         ugr/l 
>TURBID    Troebelheid       NTU   
 -2359  33200 400550   1.00   9999   9999   9999   9999  9999   9999  9999   9999   9999   9999   9999
  2359  33200 400550  17.00   9999   9999   9999   9999  9999   9999  9999   9999   9999   9999   9999
 -2359  33140 400240   1.00   9999   9999   9999   9999  9999   9999  9999   9999   9999   9999   9999
  2359  33140 400240  13.00   9999   9999   9999   9999  9999   9999  9999   9999   9999   9999   9999
 -2359  33887 398893   1.00   9999   9999   9999   9999  9999   9999  9999   9999   9999   9999   9999
  2359  33887 398893  22.00   9999   9999   9999   9999  9999   9999  9999   9999   9999   9999   9999
 -2359  35010 398040   1.00   9999   9999   9999   9999  9999   9999  9999   9999   9999   9999   9999
  2359  35010 398040   5.00   9999   9999   9999   9999  9999   9999  9999   9999   9999   9999   9999
 -2359  35445 397423   1.00   9999   9999   9999   9999  9999   9999  9999   9999   9999   9999   9999
  2359  35445 397423  15.00   9999   9999   9999   9999  9999   9999  9999   9999   9999   9999   9999
 -2359  36140 396880   1.00   9999   9999   9999   9999  9999   9999  9999   9999   9999   9999   9999
  2359  36140 396880   6.00   9999   9999   9999   9999  9999   9999  9999   9999   9999   9999   9999
 -2359  36700 395940   1.00   9999   9999   9999   9999  9999   9999  9999   9999   9999   9999   9999
  2359  36700 395940   8.00   9999   9999   9999   9999  9999   9999  9999   9999   9999   9999   9999
 -2359  37397 393849   1.00   9999   9999   9999   9999  9999   9999  9999   9999   9999   9999   9999
  2359  37397 393849  18.00   9999   9999   9999   9999  9999   9999  9999   9999   9999   9999   9999
 -2359  38320 394000   1.00   9999   9999   9999   9999  9999   9999  9999   9999   9999   9999   9999
  2359  38320 394000   6.00   9999   9999   9999   9999  9999   9999  9999   9999   9999   9999   9999
 -0812  40130 396010   1.00  23.00  23.36   8.17   6.66    93  44.72  4172  29.97  16924   6.90   1.70
  0812  40121 396011   2.00  22.00  23.36   8.16   6.58    92  44.73  4173  29.98  16928   6.50   1.60
  0812  40119 396005   2.98  21.00  23.35   8.16   6.53    91  44.72  4173  29.98  16928   5.90   1.60
  0813  40128 396001   4.00  19.00  23.36   8.16   6.56    92  44.73  4173  29.98  16928   6.00   1.60
  0814  40140 396007   5.03  18.00  23.36   8.15   6.25    87  44.73  4173  29.98  16928   5.60   1.50
  0815  40131 396010   5.99  17.00  23.30   8.10   5.16    72  44.79  4184  30.07  16978   3.00   1.20
  0817  40125 396013   6.97  16.21  23.34   8.10   4.43    62  45.05  4204  30.23  17074   1.90   1.00
  0818  40122 396023   7.94  15.11  23.15   8.05   3.72    52  44.96  4212  30.30  17111   1.80   1.00
  0820  40118 396032   9.04  14.00  22.80   7.95   2.30    32  44.74  4221  30.37  17156   1.10   0.90
  0821  40122 396009   9.97  13.21  22.63   7.93   2.06    28  44.62  4225  30.40  17173   1.20   0.80
  0822  40124 396002  11.00  12.14  22.31   7.89   1.59    22  44.39  4230  30.44  17201   0.60   0.70
  0823  40127 396007  12.04  11.00  22.15   7.88   1.31    18  44.28  4234  30.47  17218   0.60   0.80
  0824  40128 396010  13.00  10.00  21.76   7.85   0.90    12  43.91  4232  30.46  17213   0.60   0.70
  0825  40118 396006  13.98   9.01  21.30   7.83   0.56     8  43.49  4232  30.46  17214   0.00   0.60
  0826  40130 396019  14.95   8.00  20.96   7.82   0.29     4  43.16  4230  30.44  17206   0.40   1.30
  0826  40125 396022  16.01   7.00  20.65   7.83   0.26     4  42.87  4229  30.43  17202   0.50   2.60
  0827  40112 396018  17.00   6.00  20.52   7.83   0.25     3  42.71  4224  30.40  17183   0.30   2.80
  0827  40111 396007  18.02   5.00  20.26   7.83   0.23     3  42.48  4225  30.40  17187   0.40   2.40
  0828  40114 396003  18.95   4.00  20.20   7.83   0.23     3  42.42  4224  30.40  17184   0.40   2.00
  0829  40115 396013  20.03   3.00  20.22   7.83   0.22     3  42.42  4222  30.38  17176   0.40   2.00
  0829  40115 396014  20.91   2.00  20.14   7.82   0.22     3  42.36  4223  30.39  17181   0.30   1.80
  0829  40114 396010  21.98   1.00  20.12   7.82   0.21     3  42.34  4223  30.39  17181   0.20   1.80
  0830  40115 396015  22.99   0.10  20.11   7.82   0.21     3  42.33  4223  30.39  17180   0.30   1.70
 -2359  41810 397220   1.00   9999   9999   9999   9999  9999   9999  9999   9999   9999   9999   9999
  2359  41810 397220   8.00   9999   9999   9999   9999  9999   9999  9999   9999   9999   9999   9999
 -2359  42820 397321   1.00   9999   9999   9999   9999  9999   9999  9999   9999   9999   9999   9999
  2359  42820 397321  15.00   9999   9999   9999   9999  9999   9999  9999   9999   9999   9999   9999
 -2359  44400 396350   1.00   9999   9999   9999   9999  9999   9999  9999   9999   9999   9999   9999
  2359  44400 396350   7.00   9999   9999   9999   9999  9999   9999  9999   9999   9999   9999   9999
 -2359  45349 396431   1.00   9999   9999   9999   9999  9999   9999  9999   9999   9999   9999   9999
  2359  45349 396431  10.00   9999   9999   9999   9999  9999   9999  9999   9999   9999   9999   9999
 -2359  46250 396900   1.00   9999   9999   9999   9999  9999   9999  9999   9999   9999   9999   9999
  2359  46250 396900   4.00   9999   9999   9999   9999  9999   9999  9999   9999   9999   9999   9999
 -2359  48050 396610   1.00   9999   9999   9999   9999  9999   9999  9999   9999   9999   9999   9999
  2359  48050 396610  15.00   9999   9999   9999   9999  9999   9999  9999   9999   9999   9999   9999
 -2359  49200 395850   1.00   9999   9999   9999   9999  9999   9999  9999   9999   9999   9999   9999
  2359  49200 395850  11.00   9999   9999   9999   9999  9999   9999  9999   9999   9999   9999   9999
 -2359  49755 395917   1.00   9999   9999   9999   9999  9999   9999  9999   9999   9999   9999   9999
  2359  49755 395917   5.00   9999   9999   9999   9999  9999   9999  9999   9999   9999   9999   9999
 -2359  50514 396244   1.00   9999   9999   9999   9999  9999   9999  9999   9999   9999   9999   9999
  2359  50514 396244   9.00   9999   9999   9999   9999  9999   9999  9999   9999   9999   9999   9999
 -2359  51079 396554   1.00   9999   9999   9999   9999  9999   9999  9999   9999   9999   9999   9999
  2359  51079 396554   8.00   9999   9999   9999   9999  9999   9999  9999   9999   9999   9999   9999
