# MEETVAARTUIG : M.S. ARGUS
# MEETDATUM    : 10-10-2007 07:09:45
# MEETGEBIED   : VEERSE MEER
# STARTPUNT    : Zandkreek
# EINDPUNT     : Veersegatdam
# PROJECTCODE  : E7301X
# OPDRACHTGEVER: ZLXXAXAMDBG
# BEHEERDER    : ZLXXAXAMDBG
# BEMONST. INST:
# WAARNEMER(S) : G,J.Bakker.
#
* 20071010
$ 9999 [0000000000000]
>TIJD      uumm                    
>X         coordinaat              
>Y         coordinaat              
>SENSHTE   Diepte set        m     
>ECHOS     Echoset           mtrs  
>Echo      Echoschip         M     
>Temp      Temperatuur       oC       : 10.  1.0  11 1.0
>pH        Zuurgraad         dimsls
>O2        Zuurstof          mg/l  
>%O2       Zuurstof%         %     
>GELBH     Geleidendheid     mS/cm 
>SALNTT    Saliniteit        dimsl 
>CL-       Chloride          mg/l     :12000.  500.  13 500
 -0709  51102 396557   1.03  51.25   0.00  14.77   8.01   7.53    89  37.67  30.44  17234
  0710  51084 396552   2.01   3.15   0.00  14.81   8.02   7.54    89  37.74  30.48  17250
  0710  51082 396552   3.03  14.93   0.00  14.84   8.02   7.55    90  37.82  30.53  17280
  0711  51078 396548   4.01  36.98   0.00  14.84   8.03   7.55    90  37.85  30.55  17291
  0711  51073 396544   5.06   0.40   0.00  14.85   8.02   7.55    90  37.90  30.59  17315
 -0714  50524 396243   1.08  51.25   0.00  14.63   8.03   7.70    91  37.27  30.19  17087
  0715  50510 396237   2.03   5.05   0.00  14.77   8.04   7.69    91  37.50  30.29  17144
  0715  50512 396237   3.04   4.10   0.00  14.80   8.05   7.69    91  37.74  30.48  17255
  0715  50515 396238   4.01   3.20   0.00  14.84   8.04   7.68    91  37.86  30.56  17299
  0716  50515 396239   5.00   2.30   0.00  14.90   8.05   7.65    91  38.05  30.68  17370
  0716  50514 396240   6.00   1.35   0.00  14.92   8.04   7.63    91  38.08  30.69  17377
  0716  50514 396242   6.94   0.40   0.00  14.93   8.05   7.61    90  38.10  30.70  17382
 -0722  49771 395914   1.03   2.00   0.00  14.74   8.05   7.71    91  37.37  30.20  17090
  0722  49771 395914   1.99   1.00   0.00  14.81   8.04   7.70    91  37.65  30.39  17203
  0722  49771 395915   2.96   0.40   0.00  14.86   8.05   7.68    91  37.87  30.55  17295
 -0744  49183 395867   1.05   9.90   9999  14.63   8.09   8.48   100  36.67  29.65  16775
  0745  49196 395853   2.00   9.10   9999  14.68   8.08   8.16    96  36.88  29.80  16862
  0745  49197 395855   3.02   8.10   9999  14.70   8.09   8.15    96  36.96  29.86  16895
  0746  49199 395855   4.05   7.10   9999  14.71   8.08   8.14    96  37.04  29.92  16932
  0746  49200 395854   5.04   6.15   9999  14.73   8.06   8.05    95  37.16  30.02  16985
  0746  49201 395851   6.01   5.20   9999  14.78   8.08   7.99    94  37.38  30.18  17077
  0747  49202 395850   6.99   4.30   9999  14.78   8.06   7.97    94  37.38  30.18  17077
  0747  49202 395849   8.01   3.30   9999  14.78   8.08   7.94    94  37.40  30.19  17087
  0747  49200 395849   9.05   2.25   9999  14.79   8.08   7.92    94  37.43  30.21  17098
  0748  49199 395848   9.96   1.40   9999  14.79   8.08   7.89    93  37.45  30.23  17109
  0748  49198 395847  11.03   0.40   9999  14.79   8.09   7.86    93  37.46  30.24  17114
 -0757  48042 396608   0.93  51.25   9999  14.66   8.09   8.10    95  36.85  29.79  16855
  0758  48051 396609   2.01  13.60   9999  14.75   8.07   7.93    94  37.28  30.11  17038
  0759  48052 396608   3.00  12.55   9999  14.76   8.05   7.91    93  37.31  30.13  17049
  0759  48051 396609   4.02  11.60   9999  14.75   8.05   7.89    93  37.29  30.12  17043
  0759  48050 396611   5.01  10.60   9999  14.77   8.07   7.87    93  37.36  30.17  17071
  0800  48049 396611   6.04   9.60   9999  14.77   8.05   7.84    93  37.40  30.20  17092
  0800  48049 396609   7.01   8.65   9999  14.77   8.07   7.81    92  37.39  30.19  17086
  0800  48048 396609   8.01   7.75   9999  14.77   8.07   7.79    92  37.39  30.19  17086
  0801  48048 396606   9.11   6.70   9999  14.77   8.07   7.79    92  37.41  30.21  17097
  0801  48046 396607  10.02   5.80   9999  14.78   8.07   7.78    92  37.42  30.21  17097
  0802  48049 396608  11.03   4.80   9999  14.78   8.08   7.81    92  37.43  30.22  17103
  0802  48051 396611  12.02   3.95   9999  14.78   8.08   7.85    93  37.44  30.23  17108
  0802  48052 396609  13.03   3.05   9999  14.79   8.08   7.84    93  37.47  30.25  17119
  0803  48053 396610  13.99   2.05   9999  14.79   8.06   7.84    93  37.49  30.27  17129
  0803  48050 396615  15.00   1.00   9999  14.80   8.08   7.83    93  37.52  30.29  17140
 -0814  46270 396893   1.02   4.25   9999  14.57   8.01   8.01    93  35.84  28.95  16371
  0814  46242 396886   2.05  51.25   9999  14.58   8.01   8.00    93  35.77  28.88  16330
  0814  46240 396887   3.02   2.35   9999  14.74   8.04   7.92    93  37.06  29.92  16929
  0815  46246 396890   4.01   1.45   9999  14.75   8.06   7.93    93  37.17  30.01  16981
  0815  46250 396893   5.00   0.55   9999  14.76   8.04   7.83    92  37.33  30.15  17060
 -0821  45352 396427   1.00   9.80   9999  14.49   7.98   7.85    91  35.60  28.80  16281
  0821  45350 396422   2.01  51.25   9999  14.56   7.99   7.91    92  35.80  28.93  16355
  0822  45346 396419   3.01   7.75   9999  14.57   7.98   7.88    92  35.90  29.01  16402
  0823  45353 396424   4.04   7.05   9999  14.76   8.04   7.62    90  37.11  29.95  16946
  0823  45357 396427   5.03  51.25   9999  14.76   8.04   7.59    89  37.14  29.98  16961
  0823  45356 396425   6.04   5.40   9999  14.76   8.06   7.56    89  37.20  30.03  16992
  0824  45352 396420   7.03   3.75   9999  14.76   8.06   7.54    89  37.23  30.06  17008
  0824  45350 396418   8.03   2.75   9999  14.76   8.06   7.52    89  37.27  30.09  17029
  0824  45348 396417   9.04  51.25   9999  14.76   8.05   7.50    88  37.26  30.08  17023
  0825  45350 396418  10.05   0.80   9999  14.76   8.05   7.48    88  37.28  30.10  17034
 -0830  44407 396360   1.03  51.25   9999  14.53   7.95   7.66    89  35.58  28.75  16254
  0831  44392 396365   2.09   5.45   9999  14.46   7.95   7.68    89  35.52  28.75  16253
  0831  44398 396356   3.02   4.75   9999  14.57   7.98   7.59    88  35.73  28.86  16314
  0832  44399 396353   4.00   3.95   9999  14.55   7.96   7.60    89  35.74  28.88  16328
  0832  44400 396347   5.04   3.05   9999  14.71   7.97   7.46    88  36.35  29.31  16574
  0833  44399 396346   5.98   2.20   9999  14.72   7.99   7.52    88  36.49  29.42  16642
  0833  44398 396345   7.01   1.15   9999  14.75   8.01   7.50    88  36.84  29.71  16810
  0833  44396 396349   8.00   0.40   9999  14.76   8.02   7.43    88  36.99  29.84  16883
 -0842  42816 397305   0.98  14.40   9999  14.70   7.98   8.04    94  35.49  28.54  16134
  0842  42796 397319   2.00  51.25   9999  14.62   7.98   8.06    94  35.19  28.34  16014
  0843  42815 397319   3.02  12.60   9999  14.69   7.96   7.80    91  35.90  28.92  16350
  0844  42816 397316   4.00  11.75   9999  14.69   7.96   7.84    92  35.95  28.96  16376
  0845  42816 397319   5.00  10.00   9999  14.70   7.95   7.55    88  36.27  29.24  16537
  0845  42817 397320   5.99   9.15   9999  14.71   7.95   7.41    87  36.43  29.38  16615
  0846  42817 397320   6.97   8.35   9999  14.72   7.96   7.40    87  36.54  29.47  16668
  0846  42815 397320   8.01   7.75   9999  14.77   7.98   7.19    85  36.86  29.72  16811
  0847  42813 397319   9.01   6.85   9999  14.78   8.00   7.10    84  37.01  29.84  16885
  0847  42811 397317  10.03   6.05   9999  14.79   7.99   7.03    83  37.14  29.95  16948
  0848  42812 397317  11.02   5.00   9999  14.80   8.00   7.00    82  37.14  29.95  16943
  0848  42812 397314  12.04   4.10   9999  14.80   7.99   6.97    82  37.16  29.96  16954
  0848  42814 397312  13.02   3.20   9999  14.80   8.00   6.96    82  37.17  29.97  16959
  0849  42817 397311  14.00   2.45   9999  14.81   8.00   6.95    82  37.20  29.99  16970
  0849  42819 397314  15.03   1.40   9999  14.81   7.98   6.93    82  37.22  30.01  16980
  0849  42821 397315  15.95   0.55   9999  14.81   8.00   6.92    82  37.22  30.01  16980
 -0856  41811 397215   1.03   7.55   9999  14.66   7.93   7.91    92  35.56  28.64  16187
  0856  41804 397221   2.04   6.65   9999  14.66   7.96   7.91    92  35.58  28.65  16198
  0857  41807 397217   3.03   5.50   9999  14.65   7.94   7.67    90  35.72  28.79  16274
  0858  41813 397217   3.97   4.60   9999  14.69   7.96   7.82    91  35.88  28.90  16340
  0858  41812 397214   5.03   3.50   9999  14.69   7.96   7.85    92  35.91  28.93  16355
  0900  41807 397215   6.02   2.65   9999  14.75   7.96   7.14    84  36.76  29.64  16769
  0900  41809 397217   7.04   1.70   9999  14.73   7.95   7.10    83  36.63  29.54  16710
  0901  41811 397217   8.00   0.70   9999  14.75   7.96   7.09    83  36.79  29.67  16784
 -0911  40132 395995   0.98  22.05   9999  14.69   7.96   8.11    95  35.61  28.66  16200
  0911  40119 395979   2.06  20.60   9999  14.69   7.96   8.11    95  35.68  28.72  16236
  0911  40118 395980   2.99  19.55   9999  14.65   7.95   8.08    94  35.60  28.68  16212
  0912  40117 395979   4.00  18.65   9999  14.68   7.95   8.03    94  35.72  28.76  16261
  0913  40122 395987   5.01  18.20   9999  14.67   7.92   7.70    90  35.99  29.01  16405
  0913  40122 395986   5.99  17.35   9999  14.67   7.94   7.71    90  35.92  28.95  16369
  0913  40121 395987   7.01  16.40   9999  14.67   7.94   7.69    90  35.98  29.00  16400
  0915  40120 395990   7.99  15.40   9999  14.76   7.92   6.69    79  36.64  29.53  16702
  0916  40117 395990   9.08  14.30   9999  14.77   7.90   6.68    78  36.69  29.56  16723
  0917  40118 395993  10.05  13.20   9999  14.77   7.90   6.33    74  36.71  29.58  16734
  0917  40117 395994  11.05  12.25   9999  14.77   7.89   6.27    74  36.72  29.59  16739
  0918  40113 395994  12.05  11.10   9999  14.78   7.87   6.18    73  36.76  29.62  16755
  0918  40113 395994  13.03  10.15   9999  14.79   7.91   6.15    72  36.77  29.62  16756
  0919  40113 395994  14.13   9.10   9999  14.79   7.90   6.16    72  36.78  29.63  16761
  0919  40112 395995  15.00   8.40   9999  14.79   7.91   6.18    73  36.78  29.63  16761
  0920  40115 395994  16.00   7.50   9999  14.79   7.90   6.18    73  36.79  29.64  16766
  0920  40120 395991  17.00   6.75   9999  14.80   7.92   6.17    73  36.81  29.65  16772
  0920  40123 395990  18.01   5.80   9999  14.80   7.91   6.18    73  36.81  29.65  16772
  0921  40123 395987  19.03   4.75   9999  14.80   7.90   6.17    73  36.82  29.66  16777
  0921  40120 395989  20.00   3.65   9999  14.80   7.90   6.18    73  36.83  29.67  16783
  0921  40118 395990  21.11   2.10   9999  14.80   7.91   6.19    73  36.83  29.67  16783
  0922  40117 395988  22.07   1.40   9999  14.81   7.91   6.18    73  36.85  29.68  16789
  0922  40116 395986  22.92  51.25   9999  14.81   7.91   6.17    73  36.86  29.69  16794
 -0935  38313 393994   1.03   6.00   9999  14.60   7.91   7.69    90  35.57  28.69  16218
  0935  38315 394001   1.98   0.40   9999  14.60   7.91   7.66    89  35.62  28.73  16244
  0936  38315 394000   3.09  51.25   9999  14.60   7.90   7.66    89  35.68  28.79  16275
  0936  38316 393999   4.04   3.20   9999  14.61   7.90   7.52    88  35.73  28.83  16297
  0937  38320 394005   5.05   2.25   9999  14.63   7.90   7.42    86  35.82  28.89  16335
  0938  38319 394007   6.06   1.35   9999  14.64   7.86   7.18    84  35.91  28.96  16377
  0939  38318 394008   7.05   0.55   9999  14.64   7.88   6.75    79  36.12  29.15  16485
 -0945  37406 393836   0.93  17.45   9999  14.47   7.90   7.72    90  35.48  28.71  16228
  0946  37396 393843   2.09  16.45   9999  14.54   7.90   7.71    90  35.59  28.75  16254
  0946  37392 393847   2.97  15.60   9999  14.61   7.89   7.69    90  35.68  28.78  16271
  0946  37390 393850   4.02  14.65   9999  14.62   7.89   7.53    88  35.72  28.81  16287
  0948  37390 393843   5.02  13.40   9999  14.61   7.87   7.28    85  35.76  28.85  16312
  0948  37391 393842   6.05  12.35   9999  14.59   7.87   7.25    84  35.76  28.87  16321
  0950  37385 393838   6.99  10.15   9999  14.64   7.83   6.68    78  35.92  28.97  16382
  0950  37397 393840   8.10  10.70   9999  14.62   7.84   6.61    77  35.99  29.05  16427
  0950  37402 393841   9.02  10.00   9999  14.63   7.84   6.61    77  35.99  29.04  16423
  0951  37404 393840  10.01   8.90   9999  14.62   7.85   6.61    77  36.02  29.08  16442
  0951  37406 393838  11.04   7.95   9999  14.62   7.85   6.61    77  36.04  29.10  16453
  0952  37407 393837  12.02   7.05   9999  14.63   7.83   6.59    77  36.05  29.10  16454
  0952  37408 393839  12.99   6.10   9999  14.62   7.83   6.57    77  36.07  29.12  16468
  0952  37406 393843  14.04   5.10   9999  14.63   7.86   6.54    76  36.11  29.15  16485
  0953  37403 393845  15.02   4.30   9999  14.63   7.87   6.51    76  36.12  29.16  16490
  0953  37404 393849  16.00   3.40   9999  14.63   7.85   6.48    76  36.13  29.17  16495
  0953  37406 393856  17.00   2.40   9999  14.63   7.85   6.47    76  36.13  29.17  16495
  0954  37405 393852  17.99   1.45   9999  14.63   7.83   6.45    75  36.14  29.18  16500
  0954  37403 393848  19.02   0.40   9999  14.63   7.85   6.43    75  36.14  29.18  16500
 -1009  36675 395961   1.05   6.85   9999  14.52   7.92   7.84    91  35.37  28.57  16149
  1009  36682 395943   2.03   6.35   9999  14.66   7.92   7.84    91  35.74  28.80  16280
  1010  36698 395916   3.04   5.95   9999  14.61   7.90   7.66    89  35.72  28.82  16292
  1011  36704 395907   4.05   5.25   9999  14.62   7.89   7.64    89  35.73  28.82  16292
  1012  36675 395931   5.02   2.95   9999  14.61   7.87   7.24    84  35.75  28.84  16307
  1012  36679 395945   6.07   2.50   9999  14.62   7.85   7.21    84  35.79  28.87  16323
  1013  36683 395959   7.04   1.50   9999  14.63   7.85   7.09    83  35.80  28.87  16324
  1015  36696 395937   8.03   1.35   9999  14.63   7.82   6.37    74  36.07  29.12  16464
  1015  36695 395933   8.86   0.40   9999  14.63   7.84   6.31    74  36.06  29.11  16459
 -1021  36146 396863   1.02   5.85   9999  14.56   7.92   7.69    89  35.41  28.58  16153
  1022  36127 396886   2.01  51.25   9999  14.52   7.94   7.72    90  35.28  28.49  16103
  1022  36126 396889   3.02   4.45   9999  14.62   7.92   7.73    90  35.56  28.67  16205
  1023  36142 396881   4.03   3.30   9999  14.61   7.88   7.29    85  35.77  28.86  16317
  1024  36145 396875   5.02   2.10   9999  14.60   7.86   7.25    84  35.81  28.90  16342
  1025  36133 396876   6.03   0.95   9999  14.57   7.84   7.05    82  35.82  28.94  16361
 -1030  35448 397415   0.97  13.50   9999  14.65   7.94   8.09    94  35.71  28.78  16269
  1030  35436 397422   2.03  51.25   9999  14.64   7.95   8.09    94  35.71  28.79  16273
  1031  35433 397418   3.19   9.60   9999  14.59   7.91   8.09    94  35.74  28.85  16311
  1032  35437 397419   4.04   9.70   9999  14.59   7.90   7.52    88  35.80  28.90  16342
  1032  35442 397421   5.09  10.20   9999  14.62   7.90   7.46    87  35.86  28.93  16360
  1033  35444 397424   6.01   9.90   9999  14.63   7.90   7.48    87  35.83  28.90  16340
  1033  35445 397426   7.03   9.05   9999  14.61   7.90   7.53    88  35.84  28.92  16354
  1034  35442 397425   8.05   8.10   9999  14.61   7.89   7.50    87  35.85  28.93  16359
  1034  35443 397427   8.99  51.25   9999  14.61   7.89   7.44    87  35.86  28.94  16364
  1034  35444 397426  10.03   6.05   9999  14.60   7.88   7.38    86  35.86  28.95  16368
  1035  35443 397424  10.98   5.20   9999  14.59   7.86   7.35    86  35.86  28.96  16373
  1035  35442 397422  12.02   3.70   9999  14.58   7.88   7.29    85  35.85  28.96  16372
  1036  35441 397420  13.06   1.90   9999  14.57   7.87   7.30    85  35.85  28.96  16376
  1036  35441 397418  13.99   1.15   9999  14.57   7.87   7.30    85  35.84  28.95  16371
  1036  35439 397424  15.02   1.05   9999  14.56   7.87   7.18    84  35.84  28.96  16375
 -1041  34994 398025   0.99  51.25   9999  14.55   7.92   7.85    91  35.64  28.79  16276
  1042  34991 398043   2.04   3.75   9999  14.54   7.90   7.72    90  35.66  28.81  16291
  1042  34997 398044   2.96   2.70   9999  14.55   7.91   7.72    90  35.67  28.82  16292
  1042  35006 398042   3.98   1.70   9999  14.54   7.91   7.72    90  35.66  28.81  16291
  1042  35006 398042   5.08   0.80   9999  14.54   7.91   7.71    90  35.68  28.83  16301
 -1050  33902 398877   0.95  51.25   9999  14.74   7.96   8.22    96  35.83  28.82  16292
  1050  33898 398887   2.03   1.35   9999  14.70   7.96   8.24    96  35.81  28.83  16299
  1051  33894 398888   2.91  18.90   9999  14.72   7.95   8.23    96  35.88  28.88  16327
  1051  33891 398887   3.99  16.15   9999  14.73   7.94   8.16    95  35.85  28.84  16307
  1052  33892 398885   5.03  15.70   9999  14.75   7.95   8.09    95  35.91  28.88  16329
  1052  33892 398888   5.85  15.05   9999  14.75   7.94   8.07    94  35.95  28.92  16350
  1053  33888 398892   6.99  13.55   9999  14.76   7.95   7.91    92  35.96  28.92  16351
  1054  33885 398893   7.98  12.25   9999  14.76   7.94   7.94    93  35.97  28.93  16356
  1054  33886 398894   9.03  11.85   9999  14.75   7.92   7.95    93  35.97  28.94  16360
  1054  33886 398894  10.04  10.95   9999  14.72   7.93   7.94    93  35.95  28.94  16363
  1055  33888 398886  11.06   9.95   9999  14.60   7.90   7.76    90  35.88  28.97  16379
  1056  33890 398883  12.08   9.20   9999  14.60   7.87   7.76    90  35.90  28.99  16389
  1056  33893 398883  13.06   8.65   9999  14.60   7.89   7.52    88  35.89  28.98  16384
  1057  33894 398882  14.04   7.50   9999  14.60   7.89   7.49    87  35.88  28.97  16379
  1057  33893 398882  14.99   6.50   9999  14.60   7.89   7.47    87  35.88  28.97  16379
  1057  33891 398882  15.98   4.55   9999  14.59   7.89   7.43    86  35.88  28.97  16383
  1058  33891 398884  16.99   4.05   9999  14.58   7.88   7.38    86  35.87  28.97  16382
  1059  33894 398894  18.02   5.05   9999  14.55   7.86   7.17    83  35.86  28.99  16390
  1059  33893 398891  18.99   3.60   9999  14.55   7.85   7.12    83  35.86  28.99  16390
  1100  33891 398888  20.06   1.10   9999  14.55   7.84   7.10    83  35.86  28.99  16390
 -1117  33142 400237   1.04  11.40   9999  14.72   7.94   8.19    96  35.81  28.82  16291
  1117  33127 400243   2.01  10.45   9999  14.73   7.96   8.18    95  35.81  28.81  16286
  1118  33122 400244   3.06   8.80   9999  14.72   7.96   8.16    95  35.81  28.82  16291
  1118  33121 400246   4.01   7.60   9999  14.73   7.96   8.16    95  35.82  28.82  16292
  1118  33122 400247   5.05   6.70   9999  14.73   7.97   8.15    95  35.81  28.81  16286
  1119  33125 400249   6.01   6.00   9999  14.73   7.94   8.14    95  35.82  28.82  16292
  1119  33123 400248   7.03   4.75   9999  14.77   7.97   8.13    95  35.86  28.82  16295
  1119  33121 400248   7.96   3.65   9999  14.84   7.94   8.08    95  36.02  28.91  16347
  1120  33126 400249   9.01   3.05   9999  14.83   7.92   8.03    94  36.05  28.95  16367
  1120  33128 400252  10.01   2.25   9999  14.76   7.93   7.95    93  36.00  28.96  16371
  1121  33129 400255  10.98   1.55   9999  14.74   7.93   7.95    93  36.00  28.97  16380
  1122  33143 400245  12.02   1.15   9999  14.66   7.90   7.49    87  35.94  28.98  16384
 -1126  33192 400532   0.98  17.00   9999  14.71   7.97   8.16    95  35.76  28.78  16269
  1126  33185 400537   2.03  16.80   9999  14.70   7.97   8.15    95  35.74  28.77  16263
  1127  33186 400540   3.04  15.60   9999  14.69   7.97   8.14    95  35.74  28.78  16267
  1128  33187 400547   4.03  14.35   9999  14.70   7.97   8.15    95  35.75  28.78  16268
  1129  33188 400561   5.01  11.80   9999  14.86   7.94   8.01    94  36.01  28.89  16333
  1129  33191 400562   6.04  11.85   9999  14.86   7.95   7.99    94  36.04  28.92  16349
  1129  33195 400563   6.99  11.10   9999  14.84   7.91   7.97    93  36.01  28.91  16342
  1129  33198 400564   7.99  10.10   9999  14.86   7.94   7.94    93  36.03  28.91  16344
  1130  33197 400565   9.00   9.30   9999  14.85   7.92   7.95    93  36.05  28.93  16358
  1130  33199 400559  10.01   7.95   9999  14.76   7.94   7.93    93  35.99  28.95  16366
  1130  33200 400554  11.04   6.85   9999  14.75   7.93   7.88    92  35.98  28.95  16365
  1131  33199 400553  12.01   5.90   9999  14.72   7.92   7.89    92  35.98  28.97  16378
  1131  33201 400551  13.01   4.90   9999  14.69   7.89   7.89    92  35.98  28.99  16391
  1131  33203 400550  14.02   3.55   9999  14.70   7.91   7.69    90  35.97  28.97  16382
  1131  33205 400549  15.05   2.00   9999  14.68   7.91   7.66    89  35.96  28.98  16385
  1132  33214 400551  16.02   0.70   9999  14.68   7.88   7.57    88  35.96  28.98  16385
