# MEETVAARTUIG : M.C.ECOS2 YSI
# MEETDATUM    : 07-04-2008 08:34:27
# MEETGEBIED   : VEERSE MEER
# STARTPUNT    : Kats
# EINDPUNT     : Veersedam
# PROJECTCODE  : E7301X
# OPDRACHTGEVER: ZLXXAXAMDBG
# BEHEERDER    : ZLXXRWMVSGN
# BEMONST. INST:
# WAARNEMER(S) : Geert den Hartogh
#
* 20080407
$ 9999 [0000000000000]
>TIJD      uumm                    
>X         coordinaat              
>Y         coordinaat              
>SENSHTE   Diepte set        m     
>Echms     Echoset           mtrs  
>Temp      Temperatuur       oC       : 4.  1.0  11 1.0
>pH        Zuurgraad         dimsls
>O2        Zuurstof          mg/l  
>%O2       Zuurstof%         %     
>GELBH     Geleidendheid     mS/cm 
>SALNTT    Saliniteit        dimsl 
>CL-       Chloride          mg/l     :12000.  500.  13 500
>TURB      Turbiditeit       ???   
 -0834  51088 396554   1.10   3.82   7.09   7.50   8.45    85  28.98  28.07  15882    97
  0835  51089 396557   2.10   0.40   7.19   7.51   8.34    84  30.05  29.13  16493    97
  0836  51086 396557   3.12   1.80   7.23   7.56   8.20    83  30.58  29.66  16802    96
  0836  51084 396556   4.07   0.70   7.23   7.62   8.20    83  30.56  29.65  16792    96
 -0842  50496 396222   0.95   5.80   7.48   7.95   8.57    86  28.39  27.14  15340    97
  0843  50493 396220   2.08   4.70   7.35   7.97   8.51    86  29.22  28.12  15907    97
  0843  50496 396219   3.21   3.50   7.32   7.97   8.48    86  29.50  28.44  16093    97
  0843  50498 396219   4.05   2.70   7.31   7.92   8.46    86  29.76  28.73  16258    97
  0844  50502 396221   4.99   1.80   7.36   7.97   8.38    85  30.30  29.26  16567    97
  0844  50505 396222   5.98   0.90   7.27   7.96   8.35    85  30.78  29.85  16909    97
 -0851  49785 395919   0.91   1.80   7.54   8.12   8.88    89  27.77  26.44  14938    99
  0852  49751 395900   2.12   0.50   7.49   8.14   8.78    88  28.19  26.92  15214    99
 -0940  49178 395855   1.07   0.30   7.79   8.31  10.18   102  26.50  24.93  14070    83
  0940  49206 395836   1.96   0.30   7.81   8.25  10.16   102  27.14  25.58  14443    84
  0941  49205 395836   3.00   8.30   7.70   8.22  10.09   102  28.53  27.11  15326    84
  0941  49201 395834   4.07   0.50   7.69   8.19  10.12   102  28.18  26.75  15119    84
  0941  49200 395834   5.11   6.00   7.57   8.22  10.01   101  29.17  27.89  15774    84
  0942  49198 395833   5.84   5.30   7.55   8.20   9.96   101  29.31  28.05  15868    84
  0942  49191 395834   6.99   4.10   7.53   8.26   9.95   101  29.38  28.14  15920    83
  0943  49187 395836   7.98   3.40   7.51   8.21   9.92   101  29.47  28.25  15985    83
  0943  49184 395840   8.95   2.50   7.46   8.16   9.94   101  29.64  28.47  16113    84
  0944  49181 395843   9.99   1.80   7.45   8.26   9.96   101  29.66  28.50  16130    84
  0944  49181 395847  10.94   0.90   7.42   8.26   9.96   101  29.70  28.57  16169    84
 -0954  48058 396594   0.94  15.70   7.94   8.34  10.14   101  26.12  24.43  13783    88
  0955  48048 396608   1.95  14.50   7.94   8.28  10.16   102  26.40  24.72  13949    88
  0955  48047 396614   2.95  13.40   7.99   8.26  10.11   102  27.29  25.60  14456    88
  0956  48046 396620   4.00  12.50   7.69   8.25  10.08   102  29.06  27.68  15651    88
  0956  48049 396627   5.01  11.50   7.63   8.25  10.09   102  29.14  27.81  15728    88
  0957  48054 396632   6.01  10.40   7.63   8.25  10.10   102  29.24  27.91  15788    87
  0957  48060 396635   7.02  82.70   7.66   8.23  10.09   102  29.43  28.09  15890    87
  0957  48064 396636   8.05   8.30   7.54   8.23  10.08   102  29.44  28.20  15952    87
  0958  48067 396633   9.05   7.40   7.52   8.22  10.03   102  29.57  28.35  16041    87
  0958  48070 396628  10.04   6.40   7.50   8.21   9.99   101  29.63  28.43  16087    86
  0959  48072 396621  11.03  68.40   7.51   8.23   9.94   101  29.69  28.49  16119    86
  0959  48072 396612  12.05  79.40   7.51   8.21   9.83   100  29.71  28.51  16132    85
  1000  48072 396604  13.02   3.60   7.47   8.21   9.77    99  29.74  28.57  16169    85
  1001  48066 396589  15.04   1.40   7.42   8.19   9.62    98  29.77  28.64  16212    84
  1001  48064 396587  15.08   1.40   7.42   8.18   9.62    98  29.77  28.64  16212    83
  1001  48060 396585  16.14   0.30   7.33   8.22   9.65    98  29.77  28.72  16255    82
 -1021  46292 396894   0.96   4.80   8.23   8.35  10.25   103  26.28  24.40  13761    90
  1022  46249 396886   1.96   3.60   8.26   8.27  10.21   103  26.92  25.03  14125    89
  1023  46241 396889   2.99   2.60   8.18   8.28  10.23   104  27.63  25.82  14577    89
  1024  46247 396897   4.00   1.70   7.93   8.25  10.28   104  28.85  27.27  15415    89
  1024  46254 396902   4.96   0.80   7.84   8.24  10.26   104  29.33  27.84  15746    89
 -1032  45370 396437   0.91  75.30   8.20   8.30  10.26   103  26.11  24.24  13674    89
  1033  45355 396416   1.92   8.30   8.20   8.29  10.24   103  26.15  24.29  13697    89
  1033  45348 396404   2.92  25.10   8.40   8.27  10.14   103  27.26  25.28  14267    88
  1034  45349 396403   3.95  54.70   8.24   8.26  10.21   104  28.21  26.37  14895    88
  1034  45350 396408   4.95  64.50   7.86   8.26  10.15   103  29.38  27.88  15767    88
  1035  45351 396417   5.92  49.10   7.84   8.25  10.14   103  29.41  27.92  15794    88
  1035  45354 396434   7.14  82.90   7.82   8.25  10.13   103  29.43  27.96  15815    87
  1036  45355 396442   8.17  81.00   7.80   8.20  10.13   103  29.46  28.01  15843    87
  1036  45357 396449   9.18  91.90   7.77   8.25  10.14   103  29.50  28.07  15881    87
  1037  45359 396455  10.16  75.50   7.73   8.19  10.08   102  29.54  28.15  15924    87
  1037  45363 396460  11.19   6.20   7.70   8.22  10.00   102  29.56  28.19  15950    86
  1038  45368 396450  11.99   1.00   7.69   8.27   9.92   101  29.56  28.20  15955    86
 -1047  44400 396365   0.94   0.30   8.11   8.31  10.18   102  26.06  24.26  13680    88
  1047  44389 396368   1.98   6.00   8.05   8.30  10.20   102  26.07  24.31  13710    88
  1049  44401 396370   3.05  67.90   8.25   8.28  10.24   103  26.45  24.56  13853    88
  1050  44417 396372   4.02  80.60   8.31   8.27  10.23   104  28.12  26.22  14812    88
  1050  44421 396372   5.01   1.20   8.09   8.28  10.26   104  28.70  26.99  15253    88
  1051  44427 396369   5.95  74.10   7.95   8.27  10.36   106  29.22  27.64  15629    88
 -1105  42817 397318   0.93   0.30   8.09   8.29  10.09   101  25.59  23.79  13412    87
  1105  42824 397326   1.93   0.40   8.10   8.28  10.05   100  26.04  24.24  13672    86
  1106  42834 397330   2.95   9.40   8.13   8.26  10.09   101  26.37  24.56  13854    86
  1106  42837 397328   3.94   9.80   8.20   8.27  10.04   101  26.79  24.94  14073    86
  1108  42816 397308   4.98  11.60   8.30   8.27  10.29   105  28.05  26.16  14775    88
  1108  42820 397300   5.96  63.90   8.18   8.22  10.35   106  28.87  27.09  15315    88
  1109  42833 397298   6.94  60.00   8.00   8.26  10.38   106  29.20  27.58  15594    89
  1110  42842 397296   7.97  63.90   7.95   8.26  10.35   106  29.30  27.72  15677    88
  1110  42841 397293   8.97   6.00   7.94   8.31  10.33   105  29.32  27.75  15693    88
  1110  42837 397289   9.95  73.90   7.92   8.24  10.33   105  29.33  27.78  15709    88
  1111  42832 397284  10.93  59.90   7.91   8.25  10.35   106  29.34  27.79  15719    88
  1111  42832 397280  11.99   1.40   7.89   8.26  10.36   106  29.35  27.82  15735    88
  1112  42828 397292  12.97  44.50   7.89   8.20  10.26   104  29.36  27.83  15741    87
  1113  42829 397300  14.00   1.80   7.88   8.24  10.27   105  29.36  27.84  15745    88
  1113  42831 397307  15.16   1.40   7.88   8.23  10.27   105  29.36  27.84  15745    88
  1113  42836 397316  16.34   0.70   7.88   8.24  10.24   104  29.36  27.84  15745    88
 -1122  41864 397222   0.92   8.00   8.06   8.24  10.03   100  25.87  24.10  13588    85
  1123  41828 397212   1.93   7.10   8.06   8.28  10.04   100  25.88  24.11  13594    85
  1123  41818 397208   2.93   6.20   8.10   8.34  10.01   100  25.99  24.19  13643    85
  1124  41814 397207   3.96   5.50   8.10   8.28  10.01   100  26.03  24.23  13666    85
  1124  41811 397206   4.96   4.20   8.26   8.23   9.98   101  26.70  24.80  13996    85
  1126  41804 397213   5.98   3.00   8.09   8.27  10.34   106  29.02  27.32  15445    87
  1126  41804 397217   6.95   2.00   8.01   8.31  10.36   106  29.11  27.48  15535    88
  1127  41805 397221   7.93   1.10   7.94   8.24  10.39   106  29.23  27.66  15639    88
 -1141  40152 395991   1.04  83.80   8.26   8.25  10.11   101  25.91  24.00  13533    86
  1142  40129 395972   2.02  72.60   8.24   8.35  10.12   101  25.88  23.98  13523    86
  1142  40126 395969   3.01  19.00   8.23   8.31  10.13   102  25.88  23.99  13527    86
  1142  40125 395969   4.01  18.00   8.20   8.30  10.16   102  25.87  24.00  13533    86
  1143  40130 395975   5.04  84.70   8.12   8.26  10.12   103  28.42  26.68  15073    85
  1144  40134 395981   6.03  17.40   8.05   8.27  10.25   104  28.46  26.77  15128    86
  1144  40131 395983   7.02  16.80   7.84   8.26  10.30   104  28.80  27.29  15426    86
  1145  40123 395983   8.00  16.00   7.78   8.25  10.19   103  28.92  27.46  15525    85
  1145  40121 395986   8.96  81.80   7.83   8.24  10.16   103  29.09  27.60  15605    85
  1146  40120 395988   9.93  64.70   7.81   8.29  10.14   103  29.10  27.62  15620    84
  1146  40117 395993  11.03  14.00   7.79   8.24  10.14   103  29.13  27.67  15648    84
  1147  40114 395997  12.08  64.80   7.75   8.23  10.08   102  29.13  27.70  15666    84
  1147  40112 396000  13.07  11.00   7.74   8.22  10.03   102  29.15  27.73  15683    84
  1148  40111 396002  14.05  83.00   7.72   8.18   9.98   101  29.16  27.76  15698    83
  1148  40112 396003  15.10  73.60   7.71   8.18   9.94   101  29.17  27.78  15709    83
  1150  40129 395997  16.08   8.10   7.49   8.10   7.84    80  30.25  29.10  16473    67
  1151  40131 395989  17.04  85.80   7.54   8.07   7.45    76  30.44  29.26  16565    64
  1151  40130 395987  17.95  81.10   7.55   8.06   7.45    76  30.47  29.28  16579    62
  1152  40124 395984  19.09   5.00   7.56   8.03   6.92    71  30.52  29.32  16604    60
  1153  40116 395993  20.02   4.00   7.56   8.01   6.80    69  30.53  29.34  16611    59
  1154  40112 396000  20.99  74.50   7.56   8.02   6.79    69  30.53  29.34  16611    59
  1154  40105 395998  22.13   1.00   7.57   8.02   6.68    68  30.54  29.34  16612    58
 -1229  38365 394015   0.99   5.50   8.25   8.34  10.12   101  25.77  23.86  13455    83
  1230  38324 393993   2.02   5.00   8.25   8.30  10.12   101  25.78  23.87  13461    83
  1230  38302 393985   3.02   4.40   8.27   8.28  10.02   100  26.04  24.13  13605    82
  1231  38300 393986   4.00   3.50   8.20   8.28  10.05   101  26.17  24.31  13709    82
  1231  38304 393993   4.99   2.60   7.88   8.24   9.99   101  28.47  26.91  15209    82
  1232  38308 393998   5.99   1.70   7.87   8.25  10.06   102  28.77  27.23  15394    82
  1232  38313 394004   6.99   0.70   7.69   8.24  10.07   102  28.84  27.45  15518    82
 -1239  37480 393834   0.97  15.50   8.34   8.28  10.10   101  25.96  24.00  13531    82
  1239  37427 393846   1.97  65.40   8.22   8.33  10.07   101  25.97  24.09  13584    82
  1240  37405 393854   2.97  16.80   7.99   8.27   9.97    99  25.80  24.07  13575    81
  1241  37391 393862   4.03  15.90   8.10   8.27  10.04   100  26.23  24.44  13784    82
  1242  37388 393870   5.01  15.10   7.76   8.24  10.07   101  27.94  26.45  14944    82
  1242  37389 393873   6.01  13.80   7.61   8.19   9.91   100  28.26  26.90  15203    80
  1243  37395 393876   7.04  12.40   7.59   8.18   9.90   100  28.25  26.90  15206    80
  1244  37402 393874   8.04  10.90   7.79   8.22   9.96   101  28.50  27.01  15267    80
  1244  37405 393870   9.04  60.40   7.74   8.22   9.98   101  28.69  27.25  15404    80
  1245  37407 393866  10.02  60.20   7.73   8.22   9.97   101  28.70  27.27  15415    80
  1245  37407 393858  11.06  67.20   7.72   8.22   9.94   100  28.74  27.32  15444    80
  1246  37406 393851  12.05  79.20   7.69   8.21   9.92   100  28.83  27.43  15512    80
  1246  37405 393846  13.03  62.30   7.50   8.17   9.90   100  29.73  28.54  16149    79
  1246  37405 393843  14.04  90.10   7.51   8.15   9.87   100  30.07  28.89  16352    74
  1248  37413 393840  15.01  65.40   7.54   8.08   7.79    79  30.14  28.94  16381    64
  1249  37414 393839  16.06   3.40   7.54   8.06   7.47    76  30.15  28.95  16387    61
  1250  37410 393842  17.04  69.10   7.55   8.03   7.18    73  30.17  28.96  16394    59
  1251  37410 393843  18.06   1.40   7.55   8.03   7.06    72  30.17  28.96  16394    59
  1251  37411 393844  19.00   0.40   7.55   8.02   7.06    72  30.17  28.96  16394    58
 -1305  36702 395790   0.96   8.20   8.18   8.25  10.11   101  26.05  24.20  13646    81
  1305  36699 395867   1.96  62.10   8.12   8.31  10.12   101  25.99  24.18  13635    81
  1305  36699 395900   2.96  75.10   8.15   8.25  10.11   101  26.06  24.23  13664    81
  1306  36697 395924   3.94  76.90   7.98   8.31  10.15   101  26.27  24.56  13856    81
  1306  36702 395936   4.98  76.60   7.75   8.25  10.16   102  27.18  25.67  14492    81
  1307  36716 395934   5.90   3.90   7.61   8.21  10.03   101  28.02  26.65  15058    80
  1308  36740 395933   7.07   1.60   7.64   8.20   9.88   100  28.40  27.02  15274    79
  1308  36739 395928   8.04   0.40   7.64   8.20   9.89   100  28.51  27.14  15341    79
 -1317  36132 396863   1.10   5.70   7.97   8.24  10.20   102  26.04  24.33  13724    81
  1318  36125 396874   2.14   4.80   7.97   8.27  10.21   102  26.08  24.37  13748    81
  1318  36126 396875   3.07   3.90   7.94   8.30  10.22   102  26.09  24.40  13766    81
  1319  36129 396878   4.06   3.20   7.87   8.24  10.26   102  26.29  24.66  13912    81
  1319  36131 396880   5.07   2.30   7.85   8.25  10.28   102  26.33  24.71  13944    81
  1320  36131 396880   6.04   1.30   7.65   8.23  10.31   103  27.45  26.02  14697    81
  1320  36126 396880   6.93   0.30   7.62   8.23  10.50   105  27.67  26.27  14842    82
 -1327  35528 397371   1.08  10.30   7.91   8.24  10.22   102  26.30  24.64  13902    81
  1327  35490 397392   2.08   9.70   7.89   8.25  10.22   102  26.28  24.63  13898    80
  1328  35473 397403   3.08   9.80   7.79   8.30  10.21   102  26.26  24.68  13927    81
  1328  35454 397421   4.07   9.60   7.78   8.24  10.16   101  26.27  24.70  13937    80
  1329  35444 397431   5.10  11.50   7.69   8.26  10.16   101  26.23  24.72  13950    80
  1329  35439 397433   6.10  10.40   7.51   8.23  10.08   100  27.40  26.07  14727    79
  1330  35431 397441   7.08   9.10   7.52   8.22  10.04   100  27.60  26.28  14844    79
  1330  35426 397444   8.11   7.60   7.54   8.19  10.05   100  27.70  26.37  14895    78
  1331  35422 397445   9.03  63.00   7.50   8.18  10.07   101  27.70  26.40  14913    79
  1331  35419 397446   9.97   5.20   7.52   8.15  10.06   101  27.73  26.41  14922    78
  1332  35417 397449  10.99  77.70   7.56   8.16  10.13   101  27.76  26.41  14923    79
  1332  35420 397447  12.04   3.10   7.57   8.20  10.19   102  27.79  26.44  14937    79
  1333  35424 397447  13.04   2.10   7.58   8.20  10.32   103  27.79  26.43  14932    80
  1333  35427 397449  13.99   0.90   7.58   8.26  10.36   104  27.79  26.43  14932    80
  1334  35429 397441  15.08   0.90   7.58   8.21  10.40   104  27.80  26.44  14938    81
 -1342  34982 398015   1.02   5.10   7.80   8.30  10.30   102  26.25  24.67  13917    80
  1342  34982 398035   2.06   5.10   7.78   8.26  10.30   102  26.24  24.67  13919    80
  1342  34985 398046   3.04   3.10   7.72   8.30  10.28   102  26.20  24.67  13920    80
  1343  34997 398056   4.01   1.60   7.70   8.25  10.43   104  26.23  24.72  13946    81
  1344  35018 398063   4.97   0.30   7.74   8.32  10.67   106  26.22  24.68  13924    83
 -1353  33970 398824   0.98  19.70   7.65   8.23  10.29   102  26.23  24.75  13967    80
  1353  33936 398869   2.02  20.40   7.63   8.23  10.32   102  26.21  24.75  13963    80
  1354  33921 398885   3.08  19.60   7.63   8.24  10.33   102  26.22  24.76  13969    80
  1354  33916 398895   4.07  18.30   7.60   8.23  10.32   102  26.20  24.76  13969    80
  1355  33910 398901   5.12  17.10   7.37   8.29  10.24   101  26.14  24.86  14028    79
  1356  33907 398906   6.14  16.10   7.25   8.22  10.25   101  26.12  24.92  14066    78
  1357  33919 398907   7.13  14.60   7.22   8.20  10.01    98  26.19  25.02  14120    77
  1358  33923 398905   8.10  13.50   7.19   8.22   9.95    98  26.19  25.04  14133    76
  1358  33924 398904   9.16  12.50   7.14   8.22   9.88    97  26.20  25.09  14160    76
  1359  33923 398900  10.16  11.60   7.03   8.18   9.81    96  26.20  25.17  14206    75
  1400  33921 398899  11.14  11.10   7.06   8.25   9.73    96  26.26  25.21  14230    74
  1400  33915 398893  12.05  10.70   7.03   8.21   9.72    95  26.26  25.23  14243    74
  1400  33913 398891  13.00  10.10   7.03   8.19   9.70    95  26.26  25.23  14243    74
  1401  33910 398891  14.07   9.30   7.13   8.18   9.65    95  26.38  25.28  14273    74
  1401  33909 398890  15.09   8.30   7.23   8.20   9.61    95  26.49  25.33  14298    74
  1402  33909 398892  16.07   7.20   7.28   8.18   9.73    96  26.55  25.35  14313    74
  1402  33911 398890  16.95   6.10   7.40   8.24   9.76    97  26.72  25.44  14365    74
  1402  33909 398894  17.93   5.00   7.35   8.18   9.81    97  26.70  25.46  14374    74
  1403  33910 398887  18.95   4.20   7.29   8.24   9.80    97  26.66  25.46  14375    75
  1403  33911 398886  20.02   3.40   7.27   8.18   9.77    96  26.66  25.48  14383    74
  1404  33910 398885  20.99   2.70   7.24   8.18   9.73    96  26.64  25.48  14384    74
  1404  33909 398886  21.99   1.80   7.24   8.14   9.70    96  26.64  25.48  14384    74
  1404  33909 398885  22.98   0.90   7.26   8.20   9.64    95  26.65  25.47  14382    73
 -1418  33161 400206   0.96  13.80   7.47   8.20  10.17   100  26.20  24.85  14023    76
  1419  33151 400246   1.99  76.00   7.41   8.20  10.17   100  26.17  24.86  14029    76
  1419  33147 400254   2.98  10.90   7.42   8.21  10.17   100  26.18  24.86  14031    76
  1420  33141 400258   3.99   9.50   7.36   8.21  10.18   100  26.15  24.88  14038    76
  1420  33138 400259   5.00   8.30   7.22   8.17  10.19   100  26.10  24.92  14066    76
  1421  33136 400256   6.01   7.20   7.22   8.27  10.13   100  26.09  24.91  14060    75
  1421  33136 400250   7.01   6.20   7.21   8.27  10.13   100  26.11  24.94  14076    75
  1422  33141 400241   7.98  73.50   7.27   8.27  10.08    99  26.12  24.91  14057    75
  1422  33149 400235   9.07   5.30   7.21   8.19  10.03    99  26.13  24.96  14088    75
  1423  33140 400224  10.05   3.40   7.12   8.19   9.89    97  26.15  25.05  14138    74
  1424  33132 400216  11.04   1.90   7.13   8.18   9.78    96  26.15  25.04  14134    73
  1426  33140 400237  12.04   1.20   6.92   8.17   9.56    94  26.30  25.35  14314    71
 -1430  33194 400518   0.88  17.40   7.36   8.19  10.08    99  26.12  24.84  14020    74
  1430  33212 400544   2.08   0.40   7.35   8.20  10.07    99  26.11  24.84  14018    75
  1431  33222 400559   3.12  13.10   7.36   8.17  10.07    99  26.11  24.83  14014    74
  1431  33222 400557   4.15  12.10   7.31   8.20  10.08    99  26.07  24.83  14011    74
  1432  33220 400553   5.15  68.70   7.16   8.22  10.09    99  26.01  24.87  14037    74
  1432  33220 400547   6.15   9.60   7.18   8.20  10.05    99  26.06  24.91  14059    74
  1432  33219 400538   7.17   8.40   7.18   8.17  10.04    99  26.06  24.91  14059    74
  1433  33220 400537   8.16   7.30   7.19   8.16  10.04    99  26.07  24.91  14061    73
  1433  33218 400531   9.18   6.50   7.22   8.19  10.04    99  26.13  24.96  14084    73
  1433  33211 400529  10.15   6.00   7.19   8.20  10.01    98  26.15  25.00  14109    73
  1434  33207 400531  11.00   5.40   7.20   8.19   9.97    98  26.16  25.00  14111    73
  1435  33203 400538  11.95   5.60   7.01   8.18   9.80    96  26.16  25.14  14190    72
  1435  33205 400542  12.89  17.20   7.00   8.18   9.77    96  26.17  25.16  14201    71
  1436  33214 400551  13.97   2.80   6.90   8.16   9.64    94  26.22  25.28  14273    70
  1436  33217 400560  15.01   1.70   6.89   8.16   9.64    94  26.25  25.32  14296    70
  1437  33219 400562  16.01   0.70   6.88   8.22   9.47    93  26.25  25.33  14300    69
