# MEETVAARTUIG : M.S. ARGUS
# MEETDATUM    : 20-03-2002 08:38:53
# MEETGEBIED   : VEERSE MEER
# STARTPUNT    : SLUIS KATSEVEER
# EINDPUNT     : VEERSEGATDAM
# PROJECTCODE  : E7301X
# OPDRACHTGEVER: ZLXXAXWMDBG
# BEHEERDER    : ZLXXAXWMDBG
# BEMONST. INST:
# WAARNEMER(S) : WESTEINDE
#
* 20020320
$ 9999 [000000000000]
>TIJD      uumm                    
>X         coordinaat              
>Y         coordinaat              
>SENSHTE   Diepte set        m     
>Echo      Echoschip         M     
>Temp      Temperatuur       oC                   :6. 1. 11 1.0
>pH        Zuurgraad         dimsls
>O2        Zuurstof          mg/l  
>%O2       Zuurstof%         %     
>GELBH     Geleidendheid     mS/cm 
>SALNTT    Saliniteit        dimsl 
>CL-       Chloride          mg/l                 : 6000  500  11  500
 -0839  51186 396531   1.10   8.10   7.70   8.06  10.42   106  30.99  29.70  16822
  0839  51198 396536   1.89   8.10   7.70   8.09  10.42   106  30.99  29.71  16825
  0839  51188 396540   3.06   8.30   7.68   8.05  10.42   106  31.03  29.76  16854
  0840  51180 396537   4.05   8.40   7.68   8.08  10.41   106  31.04  29.78  16866
  0840  51175 396533   5.00   8.40   7.67   8.07  10.42   106  31.07  29.82  16893
  0840  51172 396528   6.04   8.30   7.65   8.07  10.43   106  31.10  29.87  16920
  0841  51165 396527   6.97   8.50   7.66   8.05  10.43   106  31.09  29.84  16905
 -0846  50548 396242   1.05   9.50   7.73   8.04  10.41   106  31.01  29.70  16820
  0846  50524 396235   2.08   9.40   7.74   8.04  10.41   106  31.01  29.69  16819
  0847  50514 396234   3.00   9.40   7.73   8.06  10.42   106  31.02  29.71  16826
  0847  50506 396235   4.04   9.20   7.72   8.05  10.42   106  31.03  29.74  16842
  0848  50510 396245   5.02   8.80   7.68   8.03  10.44   106  31.06  29.80  16881
  0848  50518 396253   6.08   8.60   7.62   8.04  10.47   107  31.14  29.93  16957
  0849  50522 396257   7.08    .00   7.62   8.02  10.46   106  31.15  29.94  16960
  0850  50522 396248   8.21   9.10   7.62   7.92  10.49   107  31.14  29.93  16955
 -0855  49791 395916   1.01   5.10   7.75   8.04  10.43   106  30.93  29.60  16765
  0856  49760 395910   2.06   5.10   7.75   8.05  10.42   106  30.94  29.61  16770
  0856  49760 395909   3.05   5.20   7.74   8.06  10.43   106  30.94  29.61  16772
  0856  49760 395909   4.04   5.20   7.73   8.05  10.43   106  30.94  29.62  16777
 -0926  49170 395838   1.17  11.40   8.95   8.35  11.27   104  12.54  10.68   5962
  0926  49195 395844   1.96  11.40   8.92   8.36  11.28   104  12.56  10.71   5977
  0927  49203 395850   3.03  11.30   8.97   8.36  11.31   105  12.56  10.69   5967
  0927  49201 395853   4.03  11.30   8.93   8.37  11.28   104  12.60  10.74   5992
  0928  49206 395855   5.03  11.30   8.79   8.38  11.42   105  12.85  11.01   6148
  0929  49211 395855   6.02  11.30   8.70   8.38  11.44   106  13.48  11.63   6497
  0930  49206 395857   7.07  11.20   7.64   8.13   7.38    70  21.32  19.73  11089
  0930  49204 395857   8.03  11.20   7.60   8.06   7.66    73  21.48  19.91  11193
  0931  49207 395855   8.99  11.20   7.64   8.14   7.48    71  21.77  20.19  11350
  0932  49201 395854  10.07  11.30   7.66   8.12   8.45    81  21.99  20.40  11472
 -0939  48077 396601   1.09  17.20   8.74   8.37  11.33   105  12.79  10.97   6124
  0940  48051 396635   2.00  17.10   8.64   8.37  11.37   105  12.87  11.08   6186
  0941  48054 396634   3.07  17.00   8.67   8.38  11.32   104  13.01  11.20   6253
  0941  48056 396627   4.02  17.10   8.67   8.38  11.33   105  13.08  11.27   6290
  0941  48057 396623   5.05  17.10   8.64   8.40  11.36   105  13.12  11.31   6317
  0942  48056 396620   6.04  17.20   8.54   8.31  11.30   105  15.31  13.41   7500
  0942  48055 396619   7.01  17.20   7.79   8.18  11.09   105  20.40  18.72  10515
  0943  48058 396614   7.99  17.20   7.45   8.10   9.46    90  22.66  21.21  11934
  0944  48067 396606   8.96  17.20   7.54   8.09   8.83    85  23.00  21.50  12104
  0946  48061 396604  10.04  17.20   7.45   7.91   4.45    43  23.54  22.11  12452
  0946  48057 396605  11.03  17.20   7.37   7.59   4.78    46  24.21  22.85  12877
  0948  48057 396608  12.01  17.10   7.39   7.55    .54     5  24.69  23.34  13154
  0949  48061 396607  12.99  17.10   7.39   7.49    .55     5  24.76  23.41  13195
  0950  48059 396610  14.02  17.20   7.39   7.51    .29     3  24.78  23.42  13204
  0950  48056 396611  15.01  17.20   7.38   7.50    .25     2  24.79  23.44  13214
  0950  48050 396614  16.04  17.20   7.40   7.53    .11     1  24.82  23.47  13229
 -1000  46286 396911   1.07   5.40   8.57   8.39  11.64   107  13.11  11.33   6324
  1001  46246 396894   1.95   5.50   8.57   8.39  11.63   107  13.08  11.30   6308
  1001  46238 396891   3.01   5.40   8.54   8.39  11.64   107  13.10  11.33   6326
  1001  46233 396888   4.05   5.40   8.50   8.40  11.66   107  13.21  11.44   6390
 -1006  45364 396417   1.00  11.20   8.52   8.37  11.70   107  12.86  11.10   6198
  1007  45345 396409   1.94  10.60   8.51   8.30  11.70   107  12.85  11.10   6197
  1007  45343 396409   2.98   2.40   8.53   8.40  11.68   107  12.85  11.10   6195
  1007  45342 396410   3.90   2.40   8.50   8.39  11.68   107  12.85  11.11   6200
  1008  45343 396415   5.03    .00   8.29   8.38  11.72   107  13.49  11.77   6576
  1008  45345 396420   6.07  11.80   8.45   8.40  11.61   106  12.90  11.17   6234
  1009  45345 396430   7.04  12.00   8.18   8.35  11.39   105  13.91  12.21   6824
  1011  45353 396441   8.01  12.40   7.87   8.35  11.03   101  14.39  12.78   7142
  1011  45353 396441   9.02  12.30   7.78   8.34  11.06   101  14.63  13.04   7293
  1012  45349 396432  10.02  12.00   7.52   8.31  10.69    97  15.10  13.60   7609
  1013  45346 396424   9.77  12.00   7.50   8.32  10.32    94  15.14  13.65   7636
 -1019  44431 396334   1.99   8.10   8.68   8.40  11.63   107  12.82  11.02   6151
  1019  44394 396346   3.00   8.10   8.62   8.38  11.75   108  12.84  11.06   6175
  1020  44394 396348   3.04   8.00   8.55   8.38  11.74   108  12.86  11.09   6194
  1020  44401 396350   3.96   7.90   8.51   8.39  11.69   107  12.83  11.09   6190
  1021  44404 396352   4.97   7.80   8.48   8.39  11.66   107  12.86  11.12   6210
  1022  44406 396353   5.97   7.80   8.40   8.37  11.67   107  13.11  11.38   6355
 -1031  42835 397315   1.14  16.20   8.42   8.36  11.73   107  12.59  10.88   6075
  1032  42816 397309   2.04  16.20   8.43   8.35  11.73   107  12.55  10.84   6053
  1032  42815 397307   2.99  16.20   8.46   8.36  11.71   107  12.56  10.84   6051
  1033  42814 397306   4.00  16.20   8.44   8.38  11.70   107  12.57  10.86   6064
  1033  42814 397311   5.02   3.10   8.31   8.38  11.73   107  12.87  11.19   6246
  1034  42814 397314   5.99  16.10   8.31   8.37  11.71   107  12.90  11.21   6258
  1034  42816 397319   6.97   1.90   8.32   8.39  11.68   107  12.87  11.18   6243
  1035  42817 397322   7.97    .00   8.30   8.39  11.69   107  12.95  11.26   6287
  1035  42815 397323   9.04    .00   8.31   8.38  11.65   106  12.91  11.22   6264
  1035  42814 397322  10.01    .00   8.30   8.38  11.65   106  12.94  11.25   6281
  1036  42817 397321  11.02    .00   8.27   8.36  11.64   106  13.04  11.36   6343
  1036  42817 397318  12.04    .00   8.27   8.39  11.61   106  13.05  11.36   6345
  1037  42818 397317  12.99    .00   8.27   8.37  11.59   106  13.06  11.37   6349
  1037  42817 397312  14.05  16.20   8.25   8.37  11.58   106  13.09  11.41   6373
  1037  42816 397309  15.14  16.20   8.24   8.38  11.58   106  13.13  11.45   6395
 -1043  41843 397179   1.06   8.80   8.33   8.38  11.72   107  12.84  11.15   6226
  1043  41810 397201   2.05   8.80   8.34   8.38  11.70   107  12.85  11.15   6228
  1044  41801 397200   2.98   8.60   8.33   8.38  11.71   107  12.86  11.17   6234
  1044  41794 397200   4.00   8.70   8.32   8.38  11.79   107  12.86  11.17   6237
  1044  41800 397199   5.05   1.90   8.31   8.39  11.73   107  12.86  11.17   6238
  1045  41804 397198   6.04    .00   8.31   8.38  11.72   107  12.88  11.19   6249
  1046  41806 397207   6.99   8.60   8.23   8.38  11.63   106  13.08  11.40   6369
  1046  41806 397205   7.99   8.70   8.18   8.39  11.65   106  13.14  11.48   6414
 -1055  40121 396007    .94  23.30   8.26   8.38  11.80   108  12.94  11.26   6289
  1056  40111 395984   2.13  22.60   8.25   8.39  11.78   107  12.93  11.26   6288
  1056  40115 395970   3.03  23.20   8.24   8.38  11.78   107  12.94  11.27   6293
  1057  40116 395962   4.02  22.60   8.24   8.37  11.79   108  12.95  11.28   6301
  1057  40118 395954   5.07  21.30   8.24   8.38  11.78   107  12.96  11.29   6302
  1057  40119 395950   6.05  20.50   8.25   8.38  11.76   107  12.96  11.28   6300
  1058  40120 395950   6.98  20.10   8.24   8.38  11.76   107  12.96  11.29   6303
  1059  40117 395957   8.03  22.00   8.24   8.38  11.73   107  12.96  11.29   6305
  1059  40108 395966   9.02  22.90   8.04   8.40  11.83   107  12.97  11.36   6344
  1100  40100 395974   9.91  22.30   8.05   8.38  11.75   107  12.97  11.36   6344
  1100  40099 395977  11.08  22.40   8.05   8.38  11.83   107  12.97  11.36   6344
  1101  40102 395983  12.04  22.40   8.02   8.36  11.75   107  12.98  11.37   6352
  1102  40106 395989  13.10  22.50   7.96   8.38  11.79   107  12.97  11.39   6363
  1102  40111 395990  14.09  23.00   7.87   8.37  11.82   107  12.98  11.43   6385
  1103  40111 395987  15.12  22.80   7.81   8.37  11.86   107  12.97  11.44   6390
  1103  40112 395982  16.03  22.60   7.76   8.37  11.82   107  12.99  11.47   6405
  1104  40114 395976  17.05  23.10   7.74   8.37  11.79   106  13.00  11.49   6419
  1104  40117 395970  18.10    .00   7.74   8.38  11.74   106  13.00  11.49   6417
  1105  40124 395965  18.94  23.00   7.73   8.38  11.60   105  13.02  11.51   6429
  1106  40108 395975  20.07  22.50   7.73   8.36  11.54   104  13.02  11.52   6433
  1107  40118 395986  21.06    .00   7.72   8.36  11.33   102  13.07  11.56   6459
  1108  40117 395990  22.03  23.30   7.72   8.35  11.12   100  13.12  11.61   6484
 -1120  38328 394003   1.03   7.10   8.30   8.37  12.13   111  13.16  11.46   6398
  1121  38312 393985   1.97   7.00   8.29   8.40  12.10   111  13.15  11.46   6399
  1121  38300 393982   3.08   7.30   8.29   8.40  12.08   110  13.16  11.46   6400
  1121  38299 393984   4.03   7.50   8.30   8.39  12.06   110  13.15  11.45   6397
  1122  38298 393987   5.02   7.50   8.30   8.38  12.06   110  13.16  11.46   6399
  1122  38299 393994   5.91   7.80   8.29   8.39  12.07   110  13.16  11.46   6399
 -1128  37409 393862   1.05    .00   8.27   8.39  12.09   110  13.15  11.46   6398
  1129  37400 393859   2.04  19.50   8.27   8.38  12.09   110  13.14  11.45   6394
  1129  37398 393858   2.99  19.60   8.22   8.39  12.12   111  13.13  11.46   6399
  1129  37397 393858   4.10  19.60   8.22   8.39  12.12   110  13.13  11.46   6399
  1130  37398 393857   5.05  19.50   8.20   8.39  12.08   110  13.12  11.46   6399
  1130  37399 393858   5.93  19.50   8.18   8.39  12.08   110  13.12  11.46   6400
  1131  37400 393864   7.04  19.30   8.17   8.40  12.08   110  13.12  11.46   6401
  1131  37398 393866   8.02  19.30   8.16   8.40  12.07   110  13.12  11.46   6402
  1132  37397 393869   9.03  19.30   8.11   8.38  12.16   110  13.09  11.46   6398
  1132  37396 393872   9.96  19.30   8.11   8.39  12.14   110  13.09  11.46   6400
  1132  37394 393873  10.91  19.50   8.10   8.39  12.06   110  13.09  11.46   6400
  1133  37392 393869  12.07  19.60   7.86   8.38  12.16   110  13.08  11.53   6440
  1133  37389 393864  13.09  19.70   7.80   8.38  12.14   110  13.10  11.56   6458
  1134  37385 393858  14.04  19.20   7.80   8.38  12.09   109  13.10  11.56   6460
  1134  37383 393855  15.02  18.70   7.79   8.38  12.09   109  13.10  11.57   6464
  1134  37382 393853  15.99  18.10   7.76   8.38  12.09   109  13.11  11.59   6472
  1134  37381 393851  17.01  17.90   7.73   8.39  12.04   109  13.10  11.59   6474
 -1145  36711 395941   1.11   9.60   8.54   8.37  12.01   110  13.10  11.33   6325
  1145  36700 395951   2.05   8.90   8.54   8.39  11.98   110  13.10  11.32   6323
  1146  36697 395958   3.01   8.70   8.34   8.38  12.09   111  13.16  11.44   6390
  1146  36696 395964   4.07   8.90   8.25   8.37  12.16   111  13.12  11.44   6389
  1147  36694 395970   5.09   8.40   8.23   8.38  12.10   110  13.13  11.45   6397
  1148  36696 395975   6.01   8.70   8.21   8.40  12.09   110  13.12  11.45   6396
  1148  36704 395982   6.95    .00   8.31   8.38  12.09   110  13.15  11.44   6391
  1150  36717 395966   7.97   9.60   7.82   8.38  11.95   108  13.11  11.57   6461
 -1157  36134 396876   1.05   7.40   8.30   8.38  12.26   112  12.97  11.28   6299
  1158  36130 396887   2.04   2.20   8.29   8.38  12.13   111  13.00  11.31   6316
  1158  36129 396888   3.11   7.20   8.29   8.37  12.06   110  13.01  11.32   6322
  1158  36127 396887   4.04   7.10   8.25   8.39  12.04   110  13.05  11.37   6347
  1159  36126 396883   5.04   7.00   8.18   8.39  12.03   110  13.09  11.43   6386
  1159  36124 396877   5.91   6.40   8.19   8.24  12.00   109  13.09  11.43   6383
 -1204  35474 397405   1.03  15.60   8.44   8.37  12.00   110  13.13  11.39   6358
  1204  35444 397424   2.07  16.20   8.43   8.39  11.99   110  13.13  11.39   6360
  1204  35434 397429   3.07  15.50   8.41   8.38  12.00   110  13.10  11.37   6349
  1205  35427 397430   4.07  14.20   8.43   8.40  11.99   110  13.12  11.38   6356
  1205  35423 397428   5.02  13.10   8.39   8.38  12.00   110  13.12  11.39   6362
  1206  35428 397420   6.02  12.70   8.34   8.38  11.99   110  13.12  11.41   6370
  1207  35433 397418   6.99  13.40   8.35   8.37  11.97   109  13.12  11.40   6369
  1207  35438 397417   8.04  13.70   8.39   8.38  11.93   109  13.13  11.40   6367
  1209  35415 397420   9.07  12.30   8.36   8.38  11.92   109  13.14  11.42   6377
  1209  35415 397426   9.99  12.20   8.36   8.39  11.93   109  13.14  11.42   6376
  1210  35416 397436  11.06  13.10   8.32   8.38  11.93   109  13.11  11.41   6371
  1211  35420 397443  11.98  13.60   8.32   8.38  11.93   109  13.11  11.41   6370
  1211  35423 397448  12.95  13.40   8.26   8.37  11.97   109  13.11  11.42   6379
 -1215  35016 398004   1.17   5.70   8.35   8.37  12.03   110  13.13  11.42   6375
  1216  35004 398048   1.98   5.20   8.32   8.38  11.98   110  13.13  11.43   6381
  1217  35009 398052   3.11   5.30   8.34   8.39  11.95   109  13.14  11.42   6379
  1217  35013 398054   3.91   5.20   8.33   8.39  11.96   109  13.13  11.42   6378
 -1224  33922 398861   1.03  21.50   8.35   8.37  11.99   110  13.24  11.51   6430
  1225  33884 398882   1.97  16.20   8.39   8.40  12.01   110  13.25  11.52   6432
  1225  33884 398883   2.99  16.00   8.39   8.38  12.05   110  13.26  11.52   6436
  1226  33881 398882   4.02  14.90   8.35   8.38  12.09   111  13.24  11.52   6435
  1226  33881 398883   4.99  15.60   8.32   8.37  12.06   110  13.23  11.52   6434
  1227  33881 398884   6.02  16.50   8.33   8.38  12.01   110  13.23  11.52   6432
  1227  33885 398888   7.06  19.00   8.33   8.39  11.97   110  13.24  11.52   6434
  1228  33889 398890   8.05  21.40   8.33   8.38  11.97   109  13.23  11.52   6433
  1228  33891 398890   8.97  21.90   8.33   8.39  11.98   109  13.23  11.52   6433
  1229  33886 398890   9.97  20.90   8.32   8.38  11.98   109  13.23  11.52   6435
  1229  33883 398889  10.98  18.80   8.30   8.38  11.98   109  13.23  11.52   6436
  1229  33881 398887  12.01  17.50   8.31   8.38  11.94   109  13.23  11.52   6436
  1230  33879 398886  13.01  16.70   8.26   8.38  11.97   109  13.23  11.54   6443
  1230  33880 398885  13.98  17.60   8.22   8.38  11.93   109  13.23  11.55   6449
  1231  33883 398888  15.01  19.90   7.93   8.37  12.01   109  13.22  11.63   6497
  1231  33886 398890  16.05  21.70   7.88   8.37  12.01   109  13.23  11.66   6513
  1232  33893 398898  16.97  23.70   7.86   8.37  11.86   107  13.23  11.67   6520
  1232  33894 398902  18.01  23.60   7.86   8.37  11.81   107  13.24  11.68   6523
  1233  33895 398903  18.99  23.50   7.85   8.36  11.79   107  13.24  11.68   6524
  1233  33897 398904  19.97  23.40   7.85   8.36  11.78   107  13.25  11.69   6530
 -1242  33140 400231   1.11  12.80   8.34   8.38  12.00   110  13.31  11.59   6473
  1243  33143 400237   2.09  12.80   8.31   8.38  12.00   110  13.30  11.59   6473
  1244  33146 400241   3.02    .00   8.20   8.38  12.02   110  13.27  11.60   6478
  1245  33139 400236   4.00   1.90   8.13   8.38  12.03   110  13.26  11.61   6484
  1245  33137 400237   5.08  12.70   8.09   8.37  12.03   109  13.25  11.62   6488
  1246  33137 400240   6.00  12.60   8.08   8.38  12.01   109  13.24  11.61   6486
  1246  33139 400247   7.03  12.70   8.01   8.37  12.06   109  13.24  11.63   6494
  1247  33142 400250   8.11  12.80   7.99   8.38  12.00   109  13.23  11.63   6495
  1247  33143 400249   9.03  12.80   7.97   8.38  12.00   109  13.23  11.63   6499
  1248  33145 400247  10.04  12.90   7.88   8.37  12.00   109  13.24  11.67   6520
  1249  33148 400244  11.06  13.10   7.88   8.37  11.95   108  13.24  11.67   6518
  1249  33148 400242  12.07  13.10   7.87   8.37  11.92   108  13.24  11.68   6523
 -1252  33211 400529   1.14  18.10   8.58   8.38  12.13   112  13.37  11.57   6461
  1253  33196 400546   2.02  19.10   8.39   8.38  12.07   110  13.32  11.58   6465
  1254  33198 400551   2.99  18.80   8.11   8.38  12.05   110  13.25  11.61   6484
  1255  33207 400554   4.04  18.20   8.02   8.36  12.03   109  13.23  11.62   6490
  1256  33210 400555   5.01  17.90   8.21   8.38  11.93   109  13.28  11.60   6479
  1256  33210 400557   5.99  18.00   8.14   8.38  11.97   109  13.27  11.61   6486
  1257  33210 400558   7.09  18.10   8.11   8.39  12.00   109  13.26  11.61   6487
  1257  33208 400555   8.07  18.20   8.00   8.38  12.03   109  13.24  11.63   6496
  1258  33207 400554   9.01  18.20   7.96   8.38  12.03   109  13.23  11.64   6502
  1258  33205 400552  10.00  18.40   7.89   8.38  12.05   109  13.23  11.66   6514
  1258  33203 400551  11.02  18.70   7.88   8.38  12.01   109  13.23  11.67   6517
  1258  33202 400550  12.02  18.70   7.87   8.36  11.98   108  13.24  11.67   6521
  1259  33200 400548  13.07  18.80   7.85   8.37  11.94   108  13.26  11.70   6535
  1259  33200 400546  13.97  18.70   7.84   8.37  11.88   107  13.27  11.71   6543
  1300  33201 400546  14.99  18.60   7.84   8.36  11.77   106  13.32  11.76   6568
  1302  33193 400551  16.04    .00   7.85   8.34  11.20   101  13.50  11.93   6665
