# code EchoSh    is (nog ? ) niet bekend
# MEETVAARTUIG : M.C.ECOS2 YSI
# MEETDATUM    : 17-06-2004 07:48:05
# MEETGEBIED   : VEERSE MEER
# STARTPUNT    : Zandkreek
# EINDPUNT     : Veersedam
# PROJECTCODE  : E7301X
# OPDRACHTGEVER: ZLXXAXAMDBG
# BEHEERDER    : ZLXXRWMVSGN
# BEMONST. INST:
# WAARNEMER(S) : Geert den Hartog
#
* 20040617
$ 9999 [00000000000]
>TIJD      uumm                    
>X         coordinaat              
>Y         coordinaat              
>SENSHTE   Diepte set        m     
>EchoSh    nog niet gedefinieerd   
>Temp      Temperatuur       oC                :9.  1.0  11 1.0   
>O2        Zuurstof          mg/l  
>%O2       Zuurstof%         %     
>GELBH     Geleidendheid     mS/cm 
>SALNTT    Saliniteit        dimsl 
>CL-       Chloride          mg/l              :10000.  500.  13 500
 -0748  51193 396564   1.08   6.30  18.02   7.35    94  41.49  31.25  17687
  0748  51182 396560   2.02   6.20  18.00   7.35    94  41.65  31.40  17774
  0748  51177 396558   2.99   6.10  17.99   7.35    94  41.72  31.47  17812
  0748  51172 396556   4.01   6.10  17.97   7.36    94  41.74  31.50  17831
  0749  51167 396554   5.08   6.10  17.94   7.33    94  41.86  31.62  17903
 -0754  50570 396246   1.02   7.20  18.27   7.33    94  40.89  30.56  17286
  0755  50554 396228   2.02   0.00  18.20   7.21    92  41.13  30.81  17433
  0755  50552 396226   2.97   0.00  18.11   7.22    92  41.44  31.14  17623
  0755  50548 396223   4.01   0.00  18.05   7.17    92  41.76  31.46  17805
  0756  50545 396221   4.89   0.00  17.92   7.20    92  42.00  31.76  17981
  0757  50547 396241   6.14   7.30  17.93   7.30    93  41.95  31.71  17952
 -0803  49751 395935   1.03   0.00  18.19   7.37    94  41.24  30.91  17490
  0803  49746 395932   2.13   0.00  18.09   7.34    94  41.75  31.42  17782
 -0858  49178 395840   1.01  11.60  20.24   8.53   107  29.96  20.66  11595
  0858  49200 395838   1.92  11.60  20.24   8.54   107  29.97  20.67  11599
  0858  49209 395843   3.01  11.60  20.25   8.55   107  29.98  20.67  11601
  0859  49212 395848   4.04  11.50  20.25   8.56   107  29.99  20.68  11605
  0859  49212 395853   5.12  11.50  20.22   8.56   107  30.00  20.70  11618
  0900  49197 395865   6.06  11.60  19.00   7.63    97  38.57  28.14  15884
  0900  49189 395866   6.98  11.70  19.00   7.48    96  38.55  28.12  15874
  0901  49196 395858   8.02  11.70  18.86   7.23    92  38.98  28.57  16131
  0901  49201 395858   9.09  11.70  18.73   7.29    93  39.00  28.67  16193
  0902  49209 395861  10.07  11.50  18.63   6.97    89  39.09  28.81  16276
  0903  49202 395857  11.03  11.70  18.60   6.81    87  39.16  28.89  16321
 -0913  48059 396635   1.15  16.30  20.09   8.26   103  29.91  20.70  11615
  0913  48049 396605   1.98  16.40  20.09   8.28   103  29.91  20.70  11615
  0914  48050 396598   3.21  16.50  19.97   8.29   103  29.85  20.71  11623
  0914  48055 396593   4.09  16.70  19.96   8.21   102  29.87  20.73  11635
  0915  48059 396594   5.02  16.20  19.85   8.12   103  33.61  23.67  13316
  0915  48054 396603   6.06  16.20  19.10   7.42    94  37.66  27.33  15421
  0916  48047 396610   7.05  16.30  18.67   7.43    94  38.44  28.26  15953
  0917  48062 396618   8.01  16.20  18.44   7.02    89  38.64  28.58  16140
  0917  48066 396618   9.07  16.20  18.38   7.03    89  38.77  28.73  16226
  0917  48067 396619  10.05  16.20  18.23   7.02    89  38.87  28.91  16334
  0918  48047 396615  11.02  16.50  17.91   6.32    79  38.66  28.96  16365
  0920  48049 396602  12.00  16.50  17.61   4.98    62  38.41  28.97  16369
  0920  48051 396604  13.06  16.30  17.01   5.16    64  37.86  28.93  16351
  0921  48055 396615  14.07  16.30  16.73   3.89    48  37.58  28.90  16330
  0921  48057 396615  15.07  16.30  16.62   3.92    48  37.49  28.90  16332
  0923  48046 396608  15.91  16.50  16.15   3.10    38  37.02  28.83  16296
 -1003  46268 396887   1.06   0.00  20.17   8.70   109  29.98  20.71  11623
  1003  46240 396897   2.13   0.00  20.14   8.69   108  29.96  20.71  11623
  1004  46235 396901   3.09   0.00  20.13   8.67   108  29.94  20.70  11617
  1004  46235 396906   4.12   0.00  20.10   8.64   108  30.19  20.90  11734
  1005  46249 396906   5.03   0.00  18.88   7.10    90  37.56  27.40  15459
 -1012  45378 396422   1.09   0.00  19.86   8.38   104  29.51  20.50  11506
  1013  45360 396424   2.05   0.00  19.84   8.38   104  29.50  20.50  11507
  1013  45352 396426   3.15   0.00  19.86   8.36   104  29.55  20.53  11523
  1013  45349 396429   4.11   0.00  19.86   8.36   104  29.54  20.53  11519
  1014  45354 396433   5.05   0.00  19.70   7.57    95  32.00  22.50  12647
  1015  45356 396435   6.04   0.00  18.77   6.75    86  37.55  27.46  15496
  1015  45354 396433   7.10   0.00  18.63   6.74    85  37.91  27.85  15719
  1016  45350 396429   8.02   0.00  18.57   6.68    85  38.10  28.05  15833
  1016  45350 396426   9.03  38.40  18.54   6.64    84  38.09  28.06  15840
  1016  45348 396428  10.02  38.40  18.52   6.61    84  38.11  28.09  15857
  1017  45345 396433  11.08   0.00  18.47   6.43    81  38.13  28.14  15886
  1018  45354 396437  12.08   0.00  18.38   6.26    79  38.15  28.22  15931
 -1025  44425 396352   1.06   8.30  19.74   8.29   102  29.28  20.38  11439
  1025  44402 396345   2.11   8.40  19.75   8.31   103  29.32  20.41  11454
  1026  44400 396342   2.99   8.40  19.72   8.30   103  29.34  20.44  11471
  1026  44403 396342   3.99   0.00  19.71   8.19   101  29.34  20.44  11473
  1027  44415 396351   4.96   7.60  19.72   7.94    99  30.73  21.51  12080
  1028  44414 396359   5.82   0.00  18.93   7.25    92  36.66  26.64  15022
  1029  44415 396356   7.05   0.00  19.00   6.79    86  36.34  26.34  14848
  1031  44411 396346   7.86   0.00  18.66   6.70    85  37.61  27.58  15567
 -1044  42848 397320   1.00   0.00  19.78   8.15   101  29.68  20.67  11602
  1044  42830 397330   2.04   0.00  19.79   8.20   102  29.70  20.68  11608
  1044  42826 397330   3.12   0.00  19.79   8.21   102  29.71  20.69  11613
  1045  42821 397327   4.10   0.00  19.79   8.21   102  29.72  20.70  11617
  1045  42818 397316   4.96  37.50  19.79   8.04   100  30.10  20.99  11783
  1047  42822 397318   6.07  15.90  19.45   6.83    86  33.36  23.70  13334
  1048  42826 397317   7.03  15.70  18.89   6.55    83  36.67  26.67  15041
  1049  42823 397317   8.04  15.90  18.86   6.54    83  36.82  26.81  15122
  1049  42823 397316   9.05  16.00  18.74   6.53    82  37.23  27.22  15358
  1050  42820 397307  10.00  16.00  18.64   6.25    79  37.56  27.56  15551
  1050  42820 397308  11.02  15.90  18.62   6.23    79  37.61  27.61  15582
  1050  42820 397312  12.01  15.80  18.57   6.20    78  37.71  27.73  15649
  1050  42819 397309  12.97  15.50  18.57   6.18    78  37.71  27.73  15649
  1051  42820 397302  14.08  15.10  18.54   6.17    78  37.73  27.76  15670
  1051  42841 397303  14.98   0.00  18.54   6.04    76  37.72  27.75  15665
 -1059  41828 397217   1.14   9.10  19.61   8.34   103  29.69  20.76  11655
  1059  41809 397218   2.11   9.10  19.60   8.33   103  29.69  20.77  11658
  1059  41803 397220   3.08   9.10  19.59   8.32   103  29.69  20.77  11661
  1100  41800 397221   4.08   9.10  19.58   8.31   103  29.75  20.82  11690
  1101  41817 397227   5.04   9.20  19.56   7.78    97  31.47  22.16  12455
  1102  41816 397212   6.11   9.00  19.35   7.18    90  33.31  23.72  13344
  1103  41804 397209   6.98   9.10  18.74   6.51    82  37.22  27.21  15354
  1104  41804 397207   8.06   9.10  18.66   6.23    79  37.46  27.46  15497
 -1117  40161 395990   1.00  37.80  19.57   8.18   101  29.03  20.27  11377
  1117  40153 395984   2.15  38.00  19.55   8.18   101  29.06  20.31  11395
  1117  40151 395983   3.13  35.80  19.52   8.18   101  29.16  20.40  11448
  1118  40150 395999   4.00  37.20  19.41   7.72    96  30.78  21.71  12194
  1120  40141 396014   5.09  38.50  18.72   6.23    79  36.85  26.93  15189
  1120  40134 396006   6.06  39.60  18.83   6.12    77  36.69  26.73  15073
  1121  40138 396001   7.02  39.20  18.68   5.88    74  36.87  26.97  15213
  1121  40149 396003   8.00  33.70  18.47   5.89    74  36.98  27.20  15344
  1122  40151 396004   9.07   0.00  18.37   5.91    74  37.02  27.30  15402
  1122  40152 396004  10.01   0.00  18.39   5.87    74  37.05  27.31  15408
  1122  40150 396004  11.01   0.00  18.31   5.86    74  37.11  27.41  15467
  1122  40149 396003  12.12   0.00  18.39   5.84    73  37.26  27.48  15507
  1123  40149 396004  12.95  36.10  18.05   5.87    73  36.94  27.44  15488
  1123  40153 396007  13.95  37.00  15.45   5.39    64  34.32  26.98  15231
  1124  40154 396008  15.03  36.50  11.14   4.03    44  30.47  26.49  14957
  1125  40149 396002  16.06   0.00  10.03   1.16    12  29.29  26.14  14760
  1126  40153 396002  17.08   0.00   9.65   1.13    12  28.95  26.08  14725
  1126  40158 396006  18.01  35.60   9.11   0.99    10  28.51  26.03  14699
  1126  40156 396007  19.12  36.40   8.80   0.98    10  28.25  25.99  14679
  1127  40152 396007  20.08  35.80   8.70   0.97    10  28.15  25.97  14663
  1127  40150 396007  21.07  39.20   8.64   0.96    10  28.14  26.00  14682
  1127  40151 396008  22.13  39.10   8.57   0.97    10  28.05  25.96  14659
  1127  40153 396010  22.99  39.30   8.56   0.98    10  28.03  25.95  14652
 -1144  38344 393996   1.08   7.50  19.07   7.31    90  30.72  21.84  12269
  1144  38326 393997   2.05   7.80  19.05   7.30    90  30.72  21.85  12275
  1145  38320 393998   3.04   8.00  19.04   7.30    90  30.76  21.88  12296
  1146  38321 394010   4.10   8.20  18.72   5.91    74  35.94  26.19  14765
  1147  38330 394014   4.99   8.00  18.52   5.98    75  36.52  26.79  15110
  1147  38334 394015   6.04   8.00  18.41   5.90    74  36.75  27.05  15259
  1147  38333 394013   6.99   7.90  18.20   5.78    72  36.56  27.03  15250
 -1153  37426 393843   1.00  19.30  18.77   7.73    95  30.44  21.77  12234
  1155  37388 393842   2.12  17.20  18.51   6.92    85  30.87  22.25  12508
  1156  37392 393840   2.96  18.70  18.61   5.51    68  33.94  24.65  13879
  1157  37391 393841   3.97  19.10  18.64   5.50    68  34.17  24.82  13975
  1157  37390 393844   4.98  19.20  18.58   5.72    72  35.67  26.06  14691
  1157  37389 393845   6.12  19.30  18.44   5.74    72  36.07  26.48  14929
  1158  37393 393850   6.98  19.40  18.25   5.44    68  36.05  26.58  14991
  1159  37393 393850   8.00  19.50  18.27   5.43    68  36.04  26.56  14979
  1159  37392 393851   9.00  19.40  18.22   5.41    68  36.08  26.63  15016
  1159  37392 393852   9.98  19.40  18.18   5.38    67  36.08  26.65  15031
  1159  37391 393853  11.06  19.50  18.16   5.36    67  36.13  26.70  15062
  1200  37391 393853  12.07  19.50  18.13   5.35    67  36.15  26.74  15083
  1200  37391 393853  13.11  19.50  18.07   5.33    66  36.13  26.76  15096
  1201  37396 393854  14.04  19.50  17.88   5.13    64  36.04  26.81  15126
  1201  37394 393853  15.04  19.50  17.86   5.08    63  36.02  26.81  15124
  1201  37391 393851  15.99  19.50  16.38   4.24    51  34.36  26.39  14888
  1203  37401 393848  17.07  19.40  15.16   2.55    30  33.21  26.21  14788
  1204  37400 393854  17.96  19.40  14.40   1.91    22  32.48  26.08  14713
  1205  37399 393855  19.07  19.30  14.31   1.93    22  32.43  26.09  14722
 -1217  36721 395932   1.10   9.70  18.94   8.39   103  29.60  21.03  11807
  1218  36719 395962   2.11   9.70  18.13   7.23    88  31.11  22.65  12737
  1220  36714 395919   3.00   9.60  16.84   2.70    32  30.87  23.18  13043
  1220  36715 395915   3.94   9.50  17.11   2.66    32  31.43  23.49  13218
  1221  36709 395915   5.19   9.50  18.01   4.74    59  35.83  26.56  14977
  1222  36693 395926   6.09   8.30  17.83   4.64    57  35.79  26.64  15026
  1222  36693 395926   7.07   8.40  17.79   4.61    57  35.82  26.69  15055
  1222  36696 395926   7.99   8.50  17.68   4.64    57  35.70  26.66  15040
  1223  36702 395928   9.07   8.80  16.80   3.78    46  34.79  26.48  14937
 -1231  36162 396858   1.06   7.40  18.82   8.22   100  29.94  21.35  11994
  1232  36141 396877   2.00   8.00  18.64   8.05    98  29.93  21.44  12043
  1233  36144 396881   3.03   8.10  18.03   5.12    62  31.55  23.06  12971
  1234  36143 396881   4.10   8.00  18.75   3.95    49  34.35  24.89  14020
  1235  36139 396885   5.03   7.60  17.71   3.70    46  34.93  26.01  14663
  1235  36138 396887   6.06   7.50  17.50   3.91    48  35.31  26.46  14922
  1235  36137 396887   7.06   7.50  17.47   3.97    49  35.33  26.49  14943
 -1241  35468 397411   1.07  15.90  18.64   8.39   102  29.47  21.08  11837
  1242  35450 397418   2.00  16.20  18.59   8.40   102  29.51  21.13  11869
  1242  35445 397422   2.93  16.10  17.87   7.35    88  29.96  21.87  12290
  1244  35448 397429   4.08  15.60  17.74   4.00    49  34.61  25.73  14500
  1244  35448 397429   4.99  15.60  17.75   3.98    49  34.69  25.78  14535
  1244  35447 397429   6.02  15.70  17.73   3.96    49  34.80  25.89  14594
  1245  35449 397430   7.03  15.70  17.63   3.77    46  35.02  26.13  14735
  1245  35448 397430   8.05  15.90  17.62   3.76    46  35.04  26.16  14749
  1245  35446 397429   9.05  16.00  17.61   3.74    46  35.05  26.17  14757
  1246  35446 397426  10.06  16.00  17.58   3.61    44  35.05  26.19  14768
  1246  35446 397425  11.08  16.10  17.60   3.60    44  35.09  26.21  14780
  1247  35450 397425  11.97  16.20  17.59   3.66    45  35.19  26.30  14831
  1247  35453 397423  13.06  16.10  17.62   3.76    46  35.23  26.31  14839
  1247  35454 397423  14.02  16.10  17.62   3.79    47  35.23  26.31  14839
  1248  35453 397424  14.97  16.20  17.62   3.80    47  35.20  26.29  14825
 -1253  35029 398027   0.96   0.00  18.39   8.19    99  29.58  21.29  11960
  1254  35020 398056   2.10   0.00  17.86   7.39    89  30.80  22.55  12680
  1255  35034 398060   3.08   0.00  17.52   5.90    71  30.07  22.14  12449
  1256  35018 398034   4.10   0.00  17.81   3.79    47  34.71  25.76  14522
  1256  35012 398035   4.97   0.00  17.66   3.79    47  35.04  26.13  14734
 -1307  33905 398909   0.98   0.00  17.14   5.62    67  30.02  22.31  12546
  1307  33894 398903   2.14   0.00  17.11   5.60    67  30.21  22.48  12644
  1309  33891 398900   3.00  39.60  17.09   5.18    62  30.48  22.72  12777
  1310  33890 398900   4.10  38.00  16.88   3.36    40  30.94  23.21  13063
  1311  33892 398900   4.95  39.50  16.85   3.43    41  31.21  23.46  13201
  1312  33886 398896   6.06  38.30  17.19   3.92    47  31.91  23.84  13418
  1312  33887 398898   7.02  36.50  17.19   3.95    48  31.92  23.84  13423
  1313  33888 398899   8.06  36.60  17.34   3.13    38  33.55  25.10  14143
  1314  33890 398898   9.09  39.80  17.42   3.17    39  33.78  25.24  14223
  1314  33891 398897  10.09  37.50  17.41   3.28    40  33.79  25.26  14232
  1314  33890 398894  11.00  37.20  17.44   3.32    40  33.86  25.29  14254
  1315  33890 398891  12.11  39.00  17.46   3.33    41  33.98  25.38  14304
  1315  33892 398887  13.03   0.00  17.48   3.33    41  34.07  25.44  14339
  1315  33893 398886  14.07   0.00  17.47   3.32    40  34.08  25.46  14348
  1316  33894 398887  15.01  37.40  17.48   3.31    40  34.11  25.48  14358
  1316  33895 398889  16.03  38.90  17.46   3.29    40  34.10  25.48  14361
  1316  33897 398893  17.06   0.00  17.49   3.30    40  34.16  25.51  14378
  1316  33896 398897  18.01   0.00  17.52   3.31    40  34.20  25.53  14386
  1317  33893 398900  19.05   0.00  17.53   3.35    41  34.19  25.51  14378
  1317  33891 398902  19.97   0.00  17.53   3.36    41  34.22  25.54  14392
  1317  33889 398901  21.04   0.00  17.45   3.38    41  34.23  25.59  14426
  1317  33888 398899  21.90   0.00  17.49   3.33    41  34.21  25.55  14402
  1318  33888 398898  22.86   0.00  17.52   3.33    41  34.22  25.54  14396
 -1330  33172 400244   1.03  13.10  16.43   3.54    42  30.11  22.78  12817
  1331  33146 400230   2.10  12.90  16.36   2.61    31  30.45  23.11  13003
  1332  33141 400232   3.07  12.70  16.05   1.90    22  30.34  23.19  13053
  1333  33143 400235   4.05  12.90  16.18   1.73    20  30.77  23.48  13217
  1333  33147 400236   4.97  13.00  16.90   1.75    21  32.10  24.17  13608
  1334  33151 400244   6.14  13.00  17.02   3.09    37  32.47  24.40  13742
  1334  33149 400245   7.05  13.00  17.12   3.05    37  32.65  24.49  13793
  1335  33141 400244   8.05  12.60  17.35   3.33    40  32.95  24.60  13855
  1335  33140 400243   8.96  12.60  17.52   3.35    41  33.39  24.86  14003
  1336  33142 400241  10.10  12.70  17.58   3.44    42  33.57  24.97  14067
  1336  33144 400239  11.00  12.80  17.61   3.45    42  33.80  25.14  14165
  1337  33142 400240  12.03  12.60  17.64   3.43    42  33.94  25.24  14220
 -1341  33232 400542   1.11  16.90  16.21   2.62    31  30.62  23.34  13134
  1341  33209 400554   2.08  18.10  16.25   2.06    24  30.86  23.51  13237
  1342  33204 400557   3.10  15.00  16.29   2.11    25  30.85  23.48  13218
  1343  33203 400559   4.07  13.00  16.25   2.22    26  31.18  23.78  13391
  1343  33203 400560   5.00  13.00  16.52   2.12    25  31.40  23.81  13404
  1344  33202 400555   6.04  14.60  17.16   3.29    40  32.50  24.34  13708
  1345  33205 400553   7.00  16.90  17.38   3.42    42  32.95  24.58  13844
  1345  33207 400554   7.96  17.40  17.38   3.45    42  33.09  24.70  13910
  1345  33206 400555   8.96  16.60  17.48   3.49    42  33.48  24.96  14060
  1346  33203 400555  10.08  15.20  17.49   3.51    43  33.58  25.03  14103
  1346  33201 400556  11.07  13.50  17.42   3.48    42  33.67  25.15  14171
  1346  33199 400557  12.04  12.20  17.44   3.37    41  33.78  25.23  14216
  1346  33198 400559  13.06  11.50  17.46   3.33    41  33.80  25.23  14218
  1347  33194 400561  14.13   9.50  17.41   3.23    39  33.76  25.23  14217
  1347  33194 400561  15.04   9.10  17.41   3.20    39  33.80  25.26  14236
  1348  33194 400560  16.05  10.00  17.40   3.21    39  33.82  25.29  14249
  1348  33195 400558  17.01  11.20  17.37   3.16    38  33.79  25.28  14246
  1348  33196 400556  17.98  12.60  17.32   3.13    38  33.76  25.29  14250
