# MEETVAARTUIG : M.C.ECOS 8 VERTIKAAL
# MEETDATUM    : 10-08-2020 11:38:40
# MEETGEBIED   :
# STARTPUNT    :
# EINDPUNT     :
# PROJECTCODE  :
# OPDRACHTGEVER:
# BEHEERDER    :
# BEMONST. INST:
# WAARNEMER(S) : Michel
#
* 20200810
$ 9999 [000000000000000]
>TIJD      uumm                    
>X         coordinaat              
>Y         coordinaat              
>SENSHTE   Diepte set        m     
>Echms     Echoset           mtrs  
>Temp      Temperatuur       oC    
>pH        Zuurgraad         dimsls
>O2        Zuurstof          mg/l  
>%O2       Zuurstof%         %     
>GELBH     Geleidendheid     mS/cm 
>GEL20     Gel20             ???   
>SALNTT    Saliniteit        dimsl 
>CL-       Chloride          mg/l  
>CHFLYSI   Chlorofyl         ugr/l 
>TURBID    Troebelheid       NTU   
 -1139  33206 400527   1.01  16.80  24.23   8.13  10.70   152  45.62  4183  30.06  16969   4.34   0.52
  1139  33204 400537   2.03  15.96  24.19   8.14  10.80   154  45.60  4183  30.06  16972   4.15   0.60
  1140  33204 400542   3.00  15.10  23.32   8.11   9.53   133  45.04  4205  30.24  17078   6.13   0.78
  1141  33204 400550   4.01  13.18  22.70   8.07   9.23   127  44.39  4196  30.17  17041   5.90   0.63
  1143  33204 400557   5.03  13.00  21.90   7.87   7.17    97  43.61  4191  30.13  17021   3.39   0.44
  1144  33202 400563   6.01   8.99  20.84   7.48   3.11    41  42.54  4179  30.04  16973   3.40   0.35
  1145  33205 400563   7.00   8.23  20.67   7.43   2.64    35  42.31  4171  29.97  16935   2.27   0.41
  1146  33208 400568   8.00   8.56  20.37   7.37   1.90    25  42.03  4170  29.96  16931   0.97   0.30
  1147  33217 400560   9.02   8.95  20.20   7.29   1.13    15  41.89  4171  29.97  16936   0.31   0.35
  1148  33220 400561  10.01   7.85  20.12   7.27   0.88    12  41.82  4172  29.98  16941   1.12   0.29
  1148  33223 400561  11.02   6.65  20.00   7.27   0.76    10  41.73  4173  29.99  16949   0.16   0.17
  1149  33224 400560  12.00   5.44  19.95   7.27   0.71     9  41.69  4174  29.99  16952   0.19   0.11
  1149  33223 400557  13.01   4.30  19.87   7.28   0.71     9  41.63  4174  30.00  16954   0.19   0.08
  1150  33223 400555  14.01   3.18  19.81   7.30   0.74    10  41.57  4174  30.00  16953   0.25   0.10
  1150  33223 400555  15.04   2.14  19.72   7.33   0.76    10  41.50  4175  30.00  16957   0.31   0.20
  1150  33224 400555  15.97   1.18  19.65   7.35   0.75    10  41.45  4176  30.01  16962   0.06   0.28
 -1126  33132 400157   0.99  11.14  24.29   8.14  10.20   146  45.70  4185  30.07  16978   4.14   0.41
  1127  33114 400218   2.01   9.30  23.84   8.06   8.87   125  45.29  4184  30.07  16979   3.63   0.64
  1127  33117 400226   2.99   8.66  23.40   8.09   9.26   129  44.84  4179  30.03  16958   3.52   0.63
  1128  33117 400235   4.02   7.81  22.68   8.07   9.08   125  44.18  4179  30.03  16962   4.02   0.44
  1129  33116 400254   4.98   7.38  22.27   7.99   8.21   112  43.76  4174  29.99  16941   3.64   0.48
  1130  33123 400267   6.01   6.74  21.45   7.78   5.97    80  43.02  4173  29.99  16941   3.29   0.44
  1131  33131 400283   7.01   5.49  20.82   7.53   3.55    47  42.44  4172  29.98  16938   2.08   0.33
  1132  33137 400289   7.99   5.43  20.47   7.39   2.08    28  42.11  4170  29.96  16931   1.21   0.24
  1132  33142 400299   8.99   4.63  20.26   7.34   1.50    20  41.94  4171  29.97  16937   0.35   0.28
  1133  33147 400303  10.01   3.84  20.08   7.30   0.99    13  41.77  4170  29.97  16935   0.30   0.15
  1134  33154 400305  11.01   2.80  19.95   7.29   0.80    10  41.67  4172  29.98  16944   0.50   0.14
  1134  33159 400309  12.00   1.79  19.85   7.30   0.78    10  41.60  4173  29.99  16948   0.40   0.13
  1135  33161 400315  13.07   6.45  19.71   7.36   0.92    12  41.50  4176  30.01  16963   0.11   0.09
 -1103  33907 398873   1.02  22.14  24.71   7.81   6.16    88  46.11  4187  30.09  16987   2.41   0.35
  1104  33896 398902   2.00  21.14  24.46   8.02   8.79   125  45.90  4189  30.11  16995   4.05   0.56
  1106  33899 398918   3.02  19.65  23.51   7.99   8.07   113  44.99  4184  30.07  16980   3.82   0.77
  1106  33898 398921   4.02  18.65  22.24   7.87   6.58    90  43.69  4170  29.96  16921   2.97   0.41
  1107  33896 398925   5.02  17.78  21.25   7.70   4.81    64  42.82  4171  29.97  16931   2.08   0.36
  1108  33894 398925   6.02  16.84  20.48   7.45   2.37    31  42.13  4171  29.97  16936   0.89   0.30
  1109  33889 398934   7.00  15.53  20.22   7.36   1.44    19  41.91  4172  29.98  16941   0.35   0.26
  1109  33884 398935   8.02  14.51  20.11   7.32   0.97    13  41.84  4174  30.00  16954   0.12   0.26
  1110  33885 398937   8.99  13.10  20.09   7.31   0.87    11  41.83  4175  30.01  16958   0.43   0.25
  1110  33888 398939  10.02  11.74  20.09   7.31   0.87    11  41.85  4177  30.02  16965   0.18   0.13
  1111  33889 398941  10.99  10.48  20.12   7.31   0.83    11  41.91  4181  30.05  16983   0.10   0.29
  1111  33891 398943  11.98   9.38  20.06   7.33   0.88    12  41.87  4181  30.06  16987   0.28   0.21
  1111  33892 398944  12.98   8.29  19.99   7.34   0.91    12  41.79  4181  30.05  16985   0.06   0.24
  1112  33893 398950  14.00   6.75  19.88   7.35   0.86    11  41.72  4183  30.07  16994   0.09   0.45
  1112  33891 398954  14.99   5.60  19.86   7.35   0.83    11  41.70  4183  30.07  16994   0.01   0.42
  1113  33891 398956  16.03   4.70  19.83   7.35   0.82    11  41.67  4182  30.06  16991   0.06   0.60
  1113  33889 398957  17.00   3.73  19.79   7.35   0.78    10  41.64  4182  30.06  16993   0.19   0.64
  1113  33888 398958  18.01   2.69  19.76   7.35   0.76    10  41.61  4182  30.06  16992   0.08   0.86
  1114  33886 398958  19.02   1.70  19.75   7.35   0.71     9  41.60  4183  30.07  16994   0.08   0.94
  1115  33882 398961  20.00   0.75  19.65   7.35   0.34     4  41.52  4183  30.07  16998   0.17   2.39
 -1051  35039 397992   1.02   4.89  24.67   8.02   9.35   133  46.02  4183  30.06  16967   4.57   0.61
  1051  35004 398036   2.00   4.11  24.41   8.03   9.06   129  45.79  4182  30.05  16966   4.15   0.72
  1052  34995 398056   3.00   3.03  22.79   7.80   5.87    81  44.27  4178  30.02  16954   2.85   0.96
  1054  34983 398068   4.03   1.71  21.58   7.54   3.41    46  43.13  4172  29.98  16935   1.22   0.60
  1054  34991 398068   4.99   0.88  20.89   7.39   2.00    27  42.50  4171  29.97  16935   1.36   0.48
 -1037  35521 397418   1.00   8.94  24.45   7.92   8.04   114  45.84  4184  30.07  16973   3.68   0.47
  1038  35491 397428   2.00   9.56  24.36   7.94   8.17   116  45.77  4185  30.07  16976   4.31   0.54
  1039  35469 397429   3.03  10.16  23.22   7.83   6.49    90  44.69  4181  30.05  16968   4.48   1.15
  1040  35460 397432   3.99  11.15  21.84   7.54   3.50    48  43.44  4180  30.04  16970   2.65   0.61
  1041  35450 397433   5.01  10.91  21.25   7.38   1.86    25  42.89  4178  30.03  16964   1.48   0.34
  1042  35442 397434   6.02   9.74  20.94   7.31   1.07    14  42.65  4181  30.05  16980   2.20   0.41
  1042  35436 397439   6.99   8.54  20.67   7.30   0.74    10  42.44  4184  30.08  16997   0.36   0.37
  1043  35431 397440   8.00   7.23  20.52   7.32   0.52     7  42.47  4201  30.21  17074   0.17   0.38
  1044  35428 397442   9.04   5.79  20.32   7.36   0.32     4  42.58  4229  30.44  17207   0.11   0.32
  1044  35427 397445   9.96   4.44  19.93   7.41   0.28     4  42.25  4232  30.46  17222   0.07   0.50
  1044  35426 397447  10.99   2.61  19.72   7.42   0.27     4  42.10  4235  30.49  17238   0.12   0.62
  1045  35423 397447  12.01   1.13  18.96   7.42   0.26     3  41.51  4244  30.56  17285   0.12   0.54
 -1025  36228 396879   1.04   5.53  24.79   8.06   9.58   137  46.22  4190  30.12  17000   2.89   0.43
  1026  36199 396902   2.01   4.95  24.70   8.06   9.49   135  46.13  4190  30.11  16999   2.74   0.39
  1027  36181 396911   3.01   5.14  24.37   8.04   8.78   125  45.81  4188  30.10  16992   3.30   0.45
  1028  36165 396932   4.00   3.40  21.83   7.52   2.97    40  43.48  4185  30.08  16996   2.19   0.44
  1030  36154 396943   5.01   3.26  21.00   7.32   1.00    13  42.76  4187  30.10  17006   0.75   0.38
  1031  36147 396949   6.01   3.43  20.89   7.33   0.65     9  42.88  4209  30.28  17110   0.49   0.49
  1031  36140 396950   7.02   2.13  20.74   7.34   0.56     7  42.87  4221  30.37  17166   0.27   0.69
  1032  36137 396954   8.00   1.61  20.51   7.36   0.35     5  42.77  4231  30.45  17215   0.16   0.80
 -1013  36710 395813   0.99   7.78  25.40   8.16  10.70   155  46.87  4198  30.18  17034   3.58   0.45
  1014  36694 395859   2.01   6.74  25.39   8.17  10.80   156  46.87  4199  30.19  17039   3.86   0.51
  1015  36684 395897   3.02   5.64  25.21   8.17  10.60   153  46.71  4200  30.19  17043   4.90   0.65
  1016  36678 395915   4.03   4.38  22.48   7.80   5.37    74  44.14  4192  30.13  17021   2.94   0.83
  1017  36672 395937   5.01   3.35  21.44   7.48   1.96    26  43.34  4205  30.24  17087   1.61   0.55
  1018  36671 395949   6.00   2.40  21.11   7.44   1.37    18  43.25  4225  30.41  17185   0.65   0.36
  1019  36669 395956   7.02   1.21  20.74   7.41   0.59     8  43.14  4247  30.58  17288   0.35   0.41
 -0950  37458 393843   0.98  16.90  25.70   8.30  11.60   169  47.22  4205  30.23  17063   3.62   0.43
  0951  37424 393843   2.03  16.68  25.69   8.25  10.40   152  47.22  4206  30.24  17066   3.19   0.43
  0953  37401 393840   3.01  14.83  25.68   8.22   9.85   143  47.21  4206  30.24  17069   2.35   0.29
  0953  37400 393848   4.00  11.36  22.70   7.93   6.31    87  44.44  4202  30.22  17067   4.92   1.13
  0955  37397 393858   5.02  14.10  21.32   7.46   1.18    16  43.45  4226  30.41  17187   2.19   0.61
  0956  37392 393864   6.00  13.05  21.03   7.44   0.75    10  43.56  4262  30.71  17358   0.31   0.28
  0956  37387 393867   7.09  12.10  20.99   7.45   0.71     9  43.70  4280  30.85  17440   0.11   0.33
  0957  37379 393869   8.04  10.49  20.96   7.43   0.67     9  43.71  4284  30.88  17458   0.13   0.41
  0957  37376 393866   8.99   8.89  20.85   7.43   0.55     7  43.65  4288  30.91  17476   0.09   0.58
  0958  37361 393871  10.00   7.48  20.44   7.43   0.36     5  43.16  4276  30.81  17422   0.08   0.64
  0959  37354 393885  11.00   6.66  20.12   7.45   0.28     4  42.79  4268  30.75  17389   0.07   0.44
  0959  37347 393890  12.01   5.40  19.83   7.48   0.29     4  42.51  4266  30.73  17380   0.11   0.55
  0959  37344 393889  12.97   4.13  19.36   7.52   0.28     4  42.01  4259  30.68  17349   0.09   0.89
  1000  37347 393885  13.98   3.51  19.02   7.55   0.27     4  41.64  4252  30.63  17322  -0.08   0.85
  1000  37356 393870  15.02   3.19  18.80   7.54   0.27     4  41.41  4249  30.60  17306   0.08   0.84
  1000  37364 393864  16.01   3.34  18.41   7.54   0.26     3  41.02  4245  30.57  17290   0.00   0.69
  1001  37371 393859  17.08   2.53  18.27   7.53   0.26     3  40.87  4241  30.54  17276   0.01   0.63
  1001  37376 393857  17.96   1.49  18.23   7.52   0.26     3  40.81  4239  30.52  17265   0.02   0.54
 -0940  38357 394079   1.02   7.10  25.03   8.33  12.10   175  46.63  4208  30.26  17082   4.13   0.54
  0940  38353 394058   1.98   5.89  25.02   8.33  12.10   174  46.62  4208  30.26  17083   4.05   0.51
  0940  38351 394050   3.00   4.60  25.02   8.33  12.10   174  46.62  4208  30.26  17083   4.14   0.47
  0943  38334 394056   4.01   4.35  21.68   7.59   2.83    38  43.76  4225  30.40  17179   2.20   0.59
  0943  38327 394060   5.01   3.63  21.45   7.51   1.82    25  43.57  4226  30.41  17187   1.14   0.46
  0944  38324 394070   5.99   2.94  21.16   7.51   1.44    19  43.82  4277  30.82  17423   0.38   0.24
  0944  38322 394078   7.00   2.01  21.05   7.53   1.39    19  43.99  4303  31.03  17547   0.15   0.23
  0944  38316 394080   8.03   1.03  20.98   7.53   1.39    19  44.01  4311  31.09  17582   0.22   0.27
 -0903  40159 396075   1.00  20.63  24.29   8.18   9.94   141  46.08  4220  30.35  17139   3.23   0.59
  0903  40127 396029   1.98  21.07  24.31   8.19  10.00   143  46.11  4221  30.36  17143   2.90   0.43
  0905  40114 395987   3.01   1.00  23.28   7.89   6.51    91  45.13  4217  30.33  17132   2.14   0.59
  0905  40111 395984   4.01  19.38  24.20   8.12   9.29   132  46.04  4223  30.38  17158   2.11   0.34
  0906  40112 395997   5.01  18.34  21.94   7.77   3.98    54  44.24  4248  30.59  17287   1.10   0.26
  0907  40115 396003   6.02  17.30  21.34   7.71   3.51    47  44.10  4288  30.91  17475   0.52   0.10
  0908  40111 396009   7.00  16.04  21.25   7.69   3.27    44  44.07  4293  30.95  17499   0.41   0.16
  0908  40111 396019   7.93  15.01  21.15   7.68   3.13    42  44.11  4305  31.05  17556   0.21   0.04
  0909  40120 396027   9.03  13.95  21.08   7.67   3.03    41  44.11  4312  31.11  17590   0.18   0.01
  0909  40123 396038  10.00  12.24  21.03   7.68   3.17    43  44.15  4320  31.17  17626   0.05   0.13
  0910  40127 396043  11.02   0.00  21.00   7.68   3.16    43  44.14  4322  31.18  17635   0.05   0.25
  0910  40132 396048  12.04   9.25  20.98   7.68   3.17    43  44.12  4322  31.19  17636   0.46   0.21
  0910  40134 396049  13.02   0.00  20.99   7.68   3.17    43  44.13  4323  31.19  17638   0.25   0.28
  0910  40134 396049  14.03   7.73  20.99   7.68   3.17    43  44.13  4322  31.19  17637   0.02   0.21
  0911  40133 396049  15.03   6.63  20.99   7.67   3.16    43  44.13  4322  31.19  17637   0.00   0.23
  0911  40131 396050  16.00   5.40  20.96   7.69   3.23    43  44.12  4324  31.20  17643   0.03   0.24
  0911  40127 396052  17.04   4.34  20.94   7.70   3.30    44  44.10  4324  31.20  17646   0.03   0.26
  0912  40127 396052  18.00   3.81  20.93   7.70   3.28    44  44.10  4324  31.20  17645   0.02   0.37
  0912  40135 396046  19.05   3.48  20.92   7.69   3.16    42  44.09  4325  31.21  17648   0.08   0.26
  0912  40136 396043  20.01   0.00  20.92   7.69   3.16    42  44.09  4325  31.20  17647   0.04   0.37
  0913  40142 396031  20.95   2.28  20.91   7.68   3.00    40  44.08  4325  31.21  17649   0.10   0.33
  0914  40155 396028  22.05   1.01  20.91   7.67   2.90    39  44.09  4326  31.21  17652   0.07   0.53
 -0849  41780 397180   0.98   8.10  23.86   8.11   9.24   130  45.76  4226  30.41  17172   1.74   0.20
  0850  41772 397222   2.00   6.86  23.86   8.11   9.05   128  45.76  4226  30.41  17172   1.46   0.20
  0850  41782 397227   3.00   5.99  23.85   8.11   8.88   125  45.76  4227  30.41  17175   1.41   0.19
  0851  41788 397236   3.99   4.93  23.77   8.07   8.16   115  45.70  4228  30.42  17183   1.72   0.33
  0852  41797 397244   5.02   3.83  21.64   7.73   3.97    54  44.15  4265  30.73  17368   1.44   0.33
  0853  41806 397246   6.03   3.03  21.49   7.68   3.52    48  44.17  4281  30.85  17442   1.12   0.14
  0853  41810 397248   6.98   2.21  21.31   7.67   3.24    44  44.26  4307  31.06  17561   0.66   0.12
  0854  41818 397246   8.02   1.55  21.20   7.71   3.52    48  44.53  4342  31.34  17727   0.28   0.09
 -0834  42859 397316   0.99  14.76  24.14   8.19  10.00   143  46.12  4235  30.48  17213   2.94   0.57
  0835  42798 397331   2.03   0.00  23.28   8.02   6.65    93  45.19  4223  30.38  17160   4.15   0.71
  0836  42807 397319   3.00  13.51  22.18   7.83   4.83    66  44.48  4250  30.60  17293   2.12   0.44
  0836  42806 397313   4.02  12.39  22.41   7.87   6.01    83  44.88  4269  30.76  17380   2.83   0.39
  0837  42805 397311   5.00  11.15  21.98   7.80   4.73    65  44.56  4276  30.81  17413   1.39   0.15
  0838  42798 397303   6.02   9.74  21.29   7.70   3.39    46  44.36  4317  31.14  17610   0.67   0.02
  0838  42793 397299   6.98   8.64  21.34   7.70   3.52    48  44.49  4326  31.21  17650   0.68   0.16
  0839  42788 397299   8.03   7.43  21.35   7.70   3.55    48  44.58  4333  31.27  17685   0.51   0.06
  0839  42782 397298   9.00   6.24  21.31   7.72   3.61    49  44.65  4343  31.35  17731   0.44   0.16
  0839  42786 397293   9.98   5.15  21.31   7.72   3.63    49  44.69  4348  31.39  17753   0.70   0.25
  0840  42790 397293  11.03   0.00  21.30   7.72   3.66    50  44.71  4350  31.41  17765   0.58   0.31
  0840  42792 397295  12.02   2.98  21.30   7.72   3.66    50  44.72  4351  31.42  17769   0.60   0.36
  0840  42794 397297  12.98   1.96  21.30   7.72   3.66    50  44.72  4352  31.42  17773   0.50   0.34
  0840  42808 397290  13.96   0.75  21.29   7.72   3.69    50  44.73  4353  31.44  17779   0.27   0.29
 -0819  44447 396363   1.02   7.28  23.96   8.11   9.03   128  46.07  4247  30.57  17267   2.16   0.39
  0820  44412 396360   1.99   6.25  23.97   8.10   8.86   125  46.10  4249  30.59  17275   2.27   0.40
  0821  44400 396363   3.02   5.23  23.96   8.02   7.72   109  46.17  4256  30.64  17309   2.75   0.64
  0822  44370 396367   4.00   4.28  23.31   7.93   6.08    85  45.54  4252  30.62  17298   1.94   0.51
  0822  44353 396358   4.99   3.24  21.61   7.84   4.60    63  44.91  4341  31.34  17722   0.88   0.18
  0823  44346 396336   6.04   1.21  21.54   7.76   4.00    54  44.82  4340  31.33  17715   0.32   0.16
 -0807  45350 396468   1.02  10.48  24.20   8.02   8.19   116  46.60  4275  30.80  17396   2.99   0.38
  0807  45314 396433   2.01   9.45  22.55   7.92   6.01    83  44.98  4266  30.73  17365   2.32   0.48
  0808  45312 396420   3.02   8.28  21.87   7.83   4.73    65  44.83  4310  31.09  17576   1.63   0.27
  0808  45312 396408   4.01   6.93  21.87   7.81   4.58    63  45.05  4332  31.27  17678   1.52   0.10
  0809  45315 396413   4.99   6.36  21.88   7.90   5.53    76  45.40  4365  31.53  17830   1.20   0.15
  0810  45316 396419   6.01   5.58  21.84   7.90   5.52    76  45.41  4370  31.57  17852   1.20   0.17
  0810  45316 396423   7.01   4.60  21.76   7.90   5.44    74  45.39  4375  31.61  17878   0.76   0.09
  0810  45314 396425   8.00   3.80  21.75   7.90   5.43    74  45.40  4377  31.62  17886   0.68   0.03
  0811  45308 396431   8.99   2.50  21.46   7.88   5.16    70  45.16  4380  31.65  17902   0.30   0.17
  0811  45305 396432  10.00   1.34  21.45   7.88   5.14    70  45.14  4379  31.65  17900   0.36   0.15
 -0758  46300 396923   1.01   4.69  24.29   7.99   7.82   111  46.72  4277  30.82  17407   1.48   0.31
  0758  46294 396922   2.00   3.69  24.30   7.99   7.83   112  46.72  4277  30.82  17407   1.41   0.33
  0758  46285 396920   3.03   2.74  24.27   7.99   7.76   110  46.72  4280  30.84  17418   1.63   0.36
  0759  46260 396915   3.99   1.74  22.36   7.96   6.12    84  45.65  4346  31.38  17740   1.82   0.17
  0800  46249 396907   5.02   0.75  22.00   7.87   4.94    68  45.71  4384  31.68  17919   0.29  -0.06
 -0740  48162 396506   0.99  14.58  23.91   7.99   7.93   112  46.56  4296  30.97  17498   1.55   0.33
  0740  48153 396510   2.00  13.54  23.90   7.98   7.86   111  46.62  4302  31.02  17525   1.61   0.37
  0741  48151 396513   3.01  12.51  23.03   7.98   7.48   105  46.51  4368  31.55  17836   2.48   0.35
  0742  48143 396516   4.02   7.48  22.74   7.99   7.25   101  46.52  4394  31.77  17964   1.93   0.27
  0742  48138 396515   5.03   6.05  22.65   8.00   7.21   100  46.52  4403  31.84  18004   1.52   0.28
  0743  48129 396515   6.04   9.36  22.53   7.99   7.05    98  46.38  4400  31.81  17990   1.53   0.35
  0743  48116 396520   7.02   7.94  22.33   7.97   6.69    93  46.15  4397  31.79  17978   1.36   0.35
  0743  48110 396520   8.04   6.48  22.32   7.97   6.66    92  46.16  4398  31.80  17984   1.12   0.33
  0744  48098 396519   9.02   4.03  22.24   7.95   6.39    88  46.06  4396  31.78  17975   1.25   0.39
  0745  48094 396517  10.03   2.41  22.16   7.94   6.28    87  45.98  4396  31.78  17974   0.95   0.27
  0746  48087 396514  10.97   0.00  22.13   7.94   6.18    85  45.96  4396  31.78  17973   1.12   0.36
 -0728  49090 395832   0.99   9.47  23.34   7.91   7.12   100  46.92  4379  31.64  17886   1.30   0.64
  0729  49092 395824   1.99   7.69  23.31   7.92   6.97    98  46.92  4382  31.66  17902   1.03   0.76
  0729  49092 395817   3.02   6.29  23.27   7.94   6.93    97  46.90  4384  31.68  17910   0.99   0.87
  0730  49110 395815   4.00   5.32  23.04   7.95   6.87    96  46.80  4394  31.76  17960   0.87   1.06
  0730  49119 395817   4.99   4.56  22.96   7.95   6.87    96  46.77  4398  31.80  17981   0.87   1.15
  0731  49130 395819   6.02   3.90  22.93   7.96   6.86    96  46.74  4398  31.80  17980   0.78   1.12
  0731  49136 395821   7.02   3.13  22.91   7.97   6.84    96  46.74  4401  31.82  17992   0.85   0.91
  0731  49143 395822   8.05   2.39  22.82   7.97   6.93    97  46.70  4405  31.85  18012   0.82   0.84
  0732  49146 395823   9.02   1.70  22.73   7.97   6.85    95  46.64  4407  31.87  18021   0.86   0.83
  0732  49149 395825   9.96   0.89  22.69   7.98   6.98    97  46.65  4412  31.90  18044   0.85   0.56
