# M.S. ARGUS
# 14-11-2001 08:22:47
# ROJECTCODE: E7301X
# STARTPUNT: Zandkreek
# EINDPUNT: Veersegatdam
# OPDRACHTGEVER: ZLXXAXWMDBG
# BEHEERDER: ZLXXAXWMDBG
# BEMONST. INST.: ZLXXAXMVSGN
# TLU          5.8
# LUCHTDK      1028
# WINDSHD      3.5
# WINDRTG      8
# BEWKGD       6
* 20011114
$ -9999 [00000000000000]
> TIJD
> X-COORD
> Y-COORD
>SENSHTE   Diepte set        m
>ECHOS     Echoset           mtrs
>Echo      Echoschip         M
>Temp      Temperatuur       oC                   :8. 1. 11 1.0
>pH        Zuurgraad         dimsls
>O2        Zuurstof          mg/l
>%O2       Zuurstof%         %
>GELBH     Geleidendheid     mS/cm
>SALNTT    Saliniteit        dimsls
>CL-       Chloride          mg/l
>FLME      Flur ME           ugr/l
 -820  51141 396523   1.02   4.76   6.20   9.02   8.03   8.95     91  29.58  27.17  15358   1.01
  821  51175 396556   2.09   3.71   6.10   9.51   8.01   8.77     91  31.35  28.59  16174   0.84
  822  51174 396553   3.05   2.77   6.10   9.48   8.01   8.68     90  31.16  28.42  16077   0.76
  822  51173 396551   3.92   1.92   6.10  10.34   7.98   8.35     89  34.11  30.67  17378   0.60
  822  51171 396546   5.03   0.86   6.20  10.50   7.97   8.24     89  34.60  31.02  17578   0.37
 -828  50550 396258   1.06   0.48   7.30   8.52   8.07   9.21     92  27.60  25.53  14415   1.34
  829  50537 396240   2.02   5.01   7.50   9.16   8.03   8.95     91  29.66  27.15  15345   1.08
  830  50539 396236   3.03   4.06   7.40   9.85   7.99   8.52     90  32.49  29.46  16677   0.71
  830  50539 396234   4.01   3.05   7.30  10.17   7.98   8.35     89  33.62  30.33  17179   0.56
  831  50539 396238   5.09   1.98   7.40  10.48   7.97   8.21     88  34.59  31.03  17586   0.42
  831  50537 396242   6.00   0.94   7.50  10.49   7.97   8.20     88  34.61  31.04  17592   0.43
 -839  49814 395919   1.10   2.10   3.20   7.80   8.14   9.70     93  24.00  22.35  12590   1.84
  840  49781 395920   2.03   1.01   3.30   9.63   8.01   8.62     90  31.75  28.89  16346   0.82
 -914  49147 395846   1.12   1.01  11.50   7.57   8.23  10.14     92  16.78  15.23   8529   3.49
  914  49195 395855   2.03   8.91  11.40   7.61   8.23  10.12     92  16.88  15.31   8575   3.30
  915  49200 395856   3.00   7.91  11.40   7.94   8.22   9.96     92  17.89  16.16   9056   3.31
  915  49202 395854   3.97   6.90  11.40   9.22   8.11   9.03     88  23.03  20.53  11544   2.22
  915  49202 395852   4.97   5.81  11.40   8.58   8.17   9.04     86  19.88  17.80   9988   2.29
  917  49200 395844   6.01   4.58  11.40   9.68   8.02   5.96     60  26.32  23.46  13223   1.16
  917  49200 395845   7.14   3.57  11.40  11.00   7.90   6.26     65  26.96  23.24  13090   1.11
  919  49204 395848   8.08   2.73  11.30  11.37   7.81   4.11     43  29.36  25.26  14253   0.93
  919  49204 395846   9.04   1.84  11.30  11.65   7.79   3.87     41  29.81  25.50  14390   0.86
  921  49201 395844  10.05   0.92  11.30  12.43   7.69   2.65     29  31.03  26.10  14732   0.77
 -929  48066 396560   1.12  15.52  17.20   7.58   8.26  10.35     94  17.00  15.44   8648   3.15
  929  48033 396618   2.03  14.65  17.20   7.59   8.26  10.32     94  17.01  15.45   8656   3.96
  930  48031 396623   3.00  13.73  17.20   7.59   8.27  10.30     94  17.02  15.46   8659   3.90
  930  48030 396632   3.98  12.68  17.10   7.74   8.25  10.15     93  17.32  15.69   8790   3.54
  931  48029 396632   5.00  11.60  17.10  10.33   8.00   8.81     89  24.55  21.36  12015   2.40
  932  48026 396628   6.02  10.62  17.20  11.08   7.83   3.64     38  27.11  23.32  13140   0.93
  933  48020 396614   7.02   9.40  17.20  11.48   7.79   5.25     55  28.47  24.35  13728   0.92
  936  48018 396608   8.07   7.51  17.20  12.23   7.68   0.68      7  30.45  25.71  14506   0.69
  936  48025 396611   9.05   7.51  17.20  12.72   7.64   0.87     10  31.44  26.29  14839   0.63
  938  48041 396618  10.07   6.73  17.20  12.72   7.61   0.12      1  31.82  26.64  15040   0.63
  938  48044 396619  11.07   5.72  17.20  12.61   7.60   0.08      1  32.02  26.90  15192   0.60
  938  48045 396619  12.08   4.71  17.20  12.58   7.60   0.07      1  32.18  27.06  15287   0.60
  939  48045 396618  13.04   3.78  17.20  12.54   7.60   0.05      1  32.22  27.13  15327   0.61
  939  48045 396617  14.00   2.83  17.20  12.55   7.60   0.04      0  32.21  27.12  15317   0.60
  939  48044 396617  15.07   1.76  17.20  12.54   7.60   0.03      0  32.22  27.13  15326   0.61
  939  48044 396616  15.99   0.86  17.20  12.53   7.60   0.03      0  32.26  27.17  15350   0.64
 -950  46274 396941   1.08   1.99  17.20   7.73   8.26  10.07     93  17.15  15.52   8694   3.74
  950  46267 396919   1.89   3.53   5.60   7.84   8.25  10.09     92  17.21  15.53   8700   3.79
  950  46258 396907   3.01   2.02   5.50   8.24   8.24   9.91     92  17.57  15.71   8800   3.36
  951  46255 396898   3.95   1.03   5.50   7.98   8.25   9.87     91  17.35  15.61   8748   3.32
 -957  45374 396446   1.20  10.57  12.50   8.13   8.25  10.05     93  17.15  15.35   8599   4.24
  958  45351 396438   2.06   9.33   2.00   8.05   8.25  10.05     92  17.05  15.28   8561   4.36
  958  45347 396435   3.05   8.17  12.40   8.39   8.24   9.82     91  17.54  15.61   8746   4.11
  959  45343 396435   4.05   7.21  12.40   8.30   8.24   9.73     90  17.44  15.55   8712   3.96
 1000  45337 396435   4.96   6.27  12.20   9.08   8.17   8.30     79  19.44  17.12   9602   2.40
 1001  45342 396436   5.66   5.16  12.30  10.12   8.04   7.69     76  22.48  19.50  10954   2.21
 1002  45349 396437   7.02   4.39  12.60  11.27   7.91   3.82     39  24.76  21.01  11817   1.32
 1003  45350 396437   8.02   3.40  12.50  11.52   7.88   3.72     38  25.15  21.22  11937   1.24
 1004  45348 396436   9.02   2.34  12.30  11.82   7.85   2.90     30  25.82  21.68  12195   1.19
 1006  45339 396434  10.10   1.20  12.30  12.02   7.82   2.57     27  26.20  21.90  12323   1.18
 1006  45334 396432  10.99   1.20  12.10  12.03   7.82   2.47     26  26.21  21.91  12326   1.08
-1012  44422 396364   1.06   5.62   7.00   7.71   8.25  10.14     92  16.96  15.34   8593   4.22
 1013  44409 396370   2.01   4.76   1.90   7.89   8.26   9.92     91  17.07  15.38   8613   4.37
 1014  44406 396370   2.97   3.89   7.10   7.89   8.26  10.07     92  17.07  15.37   8611   4.22
 1014  44405 396369   4.00   2.87   2.00   7.91   8.26  10.06     92  17.09  15.39   8620   4.16
 1015  44404 396368   4.98   1.95   1.90   9.06   8.22   8.63     82  18.53  16.27   9117   3.50
 1016  44403 396367   5.98   1.41   2.10   9.01   8.21   8.48     80  18.78  16.52   9264   2.29
 1017  44402 396367   7.03   0.40   7.20   9.03   8.20   8.40     80  18.90  16.63   9323   2.29
-1025  42856 397306   0.99   0.40  16.30   8.26   8.27   9.84     91  17.14  15.28   8560   4.18
 1026  42812 397310   2.05   0.42   0.00   8.43   8.26   9.62     90  17.65  15.70   8795   4.34
 1026  42812 397311   2.95  13.19   2.20   8.67   8.24   9.24     87  18.12  16.05   8995   3.76
 1027  42812 397310   4.10  12.02  16.10   8.87   8.24   9.10     86  18.17  16.01   8970   3.48
 1028  42814 397309   5.04  11.04  16.20   8.87   8.24   9.06     85  18.26  16.09   9017   3.35
 1028  42816 397307   6.08   9.92   2.10   9.07   8.21   8.87     84  18.47  16.20   9079   2.91
 1029  42820 397303   7.03   8.78   2.00   9.41   8.20   8.33     80  19.11  16.65   9334   2.40
 1030  42815 397304   8.07   7.86  16.10   9.53   8.14   7.38     71  20.23  17.67   9912   1.99
 1031  42803 397301   9.02   6.38  15.60   9.73   8.11   6.68     65  20.74  18.05  10132   1.82
 1032  42813 397306  10.02   5.99   0.00   9.87   8.10   6.39     62  20.92  18.15  10185   1.82
 1033  42820 397313  11.02   4.00  16.20  10.14   8.09   6.18     61  21.23  18.31  10276   1.83
 1034  42823 397320  11.81   0.73  16.20  10.15   8.08   6.04     59  21.28  18.35  10300   1.86
 1036  42806 397304  13.12   2.59  15.50   9.17   8.06   5.67     55  21.75  19.31  10850   1.65
 1036  42805 397304  14.03   1.70  15.50  10.76   8.04   5.22     53  21.94  18.66  10473   1.67
 1037  42804 397302  15.10   0.55  15.40  10.91   8.04   4.99     50  22.04  18.67  10482   1.71
-1043  41809 397190   1.08   7.69   9.50   8.49   8.25   9.84     91  17.44  15.47   8665   4.50
 1043  41812 397204   2.08   6.33   8.70   8.50   8.26   9.80     91  17.50  15.53   8698   4.37
 1043  41813 397210   2.98   5.43   8.70   8.50   8.26   9.80     91  17.52  15.54   8707   4.32
 1044  41816 397216   4.00   4.18   9.10   8.51   8.26   9.82     91  17.54  15.56   8716   4.33
 1045  41816 397217   5.13   3.03   9.00   8.52   8.26   9.80     91  17.55  15.56   8719   4.28
 1045  41813 397218   6.02   0.48   8.70   9.77   8.18   8.64     83  19.38  16.74   9387   2.72
 1046  41809 397217   7.08   1.06   8.60   9.83   8.16   7.68     74  19.83  17.14   9615   2.21
 1048  41803 397217   7.88   0.35   8.70   9.86   8.15   7.02     68  20.02  17.31   9707   2.05
-1100  40100 395998   1.09  20.57  23.60   8.38   8.25   9.90     92  17.45  15.53   8701   4.49
 1100  40105 396012   2.12  19.73  23.60   8.38   8.26   9.87     92  17.45  15.53   8700   4.47
 1101  40103 396018   2.99  18.41  23.20   8.41   8.26   9.88     92  17.50  15.56   8718   4.43
 1102  40097 396023   4.01  15.97  22.70   8.43   8.26   9.89     92  17.56  15.61   8745   4.26
 1102  40090 396023   5.05  11.58  21.60   8.44   8.26   9.87     92  17.58  15.63   8754   4.03
 1103  40095 396019   6.02  11.78  22.80   8.44   8.26   9.97     93  17.59  15.64   8761   3.98
 1104  40096 396011   6.99  13.01  23.20   8.40   8.26   9.83     91  17.57  15.64   8762   4.13
 1105  40094 396003   8.01  12.47  22.90   8.43   8.26   9.83     91  17.59  15.64   8762   4.21
 1106  40090 395993   9.02  10.59  22.20   9.35   8.21   8.57     82  18.84  16.42   9206   2.65
 1108  40114 396010  10.05  12.64  23.90   9.81   8.19   7.86     76  19.33  16.68   9351   2.50
 1108  40117 396010  10.92  11.94  24.00  10.00   8.17   7.20     70  19.65  16.89   9469   2.12
 1109  40113 396009  12.01  10.64  23.90  10.42   8.12   6.44     63  20.30  17.30   9702   2.15
 1112  40111 395996  13.04   8.93  23.90  10.97   7.98   3.68     37  21.42  18.07  10138   1.58
 1113  40109 395984  14.12   7.49  23.60  11.43   7.75   0.29      3  23.54  19.79  11118   1.20
 1114  40111 395984  15.15   6.70  23.70  11.10   7.83   0.29      3  24.82  21.17  11905   1.35
 1114  40117 395987  16.00   6.57  24.00  10.61   7.79   0.09      1  25.79  22.36  12591   1.42
 1115  40119 395988  16.96   5.68  24.10  10.43   7.78   0.07      1  25.95  22.63  12741   1.54
 1115  40121 395989  18.03   4.74  24.00  10.27   7.74   0.05      0  26.06  22.84  12863   1.58
 1115  40122 395990  19.02   3.78  24.00  10.24   7.73   0.04      0  26.11  22.90  12898   1.59
 1115  40123 395991  19.95   2.88  24.00  10.22   7.72   0.04      0  26.12  22.92  12909   1.58
 1116  40126 395991  21.12   1.82  23.90  10.19   7.71   0.02      0  26.13  22.95  12928   1.55
 1116  40126 395991  21.95   0.97  23.90  10.17   7.71   0.02      0  26.14  22.97  12939   1.56
-1129  38300 394012   1.00   6.45   7.90   8.69   8.28   9.90     92  17.54  15.48   8671   4.56
 1130  38296 394004   2.02   0.96   7.80   8.68   8.28   9.89     92  17.54  15.48   8671   4.68
 1130  38299 394003   2.94   4.43   7.70   8.69   8.28   9.88     92  17.53  15.47   8665   4.71
 1131  38312 394005   4.00   3.08   7.40   8.68   8.27   9.89     92  17.54  15.48   8674   4.66
 1131  38315 394005   5.08   1.93   7.30   8.68   8.27   9.89     92  17.54  15.48   8673   4.49
 1132  38322 394005   5.94   0.79   7.10   8.66   8.27   9.81     92  17.55  15.50   8686   4.22
-1138  37448 393822   1.04  17.73  18.60   8.71   8.28  10.01     93  17.50  15.43   8643   5.05
 1138  37404 393864   2.00  17.12  18.70   8.67   8.28  10.03     94  17.47  15.42   8639   5.02
 1139  37394 393861   3.08  15.74  19.40   8.67   8.28   9.93     93  17.47  15.42   8639   4.81
 1140  37381 393862   4.01  12.54  19.70   8.70   8.28   9.94     93  17.51  15.44   8651   4.59
 1140  37379 393856   5.07  10.13  19.50   8.70   8.27   9.87     92  17.58  15.51   8690   4.21
 1141  37386 393851   6.06   9.83  19.50   8.63   8.27   9.73     91  17.55  15.51   8690   4.03
 1141  37388 393845   7.08   8.52  19.30   8.53   8.27   9.73     91  17.51  15.52   8694   4.01
 1142  37389 393835   7.98   5.56  18.60   8.82   8.26   9.58     90  17.70  15.58   8728   3.85
 1142  37385 393826   9.08   1.14  17.10   8.86   8.26   9.48     89  17.75  15.60   8742   3.88
 1144  37399 393856   9.98   8.73  19.50   9.53   8.22   8.75     84  18.59  16.11   9025   2.85
 1144  37399 393860  11.04   7.70  19.40   9.52   8.23   8.53     82  18.75  16.26   9114   2.80
 1145  37393 393857  12.08   5.68  19.60   9.56   8.23   8.43     81  18.79  16.29   9129   2.69
 1145  37392 393855  13.10   4.33  19.60   9.59   8.22   8.45     81  18.84  16.32   9145   2.70
 1146  37395 393857  14.08   4.52  19.50   9.57   8.22   8.12     78  18.84  16.33   9150   2.54
 1147  37406 393865  15.07   3.81  18.70   9.71   8.19   7.56     73  19.04  16.45   9220   2.70
 1149  37415 393848  15.98   2.63  18.90  10.01   8.03   0.07      1  21.07  18.22  10226   2.25
 1150  37414 393846  17.12   1.37  19.00  10.36   7.96   0.06      1  23.08  19.94  11208   1.76
 1150  37413 393843  18.00   0.41  19.10  10.30   7.94   0.04      0  23.28  20.16  11331   1.70
-1200  36727 395929   1.08   0.38   8.90   8.98   8.27   9.71     91  17.83  15.62   8753   4.56
 1200  36717 395953   2.04   0.43   9.50   8.98   8.28   9.72     91  17.83  15.63   8757   4.68
 1201  36713 395959   3.08   5.84   9.60   8.99   8.27   9.71     91  17.85  15.64   8764   4.78
 1201  36708 395961   4.00   4.83   9.70   8.99   8.27   9.57     91  17.85  15.64   8764   4.66
 1202  36704 395961   5.05   4.06   9.10   9.02   8.27   9.62     91  17.88  15.66   8776   4.43
 1202  36702 395961   6.02   2.86   9.00   9.03   8.27   9.60     90  17.90  15.68   8782   4.30
 1203  36700 395960   7.01   1.34   9.10   9.11   8.27   9.50     90  17.98  15.72   8807   3.89
 1203  36698 395959   7.95   0.40   9.10   9.18   8.26   9.44     89  18.03  15.73   8814   3.83
-1208  36174 396802   1.18   4.29   6.30   8.97   8.25   9.65     90  17.29  15.11   8464   5.22
 1209  36125 396852   2.13   3.68   6.50   9.08   8.27   9.59     90  17.87  15.62   8753   4.70
 1209  36123 396868   2.97   2.93   6.60   9.08   8.27   9.58     90  17.93  15.68   8783   4.38
 1209  36124 396878   4.03   1.57   7.10   9.08   8.27   9.55     90  17.94  15.69   8792   4.45
 1210  36124 396883   5.02   0.63   7.50   9.33   8.23   9.51     90  18.25  15.88   8896   4.20
 1211  36131 396906   6.11   0.68   7.30   9.26   8.23   9.28     88  18.12  15.78   8840   4.23
-1216  35516 397402   1.16   9.50  11.50   9.02   8.28   9.72     92  17.83  15.61   8748   4.73
 1216  35473 397401   2.02   9.55  12.10   9.02   8.28   9.73     92  17.83  15.61   8747   4.67
 1217  35455 397411   3.03   5.87  12.40   9.02   8.28   9.76     92  17.81  15.60   8738   4.59
 1217  35453 397416   4.02   4.87  12.60   9.02   8.28   9.73     92  17.82  15.60   8739   4.63
 1218  35456 397422   5.07   6.28  13.30   9.02   8.28   9.71     91  17.83  15.61   8744   4.58
 1218  35460 397429   6.06   7.76  12.60   8.94   8.28   9.73     91  17.84  15.65   8770   4.45
 1219  35451 397424   7.02   4.91   0.00   8.93   8.28   9.71     91  17.85  15.67   8777   4.17
 1219  35431 397411   5.34   0.63  11.30   8.99   8.28   9.64     91  17.89  15.68   8784   3.37
 1220  35446 397436   9.02   6.45  13.60   8.98   8.28   9.63     91  17.88  15.67   8781   4.22
 1221  35449 397445  10.00   5.51  11.70   9.04   8.27   9.53     90  17.93  15.70   8794   4.08
 1221  35444 397447  11.06   4.27  11.90   9.30   8.24   9.25     88  18.17  15.82   8861   4.02
 1223  35452 397443  12.08   3.56  11.60   9.97   8.18   7.84     76  18.77  16.08   9010   3.42
 1224  35456 397439  13.09   2.51  11.40  10.06   8.18   7.42     72  18.86  16.12   9035   3.09
 1224  35455 397438  14.00   1.73  11.60  10.06   8.18   7.40     72  18.86  16.12   9036   3.03
 1224  35454 397437  15.04   0.59  11.80  10.07   8.18   7.40     72  18.87  16.13   9038   3.09
-1245  35023 398012   1.09   3.99   5.50   9.02   8.29   9.75     92  17.88  15.66   8773   4.77
 1246  35023 398037   1.96   3.17   5.30   9.04   8.29   9.75     92  17.89  15.67   8777   4.70
 1246  35021 398046   3.03   2.19   4.90   9.04   8.29   9.72     92  17.90  15.67   8780   4.54
 1247  35015 398052   3.98   0.97   5.00   9.05   8.28   9.72     92  17.91  15.68   8782   4.53
-1254  33915 398877   0.94   0.69  22.90   9.03   8.29   9.83     93  17.86  15.64   8761   4.38
 1254  33889 398899   2.09  17.13   0.00   9.02   8.29   9.83     93  17.86  15.64   8761   4.50
 1255  33885 398898   2.99  13.58   2.00   9.02   8.29   9.85     93  17.86  15.64   8761   4.63
 1255  33876 398893   4.08   5.84  21.50   9.02   8.29   9.86     93  17.85  15.64   8760   4.37
 1256  33870 398888   4.87   1.17  17.50   9.02   8.29   9.88     93  17.86  15.64   8762   4.33
 1257  33885 398902   6.01  12.48  23.70   9.02   8.29   9.89     93  17.86  15.64   8762   4.22
 1257  33888 398904   6.98  13.87  23.50   9.02   8.29   9.88     93  17.86  15.64   8762   4.28
 1257  33894 398907   7.98  14.99  22.80   9.01   8.29   9.83     93  17.85  15.64   8761   4.29
 1258  33901 398908   9.08  14.17  22.10   9.01   8.29   9.82     92  17.86  15.64   8762   4.22
 1259  33904 398906  10.03  13.12  21.70   9.01   8.29   9.84     93  17.86  15.64   8763   4.28
 1259  33907 398903  11.05  11.82  21.60   9.02   8.29   9.83     93  17.86  15.64   8763   4.20
 1260  33908 398899  12.04  11.10  22.10   9.01   8.29   9.78     92  17.86  15.64   8764   4.32
 1300  33908 398896  13.00  10.21  22.40   9.01   8.28   9.77     92  17.86  15.65   8767   4.04
 1300  33909 398891  14.03   9.22  22.30   9.01   8.29   9.77     92  17.86  15.64   8764   4.15
 1301  33908 398891  15.10   8.11  22.30   9.01   8.29   9.77     92  17.86  15.65   8767   4.20
 1301  33907 398890  16.09   7.04  22.60   9.01   8.28   9.73     92  17.87  15.65   8768   3.88
 1302  33904 398893  17.09   5.73  22.70   9.02   8.28   9.68     91  17.87  15.65   8770   3.91
 1302  33902 398894  18.11   4.20  22.60   9.02   8.28   9.66     91  17.87  15.65   8770   4.02
 1302  33901 398896  19.00   3.32  22.40   9.02   8.28   9.65     91  17.87  15.65   8769   4.07
 1303  33901 398899  20.17   2.51  22.30   9.01   8.28   9.65     91  17.87  15.66   8771   3.73
 1303  33901 398903  21.02   1.87  22.10   9.01   8.28   9.64     91  17.87  15.66   8772   4.19
 1303  33901 398907  22.03   0.91  22.00   9.01   8.28   9.65     91  17.87  15.66   8772   4.09
-1311  33169 400164   1.08  12.15  14.50   9.10   8.29   9.88     93  17.90  15.64   8761   4.20
 1312  33148 400249   2.08  10.59  14.20   9.10   8.29   9.89     93  17.90  15.64   8761   4.56
 1312  33142 400251   3.04   9.32   2.50   9.10   8.29   9.90     93  17.90  15.64   8763   4.50
 1312  33138 400252   4.02   7.94   2.90   9.10   8.29   9.89     93  17.90  15.64   8762   4.40
 1313  33139 400258   5.07   6.81   0.00   9.10   8.29   9.89     93  17.90  15.64   8764   4.30
 1313  33139 400259   6.04   5.75  13.30   9.10   8.29   9.86     93  17.90  15.64   8764   4.35
 1313  33141 400259   7.03   4.91   2.00   9.10   8.29   9.86     93  17.90  15.64   8764   4.25
 1314  33143 400254   8.02   4.12  13.80   9.12   8.29   9.86     93  17.91  15.64   8765   4.26
 1314  33144 400253   9.02   3.16  13.70   9.12   8.29   9.86     93  17.91  15.65   8767   4.33
 1315  33144 400249  10.12   2.02  13.90   9.11   8.29   9.90     93  17.90  15.64   8764   4.21
 1315  33144 400246  11.07   1.10  14.00   9.10   8.29   9.88     93  17.90  15.64   8764   4.29
 1315  33144 400241  11.61   0.63  14.10   9.10   8.29   9.86     93  17.90  15.64   8763   4.19
-1319  33201 400571   1.10   0.44  18.10   9.26   8.29   9.83     93  18.01  15.67   8780   4.51
 1320  33205 400577   1.87  11.94  17.90   9.26   8.29   9.82     93  18.00  15.67   8778   4.44
 1320  33207 400579   3.09   9.86  17.80   9.26   8.29   9.80     93  18.00  15.67   8780   4.46
 1320  33209 400581   4.01  10.86  17.50   9.24   8.29   9.79     93  18.00  15.68   8782   4.25
 1321  33211 400581   4.99  11.28  17.40   9.25   8.29   9.79     93  18.00  15.67   8779   4.24
 1321  33211 400577   6.06   9.56   0.00   9.25   8.29   9.78     93  18.00  15.67   8779   4.27
 1322  33203 400570   7.07   4.75  18.00   9.24   8.29   9.76     92  17.99  15.67   8779   4.16
 1322  33200 400564   8.03   5.73  17.90   9.24   8.29   9.81     93  17.99  15.67   8779   4.18
 1323  33202 400556   9.06   9.36  17.10   9.25   8.29   9.81     93  18.00  15.67   8780   4.15
 1323  33202 400552  10.06   8.64  17.00   9.25   8.29   9.81     93  18.00  15.67   8780   4.19
 1323  33201 400547  11.10   7.72  17.00   9.25   8.29   9.80     93  18.00  15.67   8781   4.12
 1323  33200 400543  12.02   6.85  16.70   9.25   8.29   9.84     93  18.00  15.67   8781   4.04
 1324  33203 400537  13.10   4.41  16.10   9.24   8.29   9.81     93  18.00  15.67   8781   4.31
 1324  33205 400536  14.07   3.11  16.00   9.24   8.29   9.75     92  18.00  15.67   8780   3.97
 1324  33205 400534  15.05   1.70  16.00   9.24   8.29   9.76     92  18.00  15.68   8782   3.98
 1325  33205 400531  15.93   0.40  16.10   9.24   8.29   9.75     92  18.00  15.67   8781   4.00
