# MEETVAARTUIG :
# MEETDATUM    : 2013-07-22 00:00:00
# MEETGEBIED   : VEERSE MEER
# STARTPUNT    : Veersemeer
# EINDPUNT     : Veersemeer
# PROJECTCODE  : E7301R
# OPDRACHTGEVER: RIKZMON_CHEMIE
# BEHEERDER    : RIKZITSDHG
# BEMONST. INST:
# WAARNEMER(S) : Kevin de Vlaam
#
* 20130722
$ 9999 [0000000000000]
>TIJD      uumm                    
>X         coordinaat              
>Y         coordinaat              
>SENSHTE   Diepte set        m     
>ECHOS     Echoset           mtrs  
>Echo      Echoschip         M     
>Temp      Temperatuur       oC       :  10.  1.0  11  1
>pH        Zuurgraad         dimsls
>O2        Zuurstof          mg/l  
>%O2       Zuurstof%         %     
>GELBH     Geleidendheid     mS/cm 
>SALNTT    Saliniteit        dimsl 
>CL-       Chloride          mg/l     :12000.  500.  13 500
 -2359  33200 400550   1.00   9999   9999   9999   9999   9999  9999   9999   9999   9999
  2359  33200 400550  17.00   9999   9999   9999   9999   9999  9999   9999   9999   9999
 -2359  33140 400240   1.00   9999   9999   9999   9999   9999  9999   9999   9999   9999
  2359  33140 400240  13.00   9999   9999   9999   9999   9999  9999   9999   9999   9999
 -2359  33887 398893   1.00   9999   9999   9999   9999   9999  9999   9999   9999   9999
  2359  33887 398893  22.00   9999   9999   9999   9999   9999  9999   9999   9999   9999
 -2359  35010 398040   1.00   9999   9999   9999   9999   9999  9999   9999   9999   9999
  2359  35010 398040   5.00   9999   9999   9999   9999   9999  9999   9999   9999   9999
 -2359  35445 397423   1.00   9999   9999   9999   9999   9999  9999   9999   9999   9999
  2359  35445 397423  15.00   9999   9999   9999   9999   9999  9999   9999   9999   9999
 -2359  36140 396880   1.00   9999   9999   9999   9999   9999  9999   9999   9999   9999
  2359  36140 396880   6.00   9999   9999   9999   9999   9999  9999   9999   9999   9999
 -2359  36700 395940   1.00   9999   9999   9999   9999   9999  9999   9999   9999   9999
  2359  36700 395940   8.00   9999   9999   9999   9999   9999  9999   9999   9999   9999
 -2359  37397 393849   1.00   9999   9999   9999   9999   9999  9999   9999   9999   9999
  2359  37397 393849  18.00   9999   9999   9999   9999   9999  9999   9999   9999   9999
 -2359  38320 394000   1.00   9999   9999   9999   9999   9999  9999   9999   9999   9999
  2359  38320 394000   6.00   9999   9999   9999   9999   9999  9999   9999   9999   9999
 -1457  40091 395961   1.03  19.60   9999  23.68   8.31  10.23   141  41.99  27.74  15636
  1457  40107 395973   2.02  19.80   9999  22.58   8.16   9.71   131  41.11  27.78  15661
  1459  40121 395998   3.01  19.85   9999  21.68   7.99   5.42    72  40.53  27.91  15743
  1500  40126 396000   4.02  19.10   9999  21.28   7.91   4.76    63  40.55  28.19  15903
  1501  40128 395997   5.07  18.25   9999  20.56   7.85   4.19    55  41.21  29.18  16482
  1501  40091 395961   6.01  17.10   9999  20.47   7.85   3.94    52  41.30  29.32  16559
  1502  40132 395996   7.00  16.30   9999  20.27   7.85   4.00    52  41.15  29.34  16571
  1502  40132 395989   8.05  51.20   9999  19.76   7.84   3.93    51  40.75  29.37  16593
  1503  40131 395987   9.09  14.25   9999  19.08   7.83   3.92    50  40.06  29.29  16549
  1503  40131 395985   9.92  51.20   9999  18.80   7.82   3.86    49  39.74  29.23  16514
  1504  40132 395984  10.99  51.20   9999  18.57   7.80   3.45    44  39.51  29.20  16499
  1504  40132 395984  12.10  51.20   9999  18.53   7.80   3.45    44  39.46  29.19  16492
  1505  40129 395984  13.03  51.20   9999  18.37   7.78   3.14    40  39.29  29.16  16477
  1505  40129 395985  14.03   9.35   9999  18.42   7.78   3.14    40  39.35  29.18  16485
  1506  40130 395992  14.92  51.20   9999  18.19   7.77   2.93    37  39.16  29.18  16490
  1507  40127 395991  15.90   7.55   9999  17.27   7.74   2.20    27  38.53  29.31  16569
  1508  40123 395991  16.93  49.55   9999  16.67   7.70   1.25    15  37.73  29.07  16429
  1509  40122 395994  17.96   5.65   9999  16.61   7.70   0.93    11  37.66  29.05  16420
  1509  40123 395997  18.98   4.70   9999  16.57   7.70   0.93    11  37.61  29.04  16412
  1510  40122 395994  20.05   3.65   9999  16.19   7.70   0.61     7  37.29  29.04  16414
  1510  40124 395996  21.03   2.45   9999  15.99   7.70   0.62     7  37.10  29.02  16403
  1510  40124 395994  22.02   1.50   9999  15.87   7.71   0.39     5  37.00  29.02  16404
  1511  40124 395993  22.91  49.35   9999  15.76   7.71   0.38     4  36.89  29.00  16396
 -2359  41810 397220   1.00   9999   9999   9999   9999   9999  9999   9999   9999   9999
  2359  41810 397220   8.00   9999   9999   9999   9999   9999  9999   9999   9999   9999
 -2359  42820 397321   1.00   9999   9999   9999   9999   9999  9999   9999   9999   9999
  2359  42820 397321  15.00   9999   9999   9999   9999   9999  9999   9999   9999   9999
 -2359  44400 396350   1.00   9999   9999   9999   9999   9999  9999   9999   9999   9999
  2359  44400 396350   7.00   9999   9999   9999   9999   9999  9999   9999   9999   9999
 -2359  45349 396431   1.00   9999   9999   9999   9999   9999  9999   9999   9999   9999
  2359  45349 396431  10.00   9999   9999   9999   9999   9999  9999   9999   9999   9999
 -2359  46250 396900   1.00   9999   9999   9999   9999   9999  9999   9999   9999   9999
  2359  46250 396900   4.00   9999   9999   9999   9999   9999  9999   9999   9999   9999
 -2359  48050 396610   1.00   9999   9999   9999   9999   9999  9999   9999   9999   9999
  2359  48050 396610  15.00   9999   9999   9999   9999   9999  9999   9999   9999   9999
 -2359  49200 395850   1.00   9999   9999   9999   9999   9999  9999   9999   9999   9999
  2359  49200 395850  11.00   9999   9999   9999   9999   9999  9999   9999   9999   9999
 -2359  49755 395917   1.00   9999   9999   9999   9999   9999  9999   9999   9999   9999
  2359  49755 395917   5.00   9999   9999   9999   9999   9999  9999   9999   9999   9999
 -2359  50514 396244   1.00   9999   9999   9999   9999   9999  9999   9999   9999   9999
  2359  50514 396244   9.00   9999   9999   9999   9999   9999  9999   9999   9999   9999
 -2359  51079 396554   1.00   9999   9999   9999   9999   9999  9999   9999   9999   9999
  2359  51079 396554   8.00   9999   9999   9999   9999   9999  9999   9999   9999   9999
