# code EchoSh    is (nog ? ) niet bekend
# MEETVAARTUIG : M.C. ECOS2
# MEETDATUM    : 11-11-2002 09:08:18
# MEETGEBIED   : VEERSE MEER
# STARTPUNT    : VEERSEGATDAM
# EINDPUNT     : ZANDKREEK
# PROJECTCODE  : E7301X
# OPDRACHTGEVER: ZLXXAXWMDBG
# BEHEERDER    : ZLXXAXWMDBG
# BEMONST. INST:
# WAARNEMER(S) : HENK KORSTANJE
#
* 20021111
$ 9999 [0000000000000]
>TIJD      uumm                    
>X         coordinaat              
>Y         coordinaat              
>SENSHTE   Diepte set        m     
>Echms     Echoset           mtrs  
>EchoSh    nog niet gedefinieerd   
>Temp      Temperatuur       oC                   :7. 1. 11 1.0
>pH        Zuurgraad         dimsls
>O2        Zuurstof          mg/l  
>%O2       Zuurstof%         %     
>GELBH     Geleidendheid     mS/cm 
>SALNTT    Saliniteit        dimsl 
>CL-       Chloride          mg/l  
 -0908  33209 400553   1.08  16.27 183.00   9.91   8.13   9.30    93  19.79  17.06   9568
  0909  33205 400557   2.15  14.35 180.00  10.03   8.15   9.25    93  20.08  17.28   9693
  0909  33204 400558   3.16  13.04 181.00  10.05   8.15   9.23    93  20.14  17.32   9717
  0909  33205 400555   4.14  22.53 183.00  10.07   8.15   9.20    92  20.16  17.33   9722
  0910  33206 400551   5.13  10.94 183.00  10.09   8.15   9.17    92  20.21  17.37   9744
  0910  33209 400546   6.19  12.32 183.00  10.10   8.16   9.10    92  20.25  17.41   9763
  0911  33206 400549   7.15  10.47 182.00  10.10   8.16   9.11    92  20.25  17.41   9765
  0911  33205 400552   8.19   7.77 181.00  10.09   8.16   9.11    91  20.25  17.42   9769
  0911  33206 400554   9.14   7.23 180.00  10.09   8.16   9.11    91  20.26  17.42   9771
  0912  33204 400556   9.96   6.19 180.00  10.09   8.16   9.08    91  20.26  17.42   9771
  0912  33196 400551  11.27    .81 182.00  10.09   8.16   9.09    91  20.26  17.42   9774
  0913  33195 400549  11.74   1.09 181.00  10.09   8.15   9.08    91  20.26  17.42   9773
  0914  33202 400549  12.95   1.99 181.00  10.09   8.16   9.04    91  20.26  17.42   9772
  0916  33206 400553  14.19   2.39 178.00  10.09   8.16   9.11    92  20.26  17.42   9771
  0916  33203 400552  15.03    .53 181.00  10.09   8.16   9.10    91  20.26  17.42   9773
 -0922  33129 400242   1.11  11.31 108.00   9.84   8.13   9.36    93  19.62  16.94   9497
  0923  33134 400245   2.21  10.54 113.00   9.87   8.14   9.35    93  19.73  17.03   9548
  0924  33136 400246   3.15   9.62 114.00   9.90   8.14   9.33    93  19.77  17.05   9559
  0924  33135 400242   4.19   8.41 113.00  10.06   8.15   9.13    93  20.19  17.36   9740
  0925  33134 400239   5.04   7.57 113.00  10.04   8.15   9.20    92  20.14  17.33   9718
  0925  33140 400239   6.19   6.71 118.00  10.07   8.15   9.17    92  20.21  17.38   9747
  0926  33145 400241   7.21   5.77 122.00  10.08   8.15   9.17    92  20.22  17.39   9752
  0926  33146 400243   8.18   4.71 123.00  10.08   8.16   9.14    92  20.23  17.40   9758
  0927  33146 400243   8.95   3.87 124.00  10.08   8.16   9.13    92  20.24  17.40   9761
  0927  33145 400245   9.91   2.84 125.00  10.09   8.16   9.12    92  20.24  17.41   9763
  0927  33141 400247  11.24  70.89 127.00  10.09   8.16   9.09    91  20.26  17.42   9770
 -1010  33911 398901   1.11  19.89 199.00   9.93   8.14   9.35    93  19.75  17.02   9542
  1011  33916 398903   2.15  18.70 198.00   9.98   8.14   9.31    93  19.86  17.10   9589
  1011  33919 398905   3.02  17.56 195.00   9.97   8.14   9.26    93  19.88  17.12   9599
  1012  33920 398902   4.20  17.08 196.00  10.02   8.15   9.23    92  19.94  17.15   9619
  1012  33918 398898   5.17  16.47 202.00  10.05   8.15   9.22    92  20.03  17.22   9660
  1013  33916 398896   6.16  15.30 203.00  10.06   8.15   9.18    92  20.07  17.26   9678
  1013  33917 398894   7.14  14.19 204.00  10.07   8.15   9.16    92  20.08  17.26   9682
  1013  33919 398898   8.09  12.73 205.00  10.09   8.15   9.13    92  20.14  17.31   9706
  1014  33922 398902   9.26  11.11 205.00  10.09   8.15   9.11    91  20.16  17.32   9716
  1014  33920 398903  10.30  10.03 207.00  10.11   8.15   9.10    91  20.21  17.36   9737
  1014  33920 398902  11.16   9.23 205.00  10.12   8.15   9.08    91  20.23  17.38   9746
  1015  33919 398904  12.23   7.92 203.00  10.13   8.15   9.05    91  20.25  17.39   9754
  1015  33915 398903  13.19   7.18 205.00  10.13   8.15   9.04    91  20.25  17.39   9755
  1016  33911 398899  14.13   6.49 206.00  10.13   8.15   9.01    91  20.26  17.40   9759
  1016  33910 398899  15.09   5.41 205.00  10.13   8.15   9.02    91  20.26  17.40   9758
  1017  33914 398900  16.22   4.54 204.00  10.14   8.15   9.00    90  20.26  17.40   9760
  1017  33915 398899  17.12   3.64 204.00  10.14   8.15   9.00    90  20.26  17.40   9760
  1017  33919 398900  18.20   2.30 202.00  10.14   8.16   8.99    90  20.27  17.40   9762
  1018  33920 398899  18.94   1.13 200.00  10.14   8.15   8.99    90  20.27  17.41   9764
 -1058  35011 398047   1.04   4.25  54.00   9.82   8.14   9.54    95  19.55  16.88   9466
  1059  35015 398042   2.02   3.17  53.00   9.83   8.14   9.53    95  19.57  16.90   9474
  1100  35008 398040   3.06   2.21  54.00  10.12   8.15   9.41    95  20.12  17.28   9690
  1100  35012 398042   4.04   1.12  53.00   9.89   8.15   9.41    94  19.67  16.96   9511
 -1107  35432 397443    .93  10.53 149.00   9.96   8.14   9.40    94  19.76  17.01   9538
  1107  35442 397439   2.14   9.08 143.00   9.95   8.15   9.42    94  19.71  16.97   9516
  1108  35443 397443   3.16  76.46 127.00  10.00   8.15   9.43    94  19.86  17.08   9580
  1109  35435 397442   4.11   7.28 118.00  10.11   8.14   9.24    93  20.09  17.25   9675
  1110  35438 397442   5.23   5.91 116.00  10.14   8.15   9.19    92  20.24  17.38   9747
  1110  35441 397445   6.13   4.71 114.00  10.13   8.16   9.15    92  20.27  17.41   9765
  1110  35443 397443   7.08   3.81 105.00  10.13   8.16   9.13    92  20.28  17.42   9773
  1111  35443 397441   8.04   3.03 104.00  10.14   8.16   9.12    92  20.30  17.43   9780
  1111  35441 397438   9.33   2.53 109.00  10.29   8.13   8.99    91  20.63  17.67   9914
  1112  35443 397442  10.14  70.02 115.00  10.45   8.09   7.86    80  21.04  17.98  10086
 -1119  36134 396900   1.10   6.65  72.00  10.07   8.11   9.29    93  19.46  16.68   9353
  1119  36125 396897   2.11   5.54  73.00  10.06   8.12   9.28    93  19.59  16.81   9422
  1119  36128 396898   3.21   4.41  73.00  10.06   8.13   9.27    93  19.58  16.79   9415
  1119  36130 396898   4.11   3.39  73.00  10.13   8.14   9.22    92  19.91  17.08   9576
  1120  36133 396899   5.17  70.02  72.00  10.14   8.14   9.11    91  20.13  17.28   9689
  1120  36129 396898   6.15  63.16  73.00  10.15   8.14   9.08    91  20.15  17.29   9697
 -1127  36693 395978   1.15   7.90  93.00  10.15   8.13   9.43    95  19.92  17.07   9571
  1128  36697 395970   2.12   6.90  95.00  10.15   8.14   9.24    93  19.96  17.11   9595
  1129  36696 395967   3.10   5.92  97.00  10.15   8.14   9.24    93  19.96  17.11   9596
  1129  36695 395969   4.19   4.55  94.00  10.15   8.15   9.22    93  20.06  17.20   9648
  1130  36693 395970   5.19   3.40  91.00  10.15   8.15   9.18    92  20.10  17.24   9670
  1130  36691 395970   6.08   2.44  90.00  10.15   8.15   9.15    92  20.18  17.31   9708
  1131  36691 395974   7.14   1.45  90.00  10.17   8.15   9.01    91  20.24  17.36   9736
 -1146  37390 393870   1.13  18.14  37.00  10.11   8.15   9.45    95  19.84  17.02   9544
  1146  37398 393863   2.03  17.22 185.00  10.09   8.15   9.44    94  19.85  17.03   9550
  1146  37392 393869   3.15  16.01 186.00  10.08   8.15   9.39    94  19.87  17.06   9564
  1147  37396 393869   4.15  14.77 185.00  10.11   8.14   9.29    93  19.91  17.09   9581
  1148  37400 393870   5.14  13.43 177.00  10.19   8.15   9.16    92  20.03  17.15   9620
  1149  37401 393869   6.21  12.29 169.00  10.23   8.15   9.10    91  20.07  17.18   9632
  1149  37400 393872   7.15  11.00 163.00  10.25   8.15   9.03    91  20.11  17.20   9649
  1150  37394 393872   8.17  10.23 163.00  10.26   8.15   8.94    90  20.12  17.21   9653
  1150  37395 393877   8.98   8.90 160.00  10.26   8.15   8.88    89  20.14  17.22   9659
  1152  37395 393866  10.17   8.47 173.00  10.26   8.15   8.85    89  20.14  17.23   9662
  1152  37396 393866  10.99   7.86 173.00  10.26   8.15   8.83    89  20.15  17.23   9664
  1152  37396 393866  12.16   6.50 172.00  10.26   8.15   8.82    89  20.15  17.23   9665
  1153  37399 393865  13.24  69.53 172.00  10.27   8.15   8.82    89  20.17  17.25   9672
  1153  37399 393863  14.09   4.31 174.00  10.27   8.15   8.80    89  20.18  17.26   9679
  1154  37401 393863  15.24   2.91 172.00  10.28   8.14   8.78    88  20.21  17.29   9694
  1154  37400 393867  16.11  69.22 170.00  10.28   8.15   8.75    88  20.23  17.30   9704
 -1200  38254 394001   1.11   6.87  85.00  10.10   8.14   9.45    95  19.70  16.89   9472
  1201  38257 394000   2.09   6.01  85.00  10.11   8.14   9.43    94  19.76  16.94   9497
  1201  38262 394000   3.10   5.19  85.00  10.13   8.14   9.38    94  19.78  16.96   9508
  1201  38271 394001   4.27   4.05  84.00  10.14   8.15   9.31    93  19.80  16.97   9516
  1202  38269 394002   5.04   3.22  84.00  10.14   8.15   9.31    93  19.79  16.95   9505
  1202  38262 394002   6.18   2.35  85.00  10.14   8.15   9.27    93  19.80  16.97   9515
  1204  38254 394004   7.13   1.02  84.00  10.26   8.15   8.83    89  20.10  17.19   9642
 -1238  40117 395986   1.10  22.90 244.00   9.99   8.12   9.47    94  18.98  16.27   9120
  1238  40123 395989   2.14  21.99 243.00  10.10   8.13   9.36    93  19.39  16.60   9308
  1239  40127 395992   3.14  21.01 242.00  10.14   8.13   9.24    92  19.55  16.73   9377
  1240  40121 395991   4.17  19.66 243.00  10.21   8.13   9.11    91  19.74  16.88   9464
  1240  40121 395992   5.19  18.61 243.00  10.23   8.14   9.02    91  19.87  16.99   9525
  1240  40123 395995   6.06  17.53 243.00  10.24   8.14   8.96    90  19.92  17.03   9548
  1241  40125 395998   7.19  16.27 242.00  10.26   8.15   8.90    90  20.03  17.13   9604
  1241  40121 395996   8.14  15.03 243.00  10.26   8.15   8.92    90  20.04  17.14   9609
  1242  40121 395997   9.20  13.92 243.00  10.27   8.15   8.93    90  20.13  17.21   9651
  1242  40126 395996  10.16  13.32 242.00  10.28   8.15   8.90    90  20.17  17.25   9672
  1243  40126 395996  11.17  12.27 242.00  10.28   8.15   8.90    90  20.19  17.26   9681
  1243  40118 395990  12.11  11.21 243.00  10.30   8.16   8.89    90  20.21  17.28   9690
  1244  40116 395989  13.15  10.13 244.00  10.30   8.15   8.84    89  20.22  17.28   9694
  1245  40123 395994  14.17   9.05 243.00  10.33   8.14   8.63    87  20.32  17.36   9737
  1245  40120 395995  15.13   7.89 243.00  10.34   8.13   8.57    87  20.35  17.38   9747
  1247  40127 395986  16.15   7.54 242.00  10.49   8.08   6.96    70  20.73  17.66   9909
  1248  40142 395999  17.21   6.23 239.00  10.52   8.07   6.82    69  20.80  17.72   9939
  1248  40137 395998  18.03   5.48 241.00  10.58   8.05   6.77    69  20.90  17.78   9976
  1249  40107 395997  19.00   3.32 238.00  10.58   8.05   6.37    65  20.95  17.82  10000
  1251  40128 395990  20.11   3.15 242.00  10.66   8.02   5.62    57  21.14  17.97  10081
  1253  40110 395989  21.29   1.50 243.00  10.72   7.98   4.68    48  21.34  18.12  10171
 -1315  41867 397159   1.09   7.78    .00   9.81   8.12   9.82    97  18.32  15.73   8815
  1315  41868 397158   2.13   6.38    .00   9.82   8.12   9.82    97  18.38  15.79   8844
  1315  41870 397160   3.22   5.02  86.00   9.86   8.12   9.76    96  18.61  15.98   8951
  1316  41869 397163   4.07   3.95  87.00   9.87   8.12   9.43    93  18.65  16.01   8974
  1318  41880 397157   5.09   3.63  76.00  10.05   8.13   8.99    89  19.09  16.35   9161
  1319  41869 397159   6.06  70.70  84.00  10.06   8.12   9.11    91  19.27  16.51   9252
  1319  41867 397160   6.95  69.23  85.00  10.10   8.13   9.11    91  19.30  16.52   9260
 -1325  42843 397315   1.10   8.04 101.00   9.77   8.10   9.99    98  17.74  15.20   8514
  1325  42843 397319   2.01   6.48    .00   9.77   8.11   9.99    98  17.86  15.32   8580
  1326  42850 397320   3.17   5.08 102.00   9.76   8.12   9.93    98  18.20  15.64   8763
  1328  42840 397310   4.10  78.67 127.00   9.98   8.12   8.98    89  19.19  16.46   9228
  1329  42830 397312   5.19   4.49 125.00  10.03   8.12   9.14    91  19.01  16.28   9124
  1329  42841 397314   6.19  70.65 100.00  10.08   8.12   9.07    90  19.27  16.50   9248
  1331  42851 397316   7.23  69.24 117.00  10.29   8.12   8.73    88  19.91  16.99   9529
 -1340  44435 396328   1.06   5.92  76.00   9.66   8.08   9.95    97  17.39  14.93   8358
  1341  44443 396328   1.91   5.11    .00   9.66   8.07  10.00    98  17.41  14.94   8367
  1341  44444 396328   3.17   3.76    .00   9.67   8.08   9.99    98  17.43  14.96   8373
  1342  44432 396332   4.22  70.72  77.00  10.03   8.08   8.92    89  19.11  16.37   9173
  1343  44432 396336   5.07  69.92    .00  10.21   8.08   8.80    88  19.62  16.76   9398
  1346  44437 396323   6.10  70.65    .00  10.48   8.08   7.68    78  20.49  17.45   9789
 -1352  45390 396435   1.06  12.47 135.00   9.64   8.06   9.44    92  16.99  14.56   8150
  1354  45390 396436   2.07  11.50 137.00   9.88   8.08   9.33    92  18.61  15.97   8948
  1354  45385 396433   3.02  10.30 136.00   9.80   8.07   9.42    93  18.16  15.59   8732
  1356  45380 396436   4.16   9.11 136.00   9.92   8.09   9.13    90  18.82  16.14   9047
  1356  45377 396438   5.15   7.98 135.00  10.18   8.08   9.03    90  19.56  16.73   9376
  1358  45380 396433   6.07   7.02 137.00  10.38   8.06   8.00    81  20.75  17.74   9953
  1359  45384 396432   7.20   5.89 137.00  10.50   8.06   7.91    80  20.95  17.87  10027
  1401  45387 396440   8.11   5.06 138.00  10.81   8.02   6.81    70  22.19  18.86  10592
  1402  45384 396432   9.00   4.08 137.00  10.82   8.02   6.65    68  22.25  18.92  10621
  1402  45384 396433  10.00   3.04 137.00  10.88   8.01   6.65    69  22.39  19.02  10680
  1403  45390 396442  10.93   2.09 137.00  10.97   8.00   6.33    66  22.65  19.21  10787
  1404  45399 396438  11.92   1.20 137.00  11.01   7.99   6.24    65  22.84  19.36  10877
 -1410  46254 396898   1.01   4.84    .00   9.58   8.06  10.00    97  16.94  14.54   8138
  1410  46259 396906   2.09   3.45    .00   9.58   8.06  10.03    98  16.92  14.52   8125
  1411  46252 396904   2.89   2.48    .00   9.59   8.07  10.08    98  16.99  14.58   8159
  1413  46260 396904   3.92   1.65    .00   9.86   8.08   9.20    92  18.52  15.90   8908
  1414  46251 396900   5.07  70.28  59.00  10.04   8.07   8.77    87  19.40  16.63   9325
 -1424  48077 396563   1.09  16.61 177.00   9.59   8.03  10.35   100  16.25  13.89   7773
  1425  48080 396564   1.99  15.59 177.00   9.59   8.03  10.29   100  16.36  13.99   7828
  1425  48089 396565   3.01  14.83 177.00   9.60   8.04  10.28   100  16.21  13.85   7748
  1426  48085 396563   4.13  13.35 176.00   9.80   8.04   9.76    96  18.30  15.72   8806
  1428  48072 396560   5.10  12.50 177.00  10.15   8.02   8.53    86  20.72  17.82  10000
  1430  48086 396560   6.09  11.46 177.00  10.45   7.94   7.81    81  23.98  20.74  11663
  1431  48078 396564   7.09  10.35 177.00  10.63   7.90   7.26    76  26.03  22.58  12717
  1432  48075 396561   8.16   8.98 177.00  11.13   7.87   5.89    63  27.41  23.58  13285
  1435  48071 396564   9.33   7.97 177.00  11.53   7.77   3.83    41  28.25  24.11  13589
  1435  48069 396563  10.10   7.05 177.00  11.70   7.73   3.39    37  28.95  24.66  13904
  1438  48083 396566  11.15   5.97 176.00  11.89   7.64   1.66    18  29.62  25.16  14191
  1439  48083 396565  12.06   5.04 176.00  11.93   7.62   1.72    19  29.82  25.32  14282
  1441  48076 396563  13.03   4.07 177.00  12.28   7.56    .19     2  30.35  25.58  14431
  1441  48078 396564  13.92   3.10 177.00  12.32   7.58    .15     2  30.44  25.64  14466
  1441  48081 396564  15.05   1.91 177.00  12.35   7.60    .13     1  30.53  25.70  14500
  1442  48085 396565  16.18  68.53 177.00  12.36   7.60    .11     1  30.58  25.73  14521
 -1456  49165 395858   1.10   9.54 116.00   9.70   7.98  10.23    99  15.26  12.94   7233
  1456  49158 395860   2.02   8.32 116.00   9.71   7.98  10.22    99  15.40  13.06   7304
  1456  49163 395862   3.07  89.80 115.00   9.69   7.99  10.19    98  15.60  13.25   7408
  1457  49167 395862   4.28   5.65 114.00   9.65   8.02  10.15    98  16.07  13.70   7662
  1458  49158 395857   5.21   5.65 115.00   9.69   8.02  10.03    97  16.37  13.96   7809
  1500  49166 395856   6.28   4.53 115.00  10.21   7.94   8.06    82  23.51  20.43  11486
  1502  49168 395859   7.23   3.19 115.00  10.85   7.83   6.12    65  26.45  22.84  12863
  1503  49157 395856   8.07   2.80 116.00  10.94   7.82   5.54    59  27.02  23.33  13146
  1504  49162 395859   8.88   1.52 116.00  10.88   7.82   5.87    62  27.06  23.41  13187
  1504  49173 395863   9.89    .21 112.00  10.81   7.80   5.92    63  27.22  23.61  13302
 -1557  49752 395923   1.15  68.06    .00  10.80   7.78   8.52    94  34.27  30.45  17248
  1558  49747 395920   2.20  70.95  36.00  10.81   7.77   8.52    94  34.48  30.65  17362
  1558  49749 395914   3.05  69.76    .00  10.83   7.78   8.52    94  34.57  30.71  17398
 -1605  50514 396249   1.03   6.17  33.00  10.81   7.78   8.52    94  34.78  30.94  17530
  1605  50513 396245   2.06   4.92  69.00  10.81   7.77   8.51    94  34.81  30.96  17547
  1605  50512 396246   3.10   3.72    .00  10.82   7.78   8.46    94  34.81  30.96  17541
  1606  50505 396238   3.95   3.04  70.00  10.80   7.78   8.47    94  34.81  30.97  17552
  1606  50505 396238   5.13   1.72  70.00  10.80   7.78   8.47    94  34.81  30.97  17551
  1606  50506 396239   6.18    .61  70.00  10.80   7.79   8.47    94  34.81  30.97  17552
 -1612  51063 396539   1.09   2.60  34.00  10.91   7.79   8.53    95  34.98  31.05  17594
  1612  51075 396560   2.16  70.72  23.00  10.93   7.79   8.53    95  34.99  31.05  17593
  1617  51032 396489   3.08   2.55    .00  10.75   7.78   8.46    94  34.84  31.05  17596
  1617  51026 396485   4.06   1.50  53.00  10.74   7.78   8.46    94  34.84  31.05  17599
  1618  51030 396488   5.05  70.74  53.00  10.76   7.78   8.45    94  34.85  31.05  17597
