# MEETVAARTUIG :
# MEETDATUM    : 2016-07-07 00:00:00
# MEETGEBIED   : VEERSE MEER
# STARTPUNT    : Bruinisse
# EINDPUNT     : Veerse meer
# PROJECTCODE  : E7301R
# OPDRACHTGEVER: RIKZMON_CHEMIE
# BEHEERDER    : RIKZITSDHG
# BEMONST. INST:
# WAARNEMER(S) : F.Romijn
#
* 20160707
$ 9999 [000000000000000]
>TIJD      uumm                    
>X         coordinaat              
>Y         coordinaat              
>SENSHTE   Diepte set        m     
>Echms     Echoset           mtrs  
>Temp      Temperatuur       oC       :  8.  1.0  11  1
>pH        Zuurgraad         dimsls
>O2        Zuurstof          mg/l  
>%O2       Zuurstof%         %     
>GELBH     Geleidendheid     mS/cm 
>GEL20     Gel20             ???   
>SALNTT    Saliniteit        dimsl 
>CL-       Chloride          mg/l     :12000.  500.  13 500
>CHFLYSI   Chlorofyl         ugr/l 
>TURBID    Troebelheid       NTU   
 -2359  33200 400550   1.00   9999   9999   9999   9999  9999   9999  9999   9999   9999   9999   9999
  2359  33200 400550  17.00   9999   9999   9999   9999  9999   9999  9999   9999   9999   9999   9999
 -2359  33140 400240   1.00   9999   9999   9999   9999  9999   9999  9999   9999   9999   9999   9999
  2359  33140 400240  13.00   9999   9999   9999   9999  9999   9999  9999   9999   9999   9999   9999
 -2359  33887 398893   1.00   9999   9999   9999   9999  9999   9999  9999   9999   9999   9999   9999
  2359  33887 398893  22.00   9999   9999   9999   9999  9999   9999  9999   9999   9999   9999   9999
 -2359  35010 398040   1.00   9999   9999   9999   9999  9999   9999  9999   9999   9999   9999   9999
  2359  35010 398040   5.00   9999   9999   9999   9999  9999   9999  9999   9999   9999   9999   9999
 -2359  35445 397423   1.00   9999   9999   9999   9999  9999   9999  9999   9999   9999   9999   9999
  2359  35445 397423  15.00   9999   9999   9999   9999  9999   9999  9999   9999   9999   9999   9999
 -2359  36140 396880   1.00   9999   9999   9999   9999  9999   9999  9999   9999   9999   9999   9999
  2359  36140 396880   6.00   9999   9999   9999   9999  9999   9999  9999   9999   9999   9999   9999
 -2359  36700 395940   1.00   9999   9999   9999   9999  9999   9999  9999   9999   9999   9999   9999
  2359  36700 395940   8.00   9999   9999   9999   9999  9999   9999  9999   9999   9999   9999   9999
 -2359  37397 393849   1.00   9999   9999   9999   9999  9999   9999  9999   9999   9999   9999   9999
  2359  37397 393849  18.00   9999   9999   9999   9999  9999   9999  9999   9999   9999   9999   9999
 -2359  38320 394000   1.00   9999   9999   9999   9999  9999   9999  9999   9999   9999   9999   9999
  2359  38320 394000   6.00   9999   9999   9999   9999  9999   9999  9999   9999   9999   9999   9999
 -1534  40119 396009   1.05  23.04  20.02   8.28   9.44   121  38.75  3873  27.60  15572   3.13  -0.20
  1534  40119 395988   2.12  22.02  19.89   8.28   9.50   122  38.74  3883  27.68  15617   3.10  -0.30
  1535  40124 395988   2.96  13.51  19.98   8.27   9.30   119  38.75  3876  27.63  15586   2.84  -0.30
  1536  40125 395993   4.15  20.22  19.17   8.20   9.55   121  38.55  3924  28.01  15808   2.60  -0.20
  1536  40126 395996   5.11  19.40  19.06   8.18   9.57   121  38.70  3948  28.20  15921   2.60  -0.20
  1537  40123 395999   5.86  18.93  19.13   8.19   7.26    92  38.58  3930  28.06  15837   0.60  34.20
  1537  40122 395999   7.00   0.00  19.10   8.18   7.28    92  38.63  3938  28.12  15872   0.60  34.20
  1538  40121 395999   7.99  16.03  19.09   8.18   7.25    92  38.65  3941  28.14  15885   0.60  34.20
  1540  40112 395991   8.94  15.33  18.83   8.14   6.49    82  38.82  3980  28.46  16068   0.40  34.50
  1540  40114 395992  10.08  14.35  18.80   8.14   6.42    81  38.83  3984  28.48  16085   0.20  34.50
  1541  40121 395994  10.98  13.68  18.74   8.13   6.27    79  38.83  3989  28.53  16109   0.10  34.50
  1541  40121 395992  12.02  12.26  18.70   8.12   6.25    79  38.79  3988  28.52  16106   0.20  34.60
  1542  40119 395986  13.02  11.60  18.68   8.12   6.18    78  38.78  3989  28.53  16109   0.20  34.70
  1543  40116 395982  14.13   9.60  18.70   8.11   6.12    77  38.82  3992  28.55  16120   0.20  34.90
  1543  40117 395986  15.25   8.68  18.75   8.11   6.11    77  38.95  4001  28.62  16161   0.20  34.70
  1544  40119 395996  16.02   7.69  18.54   8.10   5.55    70  38.82  4005  28.66  16185   0.20  35.70
  1545  40117 395993  17.05   6.90  18.52   8.09   5.49    69  38.80  4005  28.65  16183   0.20  35.10
  1548  40124 395990  18.00   6.13  17.16   7.97   2.15    26  37.85  4025  28.82  16283   0.20  35.00
  1550  40119 395994  19.03   4.75  16.63   7.90   0.81    10  37.57  4043  28.96  16367   0.20  34.50
  1550  40118 395994  20.02   3.98  16.59   7.89   0.77     9  37.56  4045  28.98  16379   0.20  34.60
  1551  40117 395994  21.03   2.78  16.55   7.87   0.76     9  37.53  4046  28.98  16381   0.30  34.70
  1551  40117 395995  21.93   1.84  16.51   7.87   0.76     9  37.51  4047  28.99  16388   0.30  34.70
  1552  40121 395999  23.06   0.94  16.46   7.88   0.54     6  37.48  4048  29.01  16394   0.30   1.80
 -2359  41810 397220   1.00   9999   9999   9999   9999  9999   9999  9999   9999   9999   9999   9999
  2359  41810 397220   8.00   9999   9999   9999   9999  9999   9999  9999   9999   9999   9999   9999
 -2359  42820 397321   1.00   9999   9999   9999   9999  9999   9999  9999   9999   9999   9999   9999
  2359  42820 397321  15.00   9999   9999   9999   9999  9999   9999  9999   9999   9999   9999   9999
 -2359  44400 396350   1.00   9999   9999   9999   9999  9999   9999  9999   9999   9999   9999   9999
  2359  44400 396350   7.00   9999   9999   9999   9999  9999   9999  9999   9999   9999   9999   9999
 -2359  45349 396431   1.00   9999   9999   9999   9999  9999   9999  9999   9999   9999   9999   9999
  2359  45349 396431  10.00   9999   9999   9999   9999  9999   9999  9999   9999   9999   9999   9999
 -2359  46250 396900   1.00   9999   9999   9999   9999  9999   9999  9999   9999   9999   9999   9999
  2359  46250 396900   4.00   9999   9999   9999   9999  9999   9999  9999   9999   9999   9999   9999
 -2359  48050 396610   1.00   9999   9999   9999   9999  9999   9999  9999   9999   9999   9999   9999
  2359  48050 396610  15.00   9999   9999   9999   9999  9999   9999  9999   9999   9999   9999   9999
 -2359  49200 395850   1.00   9999   9999   9999   9999  9999   9999  9999   9999   9999   9999   9999
  2359  49200 395850  11.00   9999   9999   9999   9999  9999   9999  9999   9999   9999   9999   9999
 -2359  49755 395917   1.00   9999   9999   9999   9999  9999   9999  9999   9999   9999   9999   9999
  2359  49755 395917   5.00   9999   9999   9999   9999  9999   9999  9999   9999   9999   9999   9999
 -2359  50514 396244   1.00   9999   9999   9999   9999  9999   9999  9999   9999   9999   9999   9999
  2359  50514 396244   9.00   9999   9999   9999   9999  9999   9999  9999   9999   9999   9999   9999
 -2359  51079 396554   1.00   9999   9999   9999   9999  9999   9999  9999   9999   9999   9999   9999
  2359  51079 396554   8.00   9999   9999   9999   9999  9999   9999  9999   9999   9999   9999   9999
