# MEETVAARTUIG : M.S. ARGUS
# MEETDATUM    : 17-11-2010 11:30:56
# MEETGEBIED   : VEERSE MEER
# STARTPUNT    : Veersegatdam
# EINDPUNT     : Zandkreek
# PROJECTCODE  : E7301X
# OPDRACHTGEVER: ZLXXAXAMDBG
# BEHEERDER    : ZLXXAXAMDBG
# BEMONST. INST:
# WAARNEMER(S) : G.J.Bakker
#
* 20101117
$ 9999 [000000000000]
>TIJD      uumm                    
>X         coordinaat              
>Y         coordinaat              
>SENSHTE   Diepte set        m     
>ECHOS     Echoset           mtrs  
>Temp      Temperatuur       oC       : 5.  1.0  11  1
>O2        Zuurstof          mg/l  
>%O2       Zuurstof%         %     
>GELBH     Geleidendheid     mS/cm 
>GEL20     Gel20             ???   
>SALNTT    Saliniteit        dimsl 
>CL-       Chloride          mg/l     :12000.  500.  13 500
 -1131  33208 400569   0.97  16.29   7.06   9.81    93  22.85  3099  21.64  12186
  1132  33212 400574   2.02  15.20   7.76   9.63    94  24.40  3249  22.79  12841
  1133  33209 400567   3.05  14.34   8.17   9.53    94  24.99  3292  23.12  13031
  1133  33204 400564   4.04  13.40   8.14   9.48    94  24.98  3294  23.13  13036
  1134  33196 400564   5.10  10.78   8.33   9.41    93  25.38  3330  23.41  13195
  1134  33189 400564   6.01   6.17   9.39   9.11    94  28.55  3646  25.86  14601
  1135  33180 400560   7.07   3.93   9.35   8.94    93  28.83  3686  26.18  14783
  1135  33184 400557   8.05   6.53   9.27   8.88    92  28.97  3711  26.37  14896
  1135  33191 400554   9.02   9.49   9.26   8.83    91  29.00  3717  26.42  14921
  1136  33200 400548  10.07   7.65   9.25   8.74    90  29.01  3718  26.43  14927
  1136  33203 400546  11.02   6.28   9.25   8.72    90  29.02  3720  26.45  14937
  1136  33205 400546  12.03   4.54   9.24   8.69    90  29.03  3722  26.46  14946
  1137  33210 400545  13.04   2.80   9.24   8.66    90  29.03  3722  26.46  14945
  1137  33214 400546  14.00   1.45   9.24   8.64    89  29.04  3723  26.47  14951
  1138  33206 400551  15.02   2.03   9.24   8.62    89  29.04  3723  26.47  14951
  1138  33204 400551  16.10   1.25   9.24   8.61    89  29.04  3723  26.47  14951
  1138  33200 400554  16.96   3.76   9.25   8.59    89  29.05  3724  26.47  14952
 -1142  33163 400244   0.99  12.75   7.10   9.63    92  23.09  3127  21.87  12311
  1142  33161 400236   2.05  11.80   7.14   9.66    92  23.19  3138  21.94  12356
  1143  33160 400231   3.02  10.90   7.71   9.56    93  23.98  3197  22.39  12613
  1143  33160 400227   4.02   9.80   8.38   9.46    94  25.33  3319  23.33  13149
  1144  33150 400227   5.11   8.00   8.56   9.34    94  25.95  3385  23.84  13439
  1145  33147 400231   6.03   6.75   9.30   9.12    94  28.45  3642  25.83  14585
  1145  33138 400227   7.02   5.40   9.33   8.92    92  28.83  3688  26.19  14791
  1146  33137 400229   8.01   4.35   9.31   8.88    92  28.86  3694  26.24  14817
  1146  33135 400230   9.01   3.25   9.27   8.81    91  28.96  3710  26.37  14892
  1146  33130 400229   9.98   2.05   9.24   8.74    90  29.03  3722  26.46  14945
  1147  33132 400229  10.98   1.25   9.25   8.71    90  29.05  3724  26.47  14952
  1147  33145 400233  12.03   0.90   9.25   8.62    89  29.06  3725  26.48  14958
 -1156  33906 398905   1.05   0.40   8.54   9.33    93  25.86  3375  23.76  13394
  1157  33902 398896   2.08  20.20   8.52   9.34    93  25.74  3361  23.65  13333
  1157  33902 398896   2.87  19.50   8.61   9.30    93  26.01  3388  23.86  13454
  1158  33900 398896   4.01  18.40   8.67   9.27    93  26.26  3416  24.07  13575
  1159  33894 398898   5.14  17.50   8.61   9.24    93  26.08  3398  23.93  13495
  1159  33886 398900   6.05  15.85   8.63   9.24    93  26.17  3407  24.01  13539
  1200  33880 398900   7.11  13.20   9.24   9.04    93  28.43  3645  25.86  14598
  1200  33883 398897   8.03  12.80   9.25   8.92    92  28.93  3708  26.35  14883
  1200  33887 398895   9.05  12.50   9.25   8.87    92  28.94  3710  26.36  14889
  1201  33889 398892  10.00  11.85   9.24   8.83    91  28.97  3714  26.40  14910
  1201  33892 398891  11.04  11.40   9.23   8.79    91  29.00  3719  26.43  14932
  1201  33896 398893  12.01  10.75   9.22   8.75    90  29.01  3721  26.45  14942
  1202  33896 398895  13.02   9.65   9.22   8.74    90  29.02  3723  26.46  14948
  1202  33895 398895  14.03   8.85   9.23   8.71    90  29.02  3722  26.45  14943
  1202  33893 398896  15.08   7.95   9.23   8.70    90  29.02  3722  26.45  14943
  1202  33891 398896  15.95   6.95   9.23   8.67    90  29.03  3723  26.46  14949
  1203  33888 398897  17.04   5.75   9.23   8.64    89  29.04  3724  26.47  14955
  1203  33885 398899  18.02   4.60   9.23   8.62    89  29.04  3724  26.47  14955
  1203  33888 398899  19.00   3.95   9.23   8.58    89  29.04  3724  26.47  14955
  1204  33894 398895  20.04   2.95   9.23   8.55    88  29.05  3725  26.49  14961
  1204  33897 398892  21.03   1.95   9.23   8.52    88  29.04  3724  26.47  14955
  1205  33895 398892  22.05   0.70   9.23   8.52    88  29.05  3725  26.49  14961
 -1212  35004 398050   1.11   4.05   8.68   9.20    92  26.05  3388  23.86  13450
  1213  35014 398038   2.09   2.90   8.69   9.20    92  26.10  3393  23.90  13475
  1213  35015 398037   3.00   1.95   8.72   9.18    92  26.27  3413  24.05  13562
  1213  35017 398038   4.03   1.15   8.71   9.17    92  26.39  3429  24.18  13635
 -1221  35441 397447   1.05  13.55   8.69   9.20    92  26.02  3383  23.82  13429
  1221  35447 397441   2.01  13.05   8.69   9.19    92  26.03  3384  23.83  13435
  1221  35449 397438   3.03  12.15   8.69   9.18    92  26.03  3384  23.83  13435
  1222  35448 397435   4.02  11.35   8.69   9.18    92  26.05  3387  23.85  13446
  1222  35446 397436   5.04  10.55   8.92   9.09    92  27.19  3514  24.84  14014
  1223  35441 397438   6.09   9.40   8.93   9.01    92  27.37  3537  25.01  14114
  1224  35437 397443   7.12   8.35   9.14   8.91    91  28.15  3618  25.65  14478
  1224  35438 397446   7.99   7.20   9.20   8.80    91  28.49  3656  25.94  14650
  1225  35439 397440   8.95   6.65   9.23   8.75    90  28.67  3677  26.10  14741
  1225  35441 397436  10.02   5.75   9.25   8.72    90  28.79  3690  26.21  14802
  1225  35443 397433  11.04   4.60   9.25   8.69    90  28.82  3694  26.24  14819
  1226  35445 397426  11.97   2.85   9.26   8.65    89  28.86  3698  26.27  14838
  1226  35447 397422  12.99   0.50   9.26   8.63    89  28.89  3702  26.30  14855
 -1243  36162 396889   0.99   5.80   8.59   9.26    92  25.18  3282  23.04  12983
  1243  36158 396888   2.11   4.80   8.85   9.14    92  26.77  3466  24.47  13799
  1244  36144 396866   3.05   3.15   8.67   9.14    92  25.73  3347  23.54  13269
  1244  36141 396862   4.03   2.05   8.97   9.05    92  27.12  3501  24.73  13953
  1244  36137 396859   5.10   1.05   9.29   8.97    92  27.71  3548  25.10  14164
 -1303  36689 395959   1.00  29.80   8.45   9.34    92  24.36  3186  22.31  12562
  1303  36695 395949   2.02  27.65   8.38   9.35    92  24.10  3158  22.09  12438
  1304  36712 395937   3.03   5.85   8.98   9.09    92  27.01  3486  24.62  13886
  1305  36712 395935   4.09   4.75   8.88   9.09    92  26.61  3443  24.28  13695
  1305  36708 395935   5.04   3.80   9.20   8.92    92  28.09  3605  25.54  14419
  1306  36700 395944   6.03   2.75   9.32   8.69    90  28.71  3674  26.08  14726
  1307  36698 395953   6.99   1.55   9.34   8.63    89  28.75  3677  26.10  14741
  1307  36696 395957   8.06   0.55   9.34   8.61    89  28.74  3676  26.09  14735
 -1318  37384 393838   0.96  17.20   8.39   9.40    93  23.88  3128  21.86  12308
  1319  37404 393841   2.01  16.40   8.38   9.39    92  23.86  3127  21.85  12300
  1320  37406 393848   3.04  15.45   9.25   8.88    91  27.97  3585  25.39  14329
  1321  37404 393851   4.06  14.50   9.34   8.79    91  28.36  3627  25.71  14516
  1321  37401 393852   5.06  13.50   9.38   8.67    90  28.63  3658  25.95  14655
  1321  37401 393854   5.98  12.65   9.42   8.62    89  28.75  3669  26.05  14707
  1322  37399 393855   7.04  11.60   9.42   8.58    89  28.82  3678  26.12  14747
  1322  37396 393859   8.10  10.65   9.41   8.48    88  28.96  3697  26.26  14832
  1323  37396 393861   9.03   9.75   9.41   8.45    88  28.97  3698  26.27  14838
  1323  37397 393862  10.07   8.70   9.41   8.43    88  29.03  3706  26.33  14872
  1324  37401 393860  11.03   7.75   9.74   8.28    87  29.85  3779  26.91  15202
  1326  37398 393856  12.00   6.80  10.16   6.68    71  31.03  3888  27.76  15693
  1326  37396 393852  13.08   5.75  10.53   6.62    71  31.62  3926  28.06  15864
  1327  37406 393842  14.01   4.65  10.63   6.19    67  31.81  3940  28.16  15927
  1328  37404 393843  15.03   3.70  10.64   6.12    66  31.84  3943  28.19  15939
  1328  37403 393847  16.05   2.70  10.68   6.00    65  31.91  3947  28.22  15961
  1328  37401 393849  17.09   1.70  10.69   5.97    64  31.93  3949  28.24  15968
  1329  37398 393849  18.00   0.75  10.70   5.93    64  31.94  3949  28.24  15969
 -1340  38298 393998   0.98   6.00   8.53   9.22    92  24.47  3194  22.37  12597
  1340  38317 394013   1.97   5.00   8.53   9.21    91  24.52  3201  22.42  12625
  1341  38322 394016   3.04   4.00   8.53   9.21    91  24.51  3199  22.41  12620
  1341  38327 394020   4.04   3.05   8.93   9.06    92  26.15  3379  23.79  13411
  1343  38320 394016   5.07   2.15   9.43   8.61    89  28.80  3675  26.09  14732
  1343  38315 394015   6.03   1.25   9.42   8.56    89  28.85  3682  26.15  14765
  1343  38313 394013   7.01   0.40   9.41   8.53    88  28.86  3684  26.16  14775
 -1356  40107 395982   1.09  21.10   8.43   9.17    91  24.11  3155  22.07  12426
  1357  40116 395992   2.03   0.40   8.49   9.18    91  23.92  3126  21.84  12296
  1357  40115 395994   3.00  19.45   8.45   9.19    91  24.02  3142  21.97  12367
  1358  40111 395992   4.03  18.20   9.43   8.69    90  28.49  3635  25.78  14554
  1359  40112 395991   5.09  17.05   9.39   8.68    90  28.71  3667  26.03  14697
  1359  40112 395991   6.05  16.05   9.40   8.58    89  28.75  3671  26.06  14715
  1359  40110 395990   7.03  15.05   9.38   8.54    88  28.84  3685  26.16  14776
  1400  40109 395989   8.02  14.00   9.37   8.50    88  28.87  3689  26.20  14797
  1400  40109 395988   9.04  13.05   9.36   8.49    88  28.88  3692  26.22  14807
  1401  40111 395987  10.00  12.40   9.35   8.46    88  28.89  3694  26.24  14817
  1401  40112 395986  11.02  11.60   9.36   8.43    87  28.90  3694  26.24  14819
  1401  40113 395984  12.06  10.70   9.35   8.43    87  28.88  3693  26.23  14811
  1402  40114 395983  12.95   9.90   9.35   8.43    87  28.88  3693  26.23  14811
  1402  40115 395982  13.97   8.80   9.36   8.41    87  28.89  3693  26.23  14813
  1402  40113 395979  15.01   7.70   9.36   8.41    87  28.89  3693  26.23  14813
  1403  40112 395976  16.01   6.55   9.36   8.40    87  28.90  3694  26.24  14819
  1403  40113 395975  17.04   5.65   9.35   8.39    87  28.90  3695  26.25  14823
  1403  40114 395974  18.00   4.50   9.35   8.38    87  28.90  3695  26.25  14823
  1403  40116 395973  18.99   3.40   9.35   8.37    87  28.90  3695  26.25  14823
  1404  40119 395971  20.19   2.10   9.36   8.37    87  28.90  3694  26.24  14819
  1404  40120 395971  21.05   1.00   9.35   8.36    87  28.91  3696  26.26  14829
 -1415  41794 397204   1.00   7.30   8.63   9.22    92  24.35  3171  22.18  12492
  1415  41805 397204   2.04   6.75   8.64   9.22    92  24.43  3180  22.26  12534
  1416  41810 397204   3.02   5.30   8.75   9.16    92  25.07  3254  22.83  12860
  1416  41814 397205   4.05   4.50   9.31   8.93    92  28.14  3602  25.52  14402
  1417  41817 397204   5.04   3.45   9.32   8.79    91  28.53  3651  25.90  14622
  1417  41814 397206   6.04   2.55   9.35   8.58    89  28.81  3684  26.16  14771
  1418  41810 397209   7.05   1.30   9.35   8.54    88  28.82  3685  26.17  14777
  1418  41805 397210   7.91   0.40   9.35   8.49    88  28.83  3686  26.18  14783
 -1425  42800 397327   0.94  13.60   8.59   9.32    92  24.10  3141  21.96  12363
  1425  42821 397328   2.01  11.00   8.69   9.28    92  24.58  3196  22.38  12601
  1425  42825 397329   3.07   9.40   9.13   9.06    93  27.33  3514  24.83  14010
  1426  42820 397333   3.97   7.55   9.32   8.76    90  28.58  3657  25.95  14651
  1427  42819 397331   5.00   7.35   9.32   8.72    90  28.61  3661  25.98  14668
  1427  42820 397330   6.04   7.00   9.33   8.66    90  28.68  3669  26.04  14705
  1427  42819 397326   7.08   7.45   9.33   8.60    89  28.69  3670  26.05  14710
  1428  42820 397324   8.02   7.40   9.34   8.57    89  28.71  3672  26.06  14718
  1428  42820 397323   8.99   6.75   9.34   8.54    88  28.73  3674  26.08  14729
  1428  42818 397321  10.00   5.75   9.35   8.51    88  28.78  3680  26.13  14754
  1428  42817 397321  10.99   4.90   9.35   8.49    88  28.79  3681  26.14  14760
  1429  42817 397321  12.03   3.85   9.35   8.49    88  28.79  3681  26.14  14760
  1429  42818 397319  13.00   3.00   9.35   8.43    87  28.80  3682  26.15  14765
  1429  42819 397317  14.01   2.10   9.35   8.40    87  28.80  3682  26.15  14765
  1430  42820 397316  14.99  29.95   9.35   8.40    87  28.80  3682  26.15  14765
 -1439  44384 396364   1.02   6.55   8.90   8.87    90  25.90  3349  23.56  13279
  1440  44398 396350   2.00   5.65   9.18   8.72    89  27.47  3527  24.94  14070
  1440  44397 396348   2.99   4.75   9.28   8.65    89  28.01  3588  25.41  14340
  1440  44399 396343   4.03   3.70   9.38   8.54    88  28.64  3659  25.96  14661
  1441  44400 396341   5.01   2.65   9.37   8.51    88  28.66  3663  25.99  14676
  1441  44401 396340   6.09   1.60   9.38   8.48    88  28.69  3665  26.01  14689
  1441  44402 396339   7.01   0.75   9.38   8.45    88  28.70  3667  26.02  14695
 -1447  45326 396429   0.96  10.05   8.72   8.77    88  25.61  3327  23.39  13181
  1447  45347 396437   2.03  27.80   8.75   8.82    88  25.49  3309  23.25  13101
  1448  45352 396439   2.99  19.15   8.76   8.84    89  25.70  3335  23.45  13218
  1448  45356 396440   4.03   7.70   9.12   8.74    89  27.00  3472  24.51  13824
  1448  45359 396442   5.10   6.65   9.38   8.61    89  28.26  3611  25.59  14442
  1449  45360 396442   6.10   5.65   9.38   8.61    89  28.35  3622  25.67  14494
  1449  45361 396442   7.02  28.85   9.39   8.52    88  28.43  3631  25.75  14536
  1449  45361 396442   8.00  26.60   9.40   8.49    88  28.53  3643  25.84  14589
  1449  45359 396440   8.96   2.80   9.40   8.44    88  28.62  3655  25.93  14641
  1450  45356 396438  10.03  27.65   9.40   8.42    87  28.63  3656  25.94  14646
  1450  45355 396438  11.05   0.80   9.40   8.41    87  28.64  3657  25.95  14652
 -1456  46249 396882   0.98   4.05   8.43   9.46    95  25.81  3378  23.78  13408
  1458  46252 396903   2.03   3.00   8.79   8.99    91  27.04  3506  24.78  13979
  1458  46244 396905   3.05   2.00   9.38   8.69    90  28.42  3631  25.74  14534
  1459  46245 396901   4.08   1.00   9.39   8.68    90  28.50  3640  25.82  14576
 -1509  48036 396624   1.01  31.25   9.08   8.36    86  27.66  3561  25.20  14220
  1509  48061 396568   2.01  13.25   9.26   8.30    86  28.00  3588  25.41  14342
  1509  48041 396598   3.06  12.05   9.24   8.26    85  28.02  3592  25.45  14362
  1510  48036 396601   4.03  11.00   9.26   8.23    85  28.09  3600  25.50  14394
  1510  48036 396602   4.99  10.05   9.27   8.21    85  28.13  3604  25.53  14413
  1511  48032 396598   6.05   8.85   9.35   8.02    83  28.61  3658  25.96  14656
  1511  48028 396596   6.96   7.95   9.42   7.92    82  29.33  3743  26.63  15041
  1511  48035 396594   8.00   7.15   9.42   7.88    82  29.53  3769  26.83  15157
  1512  48043 396594   9.02   6.25   9.51   7.81    82  29.73  3786  26.96  15233
  1512  48048 396596  10.01   5.55   9.51   7.77    81  29.92  3810  27.15  15343
  1513  48061 396607  10.98   4.45   9.88   6.44    69  31.53  3978  28.47  16106
  1516  47971 396619  12.05   3.25  10.09   5.21    56  32.11  4030  28.88  16344
  1516  47951 396614  13.03   2.30  10.13   5.13    55  32.19  4036  28.93  16371
  1516  47948 396613  14.05   1.35  10.13   5.09    55  32.21  4039  28.95  16383
  1517  47946 396615  14.95   0.45  10.20   5.05    54  32.25  4037  28.94  16373
 -1523  49186 395869   1.02  33.90   9.10   8.18    84  27.90  3590  25.42  14350
  1524  49205 395856   2.03  26.65   9.12   8.18    84  27.89  3587  25.40  14336
  1524  49215 395854   3.06   0.40   9.11   8.17    84  27.89  3588  25.41  14341
  1524  49224 395855   4.07  28.85   9.17   8.15    84  28.01  3598  25.49  14385
  1524  49221 395855   5.04  31.25   9.16   8.14    84  27.99  3596  25.47  14378
  1525  49222 395852   6.02   5.05   9.23   8.10    84  28.23  3620  25.66  14487
  1525  49243 395821   7.06   4.00   9.57   7.80    82  30.18  3838  27.36  15466
  1526  49232 395824   8.01   3.05   9.31   7.80    81  29.56  3783  26.94  15222
  1526  49235 395831   9.09   2.05   9.43   7.72    81  29.71  3791  27.00  15256
  1528  49115 395863  10.02  26.65   9.84   5.92    63  31.53  3982  28.50  16125
 -1548  49753 395937   1.01   2.30   8.74   8.77    90  29.26  3799  27.07  15297
  1549  49757 395921   2.00   1.40   8.97   8.72    91  30.78  3973  28.44  16088
  1549  49752 395919   3.03   0.40   9.16   8.59    91  32.40  4162  29.94  16956
 -1554  50505 396248   1.01  27.65   8.76   8.77    90  29.45  3822  27.24  15400
  1554  50533 396264   2.05   4.70   8.91   8.76    91  29.93  3869  27.62  15615
  1555  50533 396266   2.98   3.55   9.06   8.73    91  30.84  3972  28.43  16082
  1555  50535 396271   4.02   2.40   9.24   8.66    92  32.28  4139  29.75  16846
  1555  50537 396273   5.03   1.40   9.32   8.64    92  32.72  4187  30.13  17067
  1556  50536 396276   6.06   0.40   9.37   8.62    92  33.04  4222  30.41  17231
 -1559  51112 396520   1.14   0.40   8.92   8.71    91  30.77  3977  28.47  16106
  1600  51135 396507   2.09   3.55   8.92   8.76    91  30.70  3968  28.40  16064
  1600  51152 396508   3.00   2.40   9.29   8.67    92  32.37  4145  29.80  16875
  1600  51154 396519   4.05   1.75   9.30   8.66    92  32.65  4180  30.08  17035
  1601  51131 396518   5.03   1.10   9.35   8.64    92  32.93  4210  30.32  17176
