Vertikaalmeting: Grevelingen
Datum:  1-8-78  Vertno  1
X= 65290  Y=409960   tijd: 8.42
vlgn  Temp  CL-g    pH O2Plc
  1) 19.13 13022  9.34  8.62
  2) 18.86 13041  9.33  8.58
  3) 18.79 13045  9.32  8.37
  4) 18.62 12957  9.30  8.28
  5) 17.86 13019  9.25  7.61
  6) 17.64 13092  9.21  7.40
  7) 17.48 13060  9.19  7.10
  8) 17.38 13169  9.16  5.67
Vertikaalmeting: Grevelingen
Datum:  1-8-78  Vertno  2
X= 63340  Y=411600   tijd: 8.58
vlgn  Temp  CL-g    pH O2Plc
  1) 20.36 13024  9.54  9.63
  2) 20.35 13018  9.54  9.52
  3) 19.61 12786  9.50  9.55
  4) 18.06 13077  9.26  7.96
  5) 17.76 13065  9.25  7.84
  6) 17.52 13105  9.20  7.61
  7) 17.43 13109  9.15  7.23
  8) 17.22 13089  9.16  7.08
  9) 16.84 13096  9.16  6.64
 10) 16.72 13101  9.15  6.41
 11) 16.69 13116  9.13  6.27
 12) 16.07 13193  9.05  4.73
Vertikaalmeting: Grevelingen
Datum:  1-8-78  Vertno  3
X= 62300  Y=412210   tijd: 9.09
vlgn  Temp  CL-g    pH O2Plc
  1) 20.64 13014  9.57  9.66
  2) 20.63 13016  9.58  9.67
  3) 18.71 13049  9.48  8.26
  4) 18.04 13070  9.32  7.69
  5) 17.88 13079  9.25  7.53
  6) 17.63 13089  9.19  7.51
  7) 17.40 13078  9.19  7.36
  8) 16.86 13090  9.19  6.53
  9) 16.87 13073  9.19  6.45
 10) 16.14 13161  9.16  5.51
 11) 16.06 13166  9.05  5.44
 12) 15.88 13157  9.05  5.42
 13) 15.72 13191  9.04  5.36
 14) 15.58 13225  9.03  5.28
 15) 15.02 13380  8.97  3.60
 16) 12.77 14012  8.74  0.64
 17) 12.51 14027  8.56  0.46
Vertikaalmeting: Grevelingen
Datum:  1-8-78  Vertno  4
X= 61200  Y=413040   tijd: 9.20
vlgn  Temp  CL-g    pH O2Plc
  1) 20.73 13010  9.57  9.80
  2) 20.73 12999  9.58  9.79
  3) 20.73 13010  9.58  9.77
  4) 19.60 12648  9.55  9.77
  5) 17.82 13079  9.29  7.80
  6) 17.76 13074  9.24  7.75
  7) 17.58 13114  9.17  7.63
  8) 17.27 13112  9.17  7.11
  9) 16.81 13098  9.16  5.87
Vertikaalmeting: Grevelingen
Datum:  1-8-78  Vertno  5
X= 59400  Y=414090   tijd: 9.32
vlgn  Temp  CL-g    pH O2Plc
  1) 19.96 13048  9.39  9.45
  2) 19.97 13044  9.40  9.36
  3) 19.85 12914  9.39  9.35
  4) 18.23 13099  9.26  8.12
  5) 18.08 13095  9.18  8.01
  6) 17.77 13092  9.14  7.87
  7) 17.37 13129  9.11  7.17
  8) 17.23 13128  9.10  7.11
  9) 17.04 13158  9.10  6.92
 10) 16.79 13135  9.08  6.70
 11) 16.73 13172  9.09  6.39
 12) 16.49 13158  9.08  6.22
 13) 16.19 13218  9.05  6.00
 14) 15.77 13309  9.03  5.20
 15) 15.72 13310  8.98  5.09
 16) 15.42 13363  8.96  4.94
 17) 15.27 13382  8.94  4.74
 18) 13.38 14248  8.72  0.76
 19) 12.95 14382  8.55  0.50
 20) 12.82 14430  8.56  0.41
 21) 12.69 14473  8.58  0.34
 22) 12.63 14500  8.60  0.29
 23) 12.62 14502  8.60  0.26
 24) 12.58 14531  8.61  0.22
Vertikaalmeting: Grevelingen
Datum:  1-8-78  Vertno  6
X= 58880  Y=415030   tijd: 9.43
vlgn  Temp  CL-g    pH O2Plc
  1) 20.29 13032  9.41  9.73
  2) 20.23 12953  9.40  9.67
  3) 19.92 12995  9.37  9.58
  4) 19.41 13061  9.34  8.94
  5) 19.29 13053  9.31  8.88
  6) 17.90 13095  9.25  7.75
  7) 17.57 13102  9.19  7.05
  8) 17.40 13115  9.15  6.98
  9) 17.25 13122  9.14  6.78
 10) 17.11 13122  9.13  6.72
 11) 17.00 13134  9.11  6.54
 12) 16.87 13154  9.10  6.45
 13) 16.02 13271  9.08  5.45
 14) 15.74 13333  9.00  5.07
 15) 15.27 13428  8.97  4.31
 16) 14.99 13471  8.92  4.25
 17) 13.97 13897  8.83  1.94
 18) 13.49 14185  8.60  1.78
 19) 13.12 14301  8.56  0.47
 20) 12.97 14384  8.58  0.35
 21) 12.87 14403  8.58  0.30
Vertikaalmeting: Grevelingen
Datum:  1-8-78  Vertno  7
X= 57930  Y=417240   tijd:10.00
vlgn  Temp  CL-g    pH O2Plc
  1) 20.02 13050  9.34  9.47
  2) 20.02 13059  9.34  9.47
  3) 19.97 13060  9.34  9.40
  4) 19.86 13069  9.33  9.28
  5) 19.51 13096  9.31  9.04
  6) 18.79 13123  9.27  8.44
  7) 18.53 13121  9.20  8.18
  8) 17.96 13171  9.18  7.90
  9) 17.63 13137  9.15  7.46
 10) 17.47 13156  9.13  7.23
 11) 17.13 13164  9.12  6.99
 12) 16.85 13164  9.10  6.62
 13) 16.48 13181  9.09  6.20
 14) 15.90 13351  9.04  5.10
 15) 15.78 13376  8.95  4.91
 16) 14.24 13828  8.87  2.31
 17) 13.75 14147  8.63  0.95
Vertikaalmeting: Grevelingen
Datum:  1-8-78  Vertno  8
X= 57640  Y=418960   tijd:10.13
vlgn  Temp  CL-g    pH O2Plc
  1) 20.41 13042  9.42  9.32
  2) 20.41 13041  9.42  9.33
  3) 20.41 13038  9.42  9.37
  4) 20.40 13038  9.42  9.33
  5) 20.40 13041  9.42  9.35
  6) 20.39 13037  9.42  9.33
  7) 20.27 13048  9.42  9.22
  8) 20.08 13092  9.41  9.02
  9) 17.60 13216  9.29  7.43
 10) 17.20 13178  9.10  6.74
 11) 16.59 13212  9.08  6.03
 12) 16.47 13225  9.05  5.87
 13) 16.15 13284  9.02  5.43
 14) 15.83 13377  9.01  4.76
 15) 15.30 13457  8.94  3.61
Vertikaalmeting: Grevelingen
Datum:  1-8-78  Vertno  9
X= 56190  Y=420590   tijd:10.27
vlgn  Temp  CL-g    pH O2Plc
  1) 20.39 13078  9.30  9.02
  2) 20.38 13070  9.31  9.05
  3) 20.37 13065  9.32  9.05
  4) 20.29 13076  9.33  9.07
  5) 20.28 13074  9.33  9.07
  6) 20.26 13078  9.33  9.04
  7) 20.24 13078  9.32  9.02
  8) 19.78 12990  9.32  8.90
  9) 17.95 13141  9.22  7.92
 10) 17.12 13188  9.13  6.72
 11) 16.59 13306  9.06  5.90
 12) 16.55 13320  9.00  5.74
Vertikaalmeting: Grevelingen
Datum:  1-8-78  Vertno  10
X= 55200  Y=421430   tijd:10.44
vlgn  Temp  CL-g    pH O2Plc
  1) 20.49 13077  8.41  8.80
  2) 20.48 13074  8.41  8.72
  3) 20.47 13070  8.41  8.75
  4) 20.46 13070  8.41  8.76
  5) 20.43 13066  8.42  8.80
  6) 20.35 13079  8.42  8.77
  7) 20.25 13079  8.40  8.53
  8) 20.24 13081  8.39  8.47
  9) 18.77 13253  8.39  7.83
 10) 16.99 13250  8.28  6.52
 11) 16.92 13210  8.19  6.38
 12) 16.41 13348  8.16  5.55
 13) 16.36 13369  8.10  5.47
 14) 14.34 14231  7.96  1.57
 15) 13.08 14879  7.77  0.50
 16) 12.87 14926  7.74  0.39
 17) 12.62 14980  7.75  0.31
 18) 12.38 14962  7.76  0.25
 19) 12.28 14981  7.76  0.23
 20) 12.21 14966  7.76  0.21
 21) 12.14 14985  7.76  0.17
 22) 12.09 14969  7.77  0.16
Vertikaalmeting: Grevelingen
Datum:  1-8-78  Vertno  11
X= 53870  Y=421140   tijd:10.58
vlgn  Temp  CL-g    pH O2Plc
  1) 20.40 13077  8.51  9.79
  2) 20.42 13077  8.51  9.69
  3) 20.39 13079  8.51  9.71
  4) 20.39 13079  8.50  9.70
  5) 20.37 13081  8.51  9.62
  6) 20.37 13071  8.50  9.55
  7) 20.34 13080  8.49  9.51
  8) 20.01 13031  8.46  8.83
  9) 17.86 13157  8.33  7.64
 10) 17.21 13199  8.24  6.66
 11) 17.13 13170  8.21  6.55
 12) 16.55 13270  8.19  5.78
 13) 16.52 13424  8.16  5.75
 14) 13.96 14512  7.90  0.71
 15) 13.23 14834  7.74  0.50
 16) 12.83 14919  7.77  0.42
 17) 12.75 14932  7.78  0.35
 18) 12.46 14961  7.79  0.29
Vertikaalmeting: Grevelingen
Datum:  1-8-78  Vertno  12
X= 52790  Y=420300   tijd:11.09
vlgn  Temp  CL-g    pH O2Plc
  1) 20.58 13087  8.40  9.18
  2) 20.57 13092  8.40  9.09
  3) 20.57 13074  8.40  9.12
  4) 20.54 13079  8.39  9.15
  5) 20.54 13073  8.39  9.08
  6) 20.47 13069  8.37  8.93
  7) 19.88 13087  8.32  7.82
  8) 17.83 13114  8.29  7.09
  9) 17.54 13142  8.21  7.00
 10) 17.38 13176  8.22  6.77
 11) 17.23 13180  8.21  6.81
Vertikaalmeting: Grevelingen
Datum:  1-8-78  Vertno  13
X= 51940  Y=418800   tijd:11.21
vlgn  Temp  CL-g    pH O2Plc
  1) 20.72 13091  8.40  9.52
  2) 20.73 13092  8.40  9.56
  3) 20.71 13086  8.40  9.56
  4) 20.69 13097  8.40  9.52
  5) 20.65 13095  8.40  9.48
  6) 20.55 13069  8.41  9.45
  7) 18.81 13126  8.35  8.64
  8) 18.61 13094  8.33  8.41
  9) 18.22 13056  8.32  8.37
 10) 17.72 13174  8.27  8.20
 11) 14.06 15239  8.20  1.73
 12) 13.67 15295  7.89  1.51
 13) 13.50 15338  7.92  1.52
 14) 13.20 15460  7.91  1.50
 15) 13.14 15559  7.87  1.28
 16) 13.18 15562  7.87  1.16
 17) 13.18 15570  7.86  1.06
 18) 13.16 15622  7.85  0.89
 19) 13.24 15616  7.85  0.82
 20) 13.24 15609  7.84  0.79
 21) 13.25 15642  7.82  0.71
 22) 13.27 15634  7.82  0.63
 23) 13.29 15649  7.80  0.52
 24) 13.29 15648  7.79  0.42
 25) 13.26 15652  7.79  0.32
 26) 13.24 15649  7.78  0.25
Vertikaalmeting: Grevelingen
Datum:  1-8-78  Vertno  14
X= 51720  Y=418610   tijd:11.30
vlgn  Temp  CL-g    pH O2Plc
  1) 20.76 13103  8.39 10.09
  2) 20.75 13108  8.39 10.07
  3) 20.74 13097  8.39 10.03
  4) 20.74 13100  8.39  9.96
  5) 20.63 13110  8.39  9.75
  6) 20.17 13116  8.37  9.26
  7) 19.16 13154  8.34  8.71
  8) 18.57 13170  8.32  8.62
  9) 17.74 13209  8.29  8.06
 10) 17.15 13326  8.27  6.86
 11) 14.11 15232  8.14  1.79
 12) 13.40 15360  7.91  1.63
 13) 13.24 15419  7.92  1.45
 14) 13.21 15453  7.92  1.48
 15) 13.12 15524  7.88  0.97
 16) 13.15 15556  7.86  0.87
 17) 13.18 15567  7.87  0.86
 18) 13.19 15597  7.85  0.84
 19) 13.23 15624  7.86  0.76
 20) 13.28 15618  7.86  0.75
 21) 13.27 15641  7.84  0.71
 22) 13.29 15651  7.83  0.65
 23) 13.26 15666  7.80  0.40
 24) 13.26 15649  7.79  0.29
 25) 13.24 15663  7.79  0.23
 26) 13.24 15663  7.79  0.20
 27) 13.22 15658  7.79  0.17
 28) 13.21 15657  7.79  0.14
 29) 13.18 15659  7.78  0.13
 30) 13.16 15660  7.79  0.11
 31) 13.15 15663  7.79  0.11
 32) 13.14 15652  7.79  0.10
 33) 13.10 15670  7.80  0.09
 34) 13.08 15662  7.80  0.07
 35) 13.06 15666  7.80  0.08
 36) 13.05 15671  7.81  0.08
Vertikaalmeting: Grevelingen
Datum:  1-8-78  Vertno  15
X= 50710  Y=418280   tijd:11.44
vlgn  Temp  CL-g    pH O2Plc
  1) 20.76 13122  8.41  9.70
  2) 20.76 13118  8.41  9.67
  3) 20.74 13107  8.41  9.60
  4) 20.56 13033  8.41  9.62
  5) 19.58 13021  8.39  9.14
  6) 18.75 13082  8.39  8.79
  7) 18.48 13096  8.35  8.55
  8) 17.93 13151  8.33  8.21
  9) 17.34 13259  8.29  7.24
 10) 16.82 13414  8.25  6.00
 11) 14.70 14960  8.12  2.11
 12) 14.24 15206  7.95  1.90
 13) 13.90 15250  7.98  1.83
 14) 13.55 15391  8.00  1.79
 15) 13.39 15449  7.98  1.71
 16) 13.20 15498  7.95  1.14
 17) 13.24 15579  7.91  1.01
 18) 13.27 15590  7.91  0.89
 19) 13.28 15628  7.88  0.56
 20) 13.30 15630  7.85  0.45
 21) 13.30 15633  7.83  0.29
 22) 13.30 15643  7.83  0.20
 23) 13.29 15646  7.83  0.17
 24) 13.28 15650  7.82  0.15
 25) 13.27 15654  7.82  0.14
 26) 13.25 15652  7.81  0.12
 27) 13.24 15657  7.81  0.10
 28) 13.21 15657  7.81  0.10
 29) 13.19 15664  7.81  0.09
Vertikaalmeting: Grevelingen
Datum:  1-8-78  Vertno  16
X= 49630  Y=418230   tijd:11.57
vlgn  Temp  CL-g    pH O2Plc
  1) 20.99 13102  8.40  9.92
  2) 20.92 13118  8.38  9.86
  3) 20.87 13101  8.39  9.80
  4) 19.82 12944  8.38  9.65
  5) 18.62 13134  8.36  8.34
  6) 18.54 13090  8.30  8.08
  7) 18.27 13142  8.32  7.99
  8) 18.09 13174  8.32  7.99
  9) 17.67 13158  8.27  7.87
 10) 16.38 13552  8.19  5.20
 11) 15.36 14380  8.08  3.02
 12) 14.13 15282  7.95  2.04
 13) 13.95 15318  7.98  1.92
 14) 13.60 15419  7.98  1.84
 15) 13.51 15473  7.97  1.75
 16) 13.42 15539  7.95  1.65
 17) 13.31 15607  7.90  0.63
 18) 13.34 15639  7.85  0.43
Vertikaalmeting: Grevelingen
Datum:  1-8-78  Vertno  17
X= 49210  Y=418210   tijd:12.05
vlgn  Temp  CL-g    pH O2Plc
  1) 21.00 13107  8.37  9.89
  2) 20.96 13096  8.37  9.76
  3) 20.87 13053  8.36  9.74
  4) 19.42 13150  8.34  9.12
  5) 19.10 13157  8.35  9.11
  6) 18.33 13147  8.33  8.50
  7) 17.93 13150  8.30  8.25
  8) 17.49 13214  8.29  7.57
  9) 17.12 13270  8.22  6.53
 10) 16.53 13429  8.13  5.60
 11) 16.40 14005  8.11  5.50
 12) 14.47 15131  7.96  2.29
 13) 13.68 15437  7.95  1.93
 14) 13.61 15459  7.96  1.83
 15) 13.58 15462  7.95  1.73
 16) 13.45 15538  7.93  1.60
 17) 13.38 15577  7.90  1.04
 18) 13.35 15606  7.86  0.70
 19) 13.34 15599  7.84  0.50
 20) 13.34 15633  7.83  0.40
 21) 13.37 15675  7.82  0.32
 22) 13.40 15724  7.82  0.26
 23) 13.43 15773  7.82  0.23
 24) 13.51 15810  7.82  0.19
 25) 13.55 15809  7.82  0.17
 26) 13.56 15817  7.82  0.15
 27) 13.58 15840  7.82  0.14
 28) 13.58 15836  7.82  0.12
 29) 13.60 15868  7.82  0.11
 30) 13.62 15879  7.83  0.11
 31) 13.62 15884  7.83  0.09
Vertikaalmeting: Grevelingen
Datum:  1-8-78  Vertno  18
X= 48800  Y=418160   tijd:12.16
vlgn  Temp  CL-g    pH O2Plc
  1) 21.01 13117  8.40 10.06
  2) 20.99 13107  8.40 10.08
  3) 20.91 13119  8.41 10.00
  4) 19.40 13142  8.39  9.01
  5) 19.28 13124  8.35  8.91
  6) 18.88 13143  8.35  8.82
  7) 18.64 13150  8.34  8.61
  8) 17.91 13171  8.30  7.66
  9) 17.74 13192  8.29  7.57
 10) 16.76 13466  8.27  5.95
 11) 16.56 13847  8.15  5.78
 12) 14.21 15321  8.00  2.02
 13) 14.12 15290  7.95  1.91
 14) 13.81 15389  7.96  1.78
 15) 13.66 15457  7.96  1.67
 16) 13.53 15521  7.94  1.52
 17) 13.38 15605  7.89  0.72
 18) 13.39 15608  7.86  0.59
 19) 13.38 15610  7.85  0.52
 20) 13.38 15651  7.84  0.42
 21) 13.41 15707  7.83  0.32
 22) 13.43 15722  7.83  0.26
 23) 13.47 15789  7.83  0.21
 24) 13.52 15791  7.83  0.18
 25) 13.55 15814  7.83  0.16
 26) 13.58 15847  7.84  0.14
 27) 13.59 15847  7.85  0.13
 28) 13.60 15873  7.84  0.10
 29) 13.61 15859  7.84  0.11
 30) 13.61 15863  7.84  0.08
 31) 13.61 15868  7.85  0.09
 32) 13.62 15880  7.84  0.07
 33) 13.62 15886  7.85  0.08
 34) 13.62 15885  7.84  0.06
 35) 13.63 15898  7.85  0.06
 36) 13.63 15898  7.84  0.05
 37) 13.62 15903  7.85  0.05
 38) 13.62 15893  7.86  0.05
 39) 13.60 15910  7.87  0.04
 40) 13.61 15899  7.87  0.03
 41) 13.60 15913  7.88  0.04
 42) 13.59 15904  7.87  0.04
 43) 13.60 15898  7.88  0.03
 44) 13.59 15908  7.88  0.03
 45) 13.59 15916  7.87  0.03
 46) 13.60 15911  7.88  0.02
 47) 13.59 15906  7.88  0.02
 48) 13.59 15906  7.88  0.02
Vertikaalmeting: Grevelingen
Datum:  1-8-78  Vertno  19
X= 48480  Y=418100   tijd:12.30
vlgn  Temp  CL-g    pH O2Plc
  1) 21.01 13120  8.40 10.15
  2) 20.91 13120  8.40  9.95
  3) 20.78 13100  8.40  9.93
  4) 19.70 13163  8.38  9.35
  5) 19.35 13174  8.35  8.89
  6) 19.17 13151  8.36  8.92
  7) 18.73 13155  8.37  8.85
  8) 17.69 13248  8.34  8.12
  9) 16.96 13389  8.29  6.62
 10) 16.67 13503  8.20  5.80
 11) 15.23 14604  8.13  2.75
 12) 15.08 14813  7.94  2.58
 13) 13.72 15470  7.97  1.99
 14) 13.68 15451  7.98  1.83
 15) 13.55 15504  7.99  1.71
 16) 13.44 15598  7.96  1.17
 17) 13.44 15579  7.93  1.03
 18) 13.40 15631  7.92  0.66
 19) 13.40 15639  7.88  0.51
 20) 13.41 15656  7.87  0.39
 21) 13.43 15680  7.87  0.30
 22) 13.45 15716  7.87  0.23
 23) 13.48 15746  7.87  0.19
 24) 13.50 15754  7.87  0.16
 25) 13.54 15767  7.86  0.14
 26) 13.54 15794  7.87  0.13
 27) 13.57 15827  7.87  0.12
 28) 13.59 15845  7.87  0.10
 29) 13.59 15856  7.88  0.08
Vertikaalmeting: Grevelingen
Datum:  1-8-78  Vertno  20
X= 47850  Y=418420   tijd:12.43
vlgn  Temp  CL-g    pH O2Plc
  1) 21.01 13115  8.44  9.60
  2) 21.02 13115  8.44  9.66
  3) 20.98 13114  8.44  9.71
  4) 20.50 13114  8.44  9.29
  5) 19.10 13184  8.38  8.66
  6) 18.17 13247  8.38  8.23
  7) 17.95 13213  8.35  8.01
  8) 17.59 13225  8.34  7.35
  9) 17.20 13302  8.28  6.70
 10) 16.86 13409  8.24  6.10
 11) 14.94 14856  8.17  2.19
 12) 14.21 15273  7.96  1.78
 13) 14.10 15298  7.97  1.68
Vertikaalmeting: Grevelingen
Datum:  1-8-78  Vertno  21
X= 50940  Y=419640   tijd:13.12
vlgn  Temp  CL-g    pH O2Plc
  1) 20.57 13103  8.39  8.87
  2) 20.53 13100  8.39  8.93
  3) 20.44 13083  8.39  8.87
  4) 19.29 13111  8.37  8.10
  5) 19.10 13011  8.32  8.03
  6) 18.29 13083  8.30  7.85
  7) 17.82 13107  8.25  7.18
  8) 17.12 13172  8.20  6.26
  9) 16.57 13181  8.09  4.68
 10) 16.50 13165  7.97  4.50
Vertikaalmeting: Grevelingen
Datum:  1-8-78  Vertno  22
X= 50080  Y=420370   tijd:13.23
vlgn  Temp  CL-g    pH O2Plc
  1) 20.72 13089  8.43  9.48
  2) 20.72 13103  8.44  9.53
  3) 20.70 13093  8.44  9.51
  4) 20.36 12861  8.42  9.47
  5) 18.99 13111  8.36  8.50
  6) 18.94 13098  8.35  8.40
  7) 18.53 13002  8.33  8.37
  8) 17.90 13099  8.30  7.94
  9) 17.19 13007  8.28  7.50
 10) 16.32 13087  8.23  6.83
 11) 16.17 13060  8.21  6.72
 12) 15.99 13067  8.19  6.57
 13) 15.78 13071  8.16  6.34
Vertikaalmeting: Grevelingen
Datum:  1-8-78  Vertno  23
X= 53400  Y=423750   tijd:13.51
vlgn  Temp  CL-g    pH O2Plc
  1) 20.91 13121  8.48  9.53
  2) 20.92 13117  8.48  9.52
  3) 20.91 13113  8.48  9.53
  4) 20.89 13104  8.48  9.49
  5) 20.87 13104  8.48  9.49
  6) 20.80 13085  8.47  9.43
  7) 20.27 13135  8.45  8.26
  8) 20.11 13112  8.34  8.00
  9) 18.41 13304  8.34  7.14
 10) 18.30 13025  8.30  7.19
 11) 17.47 13110  8.24  6.75
 12) 17.44 13108  8.23  6.52
 13) 17.45 13107  8.24  6.46
 14) 17.43 13109  8.23  6.38
 15) 17.40 13116  8.23  6.33
 16) 17.40 13110  8.23  6.29
 17) 17.39 13099  8.22  6.27
 18) 17.36 13101  8.22  6.24
 19) 17.35 13112  8.22  6.18
 20) 17.34 13102  8.21  6.17
 21) 17.32 13097  8.20  6.16
Vertikaalmeting: Grevelingen
Datum:  1-8-78  Vertno  24
X= 54940  Y=424040   tijd:14.04
vlgn  Temp  CL-g    pH O2Plc
  1) 20.85 13124  8.49  9.21
  2) 20.83 13109  8.49  9.21
  3) 20.78 13122  8.49  9.21
  4) 20.78 13117  8.49  9.14
  5) 20.78 13122  8.48  9.08
  6) 20.81 13162  8.48  9.02
  7) 21.00 13215  8.47  8.63
  8) 21.00 13229  8.47  8.53
  9) 20.05 13186  8.46  8.01
 10) 18.43 13097  8.36  7.31
 11) 18.09 13113  8.29  7.14
 12) 17.85 13108  8.27  6.93
 13) 17.68 13117  8.26  6.80
 14) 17.64 13080  8.24  6.64
 15) 17.50 13109  8.23  6.49
 16) 17.42 13118  8.23  6.36
 17) 17.38 13119  8.23  6.30
 18) 17.37 13118  8.23  6.24
 19) 17.34 13100  8.22  6.18
 20) 17.30 13109  8.21  6.10
 21) 17.28 13103  8.21  6.02
 22) 17.24 13100  8.21  5.98
 23) 17.19 13101  8.19  5.87
 24) 17.09 13112  8.19  5.65
 25) 17.02 13115  8.18  5.53
 26) 16.98 13110  8.18  5.46
 27) 16.94 13099  8.18  5.39
 28) 16.84 13103  8.15  5.18
 29) 16.76 13118  8.14  5.01
 30) 16.58 13107  8.11  4.37
Vertikaalmeting: Grevelingen
Datum:  1-8-78  Vertno  25
X= 56800  Y=421860   tijd:14.23
vlgn  Temp  CL-g    pH O2Plc
  1) 20.22 13090  8.52  9.10
  2) 20.21 13093  8.52  9.12
  3) 20.05 13102  8.51  8.96
  4) 20.01 13066  8.50  8.90
  5) 19.86 13063  8.49  8.78
  6) 19.65 13075  8.48  8.68
  7) 18.79 13118  8.47  8.04
  8) 18.40 13013  8.35  7.92
  9) 17.88 13097  8.30  7.44
 10) 17.77 13075  8.28  7.28
 11) 17.53 13111  8.25  6.82
 12) 17.51 13111  8.25  6.70
 13) 17.48 13108  8.24  6.48
 14) 17.47 13103  8.23  6.38
 15) 17.38 13114  8.22  5.92
 16) 17.33 13109  8.19  5.60
 17) 17.16 13122  8.11  3.97
Vertikaalmeting: Grevelingen
Datum:  1-8-78  Vertno  26
X= 60100  Y=419810   tijd:14.45
vlgn  Temp  CL-g    pH O2Plc
  1) 20.39 13123  8.66  9.21
  2) 20.32 13108  8.66  9.16
  3) 20.29 13121  8.66  9.09
  4) 20.22 13117  8.65  9.00
  5) 19.61 13102  8.63  8.38
  6) 19.46 13098  8.55  8.22
  7) 17.87 13079  8.51  7.05
  8) 17.58 13124  8.26  6.16
  9) 17.57 13089  8.25  6.04
 10) 17.41 13149  8.24  5.07
 11) 17.41 13143  8.23  4.94
 12) 17.37 13129  8.23  4.85
Vertikaalmeting: Grevelingen
Datum:  1-8-78  Vertno  27
X= 61500  Y=416520   tijd:15.06
vlgn  Temp  CL-g    pH O2Plc
  1) 20.87 13042  8.72  9.24
  2) 20.81 13049  8.73  9.19
  3) 20.14 13067  8.72  8.35
  4) 18.24 13111  8.61  5.87
  5) 17.79 13170  8.32  5.18
  6) 17.82 13208  8.38  5.13
Vertikaalmeting: Grevelingen
Datum:  1-8-78  Vertno  28
X= 61690  Y=413650   tijd:15.23
vlgn  Temp  CL-g    pH O2Plc
  1) 21.26 12993  8.76 10.27
  2) 21.12 12997  8.76  9.85
  3) 19.23 13098  8.67  7.34
  4) 18.42 13210  8.44  4.99
  5) 18.40 13193  8.47  4.84
  6) 18.15 13199  8.47  4.00
  7) 17.96 13081  8.39  3.39
Vertikaalmeting: Grevelingen
Datum:  1-8-78  Vertno  29
X= 62380  Y=412310   tijd:15.34
vlgn  Temp  CL-g    pH O2Plc
  1) 20.84 13017  8.73  9.84
  2) 20.74 13016  8.72  9.72
  3) 18.25 13005  8.69  7.60
  4) 17.71 13069  8.44  7.14
  5) 17.63 13072  8.37  7.02
  6) 17.43 13107  8.34  7.00
  7) 17.40 13120  8.31  6.93
  8) 17.26 13101  8.30  6.94
  9) 16.68 13104  8.29  6.05
 10) 16.42 13084  8.29  5.96
 11) 15.94 13182  8.22  5.23
 12) 15.84 13169  8.19  5.17
 13) 15.71 13204  8.17  5.15
 14) 15.19 13306  8.14  4.08
 15) 14.99 13370  8.04  3.91
 16) 13.66 13825  7.85  0.62
Vertikaalmeting: Grevelingen
Datum:  1-8-78  Vertno  30
X= 65290  Y=412100   tijd:15.54
vlgn  Temp  CL-g    pH O2Plc
  1) 21.29 13004  8.71  9.27
  2) 21.22 12995  8.73  9.23
  3) 21.10 12986  8.73  9.21
  4) 17.70 13056  8.58  6.71
  5) 17.57 13001  8.45  6.62
  6) 17.37 13039  8.42  6.51
  7) 17.15 13038  8.41  6.18
  8) 16.94 13076  8.37  5.95
  9) 16.80 13076  8.34  5.48
 10) 16.71 13080  8.33  5.25
 11) 16.66 13070  8.31  5.15
 12) 16.58 13087  8.31  5.05
 13) 16.51 13103  8.30  5.00
 14) 16.33 13065  8.29  4.96
 15) 16.21 13115  8.18  4.54
Vertikaalmeting: Grevelingen
Datum:  1-8-78  Vertno  31
X= 67390  Y=411400   tijd:16.09
vlgn  Temp  CL-g    pH O2Plc
  1) 20.34 13006  8.67  9.51
  2) 20.27 13005  8.67  9.56
  3) 20.25 12998  8.67  9.60
  4) 20.21 12997  8.66  9.60
  5) 18.07 13014  8.65  7.42
  6) 17.76 13047  8.47  7.13
  7) 17.40 13046  8.45  6.45
  8) 17.10 13052  8.39  5.59
  9) 17.04 13029  8.37  5.63
 10) 16.67 13094  8.33  5.13
 11) 16.65 13085  8.31  5.02
 12) 16.63 13079  8.31  5.01
Vertikaalmeting: Grevelingen
Datum:  1-8-78  Vertno  32
X= 65330  Y=409970   tijd:16.25
vlgn  Temp  CL-g    pH O2Plc
  1) 18.40 13142  8.46  8.21
  2) 18.21 12957  8.39  8.08
  3) 17.43 13098  8.31  7.48
  4) 17.26 13121  8.29  6.78
  5) 17.26 13108  8.29  6.70
  6) 17.26 13123  8.29  6.69
  7) 17.26 13128  8.29  6.65
  8) 17.36 13185  8.28  6.57
++++
