Vertikaalmeting: Grevelingen
Datum:  6-1-78  Vertno  1
X= 65240  Y=409970   tijd: 7.49
vlgn  Temp  CL-g
  1)  3.70 12722
  2)  3.70 12722
  3)  3.70 12715
  4)  3.70 12722
  5)  3.70 12728
  6)  3.70 12728
  7)  3.70 12722
  8)  3.71 12724
  9)  3.72 12720
Vertikaalmeting: Grevelingen
Datum:  6-1-78  Vertno  2
X= 63360  Y=411570   tijd: 8.04
vlgn  Temp  CL-g
  1)  3.60 12735
  2)  3.61 12738
  3)  3.61 12731
  4)  3.61 12744
  5)  3.60 12735
  6)  3.60 12735
  7)  3.61 12738
  8)  3.59 12739
  9)  3.58 12743
 10)  3.58 12743
Vertikaalmeting: Grevelingen
Datum:  6-1-78  Vertno  3
X= 62280  Y=412200   tijd: 8.24
vlgn  Temp  CL-g
  1)  3.85 12745
  2)  3.85 12745
  3)  3.85 12745
  4)  3.86 12747
  5)  3.86 12747
  6)  3.86 12747
  7)  3.86 12747
  8)  3.86 12741
  9)  3.86 12747
 10)  3.86 12747
 11)  3.86 12747
 12)  3.86 12747
 13)  3.86 12747
 14)  3.86 12747
 15)  3.86 12747
 16)  3.86 12754
 17)  3.86 12754
Vertikaalmeting: Grevelingen
Datum:  6-1-78  Vertno  4
X= 61140  Y=413040   tijd: 8.32
vlgn  Temp  CL-g
  1)  3.96 12743
  2)  3.95 12749
  3)  3.96 12752
  4)  3.95 12755
  5)  3.95 12755
  6)  3.95 12752
  7)  3.95 12750
  8)  3.94 12753
  9)  3.95 12751
Vertikaalmeting: Grevelingen
Datum:  6-1-78  Vertno  5
X= 59500  Y=414150   tijd: 8.43
vlgn  Temp  CL-g
  1)  4.13 12697
  2)  4.14 12707
  3)  4.14 12710
  4)  4.15 12738
  5)  4.15 12743
  6)  4.15 12740
  7)  4.16 12741
  8)  4.16 12756
  9)  4.17 12765
 10)  4.17 12758
 11)  4.18 12754
 12)  4.18 12755
 13)  4.18 12768
 14)  4.19 12767
 15)  4.19 12772
 16)  4.19 12769
 17)  4.19 12768
 18)  4.20 12773
 19)  4.20 12778
 20)  4.21 12776
Vertikaalmeting: Grevelingen
Datum:  6-1-78  Vertno  6
X= 58810  Y=415060   tijd: 8.50
vlgn  Temp  CL-g
  1)  4.17 12768
  2)  4.17 12766
  3)  4.18 12761
  4)  4.18 12769
  5)  4.18 12775
  6)  4.18 12760
  7)  4.17 12770
  8)  4.18 12770
  9)  4.18 12776
 10)  4.18 12767
 11)  4.18 12762
 12)  4.18 12780
 13)  4.17 12770
 14)  4.18 12777
 15)  4.18 12768
 16)  4.17 12770
 17)  4.17 12775
 18)  4.17 12778
 19)  4.17 12774
 20)  4.16 12782
 21)  4.16 12772
 22)  4.16 12772
 23)  4.16 12776
Vertikaalmeting: Grevelingen
Datum:  6-1-78  Vertno  7
X= 57960  Y=417330   tijd: 9.12
vlgn  Temp  CL-g
  1)  4.07 12751
  2)  4.06 12757
  3)  4.06 12747
  4)  4.07 12749
  5)  4.07 12754
  6)  4.07 12753
  7)  4.07 12755
  8)  4.07 12755
  9)  4.07 12758
 10)  4.08 12765
 11)  4.09 12768
 12)  4.10 12765
 13)  4.11 12764
 14)  4.10 12758
 15)  4.06 12767
 16)  4.03 12769
 17)  4.01 12774
 18)  3.94 12757
Vertikaalmeting: Grevelingen
Datum:  6-1-78  Vertno  8
X= 57550  Y=418980   tijd: 9.22
vlgn  Temp  CL-g
  1)  3.95 12734
  2)  3.94 12737
  3)  3.94 12737
  4)  3.92 12744
  5)  3.92 12747
  6)  3.90 12752
  7)  3.90 12752
  8)  3.90 12752
  9)  3.89 12747
 10)  3.90 12757
 11)  3.90 12754
 12)  3.91 12758
 13)  3.91 12783
 14)  3.91 12791
 15)  3.91 12775
 16)  3.90 12790
 17)  3.89 12787
Vertikaalmeting: Grevelingen
Datum:  6-1-78  Vertno  9
X= 56440  Y=420680   tijd: 9.34
vlgn  Temp  CL-g
  1)  3.92 12788
  2)  3.92 12793
  3)  3.92 12772
  4)  3.90 12798
  5)  3.89 12788
  6)  3.88 12784
  7)  3.86 12789
  8)  3.85 12792
  9)  3.85 12764
 10)  3.81 12763
 11)  3.75 12780
 12)  3.75 12786
Vertikaalmeting: Grevelingen
Datum:  6-1-78  Vertno  10
X= 55230  Y=421430   tijd: 9.42
vlgn  Temp  CL-g
  1)  4.14 12813
  2)  4.15 12812
  3)  4.15 12811
  4)  4.14 12817
  5)  4.15 12817
  6)  4.14 12816
  7)  4.15 12807
  8)  4.15 12810
  9)  4.15 12809
 10)  4.14 12817
 11)  4.14 12817
 12)  4.14 12819
 13)  4.15 12814
 14)  4.15 12815
 15)  4.14 12814
 16)  4.15 12817
 17)  4.15 12812
 18)  4.14 12816
 19)  4.14 12814
 20)  4.15 12813
 21)  4.15 12812
 22)  4.14 12816
Vertikaalmeting: Grevelingen
Datum:  6-1-78  Vertno  11
X= 53780  Y=421030   tijd: 9.52
vlgn  Temp  CL-g
  1)  4.13 12806
  2)  4.13 12812
  3)  4.13 12807
  4)  4.13 12813
  5)  4.13 12813
  6)  4.13 12803
  7)  4.13 12808
  8)  4.13 12808
  9)  4.14 12804
 10)  4.13 12818
 11)  4.13 12820
 12)  4.14 12813
 13)  4.14 12815
 14)  4.15 12819
 15)  4.16 12820
 16)  4.16 12821
Vertikaalmeting: Grevelingen
Datum:  6-1-78  Vertno  12
X= 52690  Y=420310   tijd:10.01
vlgn  Temp  CL-g
  1)  4.30 12822
  2)  4.30 12814
  3)  4.30 12823
  4)  4.29 12817
  5)  4.29 12817
  6)  4.29 12827
  7)  4.30 12825
  8)  4.30 12828
  9)  4.30 12819
 10)  4.32 12820
 11)  4.32 12836
Vertikaalmeting: Grevelingen
Datum:  6-1-78  Vertno  13
X= 51760  Y=418940   tijd:10.10
vlgn  Temp  CL-g
  1)  4.26 12817
  2)  4.26 12819
  3)  4.27 12825
  4)  4.27 12807
  5)  4.27 12811
  6)  4.27 12816
  7)  4.27 12815
  8)  4.27 12812
  9)  4.27 12816
 10)  4.27 12815
 11)  4.27 12812
 12)  4.27 12820
 13)  4.27 12823
 14)  4.27 12823
 15)  4.28 12814
 16)  4.28 12820
 17)  4.28 12824
 18)  4.28 12816
 19)  4.28 12824
 20)  4.28 12817
 21)  4.28 12821
 22)  4.28 12824
 23)  4.28 12822
 24)  4.28 12825
Vertikaalmeting: Grevelingen
Datum:  6-1-78  Vertno  14
X= 51610  Y=418630   tijd:10.17
vlgn  Temp  CL-g
  1)  4.11 12795
  2)  4.12 12786
  3)  4.11 12792
  4)  4.10 12796
  5)  4.10 12791
  6)  4.09 12800
  7)  4.10 12805
  8)  4.10 12802
  9)  4.09 12801
 10)  4.09 12802
 11)  4.10 12804
 12)  4.09 12804
 13)  4.10 12802
 14)  4.11 12805
 15)  4.11 12802
 16)  4.11 12804
 17)  4.10 12802
 18)  4.11 12807
 19)  4.12 12810
 20)  4.13 12804
 21)  4.14 12814
 22)  4.16 12817
 23)  4.29 12781
 24)  4.27 12834
 25)  4.37 12829
 26)  4.43 12847
 27)  4.50 12848
 28)  4.53 12851
 29)  4.54 12865
 30)  4.56 12861
 31)  4.57 12875
 32)  4.58 12870
 33)  4.58 12865
 34)  4.58 12876
 35)  4.58 12870
 36)  4.58 12871
 37)  4.58 12881
 38)  4.58 12881
Vertikaalmeting: Grevelingen
Datum:  6-1-78  Vertno  15
X= 50690  Y=418360   tijd:10.27
vlgn  Temp  CL-g
  1)  4.38 12830
  2)  4.38 12838
  3)  4.38 12831
  4)  4.38 12831
  5)  4.38 12841
  6)  4.39 12827
  7)  4.38 12837
  8)  4.38 12836
  9)  4.38 12837
 10)  4.38 12839
 11)  4.38 12837
 12)  4.39 12836
 13)  4.39 12830
 14)  4.39 12837
 15)  4.40 12840
 16)  4.40 12851
 17)  4.41 12838
 18)  4.43 12857
 19)  4.42 12845
 20)  4.44 12852
 21)  4.45 12855
 22)  4.45 12849
 23)  4.45 12855
 24)  4.45 12849
 25)  4.45 12850
 26)  4.45 12850
 27)  4.46 12857
Vertikaalmeting: Grevelingen
Datum:  6-1-78  Vertno  16
X= 49680  Y=418240   tijd:10.35
vlgn  Temp  CL-g
  1)  4.48 12858
  2)  4.48 12852
  3)  4.48 12846
  4)  4.48 12848
  5)  4.48 12846
  6)  4.48 12850
  7)  4.48 12855
  8)  4.47 12857
  9)  4.48 12850
 10)  4.47 12860
 11)  4.48 12854
 12)  4.48 12850
 13)  4.48 12851
 14)  4.47 12864
 15)  4.48 12854
 16)  4.49 12860
 17)  4.48 12857
Vertikaalmeting: Grevelingen
Datum:  6-1-78  Vertno  17
X= 49140  Y=418210   tijd:10.41
vlgn  Temp  CL-g
  1)  4.45 12852
  2)  4.45 12862
  3)  4.46 12863
  4)  4.46 12852
  5)  4.45 12848
  6)  4.44 12862
  7)  4.43 12853
  8)  4.43 12862
  9)  4.43 12865
 10)  4.45 12867
 11)  4.44 12865
 12)  4.44 12856
 13)  4.44 12866
 14)  4.44 12869
 15)  4.44 12865
 16)  4.44 12871
 17)  4.44 12858
 18)  4.44 12863
 19)  4.45 12862
 20)  4.44 12876
 21)  4.45 12871
 22)  4.46 12873
 23)  4.46 12868
 24)  4.46 12863
 25)  4.46 12867
 26)  4.46 12879
 27)  4.46 12864
 28)  4.47 12868
 29)  4.46 12863
 30)  4.46 12866
Vertikaalmeting: Grevelingen
Datum:  6-1-78  Vertno  18
X= 48820  Y=418200   tijd:10.46
vlgn  Temp  CL-g
  1)  4.50 12850
  2)  4.49 12855
  3)  4.49 12861
  4)  4.49 12859
  5)  4.47 12850
  6)  4.46 12868
  7)  4.47 12853
  8)  4.46 12856
  9)  4.46 12866
 10)  4.45 12863
 11)  4.45 12872
 12)  4.45 12860
 13)  4.45 12862
 14)  4.45 12860
 15)  4.45 12866
 16)  4.45 12859
 17)  4.45 12864
 18)  4.46 12858
 19)  4.46 12860
 20)  4.47 12864
 21)  4.47 12866
 22)  4.48 12864
 23)  4.48 12871
 24)  4.48 12865
 25)  4.48 12862
 26)  4.48 12862
 27)  4.48 12866
 28)  4.48 12874
 29)  4.48 12866
 30)  4.48 12865
 31)  4.48 12877
 32)  4.48 12871
 33)  4.49 12882
 34)  4.49 12886
 35)  4.50 12874
 36)  4.50 12879
 37)  4.50 12875
 38)  4.51 12880
 39)  4.51 12868
 40)  4.51 12884
 41)  4.52 12877
 42)  4.51 12883
 43)  4.52 12879
 44)  4.52 12881
 45)  4.51 12876
Vertikaalmeting: Grevelingen
Datum:  6-1-78  Vertno  19
X= 48470  Y=418170   tijd:10.56
vlgn  Temp  CL-g
  1)  4.51 12867
  2)  4.51 12853
  3)  4.52 12861
  4)  4.51 12856
  5)  4.51 12858
  6)  4.51 12859
  7)  4.52 12863
  8)  4.52 12857
  9)  4.52 12861
 10)  4.51 12869
 11)  4.52 12870
 12)  4.52 12869
 13)  4.53 12869
 14)  4.52 12870
 15)  4.52 12871
 16)  4.53 12868
 17)  4.53 12868
 18)  4.53 12866
 19)  4.53 12877
 20)  4.53 12861
 21)  4.54 12873
 22)  4.54 12873
 23)  4.54 12869
 24)  4.54 12876
 25)  4.54 12872
 26)  4.55 12869
 27)  4.55 12871
 28)  4.55 12864
 29)  4.55 12881
 30)  4.55 12882
Vertikaalmeting: Grevelingen
Datum:  6-1-78  Vertno  20
X= 47870  Y=418450   tijd:11.03
vlgn  Temp  CL-g
  1)  4.53 12871
  2)  4.53 12871
  3)  4.53 12872
  4)  4.53 12863
  5)  4.53 12861
  6)  4.54 12868
  7)  4.53 12873
  8)  4.54 12868
  9)  4.53 12869
 10)  4.53 12875
 11)  4.53 12870
 12)  4.53 12863
 13)  4.53 12864
Vertikaalmeting: Grevelingen
Datum:  6-1-78  Vertno  21
X= 51010  Y=419550   tijd:11.25
vlgn  Temp  CL-g
  1)  4.11 12808
  2)  4.11 12809
  3)  4.11 12810
  4)  4.12 12810
  5)  4.11 12809
  6)  4.12 12817
Vertikaalmeting: Grevelingen
Datum:  6-1-78  Vertno  22
X= 50070  Y=420440   tijd:11.33
vlgn  Temp  CL-g
  1)  4.00 12804
  2)  4.00 12799
  3)  4.01 12798
  4)  4.02 12770
  5)  3.97 12786
  6)  3.95 12795
  7)  3.96 12804
  8)  3.97 12796
  9)  3.97 12802
 10)  3.97 12796
 11)  3.97 12788
 12)  3.96 12776
 13)  3.92 12790
 14)  3.91 12796
 15)  3.91 12799
 16)  3.91 12802
 17)  3.90 12795
Vertikaalmeting: Grevelingen
Datum:  6-1-78  Vertno  23
X= 53210  Y=423490   tijd:11.56
vlgn  Temp  CL-g
  1)  3.88 12801
  2)  3.87 12793
  3)  3.87 12793
  4)  3.87 12795
  5)  3.87 12792
  6)  3.86 12794
  7)  3.87 12804
  8)  3.87 12800
  9)  3.86 12805
Vertikaalmeting: Grevelingen
Datum:  6-1-78  Vertno  24
X= 54910  Y=424070   tijd:12.06
vlgn  Temp  CL-g
  1)  3.95 12796
  2)  3.94 12803
  3)  3.94 12806
  4)  3.94 12799
  5)  3.94 12794
  6)  3.93 12800
  7)  3.94 12797
  8)  3.95 12800
  9)  3.94 12798
 10)  3.95 12800
 11)  3.95 12805
 12)  3.95 12798
 13)  3.95 12797
 14)  3.94 12806
 15)  3.94 12796
 16)  3.93 12800
 17)  3.93 12808
 18)  3.93 12802
 19)  3.94 12802
 20)  3.94 12806
 21)  3.93 12804
 22)  3.94 12800
 23)  3.94 12806
 24)  3.94 12810
 25)  3.94 12808
 26)  3.93 12812
 27)  3.93 12804
 28)  3.93 12805
 29)  3.92 12808
Vertikaalmeting: Grevelingen
Datum:  6-1-78  Vertno  25
X= 56810  Y=421830   tijd:12.23
vlgn  Temp  CL-g
  1)  3.59 12698
  2)  3.59 12702
  3)  3.58 12705
  4)  3.58 12718
  5)  3.58 12727
  6)  3.57 12732
  7)  3.57 12739
  8)  3.57 12740
  9)  3.58 12745
 10)  3.59 12752
 11)  3.58 12756
 12)  3.59 12757
 13)  3.59 12758
 14)  3.59 12760
 15)  3.58 12758
 16)  3.57 12761
 17)  3.57 12766
Vertikaalmeting: Grevelingen
Datum:  6-1-78  Vertno  26
X= 60170  Y=419730   tijd:12.42
vlgn  Temp  CL-g
  1)  3.24 12758
  2)  3.25 12755
  3)  3.24 12756
  4)  3.24 12755
  5)  3.25 12758
  6)  3.25 12767
  7)  3.26 12767
  8)  3.26 12769
  9)  3.25 12765
 10)  3.20 12751
 11)  3.11 12778
 12)  3.11 12768
 13)  3.09 12767
Vertikaalmeting: Grevelingen
Datum:  6-1-78  Vertno  27
X= 61750  Y=413650   tijd:13.12
vlgn  Temp  CL-g
  1)  4.04 12742
  2)  4.04 12743
  3)  4.03 12748
  4)  4.03 12750
  5)  4.03 12743
  6)  4.02 12743
  7)  4.02 12748
Vertikaalmeting: Grevelingen
Datum:  6-1-78  Vertno  28
X= 62380  Y=412320   tijd:13.21
vlgn  Temp  CL-g
  1)  3.94 12747
  2)  3.94 12749
  3)  3.94 12742
  4)  3.94 12747
  5)  3.93 12748
  6)  3.93 12746
  7)  3.93 12747
  8)  3.92 12751
  9)  3.92 12756
 10)  3.91 12750
 11)  3.88 12757
 12)  3.84 12752
 13)  3.81 12757
 14)  3.75 12737
 15)  3.71 12748
 16)  3.70 12742
Vertikaalmeting: Grevelingen
Datum:  6-1-78  Vertno  29
X= 61120  Y=409880   tijd:13.48
vlgn  Temp  CL-g
  1)  3.76 12726
  2)  3.75 12731
  3)  3.75 12726
  4)  3.75 12732
  5)  3.75 12732
  6)  3.75 12737
  7)  3.75 12739
  8)  3.75 12741
  9)  3.74 12739
 10)  3.74 12746
 11)  3.75 12735
 12)  3.75 12740
 13)  3.75 12739
 14)  3.75 12747
 15)  3.75 12738
Vertikaalmeting: Grevelingen
Datum:  6-1-78  Vertno  30
X= 63430  Y=409120   tijd:14.00
vlgn  Temp  CL-g
  1)  3.61 12706
  2)  3.60 12711
  3)  3.58 12718
  4)  3.58 12718
  5)  3.58 12717
  6)  3.58 12721
  7)  3.57 12721
  8)  3.57 12711
  9)  3.55 12717
 10)  3.55 12714
 11)  3.54 12726
 12)  3.57 12722
Vertikaalmeting: Grevelingen
Datum:  6-1-78  Vertno  31
X= 61280  Y=407720   tijd:14.12
vlgn  Temp  CL-g
  1)  3.69 12725
  2)  3.69 12723
  3)  3.69 12722
  4)  3.68 12717
  5)  3.66 12726
  6)  3.66 12724
  7)  3.66 12725
  8)  3.67 12716
  9)  3.66 12724
++++
