Vertikaalmeting: Grevelingen
Datum:  22-1-79  Vertno  1
X= 65330  Y=409900   tijd:10.08
vlgn  Temp  CL-g
  1) -0.99 15788
  2) -0.98 15787
  3) -0.97 15790
  4) -0.94 15802
  5) -0.92 15806
  6) -0.93 15810
  7) -0.91 15807
  8) -0.93 15835
Vertikaalmeting: Grevelingen
Datum:  22-1-79  Vertno  2
X= 67470  Y=411310   tijd:10.33
vlgn  Temp  CL-g
  1) -1.53 16366
  2) -1.44 16321
  3) -0.97 16065
  4) -0.81 15988
  5) -0.70 15934
  6) -0.68 15926
  7) -0.68 15931
  8) -0.62 16306
  9) -0.08 16301
 10)  0.25 16560
 11)  0.75 16353
 12)  0.97 16445
Vertikaalmeting: Grevelingen
Datum:  22-1-79  Vertno  3
X= 65300  Y=412070   tijd:10.45
vlgn  Temp  CL-g
  1) -1.07 15822
  2) -1.01 15790
  3) -0.99 15783
  4) -0.97 15837
  5) -0.81 15842
  6) -0.77 15859
  7) -0.72 15888
  8) -0.68 15900
  9) -0.64 15926
 10) -0.56 15939
 11) -0.47 15999
 12) -0.38 15981
 13) -0.08 16220
 14)  0.37 16232
 15)  0.46 16220
 16)  0.52 16235
Vertikaalmeting: Grevelingen
Datum:  22-1-79  Vertno  4
X= 61710  Y=413630   tijd:11.06
vlgn  Temp  CL-g
  1) -1.45 16024
  2) -1.21 15911
  3) -1.06 15886
  4) -0.91 16072
  5) -0.70 15986
  6) -0.67 15999
  7) -0.63 16043
Vertikaalmeting: Grevelingen
Datum:  22-1-79  Vertno  5
X= 60180  Y=419670   tijd:11.41
vlgn  Temp  CL-g
  1) -2.71 16090
  2) -2.56 16158
  3) -2.46 16107
  4) -2.36 16048
  5) -2.27 16027
  6) -2.11 15951
  7) -1.94 15849
  8) -1.89 15819
  9) -1.85 15806
 10) -1.81 15791
 11) -1.78 15772
 12) -1.75 15755
 13) -1.72 15796
Vertikaalmeting: Grevelingen
Datum:  22-1-79  Vertno  6
X= 56830  Y=421790   tijd:12.07
vlgn  Temp  CL-g
  1) -1.86 15779
  2) -1.82 15762
  3) -1.78 15737
  4) -1.74 15713
  5) -1.70 15692
  6) -1.66 15675
  7) -1.65 15670
  8) -1.63 15663
  9) -1.62 15658
 10) -1.62 15661
 11) -1.61 15653
 12) -1.58 15641
 13) -1.57 15636
 14) -1.53 15624
 15) -1.47 15598
 16) -1.48 15635
 17) -1.37 15612
Vertikaalmeting: Grevelingen
Datum:  22-1-79  Vertno  7
X= 54930  Y=424050   tijd:12.24
vlgn  Temp  CL-g
  1) -1.32 15542
  2) -1.32 15540
  3) -1.32 15541
  4) -1.32 15542
  5) -1.32 15544
  6) -1.32 15541
  7) -1.32 15545
  8) -1.32 15549
  9) -1.33 15555
 10) -1.33 15556
 11) -1.33 15563
 12) -1.33 15567
 13) -1.32 15587
 14) -1.32 15578
 15) -1.32 15581
 16) -1.31 15587
 17) -1.31 15592
 18) -1.31 15589
 19) -1.32 15603
 20) -1.33 15607
 21) -1.34 15612
 22) -1.39 15641
 23) -1.43 15651
 24) -1.48 15666
 25) -1.53 15690
 26) -1.53 15715
 27) -1.50 15735
 28) -1.49 15739
 29) -1.46 15739
Vertikaalmeting: Grevelingen
Datum:  22-1-79  Vertno  8
X= 53390  Y=423760   tijd:12.39
vlgn  Temp  CL-g
  1) -2.23 15900
  2) -2.15 15730
  3) -2.09 15899
  4) -2.03 15872
  5) -1.98 15853
  6) -1.93 15829
  7) -1.89 15822
  8) -1.85 15806
  9) -1.80 15794
 10) -1.76 15774
 11) -1.72 15754
 12) -1.68 15737
 13) -1.65 15723
 14) -1.64 15728
 15) -1.63 15751
 16) -1.61 15725
 17) -1.56 15686
 18) -1.54 15688
 19) -1.48 15685
 20) -1.42 15653
Vertikaalmeting: Grevelingen
Datum:  22-1-79  Vertno  9
X= 51350  Y=421640   tijd:12.56
vlgn  Temp  CL-g
  1) -1.34 15587
  2) -1.33 15589
  3) -1.33 15586
  4) -1.33 15590
  5) -1.33 15589
  6) -1.33 15596
  7) -1.32 15595
  8) -1.32 15594
  9) -1.32 15592
 10) -1.33 15597
 11) -1.33 15593
 12) -1.33 15591
 13) -1.32 15597
 14) -1.33 15598
 15) -1.32 15602
 16) -1.32 15601
 17) -1.30 15607
 18) -1.29 15596
Vertikaalmeting: Grevelingen
Datum:  22-1-79  Vertno  10
X= 50060  Y=420360   tijd:13.09
vlgn  Temp  CL-g
  1) -1.31 15620
  2) -1.31 15622
  3) -1.31 15617
  4) -1.31 15621
  5) -1.30 15624
  6) -1.30 15625
  7) -1.30 15625
  8) -1.29 15627
  9) -1.29 15629
 10) -1.27 15637
 11) -1.26 15641
 12) -1.26 15639
 13) -1.25 15639
 14) -1.24 15642
 15) -1.24 15643
Vertikaalmeting: Grevelingen
Datum:  22-1-79  Vertno  11
X= 50920  Y=419640   tijd:13.19
vlgn  Temp  CL-g
  1) -1.19 15672
  2) -1.19 15672
  3) -1.19 15674
  4) -1.19 15674
  5) -1.19 15679
  6) -1.19 15674
  7) -1.19 15674
  8) -1.19 15679
  9) -1.19 15678
 10) -1.19 15677
Vertikaalmeting: Grevelingen
Datum:  22-1-79  Vertno  12
X= 47490  Y=418830   tijd:13.41
vlgn  Temp  CL-g
  1) -1.24 15654
  2) -1.23 15662
  3) -1.23 15659
  4) -1.23 15661
  5) -1.22 15675
  6) -1.21 15677
  7) -1.21 15687
  8) -1.20 15696
  9) -1.19 15716
 10) -1.07 16249
Vertikaalmeting: Grevelingen
Datum:  22-1-79  Vertno  13
X= 47980  Y=418420   tijd:13.46
vlgn  Temp  CL-g
  1) -1.18 15696
  2) -1.18 15705
  3) -1.18 15704
  4) -1.18 15708
  5) -1.18 15708
  6) -1.18 15714
  7) -1.18 15713
  8) -1.18 15710
  9) -1.17 15746
 10) -1.09 16100
 11) -0.47 16497
 12) -0.01 17084
 13)  0.66 17136
 14)  0.91 17247
 15)  1.06 17217
Vertikaalmeting: Grevelingen
Datum:  22-1-79  Vertno  14
X= 48780  Y=418150   tijd:13.53
vlgn  Temp  CL-g
  1) -1.17 15711
  2) -1.16 15702
  3) -1.16 15707
  4) -1.16 15701
  5) -1.16 15703
  6) -1.16 15710
  7) -1.16 15733
  8) -1.14 15763
  9) -1.10 16095
 10) -0.71 16615
 11) -0.05 16803
 12)  0.23 16902
 13)  0.45 17052
 14)  0.62 17129
 15)  0.81 17181
 16)  0.88 17167
 17)  0.93 17253
 18)  1.05 17467
 19)  1.24 17592
 20)  1.50 17549
 21)  1.69 17720
 22)  1.91 17689
 23)  2.08 17658
 24)  2.12 17651
 25)  2.14 17660
 26)  2.14 17670
 27)  2.14 17678
 28)  2.13 17697
 29)  2.13 17709
 30)  2.13 17724
 31)  2.12 17728
 32)  2.12 17740
 33)  2.12 17748
 34)  2.12 17749
 35)  2.12 17747
 36)  2.11 17755
 37)  2.11 17759
 38)  2.11 17763
 39)  2.11 17761
 40)  2.12 17770
 41)  2.12 17770
 42)  2.13 17769
 43)  2.13 17770
 44)  2.13 17772
 45)  2.13 17776
 46)  2.14 17774
 47)  2.14 17775
 48)  2.14 17769
Vertikaalmeting: Grevelingen
Datum:  22-1-79  Vertno  15
X= 49760  Y=418230   tijd:14.09
vlgn  Temp  CL-g
  1) -1.14 15725
  2) -1.13 15728
  3) -1.14 15727
  4) -1.13 15730
  5) -1.13 15742
  6) -1.12 15745
  7) -1.11 15747
  8) -1.09 15807
  9) -0.94 15998
 10) -0.42 16626
 11)  0.02 16740
 12)  0.47 16896
 13)  0.63 16890
 14)  0.74 17042
 15)  0.78 17090
 16)  0.84 17125
 17)  0.98 17218
 18)  1.22 17383
Vertikaalmeting: Grevelingen
Datum:  22-1-79  Vertno  16
X= 50750  Y=418280   tijd:14.16
vlgn  Temp  CL-g
  1) -1.10 15765
  2) -1.10 15769
  3) -1.10 15772
  4) -1.09 15783
  5) -1.03 15819
  6) -0.92 15896
  7) -0.33 16389
  8) -0.18 16442
  9)  0.24 16748
 10)  0.35 16793
 11)  0.46 16863
 12)  0.49 16894
 13)  0.60 16970
 14)  0.92 17044
 15)  1.03 17096
 16)  1.18 17173
 17)  1.51 17288
 18)  2.02 17510
 19)  2.11 17517
 20)  2.16 17577
 21)  2.26 17595
 22)  2.26 17621
 23)  2.28 17637
 24)  2.28 17637
 25)  2.27 17648
 26)  2.28 17652
 27)  2.28 17657
 28)  2.29 17655
 29)  2.29 17661
 30)  2.30 17660
 31)  2.30 17655
Vertikaalmeting: Grevelingen
Datum:  22-1-79  Vertno  17
X= 51580  Y=418540   tijd:14.26
vlgn  Temp  CL-g
  1) -1.36 15616
  2) -1.35 15623
  3) -1.34 15631
  4) -1.33 15649
  5) -1.22 15721
  6) -0.75 16202
  7) -0.51 16222
  8) -0.24 16429
  9)  0.04 16767
 10)  0.46 16849
 11)  0.65 16890
 12)  0.76 16975
 13)  0.83 17012
 14)  0.93 17088
 15)  1.05 17232
 16)  1.39 17469
 17)  1.68 17509
 18)  1.95 17548
 19)  2.12 17604
 20)  2.25 17598
 21)  2.27 17587
 22)  2.27 17620
 23)  2.27 17634
 24)  2.25 17649
 25)  2.25 17653
 26)  2.24 17653
 27)  2.25 17656
 28)  2.25 17666
 29)  2.25 17667
 30)  2.26 17659
 31)  2.26 17665
 32)  2.26 17663
 33)  2.27 17666
 34)  2.27 17668
 35)  2.27 17665
 36)  2.28 17666
 37)  2.28 17664
Vertikaalmeting: Grevelingen
Datum:  22-1-79  Vertno  18
X= 52840  Y=420300   tijd:14.42
vlgn  Temp  CL-g
  1) -1.31 15641
  2) -1.31 15640
  3) -1.31 15647
  4) -1.30 15644
  5) -1.30 15644
  6) -1.29 15650
  7) -1.28 15653
  8) -1.27 15648
  9) -1.24 15670
 10) -1.18 15993
 11)  0.16 16930
Vertikaalmeting: Grevelingen
Datum:  22-1-79  Vertno  19
X= 53770  Y=421120   tijd:14.49
vlgn  Temp  CL-g
  1) -1.25 15629
  2) -1.25 15628
  3) -1.25 15630
  4) -1.25 15633
  5) -1.25 15633
  6) -1.25 15630
  7) -1.25 15634
  8) -1.24 15630
  9) -1.24 15630
 10) -1.24 15635
 11) -1.24 15681
 12) -0.94 15890
 13) -0.53 16114
 14) -0.41 16181
 15) -0.09 16466
 16)  0.33 16669
 17)  0.43 16719
 18)  0.45 16745
Vertikaalmeting: Grevelingen
Datum:  22-1-79  Vertno  20
X= 55300  Y=421420   tijd:14.59
vlgn  Temp  CL-g
  1) -1.28 15623
  2) -1.28 15625
  3) -1.28 15623
  4) -1.28 15625
  5) -1.28 15626
  6) -1.28 15630
  7) -1.27 15628
  8) -1.26 15643
  9) -1.24 15665
 10) -1.17 16193
 11) -0.60 16380
 12) -0.36 16754
 13)  0.08 16623
 14)  0.22 16660
 15)  0.27 16679
 16)  0.29 16642
 17)  0.32 16679
 18)  0.35 16693
 19)  0.38 16693
 20)  0.41 16699
 21)  0.50 17932
Vertikaalmeting: Grevelingen
Datum:  22-1-79  Vertno  21
X= 56480  Y=420550   tijd:15.10
vlgn  Temp  CL-g
  1) -1.30 15629
  2) -1.30 15625
  3) -1.30 15630
  4) -1.31 15628
  5) -1.31 15632
  6) -1.30 15627
  7) -1.30 15630
  8) -1.29 15634
  9) -1.27 15658
 10) -1.25 15665
 11) -0.97 15994
 12) -0.42 16189
 13) -0.21 16489
Vertikaalmeting: Grevelingen
Datum:  22-1-79  Vertno  22
X= 57650  Y=419000   tijd:15.21
vlgn  Temp  CL-g
  1) -1.36 15601
  2) -1.36 15607
  3) -1.35 15603
  4) -1.35 15607
  5) -1.35 15610
  6) -1.34 15612
  7) -1.27 15667
  8) -1.21 15657
  9) -1.15 15705
 10) -1.09 15743
 11) -0.93 15921
 12) -0.73 16136
 13) -0.49 16186
 14) -0.11 16297
 15)  0.13 16414
 16)  0.34 16551
Vertikaalmeting: Grevelingen
Datum:  22-1-79  Vertno  23
X= 57970  Y=417240   tijd:15.32
vlgn  Temp  CL-g
  1) -1.32 15614
  2) -1.33 15614
  3) -1.32 15619
  4) -1.32 15615
  5) -1.32 15616
  6) -1.32 15616
  7) -1.32 15621
  8) -1.31 15622
  9) -1.28 15663
 10) -1.05 15763
 11) -0.76 15965
 12) -0.63 16021
 13) -0.57 16047
 14) -0.52 16083
 15) -0.48 16322
 16) -0.12 16723
 17)  0.86 17265
 18)  1.65 17099
 19)  1.78 17109
Vertikaalmeting: Grevelingen
Datum:  22-1-79  Vertno  24
X= 59370  Y=414160   tijd:15.50
vlgn  Temp  CL-g
  1) -1.27 15634
  2) -1.27 15642
  3) -1.26 15640
  4) -1.26 15641
  5) -1.25 15640
  6) -1.25 15642
  7) -1.26 15657
  8) -1.20 15706
  9) -1.17 15778
 10) -1.11 15780
 11) -1.06 15762
 12) -1.03 15857
 13) -0.91 16098
 14) -0.56 16007
 15) -0.37 16461
 16) -0.11 16642
 17)  0.82 17033
 18)  1.22 17067
 19)  1.63 17091
 20)  1.74 17086
 21)  1.78 17116
 22)  1.89 17114
 23)  1.94 17130
 24)  1.98 17139
 25)  2.04 17120
Vertikaalmeting: Grevelingen
Datum:  22-1-79  Vertno  25
X= 61330  Y=413000   tijd:16.05
vlgn  Temp  CL-g
  1) -1.19 15703
  2) -1.19 15708
  3) -1.19 15705
  4) -1.19 15703
  5) -1.19 15712
  6) -1.18 15711
  7) -1.18 15716
  8) -1.15 15732
  9) -1.11 15738
 10) -1.07 15738
Vertikaalmeting: Grevelingen
Datum:  22-1-79  Vertno  26
X= 62410  Y=412120   tijd:16.14
vlgn  Temp  CL-g
  1) -1.15 15701
  2) -1.15 15697
  3) -1.14 15702
  4) -1.14 15706
  5) -1.14 15705
  6) -1.13 15715
  7) -1.12 15722
  8) -1.11 15726
  9) -1.11 15744
 10) -1.08 15788
 11) -1.04 15785
 12) -0.98 15817
 13) -0.28 16323
 14)  0.18 16522
 15)  0.74 16625
 16)  0.95 16704
 17)  1.25 16811
 18)  1.44 16893
Vertikaalmeting: Grevelingen
Datum:  22-1-79  Vertno  27
X= 63380  Y=411580   tijd:16.23
vlgn  Temp  CL-g
  1) -0.98 15815
  2) -0.98 15809
  3) -0.99 15812
  4) -0.98 15819
  5) -0.96 15834
  6) -0.96 15846
  7) -0.95 15851
  8) -0.96 15853
  9) -0.96 15855
 10) -0.96 15867
 11) -0.95 15890
++++
