Vertikaalmeting: Grevelingen
Datum:  4-4-84  Vertno  1
X= 65360  Y=409910   tijd:16.26
vlgn    pH  Temp  CL-g O2Plc
  1)  8.39  5.97 16100 12.02
  2)  8.39  5.96 16127 11.99
  3)  8.39  5.97 16116 12.03
  4)  8.39  5.97 16134 12.00
  5)  8.39  5.97 16129 11.94
  6)  8.36  5.80 16156 11.60
  7)  8.35  5.78 16182 11.49
  8)  8.34  5.76 16185 11.26
  9)  8.32  5.64 16197 10.86
Vertikaalmeting: Grevelingen
Datum:  4-4-84  Vertno  2
X= 66150  Y=410780   tijd:16.13
vlgn    pH  Temp  CL-g O2Plc
  1)  8.38  6.06 16171 11.82
  2)  8.36  5.92 16191 11.74
  3)  8.37  6.03 16189 11.73
  4)  8.35  5.82 16188 11.57
  5)  8.33  5.74 16183 11.14
  6)  8.33  5.71 16183 11.11
  7)  8.32  5.66 16190 10.91
  8)  8.31  5.64 16189 10.88
  9)  8.31  5.64 16189 10.85
 10)  8.31  5.63 16187 10.82
 11)  8.31  5.57 16191 10.71
Vertikaalmeting: Grevelingen
Datum:  4-4-84  Vertno  3
X= 69210  Y=411040   tijd:15.54
vlgn    pH  Temp  CL-g O2Plc
  1)  8.34  5.89 16181 11.54
  2)  8.34  5.91 16186 11.53
  3)  8.34  5.89 16181 11.53
  4)  8.34  5.86 16193 11.53
  5)  8.35  5.87 16205 11.53
  6)  8.35  5.87 16183 11.53
  7)  8.35  5.86 16210 11.39
  8)  8.35  5.83 16190 11.37
  9)  8.34  5.75 16208 11.08
Vertikaalmeting: Grevelingen
Datum:  4-4-84  Vertno  4
X= 68860  Y=411250   tijd:15.37
vlgn    pH  Temp  CL-g O2Plc
  1)  8.33  5.89 16178 11.39
  2)  8.33  5.85 16189 11.39
  3)  8.34  5.84 16192 11.42
  4)  8.34  5.84 16207 11.23
  5)  8.35  5.84 16196 11.25
  6)  8.35  5.85 16194 11.24
  7)  8.35  5.85 16218 11.16
  8)  8.35  5.85 16210 11.21
  9)  8.35  5.84 16211 11.24
 10)  8.34  5.80 16206 11.21
 11)  8.33  5.76 16206 11.04
 12)  8.33  5.65 16213 11.01
 13)  8.31  5.55 16207 10.80
 14)  8.32  5.49 16218 10.75
Vertikaalmeting: Grevelingen
Datum:  4-4-84  Vertno  5
X= 67390  Y=411360   tijd:15.22
vlgn    pH  Temp  CL-g O2Plc
  1)  8.32  5.79 16182 11.30
  2)  8.32  5.77 16186 11.32
  3)  8.32  5.67 16176 11.29
  4)  8.31  5.61 16180 11.07
  5)  8.31  5.61 16187 11.04
  6)  8.31  5.59 16188 11.00
  7)  8.31  5.59 16174 10.97
  8)  8.31  5.58 16184 10.93
  9)  8.31  5.58 16181 10.94
 10)  8.31  5.58 16184 10.93
 11)  8.31  5.58 16189 10.94
 12)  8.31  5.59 16197 10.95
 13)  8.31  5.56 16200 10.87
Vertikaalmeting: Grevelingen
Datum:  4-4-84  Vertno  6
X= 66340  Y=411660   tijd:15.11
vlgn    pH  Temp  CL-g O2Plc
  1)  8.33  5.79 16179 11.27
  2)  8.33  5.77 16182 11.27
  3)  8.33  5.73 16186 11.25
  4)  8.32  5.67 16188 11.18
  5)  8.32  5.63 16191 11.03
  6)  8.32  5.62 16193 10.99
  7)  8.32  5.62 16195 10.98
  8)  8.31  5.62 16188 10.97
  9)  8.31  5.62 16188 10.95
Vertikaalmeting: Grevelingen
Datum:  4-4-84  Vertno  7
X= 65240  Y=412050   tijd:14.57
vlgn    pH  Temp  CL-g O2Plc
  1)  8.34  5.83 16183 11.40
  2)  8.34  5.82 16182 11.39
  3)  8.33  5.76 16182 11.38
  4)  8.32  5.67 16192 11.07
  5)  8.32  5.65 16190 11.05
  6)  8.32  5.64 16186 11.00
  7)  8.31  5.63 16194 10.97
  8)  8.32  5.63 16185 10.95
  9)  8.31  5.63 16193 10.92
 10)  8.32  5.63 16197 10.92
 11)  8.31  5.60 16201 10.91
 12)  8.32  5.62 16200 10.90
 13)  8.32  5.64 16197 10.92
 14)  8.33  5.67 16201 10.99
 15)  8.32  5.67 16201 11.02
Vertikaalmeting: Grevelingen
Datum:  4-4-84  Vertno  8
X= 62440  Y=412340   tijd:14.35
vlgn    pH  Temp  CL-g O2Plc
  1)  8.36  5.89 16156 11.78
  2)  8.35  5.84 16174 11.74
  3)  8.34  5.77 16170 11.41
  4)  8.33  5.75 16172 11.37
  5)  8.33  5.75 16177 11.22
  6)  8.33  5.71 16180 11.13
  7)  8.32  5.71 16189 10.96
  8)  8.33  5.69 16195 10.93
  9)  8.33  5.68 16193 10.92
 10)  8.33  5.69 16187 10.93
 11)  8.33  5.66 16186 10.93
 12)  8.33  5.66 16194 10.92
 13)  8.33  5.66 16192 10.91
 14)  8.33  5.66 16189 10.91
 15)  8.33  5.66 16191 10.89
 16)  8.33  5.67 16190 10.87
 17)  8.33  5.67 16200 10.85
 18)  8.33  5.65 16203 10.81
Vertikaalmeting: Grevelingen
Datum:  4-4-84  Vertno  9
X= 61200  Y=412990   tijd:14.21
vlgn    pH  Temp  CL-g O2Plc
  1)  8.35  5.87 16162 11.41
  2)  8.35  5.84 16155 11.43
  3)  8.34  5.79 16164 11.41
  4)  8.33  5.75 16177 11.18
  5)  8.33  5.76 16176 11.13
  6)  8.32  5.74 16187 11.05
  7)  8.32  5.72 16178 10.98
  8)  8.32  5.72 16182 10.95
  9)  8.32  5.72 16189 10.93
 10)  8.33  5.74 16200 10.90
Vertikaalmeting: Grevelingen
Datum:  4-4-84  Vertno  10
X= 59340  Y=414130   tijd:13.58
vlgn    pH  Temp  CL-g O2Plc
  1)  8.41  5.98 16037 12.42
  2)  8.41  5.99 16034 12.45
  3)  8.37  5.95 16121 11.67
  4)  8.35  5.95 16140 11.15
  5)  8.35  5.94 16139 11.14
  6)  8.35  5.96 16148 11.05
  7)  8.35  5.96 16143 10.99
  8)  8.34  5.93 16146 10.92
  9)  8.33  5.88 16144 10.88
 10)  8.33  5.84 16154 10.85
 11)  8.33  5.80 16149 10.83
 12)  8.33  5.76 16177 10.82
 13)  8.33  5.73 16178 10.84
 14)  8.33  5.70 16188 10.84
 15)  8.33  5.69 16187 10.82
 16)  8.33  5.68 16190 10.81
 17)  8.33  5.66 16181 10.78
 18)  8.33  5.66 16192 10.76
 19)  8.33  5.66 16197 10.75
 20)  8.33  5.66 16195 10.73
 21)  8.33  5.66 16195 10.71
 22)  8.33  5.64 16184 10.65
 23)  8.33  5.65 16199 10.62
 24)  8.33  5.69 16213 10.70
Vertikaalmeting: Grevelingen
Datum:  4-4-84  Vertno  11
X= 58010  Y=417200   tijd:13.32
vlgn    pH  Temp  CL-g O2Plc
  1)  8.41  5.96 16058 12.47
  2)  8.41  5.96 16032 12.50
  3)  8.41  5.97 16058 12.50
  4)  8.35  5.99 16154 11.50
  5)  8.34  5.93 16153 11.07
  6)  8.32  5.72 16168 10.76
  7)  8.32  5.74 16166 10.71
  8)  8.32  5.73 16169 10.66
  9)  8.33  5.73 16175 10.67
 10)  8.33  5.72 16193 10.71
 11)  8.32  5.70 16195 10.74
 12)  8.32  5.65 16204 10.71
 13)  8.31  5.64 16204 10.61
 14)  8.31  5.64 16211 10.59
 15)  8.31  5.63 16216 10.57
 16)  8.30  5.62 16209 10.51
 17)  8.30  5.57 16248 10.42
 18)  8.28  5.52 16256 10.22
 19)  8.28  5.52 16249 10.19
 20)  8.28  5.51 16251 10.18
 21)  8.28  5.49 16244 10.12
Vertikaalmeting: Grevelingen
Datum:  4-4-84  Vertno  12
X= 57590  Y=418980   tijd:13.14
vlgn    pH  Temp  CL-g O2Plc
  1)  8.34  5.83 16153 11.21
  2)  8.32  5.70 16179 10.83
  3)  8.32  5.69 16175 10.81
  4)  8.32  5.68 16180 10.72
  5)  8.31  5.67 16176 10.69
  6)  8.31  5.67 16175 10.68
  7)  8.31  5.69 16192 10.64
  8)  8.31  5.69 16198 10.45
  9)  8.30  5.61 16214 10.41
 10)  8.30  5.56 16224 10.40
 11)  8.30  5.56 16244 10.52
 12)  8.30  5.53 16258 10.54
 13)  8.28  5.44 16262 10.29
 14)  8.28  5.45 16275 10.28
 15)  8.29  5.44 16302 10.33
 16)  8.28  5.44 16275 10.34
 17)  8.28  5.44 16296 10.33
Vertikaalmeting: Grevelingen
Datum:  4-4-84  Vertno  13
X= 56360  Y=420490   tijd:12.54
vlgn    pH  Temp  CL-g O2Plc
  1)  8.32  5.74 16207 11.18
  2)  8.31  5.68 16228 10.85
  3)  8.31  5.71 16230 10.83
  4)  8.31  5.67 16235 10.82
  5)  8.30  5.62 16242 10.77
  6)  8.30  5.57 16240 10.60
  7)  8.29  5.55 16256 10.56
  8)  8.29  5.54 16250 10.51
  9)  8.29  5.48 16278 10.51
 10)  8.29  5.48 16267 10.55
 11)  8.29  5.46 16279 10.57
 12)  8.29  5.46 16284 10.59
 13)  8.29  5.46 16281 10.59
 14)  8.29  5.46 16302 10.53
Vertikaalmeting: Grevelingen
Datum:  4-4-84  Vertno  14
X= 55240  Y=421370   tijd:12.36
vlgn    pH  Temp  CL-g O2Plc
  1)  8.30  5.46 16249 10.85
  2)  8.30  5.46 16258 10.86
  3)  8.30  5.46 16254 10.81
  4)  8.29  5.47 16252 10.74
  5)  8.29  5.47 16256 10.62
  6)  8.29  5.47 16268 10.55
  7)  8.29  5.49 16277 10.51
  8)  8.29  5.51 16276 10.63
  9)  8.29  5.49 16281 10.66
 10)  8.30  5.49 16277 10.68
 11)  8.30  5.49 16282 10.68
 12)  8.30  5.50 16303 10.66
 13)  8.29  5.49 16283 10.66
 14)  8.29  5.50 16284 10.66
 15)  8.29  5.49 16303 10.65
 16)  8.30  5.48 16296 10.65
 17)  8.29  5.48 16292 10.64
 18)  8.29  5.48 16292 10.63
 19)  8.29  5.47 16287 10.61
 20)  8.29  5.44 16309 10.47
 21)  8.29  5.44 16312 10.45
 22)  8.29  5.42 16308 10.41
Vertikaalmeting: Grevelingen
Datum:  4-4-84  Vertno  15
X= 53770  Y=421100   tijd:12.19
vlgn    pH  Temp  CL-g O2Plc
  1)  8.31  5.53 16288 10.83
  2)  8.31  5.53 16274 10.82
  3)  8.30  5.51 16261 10.79
  4)  8.30  5.50 16279 10.72
  5)  8.29  5.47 16284 10.62
  6)  8.29  5.47 16295 10.60
  7)  8.30  5.48 16289 10.59
  8)  8.29  5.47 16292 10.61
  9)  8.29  5.45 16297 10.61
 10)  8.29  5.44 16281 10.60
 11)  8.29  5.43 16274 10.59
 12)  8.29  5.42 16285 10.56
 13)  8.29  5.43 16275 10.57
 14)  8.29  5.42 16283 10.58
 15)  8.29  5.42 16296 10.56
 16)  8.29  5.41 16281 10.53
 17)  8.29  5.41 16279 10.51
 18)  8.29  5.40 16295 10.48
Vertikaalmeting: Grevelingen
Datum:  4-4-84  Vertno  16
X= 52790  Y=420320   tijd:12.06
vlgn    pH  Temp  CL-g O2Plc
  1)  8.33  5.71 16253 11.21
  2)  8.33  5.71 16268 11.23
  3)  8.32  5.69 16269 11.10
  4)  8.33  5.70 16259 11.15
  5)  8.32  5.69 16269 11.16
  6)  8.32  5.69 16268 11.07
  7)  8.32  5.66 16265 11.02
  8)  8.32  5.66 16278 10.98
  9)  8.32  5.65 16277 10.96
 10)  8.32  5.62 16294 10.94
 11)  8.31  5.61 16280 10.90
Vertikaalmeting: Grevelingen
Datum:  4-4-84  Vertno  17
X= 51710  Y=418490   tijd:11.29
vlgn    pH  Temp  CL-g O2Plc
  1)  8.37  5.64 16191 11.63
  2)  8.32  5.66 16226 11.07
  3)  8.32  5.67 16239 11.02
  4)  8.32  5.66 16251 10.86
  5)  8.32  5.65 16252 10.86
  6)  8.31  5.63 16256 10.84
  7)  8.31  5.63 16258 10.77
  8)  8.31  5.66 16258 10.75
  9)  8.32  5.65 16261 10.85
 10)  8.32  5.66 16260 10.89
 11)  8.32  5.66 16272 10.90
 12)  8.32  5.65 16275 10.90
 13)  8.31  5.60 16274 10.73
 14)  8.31  5.59 16268 10.70
 15)  8.31  5.59 16273 10.69
 16)  8.30  5.57 16276 10.68
 17)  8.19  4.84 16640  9.65
 18)  8.00  4.19 16937  8.63
 19)  7.92  4.08 17118  7.61
 20)  7.90  4.10 17258  7.52
 21)  7.86  4.19 17330  6.85
 22)  7.84  4.24 17368  6.47
 23)  7.83  4.26 17419  6.49
 24)  7.81  4.30 17449  6.26
 25)  7.79  4.36 17504  5.90
 26)  7.77  4.40 17521  5.69
 27)  7.77  4.44 17540  5.55
 28)  7.74  4.50 17589  5.16
 29)  7.72  4.56 17626  4.79
 30)  7.71  4.61 17618  4.74
 31)  7.69  4.64 17655  4.19
 32)  7.68  4.65 17639  4.05
 33)  7.68  4.65 17653  4.02
 34)  7.67  4.66 17652  3.92
 35)  7.67  4.68 17683  3.87
 36)  7.65  4.72 17705  3.50
 37)  7.63  4.73 17688  3.17
Vertikaalmeting: Grevelingen
Datum:  4-4-84  Vertno  18
X= 50740  Y=418330   tijd:11.03
vlgn    pH  Temp  CL-g O2Plc
  1)  8.35  5.73 16230 11.25
  2)  8.34  5.72 16237 11.23
  3)  8.33  5.70 16245 10.98
  4)  8.33  5.70 16238 10.98
  5)  8.33  5.68 16258 10.95
  6)  8.33  5.67 16260 10.94
  7)  8.33  5.67 16267 10.97
  8)  8.33  5.66 16265 10.98
  9)  8.33  5.63 16267 10.93
 10)  8.33  5.62 16272 10.91
 11)  8.33  5.62 16266 10.90
 12)  8.32  5.62 16277 10.86
 13)  8.30  5.57 16273 10.65
 14)  8.31  5.62 16289 10.85
 15)  8.31  5.62 16286 10.86
 16)  8.30  5.50 16306 10.67
 17)  8.20  4.90 16565 10.01
 18)  8.01  4.03 17036  8.59
 19)  7.93  4.04 17169  7.92
 20)  7.90  4.12 17213  7.33
 21)  7.86  4.19 17296  6.81
 22)  7.81  4.29 17407  6.09
 23)  7.79  4.35 17447  5.90
 24)  7.77  4.39 17489  5.38
 25)  7.75  4.42 17506  5.25
 26)  7.74  4.45 17519  5.10
 27)  7.74  4.47 17551  5.04
 28)  7.73  4.54 17583  5.03
 29)  7.69  4.60 17590  4.19
 30)  7.69  4.62 17619  4.16
Vertikaalmeting: Grevelingen
Datum:  4-4-84  Vertno  19
X= 49710  Y=418230   tijd:10.47
vlgn    pH  Temp  CL-g O2Plc
  1)  8.33  5.65 16232 11.10
  2)  8.33  5.65 16236 11.09
  3)  8.33  5.65 16236 11.04
  4)  8.33  5.65 16250 11.04
  5)  8.33  5.64 16245 11.00
  6)  8.33  5.62 16249 10.95
  7)  8.33  5.60 16255 10.89
  8)  8.33  5.59 16247 10.88
  9)  8.32  5.61 16249 10.86
 10)  8.32  5.62 16247 10.83
 11)  8.32  5.57 16274 10.72
 12)  8.31  5.56 16271 10.65
 13)  8.31  5.58 16288 10.65
 14)  8.31  5.62 16269 10.81
 15)  8.31  5.60 16298 10.82
 16)  8.29  5.47 16288 10.62
 17)  8.12  4.55 16730  9.65
 18)  8.01  4.06 17036  8.75
 19)  7.95  4.11 17121  7.72
Vertikaalmeting: Grevelingen
Datum:  4-4-84  Vertno  20
X= 48880  Y=418160   tijd:10.07
vlgn    pH  Temp  CL-g O2Plc
  1)  8.32  5.65 16231 11.09
  2)  8.32  5.66 16240 11.06
  3)  8.32  5.66 16239 11.05
  4)  8.32  5.66 16242 11.00
  5)  8.31  5.65 16230 10.94
  6)  8.31  5.61 16242 10.89
  7)  8.31  5.57 16243 10.76
  8)  8.31  5.57 16267 10.75
  9)  8.31  5.57 16250 10.75
 10)  8.31  5.57 16265 10.74
 11)  8.32  5.58 16248 10.76
 12)  8.31  5.56 16250 10.76
 13)  8.31  5.52 16257 10.72
 14)  8.30  5.52 16252 10.65
 15)  8.30  5.51 16283 10.60
 16)  8.30  5.49 16289 10.55
 17)  8.14  4.78 16698  9.38
 18)  8.10  4.42 16861  9.25
 19)  7.96  4.13 17121  7.92
 20)  7.89  4.13 17207  7.41
 21)  7.86  4.17 17283  6.92
 22)  7.84  4.24 17343  6.56
 23)  7.78  4.34 17450  5.70
 24)  7.75  4.39 17491  5.34
 25)  7.73  4.42 17528  5.12
 26)  7.72  4.44 17532  4.92
 27)  7.69  4.49 17582  4.42
 28)  7.64  4.53 17618  3.88
 29)  7.61  4.56 17656  3.31
 30)  7.59  4.57 17658  3.13
 31)  7.58  4.58 17680  3.05
 32)  7.57  4.60 17698  2.91
 33)  7.53  4.63 17729  2.34
 34)  7.51  4.63 17731  2.13
 35)  7.51  4.65 17739  1.97
 36)  7.50  4.65 17745  1.91
 37)  7.48  4.66 17748  1.76
 38)  7.48  4.67 17765  1.64
 39)  7.47  4.67 17762  1.42
 40)  7.46  4.68 17777  1.27
 41)  7.45  4.69 17774  1.23
 42)  7.45  4.69 17787  1.15
 43)  7.45  4.69 17780  1.10
 44)  7.44  4.69 17773  1.08
 45)  7.44  4.69 17781  1.06
 46)  7.44  4.70 17786  0.98
 47)  7.44  4.71 17775  0.92
Vertikaalmeting: Grevelingen
Datum:  4-4-84  Vertno  21
X= 47980  Y=418350   tijd: 9.53
vlgn    pH  Temp  CL-g O2Plc
  1)  8.34  5.68 16243 11.19
  2)  8.33  5.67 16233 11.13
  3)  8.33  5.64 16253 11.03
  4)  8.33  5.63 16257 10.98
  5)  8.33  5.63 16260 10.92
  6)  8.32  5.62 16267 10.89
  7)  8.33  5.62 16261 10.88
  8)  8.32  5.62 16267 10.88
  9)  8.32  5.60 16261 10.86
 10)  8.32  5.58 16253 10.83
 11)  8.32  5.58 16266 10.81
 12)  8.31  5.53 16279 10.78
 13)  8.31  5.52 16253 10.70
 14)  8.30  5.46 16282 10.63
 15)  8.30  5.40 16297 10.56
 16)  8.29  5.37 16284 10.48
Vertikaalmeting: Grevelingen
Datum:  4-4-84  Vertno  22
X= 47550  Y=418790   tijd: 9.39
vlgn    pH  Temp  CL-g O2Plc
  1)  8.31  5.60 16250 10.91
  2)  8.31  5.60 16245 10.93
  3)  8.31  5.59 16265 10.90
  4)  8.30  5.59 16257 10.89
  5)  8.31  5.58 16260 10.87
  6)  8.30  5.57 16240 10.86
  7)  8.30  5.51 16272 10.81
  8)  8.27  5.54 16335 10.49
  9)  8.23  5.61 16445 10.26
 10)  8.23  5.55 16473 10.23
 11)  8.23  5.52 16529 10.19
 12)  8.17  5.43 16767  9.45
 13)  8.14  5.42 16809  9.26
 14)  8.11  5.43 16819  8.70
 15)  8.10  5.43 16823  8.26
++++
