Vertikaalmeting: Grevelingen
Datum:  3-12-84  Vertno  1
X= 65250  Y=410000   tijd:15.32
vlgn    pH  Temp  CL-g O2Plc
  1)  8.32  8.10 16816  8.99
  2)  8.36  8.08 16710  8.87
  3)  8.37  8.05 16711  8.95
  4)  8.37  8.17 16732  9.02
  5)  8.34  8.68 17059  8.40
  6)  8.34  8.91 17151  8.24
  7)  8.35  8.96 17167  8.19
Vertikaalmeting: Grevelingen
Datum:  3-12-84  Vertno  2
X= 66110  Y=410920   tijd:15.21
vlgn    pH  Temp  CL-g O2Plc
  1)  8.08  7.78 16540  9.30
  2)  8.08  7.83 16563  9.24
  3)  8.07  7.99 16618  9.02
  4)  8.07  8.20 16710  8.82
  5)  8.07  8.17 16727  8.78
  6)  8.12  8.61 16965  8.87
  7)  8.24  8.83 17066  8.12
  8)  8.29  8.91 17087  8.13
  9)  8.31  8.92 17100  8.13
 10)  8.32  8.93 17117  8.12
Vertikaalmeting: Grevelingen
Datum:  3-12-84  Vertno  3
X= 69210  Y=410940   tijd:15.06
vlgn    pH  Temp  CL-g O2Plc
  1)  8.10  7.57 16429  9.25
  2)  8.10  7.58 16417  9.24
  3)  8.10  7.57 16427  9.21
  4)  8.10  7.57 16425  9.19
  5)  8.10  7.58 16420  9.19
Vertikaalmeting: Grevelingen
Datum:  3-12-84  Vertno  4
X= 68870  Y=411190   tijd:14.56
vlgn    pH  Temp  CL-g O2Plc
  1)  8.11  7.58 16433  9.25
  2)  8.11  7.57 16432  9.24
  3)  8.11  7.57 16440  9.24
  4)  8.11  7.57 16446  9.33
  5)  8.11  7.58 16430  9.34
  6)  8.10  7.58 16426  9.35
  7)  8.10  7.58 16434  9.34
  8)  8.10  7.63 16475  9.24
  9)  8.07  8.15 16638  8.61
 10)  8.06  8.31 16701  8.51
 11)  8.06  8.39 16727  8.38
 12)  8.06  8.44 16807  8.26
Vertikaalmeting: Grevelingen
Datum:  3-12-84  Vertno  5
X= 67400  Y=411400   tijd:14.42
vlgn    pH  Temp  CL-g O2Plc
  1)  8.12  7.55 16457  9.21
  2)  8.12  7.55 16459  9.20
  3)  8.11  7.55 16461  9.19
  4)  8.11  7.55 16450  9.19
  5)  8.11  7.55 16460  9.21
  6)  8.11  7.55 16458  9.18
  7)  8.10  7.55 16458  9.19
  8)  8.07  8.25 16701  8.53
  9)  8.06  8.64 16932  8.25
 10)  8.07  8.74 16953  8.22
 11)  8.16  8.85 17076  8.16
Vertikaalmeting: Grevelingen
Datum:  3-12-84  Vertno  6
X= 66310  Y=411660   tijd:14.32
vlgn    pH  Temp  CL-g O2Plc
  1)  8.13  7.62 16469  9.32
  2)  8.13  7.60 16485  9.31
  3)  8.13  7.60 16474  9.27
  4)  8.13  7.59 16477  9.26
  5)  8.12  7.58 16475  9.27
  6)  8.12  7.52 16487  9.28
  7)  8.07  8.77 17038  8.26
  8)  8.06  9.00 17163  8.12
  9)  8.09  9.02 17156  7.94
Vertikaalmeting: Grevelingen
Datum:  3-12-84  Vertno  7
X= 65360  Y=412100   tijd:14.19
vlgn    pH  Temp  CL-g O2Plc
  1)  8.11  7.71 16523  9.65
  2)  8.11  7.71 16523  9.72
  3)  8.11  7.70 16518  9.66
  4)  8.11  7.70 16524  9.63
  5)  8.11  7.71 16533  9.62
  6)  8.11  7.70 16543  9.62
  7)  8.11  7.71 16527  9.55
  8)  8.04  8.63 16897  8.24
  9)  8.15  8.90 17033  7.99
 10)  8.21  9.01 17134  7.95
 11)  8.24  9.06 17199  7.89
 12)  8.26  9.09 17214  7.88
 13)  8.28  9.11 17216  7.87
Vertikaalmeting: Grevelingen
Datum:  3-12-84  Vertno  8
X= 62360  Y=412170   tijd:13.58
vlgn    pH  Temp  CL-g O2Plc
  1)  8.10  7.52 16444  9.41
  2)  8.10  7.52 16450  9.36
  3)  8.10  7.52 16460  9.36
  4)  8.10  7.53 16465  9.35
  5)  8.09  7.53 16492  9.34
  6)  8.08  7.83 16701  9.27
  7)  8.05  8.92 17052  8.53
  8)  8.04  9.00 17138  8.11
  9)  8.07  9.01 17129  8.04
 10)  8.20  9.07 17171  8.01
 11)  8.25  9.08 17192  7.95
 12)  8.27  9.14 17262  7.89
 13)  8.28  9.23 17305  7.62
 14)  8.31  9.22 17375  7.78
 15)  8.31  9.23 17410  7.81
 16)  8.31  9.22 17389  7.81
Vertikaalmeting: Grevelingen
Datum:  3-12-84  Vertno  9
X= 61180  Y=413000   tijd:13.46
vlgn    pH  Temp  CL-g O2Plc
  1)  8.12  7.60 16475  9.55
  2)  8.11  7.59 16488  9.52
  3)  8.11  7.59 16482  9.40
  4)  8.11  7.59 16472  9.36
  5)  8.11  7.59 16482  9.34
  6)  8.11  7.59 16481  9.35
  7)  8.11  7.60 16487  9.34
  8)  8.10  7.61 16487  9.36
  9)  8.07  8.12 16877  8.73
Vertikaalmeting: Grevelingen
Datum:  3-12-84  Vertno  10
X= 59380  Y=414210   tijd:13.26
vlgn    pH  Temp  CL-g O2Plc
  1)  8.09  7.49 16432  9.64
  2)  8.09  7.50 16426  9.62
  3)  8.09  7.50 16436  9.61
  4)  8.09  7.74 16320  9.57
  5)  8.09  7.74 16313  9.51
  6)  8.09  8.23 16089  9.50
  7)  8.09  7.53 16501  9.46
  8)  8.06  8.45 17049  8.70
  9)  8.23  8.63 17220  8.62
 10)  8.26  8.76 17258  8.60
 11)  8.29  8.82 17297  8.53
 12)  8.30  8.98 17430  8.41
 13)  8.32  8.98 17410  8.25
 14)  8.33  8.94 17419  8.30
 15)  8.34  8.92 17431  8.34
 16)  8.35  8.90 17454  8.37
 17)  8.35  8.90 17443  8.40
 18)  8.35  8.99 17488  8.39
 19)  8.35  9.04 17493  8.29
 20)  8.35  9.00 17496  8.31
 21)  8.35  8.99 17507  8.34
 22)  8.36  8.98 17510  8.31
 23)  8.36  8.98 17511  8.31
Vertikaalmeting: Grevelingen
Datum:  3-12-84  Vertno  11
X= 57950  Y=417140   tijd:13.03
vlgn    pH  Temp  CL-g O2Plc
  1)  8.10  7.43 16411  9.66
  2)  8.09  7.43 16410  9.61
  3)  8.09  7.44 16407  9.57
  4)  8.09  7.44 16405  9.54
  5)  8.09  7.44 16403  9.52
  6)  8.09  7.44 16412  9.53
  7)  8.09  7.44 16410  9.53
  8)  8.09  7.44 16396  9.56
  9)  8.09  7.41 16398  9.55
 10)  8.09  7.38 16428  9.55
 11)  8.07  7.73 16735  9.28
 12)  8.04  8.57 17418  8.73
 13)  8.23  8.86 17463  8.47
 14)  8.25  8.87 17484  8.46
 15)  8.27  8.84 17504  8.50
 16)  8.28  8.82 17503  8.49
 17)  8.29  8.84 17505  8.51
 18)  8.30  8.87 17530  8.48
 19)  8.30  8.90 17516  8.44
Vertikaalmeting: Grevelingen
Datum:  3-12-84  Vertno  12
X= 57600  Y=418960   tijd:12.45
vlgn    pH  Temp  CL-g O2Plc
  1)  8.06  7.35 16381  9.60
  2)  8.06  7.35 16379  9.56
  3)  8.06  7.36 16385  9.52
  4)  8.06  7.36 16380  9.46
  5)  8.06  7.35 16378  9.47
  6)  8.06  7.36 16378  9.48
  7)  8.06  7.36 16379  9.48
  8)  8.06  7.37 16386  9.49
  9)  8.06  7.36 16381  9.50
 10)  8.07  6.98 16461  9.74
 11)  8.04  7.88 16925  9.17
 12)  8.12  8.92 17540  8.45
 13)  8.18  8.92 17548  8.47
 14)  8.21  8.91 17556  8.50
 15)  8.23  8.88 17555  8.48
Vertikaalmeting: Grevelingen
Datum:  3-12-84  Vertno  13
X= 56280  Y=420560   tijd:12.30
vlgn    pH  Temp  CL-g O2Plc
  1)  8.10  7.17 16370  9.69
  2)  8.10  7.17 16374  9.68
  3)  8.10  7.18 16378  9.66
  4)  8.09  7.18 16373  9.61
  5)  8.09  7.19 16373  9.59
  6)  8.08  7.20 16368  9.51
  7)  8.08  7.23 16378  9.52
  8)  8.07  7.27 16416  9.49
  9)  8.06  7.26 16418  9.48
 10)  8.06  7.03 16464  9.42
 11)  8.04  8.63 17476  8.91
 12)  8.04  8.69 17504  8.82
 13)  8.14  8.79 17618  8.78
Vertikaalmeting: Grevelingen
Datum:  3-12-84  Vertno  14
X= 55260  Y=421400   tijd:12.13
vlgn    pH  Temp  CL-g O2Plc
  1)  8.08  7.30 16456  9.65
  2)  8.08  7.29 16450  9.67
  3)  8.08  7.31 16450  9.63
  4)  8.07  7.34 16447  9.57
  5)  8.07  7.33 16454  9.56
  6)  8.07  7.34 16440  9.42
  7)  8.07  7.35 16443  9.42
  8)  8.07  7.35 16442  9.45
  9)  8.07  7.33 16473  9.52
 10)  8.06  7.40 16761  9.47
 11)  8.04  8.60 17442  8.81
 12)  8.04  8.67 17612  8.78
 13)  8.04  8.76 17636  8.72
 14)  8.04  8.78 17649  8.71
 15)  8.04  8.80 17655  8.70
 16)  8.04  8.82 17686  8.71
 17)  8.04  8.84 17715  8.68
 18)  8.15  8.84 17719  8.58
 19)  8.20  8.84 17721  8.62
 20)  8.23  8.84 17715  8.63
Vertikaalmeting: Grevelingen
Datum:  3-12-84  Vertno  15
X= 53780  Y=421090   tijd:11.58
vlgn    pH  Temp  CL-g O2Plc
  1)  8.06  7.37 16402  9.51
  2)  8.06  7.34 16401  9.50
  3)  8.06  7.36 16411  9.47
  4)  8.06  7.36 16405  9.47
  5)  8.06  7.37 16404  9.45
  6)  8.05  7.46 16417  9.42
  7)  8.05  7.47 16419  9.42
  8)  8.05  7.47 16410  9.44
  9)  8.05  7.51 16418  9.42
 10)  8.03  8.39 17111  8.96
 11)  8.04  8.44 17255  8.93
 12)  8.04  8.55 17409  8.89
 13)  8.03  9.02 17517  8.69
 14)  8.04  9.26 17426  8.72
 15)  8.05  8.76 17714  8.73
 16)  8.13  8.77 17747  8.72
 17)  8.17  8.78 17750  8.73
 18)  8.21  8.78 17753  8.76
Vertikaalmeting: Grevelingen
Datum:  3-12-84  Vertno  16
X= 52840  Y=420240   tijd:11.46
vlgn    pH  Temp  CL-g O2Plc
  1)  8.08  7.30 16353  9.52
  2)  8.08  7.30 16344  9.55
  3)  8.08  7.30 16352  9.54
  4)  8.07  7.30 16347  9.55
  5)  8.07  7.31 16351  9.52
  6)  8.07  7.32 16340  9.51
  7)  8.07  7.32 16346  9.48
  8)  8.05  8.08 16917  9.11
  9)  8.05  8.52 17462  8.87
 10)  8.04  8.82 17729  8.69
Vertikaalmeting: Grevelingen
Datum:  3-12-84  Vertno  17
X= 51590  Y=418620   tijd:11.19
vlgn    pH  Temp  CL-g O2Plc
  1)  8.09  7.28 16349  9.53
  2)  8.08  7.28 16351  9.53
  3)  8.08  7.50 16388  9.52
  4)  8.08  7.38 16458  9.51
  5)  8.06  8.61 16778  9.01
  6)  8.05  8.62 17394  9.03
  7)  8.05  8.57 17661  8.98
  8)  8.04  8.83 17734  8.73
  9)  8.05  8.82 17744  8.74
 10)  8.05  8.80 17760  8.73
 11)  8.11  8.79 17770  8.74
 12)  8.16  8.76 17769  8.75
 13)  8.19  8.76 17789  8.75
 14)  8.20  8.75 17796  8.79
 15)  8.22  8.70 17804  8.74
 16)  8.23  8.67 17805  8.76
 17)  8.24  8.65 17811  8.81
 18)  8.24  8.64 17821  8.81
 19)  8.25  8.64 17821  8.82
 20)  8.26  8.63 17833  8.77
 21)  8.27  8.62 17833  8.79
 22)  8.27  8.60 17839  8.78
 23)  8.28  8.60 17843  8.74
 24)  8.28  8.59 17850  8.78
 25)  8.28  8.58 17853  8.79
 26)  8.28  8.59 17851  8.76
 27)  8.28  8.59 17846  8.81
 28)  8.28  8.59 17854  8.77
 29)  8.27  8.59 17852  8.79
 30)  8.25  8.58 17851  8.81
 31)  8.24  8.57 17850  8.81
 32)  8.21  8.57 17849  8.79
 33)  8.17  8.57 17853  8.83
 34)  8.16  8.57 17853  8.82
Vertikaalmeting: Grevelingen
Datum:  3-12-84  Vertno  18
X= 50760  Y=418360   tijd:11.01
vlgn    pH  Temp  CL-g O2Plc
  1)  8.06  7.44 16472  9.42
  2)  8.06  7.64 16566  9.39
  3)  8.06  7.62 16578  9.35
  4)  8.05  8.12 16943  9.16
  5)  8.04  8.30 17269  9.13
  6)  8.04  8.38 17439  9.11
  7)  8.04  8.38 17514  9.06
  8)  8.04  8.39 17556  9.06
  9)  8.04  8.45 17586  9.01
 10)  8.04  8.52 17647  8.94
 11)  8.04  8.54 17676  8.95
 12)  8.04  8.56 17710  8.92
 13)  8.07  8.56 17756  8.97
 14)  8.13  8.57 17755  8.95
 15)  8.16  8.57 17773  8.94
 16)  8.19  8.57 17779  8.92
 17)  8.20  8.56 17794  8.93
 18)  8.21  8.55 17810  8.91
 19)  8.22  8.55 17815  8.91
 20)  8.23  8.54 17821  8.90
 21)  8.24  8.52 17835  8.89
 22)  8.25  8.50 17845  8.89
 23)  8.25  8.51 17845  8.90
 24)  8.25  8.52 17848  8.90
 25)  8.26  8.51 17856  8.87
 26)  8.26  8.50 17860  8.87
 27)  8.27  8.50 17873  8.87
 28)  8.27  8.49 17884  8.85
 29)  8.27  8.49 17883  8.86
Vertikaalmeting: Grevelingen
Datum:  3-12-84  Vertno  19
X= 49760  Y=418230   tijd:10.45
vlgn    pH  Temp  CL-g O2Plc
  1)  8.04  7.32 16374  9.45
  2)  8.04  7.34 16384  9.49
  3)  8.04  7.35 16397  9.51
  4)  8.03  7.51 16501  9.43
  5)  8.02  7.97 16818  9.15
  6)  8.02  8.25 17248  9.09
  7)  8.02  8.30 17309  9.10
  8)  8.03  8.27 17544  9.11
  9)  8.03  8.29 17610  9.09
 10)  8.02  8.41 17759  9.09
 11)  8.03  8.47 17733  9.02
 12)  8.03  8.41 17728  8.98
 13)  8.03  8.38 17745  9.00
 14)  8.08  8.44 17790  9.01
 15)  8.14  8.45 17821  8.96
 16)  8.17  8.43 17847  8.94
 17)  8.20  8.43 17852  9.02
 18)  8.21  8.44 17860  8.98
 19)  8.22  8.43 17873  8.98
 20)  8.22  8.44 17868  8.98
 21)  8.23  8.44 17875  8.98
Vertikaalmeting: Grevelingen
Datum:  3-12-84  Vertno  20
X= 48700  Y=418290   tijd:10.12
vlgn    pH  Temp  CL-g O2Plc
  1)  8.02  7.34 16437  9.41
  2)  8.02  7.38 16461  9.42
  3)  8.01  7.38 16466  9.39
  4)  8.01  7.47 16470  9.41
  5)  8.01  7.67 16689  9.37
  6)  8.00  7.97 16890  9.27
  7)  8.00  8.03 17048  9.16
  8)  8.00  8.18 17425  9.11
  9)  8.00  8.27 17622  9.10
 10)  7.99  8.43 17686  8.99
 11)  7.99  8.53 17679  8.95
 12)  8.00  8.52 17670  8.93
 13)  8.07  8.51 17685  8.94
 14)  8.11  8.53 17754  8.93
 15)  8.14  8.45 17810  8.93
 16)  8.15  8.44 17820  8.97
 17)  8.17  8.44 17828  8.96
 18)  8.17  8.46 17849  8.95
 19)  8.18  8.47 17845  8.92
 20)  8.18  8.45 17856  8.94
 21)  8.19  8.44 17890  8.94
 22)  8.20  8.43 17885  8.93
 23)  8.21  8.44 17893  8.92
 24)  8.21  8.44 17896  8.92
 25)  8.21  8.44 17910  8.91
 26)  8.22  8.44 17911  8.93
 27)  8.22  8.43 17905  8.90
 28)  8.22  8.43 17905  8.92
 29)  8.22  8.43 17907  8.92
 30)  8.22  8.43 17920  8.89
 31)  8.22  8.43 17915  8.91
 32)  8.23  8.43 17918  8.90
 33)  8.23  8.43 17916  8.90
 34)  8.23  8.44 17909  8.87
 35)  8.24  8.43 17932  8.91
 36)  8.24  8.44 17918  8.89
 37)  8.24  8.44 17922  8.87
 38)  8.25  8.44 17926  8.88
 39)  8.25  8.43 17935  8.88
 40)  8.25  8.44 17923  8.88
 41)  8.25  8.43 17938  8.87
 42)  8.25  8.44 17947  8.83
 43)  8.25  8.44 17934  8.84
 44)  8.25  8.44 17949  8.83
Vertikaalmeting: Grevelingen
Datum:  3-12-84  Vertno  21
X= 47870  Y=418370   tijd: 9.58
vlgn    pH  Temp  CL-g O2Plc
  1)  7.98  7.49 16524  9.59
  2)  7.98  7.49 16519  9.57
  3)  7.98  7.50 16523  9.54
  4)  7.98  7.51 16525  9.54
  5)  7.98  7.54 16556  9.43
  6)  7.98  8.04 17074  9.20
  7)  7.98  8.03 17135  9.21
  8)  7.97  8.22 17400  9.17
  9)  7.97  8.37 17605  9.13
 10)  7.97  8.40 17638  9.06
 11)  8.01  8.39 17650  9.03
 12)  8.05  8.41 17680  9.06
 13)  8.07  8.39 17691  9.04
 14)  8.10  8.39 17715  8.99
 15)  8.12  8.38 17735  8.98
Vertikaalmeting: Grevelingen
Datum:  3-12-84  Vertno  22
X= 47510  Y=418850   tijd: 9.47
vlgn    pH  Temp  CL-g O2Plc
  1)  7.94  7.32 16456  9.43
  2)  7.94  7.31 16479  9.42
  3)  7.94  7.32 16469  9.41
  4)  7.94  7.38 16519  9.41
  5)  7.94  7.70 17532  9.33
  6)  7.95  7.39 16557  9.40
  7)  7.95  7.60 16826  9.26
  8)  7.94  8.07 17596  9.19
  9)  7.94  8.10 17591  9.14
 10)  7.95  8.32 18065  9.14
++++
