Vertikaalmeting: Grevelingen
Datum:  4-1-84  Vertno  1
X= 65410  Y=410020   tijd:15.01
vlgn    pH  Temp  CL-g
  1)  7.84  5.83 16258
  2)  7.84  5.84 16259
  3)  7.84  5.85 16271
  4)  7.84  5.86 16253
  5)  7.84  5.86 16254
  6)  7.84  5.85 16258
  7)  7.84  5.86 16264
Vertikaalmeting: Grevelingen
Datum:  4-1-84  Vertno  2
X= 66190  Y=410890   tijd:14.54
vlgn    pH  Temp  CL-g
  1)  7.83  5.81 16262
  2)  7.83  5.81 16268
  3)  7.83  5.78 16255
  4)  7.83  5.81 16257
  5)  7.83  5.81 16254
  6)  7.83  5.81 16259
  7)  7.83  5.82 16258
  8)  7.83  5.82 16257
  9)  7.83  5.82 16258
 10)  7.84  5.82 16260
Vertikaalmeting: Grevelingen
Datum:  4-1-84  Vertno  3
X= 69290  Y=410920   tijd:14.40
vlgn    pH  Temp  CL-g
  1)  7.82  5.11 15994
  2)  7.82  5.10 15978
  3)  7.82  5.11 16039
  4)  7.82  5.16 16145
  5)  7.81  5.24 16179
  6)  7.81  5.39 16229
  7)  7.81  5.54 16229
Vertikaalmeting: Grevelingen
Datum:  4-1-84  Vertno  4
X= 68870  Y=411250   tijd:14.33
vlgn    pH  Temp  CL-g
  1)  7.83  4.90 16182
  2)  7.83  4.90 16175
  3)  7.82  4.89 16188
  4)  7.83  4.90 16184
  5)  7.82  5.02 16201
  6)  7.82  5.05 16207
  7)  7.82  5.08 16231
Vertikaalmeting: Grevelingen
Datum:  4-1-84  Vertno  5
X= 67480  Y=411410   tijd:14.25
vlgn    pH  Temp  CL-g
  1)  7.83  5.51 16276
  2)  7.83  5.51 16270
  3)  7.83  5.51 16271
  4)  7.83  5.52 16273
  5)  7.83  5.52 16274
  6)  7.83  5.52 16305
  7)  7.83  5.52 16303
  8)  7.83  5.52 16312
  9)  7.83  5.53 16310
 10)  7.83  5.53 16327
 11)  7.83  5.54 16322
 12)  7.83  5.54 16319
Vertikaalmeting: Grevelingen
Datum:  4-1-84  Vertno  6
X= 66340  Y=411680   tijd:14.17
vlgn    pH  Temp  CL-g
  1)  7.83  5.55 16255
  2)  7.83  5.53 16259
  3)  7.83  5.52 16254
  4)  7.83  5.52 16268
  5)  7.83  5.53 16259
  6)  7.83  5.53 16252
  7)  7.83  5.51 16269
  8)  7.83  5.49 16277
  9)  7.83  5.49 16278
Vertikaalmeting: Grevelingen
Datum:  4-1-84  Vertno  7
X= 65260  Y=412080   tijd:14.08
vlgn    pH  Temp  CL-g
  1)  7.84  5.58 16277
  2)  7.84  5.57 16265
  3)  7.84  5.57 16264
  4)  7.84  5.58 16268
  5)  7.84  5.57 16276
  6)  7.84  5.55 16273
  7)  7.84  5.55 16266
  8)  7.84  5.57 16267
  9)  7.84  5.58 16273
 10)  7.84  5.56 16275
 11)  7.84  5.63 16275
 12)  7.84  5.65 16290
 13)  7.84  5.65 16293
 14)  7.84  5.65 16284
 15)  7.84  5.88 16182
Vertikaalmeting: Grevelingen
Datum:  4-1-84  Vertno  8
X= 62470  Y=412230   tijd:13.53
vlgn    pH  Temp  CL-g
  1)  7.85  5.78 16308
  2)  7.85  5.78 16305
  3)  7.85  5.78 16314
  4)  7.85  5.78 16308
  5)  7.85  5.78 16308
  6)  7.85  5.78 16304
  7)  7.85  5.78 16305
  8)  7.85  5.78 16311
  9)  7.85  5.78 16313
 10)  7.85  5.78 16314
 11)  7.85  5.78 16319
 12)  7.85  5.76 16320
 13)  7.85  5.78 16313
 14)  7.85  5.77 16325
 15)  7.85  5.76 16318
 16)  7.85  5.74 16337
 17)  7.85  5.73 16333
Vertikaalmeting: Grevelingen
Datum:  4-1-84  Vertno  9
X= 61260  Y=413000   tijd:13.45
vlgn    pH  Temp  CL-g
  1)  7.84  6.15 16316
  2)  7.84  6.15 16320
  3)  7.84  6.15 16323
  4)  7.85  6.15 16313
  5)  7.85  6.15 16328
  6)  7.85  6.15 16321
  7)  7.85  6.38 16214
  8)  7.85  6.15 16329
  9)  7.85  6.15 16324
 10)  7.85  6.15 16330
Vertikaalmeting: Grevelingen
Datum:  4-1-84  Vertno  10
X= 59350  Y=414170   tijd:13.29
vlgn    pH  Temp  CL-g
  1)  7.84  5.92 16249
  2)  7.84  5.92 16252
  3)  7.84  5.92 16271
  4)  7.84  5.92 16272
  5)  7.84  5.92 16278
  6)  7.84  5.92 16274
  7)  7.84  5.93 16282
  8)  7.84  5.92 16276
  9)  7.84  5.92 16297
 10)  7.84  5.93 16300
 11)  7.84  5.92 16282
 12)  7.84  5.93 16308
 13)  7.84  5.95 16310
 14)  7.84  5.98 16311
 15)  7.84  5.96 16316
 16)  7.84  5.95 16327
 17)  7.84  5.94 16336
 18)  7.84  5.96 16350
 19)  7.84  5.96 16368
 20)  7.84  5.93 16407
 21)  7.83  5.82 16545
 22)  7.82  5.77 16670
 23)  7.81  5.75 16711
 24)  7.81  5.66 16799
Vertikaalmeting: Grevelingen
Datum:  4-1-84  Vertno  11
X= 57920  Y=417250   tijd:13.10
vlgn    pH  Temp  CL-g
  1)  7.81  5.85 16406
  2)  7.81  5.85 16403
  3)  7.80  5.85 16409
  4)  7.81  5.85 16401
  5)  7.80  5.85 16402
  6)  7.81  5.85 16404
  7)  7.81  5.85 16391
  8)  7.81  5.85 16393
  9)  7.81  5.95 16376
 10)  7.81  5.96 16398
 11)  7.81  5.93 16403
 12)  7.81  5.88 16415
 13)  7.81  5.88 16417
 14)  7.81  5.89 16422
 15)  7.81  5.90 16437
 16)  7.81  5.94 16581
 17)  7.80  5.96 16642
 18)  7.80  5.96 16648
 19)  7.79  5.75 16876
Vertikaalmeting: Grevelingen
Datum:  4-1-84  Vertno  12
X= 57660  Y=419010   tijd:13.00
vlgn    pH  Temp  CL-g
  1)  7.81  6.25 16345
  2)  7.81  6.02 16455
  3)  7.81  6.02 16459
  4)  7.81  6.02 16460
  5)  7.81  6.03 16456
  6)  7.81  6.02 16453
  7)  7.81  6.02 16460
  8)  7.81  6.02 16463
  9)  7.82  6.02 16463
 10)  7.81  6.02 16458
 11)  7.81  6.02 16461
 12)  7.82  6.02 16464
 13)  7.82  6.02 16455
 14)  7.82  6.02 16458
 15)  7.82  6.00 16465
Vertikaalmeting: Grevelingen
Datum:  4-1-84  Vertno  13
X= 56340  Y=420560   tijd:12.48
vlgn    pH  Temp  CL-g
  1)  7.80  5.89 16507
  2)  7.80  5.90 16507
  3)  7.80  5.89 16509
  4)  7.80  5.88 16504
  5)  7.80  5.87 16510
  6)  7.80  5.87 16511
  7)  7.80  5.87 16506
  8)  7.80  5.86 16502
  9)  7.80  5.86 16513
 10)  7.80  5.87 16511
 11)  7.80  5.86 16510
 12)  7.80  5.87 16514
 13)  7.80  5.87 16519
 14)  7.80  5.87 16505
Vertikaalmeting: Grevelingen
Datum:  4-1-84  Vertno  14
X= 55210  Y=421420   tijd:12.38
vlgn    pH  Temp  CL-g
  1)  7.80  5.81 16510
  2)  7.80  5.81 16511
  3)  7.79  5.81 16503
  4)  7.80  5.81 16518
  5)  7.80  5.81 16507
  6)  7.80  5.81 16513
  7)  7.80  5.81 16511
  8)  7.80  5.80 16509
  9)  7.80  5.81 16513
 10)  7.80  5.81 16508
 11)  7.80  5.80 16522
 12)  7.80  5.81 16512
 13)  7.80  5.80 16520
 14)  7.80  5.80 16520
 15)  7.80  5.80 16519
 16)  7.80  5.80 16517
 17)  7.80  5.80 16526
 18)  7.80  5.80 16520
 19)  7.80  5.80 16524
 20)  7.80  5.81 16519
 21)  7.80  5.81 16519
Vertikaalmeting: Grevelingen
Datum:  4-1-84  Vertno  15
X= 53660  Y=421070   tijd:12.28
vlgn    pH  Temp  CL-g
  1)  7.80  5.83 16516
  2)  7.80  5.83 16515
  3)  7.80  5.83 16516
  4)  7.80  5.83 16520
  5)  7.80  5.83 16521
  6)  7.80  5.83 16525
  7)  7.80  5.83 16521
  8)  7.80  5.82 16524
  9)  7.80  5.83 16512
 10)  7.80  5.83 16522
 11)  7.80  6.06 16402
 12)  7.80  5.82 16520
 13)  7.80  5.83 16518
 14)  7.80  5.82 16520
 15)  7.80  5.82 16520
 16)  7.80  5.82 16522
 17)  7.80  5.83 16518
Vertikaalmeting: Grevelingen
Datum:  4-1-84  Vertno  16
X= 52750  Y=420350   tijd:12.21
vlgn    pH  Temp  CL-g
  1)  7.80  5.91 16538
  2)  7.80  5.91 16540
  3)  7.80  5.91 16539
  4)  7.80  5.91 16543
  5)  7.80  5.91 16532
  6)  7.80  5.91 16538
  7)  7.80  5.91 16541
  8)  7.80  5.91 16541
  9)  7.80  5.92 16572
 10)  7.80  5.93 16598
 11)  7.80  5.96 16645
Vertikaalmeting: Grevelingen
Datum:  4-1-84  Vertno  17
X= 51670  Y=418620   tijd:12.05
vlgn    pH  Temp  CL-g
  1)  7.79  5.92 16669
  2)  7.79  6.03 16591
  3)  7.79  5.91 16662
  4)  7.79  5.92 16670
  5)  7.79  5.93 16665
  6)  7.79  5.93 16671
  7)  7.79  5.93 16673
  8)  7.79  5.92 16699
  9)  7.78  5.95 17077
 10)  7.78  5.92 17265
 11)  7.78  5.90 17336
 12)  7.78  5.90 17378
 13)  7.78  5.91 17401
 14)  7.77  5.92 17481
 15)  7.77  5.92 17542
 16)  7.77  5.91 17548
 17)  7.77  5.98 17666
 18)  7.76  5.98 17749
 19)  7.76  6.00 17801
 20)  7.76  6.00 17839
 21)  7.75  6.03 17979
 22)  7.74  6.05 18088
 23)  7.74  6.03 18133
 24)  7.74  6.03 18158
 25)  7.73  6.02 18173
 26)  7.73  6.02 18175
 27)  7.73  6.00 18189
 28)  7.72  6.00 18191
 29)  7.72  6.01 18192
 30)  7.72  6.03 18202
 31)  7.71  6.02 18205
 32)  7.71  6.03 18207
Vertikaalmeting: Grevelingen
Datum:  4-1-84  Vertno  18
X= 50760  Y=418330   tijd:11.54
vlgn    pH  Temp  CL-g
  1)  7.79  5.93 16636
  2)  7.79  5.93 16639
  3)  7.79  5.92 16647
  4)  7.79  5.92 16649
  5)  7.79  5.92 16644
  6)  7.79  5.92 16705
  7)  7.78  5.91 17079
  8)  7.78  5.90 17203
  9)  7.78  5.89 17272
 10)  7.77  5.90 17349
 11)  7.77  5.91 17382
 12)  7.77  5.91 17400
 13)  7.77  5.91 17418
 14)  7.77  5.91 17431
 15)  7.77  5.96 17474
 16)  7.76  6.00 17668
 17)  7.76  6.02 17764
 18)  7.76  6.04 17856
 19)  7.75  6.07 17932
 20)  7.75  6.07 17983
 21)  7.75  6.08 18022
 22)  7.74  6.09 18073
 23)  7.74  6.09 18104
 24)  7.74  6.08 18114
 25)  7.74  6.09 18124
 26)  7.74  6.09 18144
 27)  7.73  6.08 18152
 28)  7.73  6.08 18160
 29)  7.73  6.07 18167
Vertikaalmeting: Grevelingen
Datum:  4-1-84  Vertno  19
X= 49770  Y=418220   tijd:11.44
vlgn    pH  Temp  CL-g
  1)  7.79  5.92 16744
  2)  7.79  5.93 16739
  3)  7.79  5.92 16745
  4)  7.79  5.92 16744
  5)  7.79  6.16 16628
  6)  7.79  5.92 16740
  7)  7.79  6.16 16644
  8)  7.78  5.91 16830
  9)  7.78  5.90 17079
 10)  7.77  5.91 17321
 11)  7.77  5.91 17419
 12)  7.76  5.97 17594
 13)  7.76  5.97 17627
 14)  7.76  5.98 17667
 15)  7.76  5.99 17712
 16)  7.76  5.99 17736
 17)  7.76  6.00 17826
 18)  7.76  6.03 17862
 19)  7.76  6.04 17938
 20)  7.75  6.06 17970
 21)  7.75  6.09 18033
 22)  7.75  6.09 18023
 23)  7.75  6.09 18017
Vertikaalmeting: Grevelingen
Datum:  4-1-84  Vertno  20
X= 48860  Y=418190   tijd:11.26
vlgn    pH  Temp  CL-g
  1)  7.77  5.91 16982
  2)  7.77  5.90 16989
  3)  7.77  5.90 16996
  4)  7.77  5.90 16996
  5)  7.77  5.90 17006
  6)  7.77  5.89 17080
  7)  7.77  5.89 17139
  8)  7.76  5.90 17309
  9)  7.76  5.90 17368
 10)  7.76  5.91 17377
 11)  7.76  5.91 17399
 12)  7.76  5.93 17432
 13)  7.76  5.93 17463
 14)  7.76  5.96 17569
 15)  7.75  5.98 17649
 16)  7.75  5.98 17738
 17)  7.75  6.00 17826
 18)  7.75  6.00 17865
 19)  7.75  6.01 17878
 20)  7.75  6.03 17887
 21)  7.74  6.04 17898
 22)  7.74  6.08 17948
 23)  7.74  6.36 17884
 24)  7.74  6.15 18103
 25)  7.74  6.15 18121
 26)  7.74  6.15 18149
 27)  7.74  6.16 18159
 28)  7.73  6.39 18035
 29)  7.73  6.16 18182
 30)  7.74  6.16 18195
 31)  7.74  6.40 18061
 32)  7.74  6.16 18199
 33)  7.74  6.17 18197
 34)  7.74  6.17 18198
 35)  7.74  6.17 18197
 36)  7.74  6.16 18193
 37)  7.74  6.16 18210
 38)  7.74  6.17 18214
 39)  7.74  6.17 18209
 40)  7.74  6.17 18215
 41)  7.74  6.17 18205
 42)  7.74  6.17 18221
 43)  7.74  6.17 18219
 44)  7.74  6.17 18213
 45)  7.74  6.18 18216
 46)  7.74  6.17 18222
Vertikaalmeting: Grevelingen
Datum:  4-1-84  Vertno  21
X= 47900  Y=418390   tijd:11.17
vlgn    pH  Temp  CL-g
  1)  7.76  5.93 17436
  2)  7.76  5.93 17428
  3)  7.76  5.93 17420
  4)  7.76  5.92 17393
  5)  7.76  5.92 17420
  6)  7.76  5.93 17425
  7)  7.76  5.93 17436
  8)  7.76  5.93 17457
  9)  7.76  5.92 17479
 10)  7.76  5.92 17518
 11)  7.76  5.93 17581
 12)  7.75  5.95 17657
 13)  7.75  5.97 17713
 14)  7.75  5.99 17776
 15)  7.75  5.99 17827
 16)  7.75  6.00 17846
 17)  7.75  6.01 17860
Vertikaalmeting: Grevelingen
Datum:  4-1-84  Vertno  22
X= 47650  Y=418780   tijd:11.12
vlgn    pH  Temp  CL-g
  1)  7.76  5.94 17508
  2)  7.76  6.17 17395
  3)  7.76  6.17 17384
  4)  7.76  5.94 17526
  5)  7.76  6.18 17421
  6)  7.76  5.94 17602
  7)  7.76  5.95 17667
  8)  7.76  6.18 17575
  9)  7.76  5.95 17723
 10)  7.75  5.96 17762
 11)  7.75  5.96 17787
 12)  7.75  5.96 17806
 13)  7.75  5.96 17792
 14)  7.75  5.96 17799
++++
