Vertikaalmeting: Grevelingen
Datum:  5-11-79  Vertno  1
X= 67370  Y=411430   tijd: 9.24
vlgn  Temp  CL-g O2YsC
  1)  9.61 17679  8.67
  2)  9.61 17686  8.67
  3)  9.62 17682  8.67
  4)  9.61 17686  8.67
  5)  9.61 17686  8.66
  6)  9.61 17688  8.65
  7)  9.61 17685  8.66
  8)  9.61 17702  8.66
  9)  9.61 17705  8.64
 10)  9.62 17706  8.64
 11)  9.61 17711  8.63
 12)  9.62 17709  8.63
Vertikaalmeting: Grevelingen
Datum:  5-11-79  Vertno  2
X= 65340  Y=412000   tijd: 9.43
vlgn  Temp  CL-g O2YsC
  1)  9.52 17709  8.75
  2)  9.52 17708  8.75
  3)  9.51 17714  8.74
  4)  9.49 17715  8.72
  5)  9.48 17717  8.72
  6)  9.49 17711  8.74
  7)  9.49 17717  8.74
  8)  9.51 17717  8.74
  9)  9.49 17712  8.74
 10)  9.48 17718  8.71
 11)  9.47 17724  8.71
 12)  9.47 17723  8.71
 13)  9.47 17730  8.69
 14)  9.48 17731  8.68
 15)  9.49 17728  8.68
Vertikaalmeting: Grevelingen
Datum:  5-11-79  Vertno  3
X= 61670  Y=413640   tijd:10.08
vlgn  Temp  CL-g O2YsC
  1)  9.56 17634  8.62
  2)  9.56 17631  8.62
  3)  9.58 17637  8.61
  4)  9.62 17623  8.62
  5)  9.64 17622  8.61
  6)  9.66 17600  8.60
Vertikaalmeting: Grevelingen
Datum:  5-11-79  Vertno  4
X= 60050  Y=419710   tijd:10.36
vlgn  Temp  CL-g O2YsC
  1)  9.64 17707  8.73
  2)  9.66 17699  8.71
  3)  9.65 17705  8.71
  4)  9.66 17699  8.70
  5)  9.65 17706  8.70
  6)  9.64 17714  8.70
  7)  9.65 17707  8.70
  8)  9.63 17726  8.70
  9)  9.62 17728  8.70
 10)  9.62 17730  8.68
 11)  9.61 17733  8.68
Vertikaalmeting: Grevelingen
Datum:  5-11-79  Vertno  5
X= 56810  Y=421770   tijd:10.59
vlgn  Temp  CL-g O2YsC
  1)  9.58 17767  8.80
  2)  9.58 17771  8.79
  3)  9.58 17764  8.77
  4)  9.58 17767  8.77
  5)  9.58 17770  8.77
  6)  9.58 17772  8.76
  7)  9.59 17777  8.76
  8)  9.58 17781  8.76
  9)  9.58 17773  8.76
 10)  9.56 17771  8.75
 11)  9.58 17778  8.75
 12)  9.59 17784  8.75
 13)  9.59 17778  8.76
 14)  9.59 17784  8.75
 15)  9.59 17784  8.75
 16)  9.58 17788  8.76
Vertikaalmeting: Grevelingen
Datum:  5-11-79  Vertno  6
X= 54830  Y=423960   tijd:11.19
vlgn  Temp  CL-g O2YsC
  1)  9.53 17746  8.79
  2)  9.51 17753  8.77
  3)  9.54 17749  8.78
  4)  9.55 17747  8.75
  5)  9.53 17757  8.76
  6)  9.51 17759  8.75
  7)  9.54 17754  8.76
  8)  9.53 17755  8.75
  9)  9.49 17767  8.75
 10)  9.50 17767  8.76
 11)  9.48 17778  8.76
 12)  9.48 17774  8.76
 13)  9.48 17774  8.74
 14)  9.46 17780  8.76
 15)  9.45 17775  8.77
 16)  9.44 17773  8.79
 17)  9.43 17784  8.77
 18)  9.43 17782  8.77
 19)  9.44 17781  8.77
 20)  9.45 17781  8.78
 21)  9.46 17773  8.77
 22)  9.45 17781  8.76
 23)  9.43 17779  8.77
 24)  9.41 17783  8.77
 25)  9.42 17785  8.77
 26)  9.41 17787  8.77
 27)  9.40 17789  8.76
 28)  9.40 17783  8.77
 29)  9.40 17789  8.76
Vertikaalmeting: Grevelingen
Datum:  5-11-79  Vertno  7
X= 53340  Y=423720   tijd:11.46
vlgn  Temp  CL-g O2YsC
  1)  9.48 17769  8.79
  2)  9.47 17767  8.79
  3)  9.47 17769  8.77
  4)  9.47 17774  8.77
  5)  9.47 17774  8.77
  6)  9.47 17769  8.76
  7)  9.47 17772  8.77
  8)  9.47 17772  8.76
  9)  9.48 17769  8.76
 10)  9.48 17774  8.76
 11)  9.47 17772  8.76
 12)  9.47 17772  8.76
 13)  9.47 17774  8.74
 14)  9.47 17778  8.76
 15)  9.48 17775  8.74
 16)  9.48 17774  8.74
 17)  9.48 17771  8.75
 18)  9.48 17775  8.74
 19)  9.48 17773  8.74
 20)  9.48 17780  8.73
Vertikaalmeting: Grevelingen
Datum:  5-11-79  Vertno  8
X= 51350  Y=421840   tijd:12.19
vlgn  Temp  CL-g O2YsC
  1)  9.35 17674  8.86
  2)  9.35 17696  8.86
  3)  9.34 17704  8.85
  4)  9.35 17729  8.84
  5)  9.35 17735  8.86
  6)  9.34 17747  8.86
  7)  9.35 17775  8.84
  8)  9.35 17795  8.84
  9)  9.35 17794  8.84
 10)  9.36 17806  8.84
 11)  9.35 17809  8.82
Vertikaalmeting: Grevelingen
Datum:  5-11-79  Vertno  9
X= 49970  Y=420380   tijd:12.53
vlgn  Temp  CL-g O2YsC
  1)  9.33 17815  8.86
  2)  9.33 17815  8.86
  3)  9.33 17815  8.85
  4)  9.33 17815  8.84
  5)  9.33 17815  8.86
  6)  9.33 17815  8.86
  7)  9.33 17815  8.84
  8)  9.33 17815  8.84
  9)  9.33 17815  8.84
 10)  9.33 17815  8.84
 11)  9.33 17815  8.82
 12)  9.33 17815  8.83
 13)  9.33 17824  8.85
Vertikaalmeting: Grevelingen
Datum:  5-11-79  Vertno  10
X= 50860  Y=419610   tijd:13.04
vlgn  Temp  CL-g O2YsC
  1)  9.33 17808  8.90
  2)  9.33 17807  8.90
  3)  9.33 17810  8.90
  4)  9.34 17810  8.90
  5)  9.33 17809  8.90
  6)  9.34 17815  8.90
  7)  9.34 17809  8.92
  8)  9.33 17811  8.90
  9)  9.34 17812  8.90
Vertikaalmeting: Grevelingen
Datum:  5-11-79  Vertno  11
X= 47480  Y=418800   tijd:13.41
vlgn  Temp  CL-g O2YsC
  1)  9.64 17866  8.50
  2)  9.64 17868  8.50
  3)  9.64 17866  8.49
  4)  9.64 17864  8.49
  5)  9.64 17866  8.49
  6)  9.64 17866  8.49
  7)  9.64 17865  8.49
  8)  9.64 17869  8.49
  9)  9.64 17863  8.48
 10)  9.64 17864  8.48
++++
