Vertikaalmeting: Grevelingen
Datum:  8-10-80  Vertno  1
X= 67420  Y=411350   tijd:15.20
vlgn    pH  Temp  CL-g O2Plc
  1)  8.13 13.19 17363  7.80
  2)  8.13 13.19 17371  7.80
  3)  8.13 13.19 17376  7.79
  4)  8.13 13.19 17370  7.79
  5)  8.13 13.19 17371  7.78
  6)  8.13 13.19 17360  7.79
  7)  8.13 13.19 17372  7.79
  8)  8.13 13.16 17363  7.78
  9)  8.13 13.09 17362  7.77
 10)  8.13 13.04 17359  7.76
 11)  8.12 12.94 17356  7.74
 12)  8.12 12.91 17360  7.73
Vertikaalmeting: Grevelingen
Datum:  8-10-80  Vertno  2
X= 65350  Y=412010   tijd:15.04
vlgn    pH  Temp  CL-g O2Plc
  1)  8.13 13.39 17355  7.75
  2)  8.12 13.39 17356  7.76
  3)  8.12 13.38 17358  7.74
  4)  8.12 13.39 17354  7.75
  5)  8.12 13.39 17357  7.75
  6)  8.12 13.38 17353  7.76
  7)  8.12 13.35 17354  7.76
  8)  8.12 13.31 17354  7.76
  9)  8.12 13.32 17360  7.77
 10)  8.12 13.34 17357  7.77
 11)  8.12 13.31 17362  7.75
 12)  8.12 13.29 17355  7.77
 13)  8.12 13.28 17361  7.78
 14)  8.12 13.28 17352  7.78
 15)  8.12 13.24 17353  7.77
Vertikaalmeting: Grevelingen
Datum:  8-10-80  Vertno  3
X= 61720  Y=413600   tijd:14.44
vlgn    pH  Temp  CL-g O2Plc
  1)  8.22 14.05 17368  7.99
  2)  8.22 14.05 17360  7.99
  3)  8.22 14.05 17360  7.99
  4)  8.22 14.05 17361  7.99
  5)  8.22 14.04 17367  7.99
  6)  8.22 14.04 17367  7.98
Vertikaalmeting: Grevelingen
Datum:  8-10-80  Vertno  4
X= 60080  Y=419640   tijd:14.14
vlgn    pH  Temp  CL-g O2Plc
  1)  8.11 12.46 17322  8.08
  2)  8.11 12.46 17321  8.08
  3)  8.11 12.47 17322  8.09
  4)  8.12 12.61 17323  8.11
  5)  8.12 12.55 17311  8.08
  6)  8.12 12.54 17321  8.07
  7)  8.12 12.56 17331  8.07
  8)  8.12 12.53 17317  8.03
  9)  8.12 12.51 17328  8.00
 10)  8.12 12.36 17341  7.96
 11)  8.11 12.24 17329  7.95
 12)  8.10 11.70 17341  8.04
Vertikaalmeting: Grevelingen
Datum:  8-10-80  Vertno  5
X= 56760  Y=421870   tijd:13.51
vlgn    pH  Temp  CL-g O2Plc
  1)  8.13 13.05 17312  7.97
  2)  8.13 13.06 17322  7.95
  3)  8.13 13.05 17317  7.94
  4)  8.13 13.06 17320  7.95
  5)  8.13 13.11 17324  7.94
  6)  8.13 13.12 17320  7.93
  7)  8.13 13.10 17320  7.93
  8)  8.14 13.11 17322  7.92
  9)  8.14 13.10 17321  7.92
 10)  8.14 13.14 17320  7.91
 11)  8.14 13.15 17321  7.92
 12)  8.14 13.13 17333  7.90
 13)  8.14 13.11 17323  7.90
 14)  8.14 13.10 17327  7.90
 15)  8.14 13.07 17312  7.90
 16)  8.14 13.05 17317  7.88
Vertikaalmeting: Grevelingen
Datum:  8-10-80  Vertno  6
X= 54860  Y=424090   tijd:13.25
vlgn    pH  Temp  CL-g O2Plc
  1)  8.15 13.39 17347  7.89
  2)  8.15 13.38 17350  7.88
  3)  8.15 13.39 17345  7.88
  4)  8.15 13.39 17343  7.87
  5)  8.15 13.39 17350  7.87
  6)  8.16 13.40 17356  7.86
  7)  8.16 13.42 17351  7.87
  8)  8.16 13.44 17355  7.87
  9)  8.16 13.42 17368  7.86
 10)  8.16 13.42 17358  7.86
 11)  8.16 13.43 17359  7.85
 12)  8.16 13.45 17367  7.85
 13)  8.16 13.41 17364  7.83
 14)  8.16 13.40 17365  7.82
 15)  8.16 13.41 17361  7.82
 16)  8.16 13.41 17363  7.82
 17)  8.16 13.42 17367  7.83
 18)  8.16 13.46 17367  7.83
 19)  8.16 13.42 17369  7.82
 20)  8.16 13.43 17365  7.81
 21)  8.16 13.42 17369  7.81
 22)  8.16 13.41 17362  7.79
 23)  8.16 13.42 17363  7.80
 24)  8.15 13.38 17367  7.79
 25)  8.15 13.37 17364  7.78
 26)  8.15 13.32 17359  7.76
 27)  8.15 13.32 17359  7.76
 28)  8.14 13.32 17361  7.76
 29)  8.14 13.32 17367  7.75
Vertikaalmeting: Grevelingen
Datum:  8-10-80  Vertno  7
X= 53370  Y=423760   tijd:13.07
vlgn    pH  Temp  CL-g O2Plc
  1)  8.12 13.34 17354  7.85
  2)  8.12 13.33 17358  7.86
  3)  8.12 13.33 17353  7.84
  4)  8.13 13.34 17358  7.85
  5)  8.13 13.35 17357  7.85
  6)  8.13 13.35 17356  7.86
  7)  8.13 13.33 17357  7.86
  8)  8.13 13.34 17354  7.85
  9)  8.13 13.34 17357  7.86
 10)  8.13 13.29 17346  7.84
 11)  8.13 13.20 17347  7.80
 12)  8.13 13.16 17352  7.77
 13)  8.13 13.19 17350  7.79
 14)  8.12 13.21 17360  7.78
 15)  8.12 13.18 17356  7.77
 16)  8.12 13.17 17359  7.76
 17)  8.12 13.21 17354  7.78
 18)  8.12 13.20 17361  7.77
 19)  8.12 13.20 17356  7.78
 20)  8.14 13.20 17357  7.77
Vertikaalmeting: Grevelingen
Datum:  8-10-80  Vertno  8
X= 51360  Y=421610   tijd:12.45
vlgn    pH  Temp  CL-g O2Plc
  1)  8.15 13.85 17357  7.79
  2)  8.15 13.86 17362  7.78
  3)  8.15 13.85 17361  7.77
  4)  8.15 13.86 17364  7.77
  5)  8.15 13.86 17370  7.77
  6)  8.15 13.83 17384  7.78
  7)  8.15 13.77 17372  7.76
  8)  8.15 13.78 17378  7.77
  9)  8.15 13.79 17374  7.78
 10)  8.15 13.76 17376  7.77
 11)  8.15 13.74 17372  7.77
 12)  8.15 13.71 17383  7.77
 13)  8.15 13.72 17373  7.77
 14)  8.15 13.69 17379  7.78
 15)  8.14 13.63 17373  7.77
 16)  8.14 13.65 17406  7.78
 17)  8.14 13.62 17372  7.76
 18)  8.14 13.63 17378  7.77
 19)  8.14 13.57 17367  7.77
 20)  8.14 13.55 17370  7.77
Vertikaalmeting: Grevelingen
Datum:  8-10-80  Vertno  9
X= 50120  Y=420370   tijd:12.33
vlgn    pH  Temp  CL-g O2Plc
  1)  8.15 13.92 17365  7.84
  2)  8.15 13.92 17366  7.85
  3)  8.15 13.92 17369  7.83
  4)  8.16 13.92 17368  7.83
  5)  8.16 13.93 17374  7.83
  6)  8.16 13.93 17373  7.83
  7)  8.16 13.93 17371  7.82
  8)  8.16 13.94 17372  7.81
  9)  8.16 13.93 17372  7.80
 10)  8.16 13.93 17380  7.79
 11)  8.16 13.92 17372  7.78
 12)  8.16 13.92 17371  7.75
Vertikaalmeting: Grevelingen
Datum:  8-10-80  Vertno  10
X= 50930  Y=419600   tijd:12.22
vlgn    pH  Temp  CL-g O2Plc
  1)  8.15 13.86 17361  7.84
  2)  8.14 13.87 17365  7.84
  3)  8.14 13.87 17363  7.84
  4)  8.14 13.87 17366  7.84
  5)  8.14 13.87 17365  7.83
  6)  8.14 13.87 17366  7.82
  7)  8.14 13.85 17367  7.81
  8)  8.14 13.81 17363  7.77
  9)  8.14 13.82 17370  7.77
Vertikaalmeting: Grevelingen
Datum:  8-10-80  Vertno  11
X= 48850  Y=418130   tijd:11.28
vlgn    pH  Temp  CL-g O2Plc
  1)  8.05 14.99 17368  7.73
  2)  8.06 14.99 17368  7.73
  3)  8.06 14.99 17378  7.73
  4)  8.06 14.99 17373  7.74
  5)  8.07 14.99 17380  7.73
  6)  8.07 15.00 17364  7.73
  7)  8.07 14.99 17368  7.73
  8)  8.08 15.00 17361  7.74
  9)  8.08 14.99 17369  7.73
 10)  8.08 14.99 17380  7.72
 11)  8.09 14.99 17375  7.72
 12)  8.09 14.99 17370  7.72
 13)  8.09 14.99 17370  7.71
 14)  8.09 14.99 17362  7.71
 15)  8.10 14.98 17360  7.72
 16)  8.10 14.98 17369  7.71
 17)  8.10 14.97 17381  7.70
 18)  8.10 14.96 17371  7.69
 19)  8.10 14.96 17358  7.67
 20)  8.11 14.96 17381  7.67
 21)  8.11 14.96 17361  7.67
 22)  8.11 14.96 17377  7.68
 23)  8.11 14.96 17365  7.67
 24)  8.11 14.95 17375  7.67
 25)  8.12 14.95 17374  7.66
 26)  8.12 14.95 17365  7.66
 27)  8.12 14.94 17362  7.65
 28)  8.12 14.94 17363  7.66
 29)  8.12 14.95 17378  7.66
 30)  8.12 14.94 17384  7.65
 31)  8.12 14.94 17371  7.66
 32)  8.12 14.92 17369  7.65
 33)  8.13 14.92 17388  7.64
 34)  8.13 14.92 17368  7.64
 35)  8.13 14.92 17372  7.64
 36)  8.13 14.88 17362  7.62
 37)  8.13 14.76 17380  7.46
 38)  8.12 14.49 17412  7.16
 39)  8.03  8.01 17640  3.50
 40)  7.82  6.42 17770  1.25
 41)  7.74  6.08 17863  0.79
 42)  7.70  6.07 17861  0.67
 43)  7.68  6.06 17839  0.63
 44)  7.66  6.05 17848  0.58
 45)  7.65  6.05 17846  0.54
 46)  7.64  6.05 17843  0.53
++++
