Vertikaalmeting: Grevelingen
Datum:  9-8-83  Vertno  1
X= 67460  Y=411390   tijd:11.59
vlgn    pH  Temp  CL-g O2Plc
  1)  8.02 20.08 15950  8.32
  2)  8.13 20.00 15941  8.30
  3)  8.01 19.92 15942  8.19
  4)  8.01 19.82 15951  7.99
  5)  8.00 19.75 15948  7.64
  6)  7.99 19.73 15948  7.56
  7)  7.98 19.70 15954  7.49
  8)  7.96 19.64 15941  6.75
  9)  7.94 19.52 15946  6.31
 10)  7.92 19.43 15955  5.87
 11)  7.91 19.38 15970  5.87
 12)  7.91 19.06 16125  4.69
Vertikaalmeting: Grevelingen
Datum:  9-8-83  Vertno  2
X= 65290  Y=412030   tijd:11.38
vlgn    pH  Temp  CL-g O2Plc
  1)  8.06 20.42 15946  8.76
  2)  8.05 20.34 15944  8.57
  3)  8.03 20.20 15966  8.27
  4)  8.01 20.06 15938  7.88
  5)  8.00 20.03 15944  7.64
  6)  7.99 19.99 15946  7.36
  7)  7.98 19.94 15944  7.22
  8)  7.97 19.74 15943  6.83
  9)  7.95 19.58 15933  6.46
 10)  7.94 19.53 15943  6.25
 11)  7.94 19.48 15945  6.20
 12)  7.93 19.46 15947  6.07
 13)  7.93 19.44 15944  6.02
 14)  7.93 19.42 15945  6.01
 15)  7.92 19.36 15949  5.94
Vertikaalmeting: Grevelingen
Datum:  9-8-83  Vertno  3
X= 61630  Y=413690   tijd:11.14
vlgn    pH  Temp  CL-g O2Plc
  1)  8.01 20.70 15996  7.83
  2)  8.01 20.68 15965  7.83
  3)  8.01 20.61 16005  7.80
  4)  8.02 20.62 16035  7.86
  5)  8.01 20.50 16102  7.68
  6)  7.85 19.50 16071  5.30
Vertikaalmeting: Grevelingen
Datum:  9-8-83  Vertno  4
X= 60100  Y=419840   tijd:10.40
vlgn    pH  Temp  CL-g O2Plc
  1)  7.97 20.13 15970  7.56
  2)  7.97 20.07 15994  7.58
  3)  7.97 19.87 15996  7.64
  4)  7.97 20.06 15969  7.65
  5)  7.97 20.03 15961  7.76
  6)  7.96 19.80 16012  7.17
  7)  7.97 19.80 16042  7.02
  8)  7.98 19.91 16105  6.93
  9)  7.96 19.67 16136  6.21
 10)  7.98 19.32 16065  6.06
 11)  7.93 18.96 16179  4.44
 12)  7.89 18.89 16203  3.52
Vertikaalmeting: Grevelingen
Datum:  9-8-83  Vertno  5
X= 56780  Y=421840   tijd:10.11
vlgn    pH  Temp  CL-g O2Plc
  1)  7.95 19.90 15872  8.50
  2)  7.95 19.90 15865  8.50
  3)  7.95 19.89 15863  8.51
  4)  7.95 19.82 15862  8.40
  5)  7.93 19.76 15865  7.81
  6)  7.94 19.79 15877  8.24
  7)  7.92 19.66 15871  7.85
  8)  7.89 19.52 15881  7.16
  9)  7.88 19.53 15862  7.18
 10)  7.89 19.42 15921  6.65
 11)  7.94 19.27 16019  6.54
 12)  7.96 19.02 16091  5.60
 13)  7.97 19.01 16099  5.50
 14)  7.97 19.00 16098  5.45
 15)  7.97 18.99 16105  5.38
 16)  7.97 18.99 16108  5.36
 17)  7.97 18.98 16114  5.27
Vertikaalmeting: Grevelingen
Datum:  9-8-83  Vertno  6
X= 54930  Y=424070   tijd: 9.40
vlgn    pH  Temp  CL-g O2Plc
  1)  7.93 19.95 15861  8.28
  2)  7.94 19.92 15866  8.28
  3)  7.93 19.88 15862  8.24
  4)  7.93 19.92 15858  8.21
  5)  7.93 19.85 15869  8.16
  6)  7.92 19.83 15864  8.09
  7)  7.91 19.75 15866  7.79
  8)  7.90 19.65 15856  7.58
  9)  7.87 19.45 15880  6.81
 10)  7.88 19.38 15910  6.39
 11)  7.89 19.35 15921  6.32
 12)  7.92 19.24 15970  6.20
 13)  7.92 19.22 15971  6.18
 14)  7.92 19.20 15978  6.11
 15)  7.92 19.20 15984  6.08
 16)  7.93 19.15 16015  5.96
 17)  7.95 19.09 16022  5.98
 18)  7.95 19.08 16017  5.99
 19)  7.95 19.05 16033  5.95
 20)  7.95 19.04 16034  5.86
 21)  7.95 19.04 16029  5.85
 22)  7.94 19.02 16038  5.82
 23)  7.94 19.01 16041  5.80
 24)  7.94 19.01 16035  5.81
 25)  7.94 19.01 16039  5.79
 26)  7.93 19.00 16044  5.70
 27)  7.92 18.99 16045  5.46
 28)  7.93 18.99 16040  5.45
Vertikaalmeting: Grevelingen
Datum:  9-8-83  Vertno  7
X= 53390  Y=423790   tijd: 9.20
vlgn    pH  Temp  CL-g O2Plc
  1)  7.93 20.06 15858  7.92
  2)  7.93 20.05 15859  7.93
  3)  7.92 20.02 15856  7.94
  4)  7.90 19.91 15864  7.42
  5)  7.90 19.88 15854  7.41
  6)  7.89 19.86 15860  7.35
  7)  7.89 19.86 15862  7.37
  8)  7.89 19.84 15866  7.35
  9)  7.89 19.83 15866  7.33
 10)  7.89 19.82 15865  7.33
 11)  7.89 19.71 15878  7.26
 12)  7.89 19.60 15888  6.85
 13)  7.89 19.56 15884  6.74
 14)  7.89 19.41 15916  6.37
 15)  7.90 19.38 15922  6.36
 16)  7.90 19.35 15928  6.21
 17)  7.90 19.33 15940  6.19
 18)  7.90 19.28 15949  5.98
 19)  7.90 19.28 15948  5.97
Vertikaalmeting: Grevelingen
Datum:  9-8-83  Vertno  8
X= 51390  Y=421700   tijd: 8.56
vlgn    pH  Temp  CL-g O2Plc
  1)  7.93 20.31 15858  8.15
  2)  7.93 20.30 15857  8.09
  3)  7.93 20.29 15855  8.06
  4)  7.93 20.27 15852  8.02
  5)  7.93 20.27 15859  8.05
  6)  7.93 20.25 15854  8.00
  7)  7.92 20.20 15862  7.95
  8)  7.92 20.08 15868  7.90
  9)  7.90 19.98 15865  7.46
 10)  7.90 19.98 15861  7.59
 11)  7.90 19.95 15861  7.52
 12)  7.89 19.93 15864  7.43
 13)  7.89 19.91 15863  7.40
 14)  7.88 19.73 15870  7.02
 15)  7.87 19.66 15863  6.97
 16)  7.87 19.63 15854  6.91
 17)  7.86 19.52 15851  6.75
 18)  7.85 19.50 15862  6.68
 19)  7.85 19.48 15857  6.67
Vertikaalmeting: Grevelingen
Datum:  9-8-83  Vertno  9
X= 50180  Y=420370   tijd: 8.38
vlgn    pH  Temp  CL-g O2Plc
  1)  7.89 20.25 15851  7.52
  2)  7.89 20.27 15846  7.15
  3)  7.89 20.26 15855  7.31
  4)  7.89 20.25 15861  7.35
  5)  7.90 20.23 15867  7.63
  6)  7.90 20.22 15862  7.65
  7)  7.90 20.21 15866  7.58
  8)  7.88 20.06 15848  7.05
  9)  7.86 19.96 15842  6.73
 10)  7.85 19.73 15871  6.54
 11)  7.85 19.62 15862  6.54
 12)  7.85 19.46 15823  6.60
 13)  7.85 19.32 15851  6.56
 14)  7.84 19.26 15857  6.49
 15)  7.84 19.23 15852  6.39
 16)  7.83 19.20 15851  6.30
 17)  7.83 19.09 15827  6.20
Vertikaalmeting: Grevelingen
Datum:  9-8-83  Vertno  10
X= 50940  Y=419640   tijd: 8.26
vlgn    pH  Temp  CL-g O2Plc
  1)  7.89 20.07 15855  7.20
  2)  7.89 20.07 15854  7.20
  3)  7.89 20.07 15849  7.21
  4)  7.89 20.05 15848  7.20
  5)  7.88 19.99 15852  7.14
  6)  7.88 19.94 15855  7.03
  7)  7.86 19.78 15851  6.60
  8)  7.84 19.51 15747  6.56
  9)  7.77 19.07 15846  5.26
++++
