Vertikaalmeting: Grevelingen
Datum:  15-3-84  Vertno  1
X= 65310  Y=409930   tijd:13.05
vlgn    pH  Temp  CL-g O2Plc
  1)  8.18  4.09 16279 11.09
  2)  8.18  4.11 16292 11.09
  3)  8.18  4.06 16302 11.08
  4)  8.18  3.98 16309 11.05
  5)  8.17  3.98 16308 11.02
  6)  8.17  3.94 16328 10.97
  7)  8.15  3.92 16448 10.92
  8)  8.12  3.85 16487 10.84
Vertikaalmeting: Grevelingen
Datum:  15-3-84  Vertno  2
X= 67410  Y=411300   tijd:12.49
vlgn    pH  Temp  CL-g O2Plc
  1)  8.16  4.07 16316 10.94
  2)  8.16  4.06 16315 10.94
  3)  8.16  4.04 16319 10.94
  4)  8.16  4.01 16315 10.93
  5)  8.16  4.01 16326 10.93
  6)  8.16  3.95 16338 10.91
  7)  8.16  3.95 16347 10.92
  8)  8.13  3.86 16436 10.84
  9)  8.13  3.86 16449 10.73
 10)  8.13  3.86 16447 10.70
 11)  8.13  3.86 16444 10.70
 12)  8.12  3.86 16442 10.73
Vertikaalmeting: Grevelingen
Datum:  15-3-84  Vertno  3
X= 65270  Y=412050   tijd:12.32
vlgn    pH  Temp  CL-g O2Plc
  1)  8.18  4.15 16326 10.96
  2)  8.18  4.09 16321 10.97
  3)  8.18  4.13 16318 10.99
  4)  8.18  4.12 16318 10.97
  5)  8.18  4.08 16327 10.95
  6)  8.18  4.06 16323 10.97
  7)  8.17  4.03 16343 10.99
  8)  8.15  3.95 16411 10.91
  9)  8.13  3.84 16463 10.83
 10)  8.11  3.81 16478 10.69
 11)  8.11  3.80 16480 10.67
 12)  8.11  3.80 16475 10.64
 13)  8.11  3.79 16490 10.61
 14)  8.11  3.78 16475 10.63
Vertikaalmeting: Grevelingen
Datum:  15-3-84  Vertno  4
X= 61700  Y=413540   tijd:12.10
vlgn    pH  Temp  CL-g O2Plc
  1)  8.29  3.99 16169 11.71
  2)  8.22  4.07 16270 11.28
  3)  8.21  4.09 16275 11.27
  4)  8.20  4.07 16295 11.19
  5)  8.20  4.07 16296 11.13
  6)  8.20  4.03 16297 11.13
Vertikaalmeting: Grevelingen
Datum:  15-3-84  Vertno  5
X= 60120  Y=419800   tijd:11.36
vlgn    pH  Temp  CL-g O2Plc
  1)  8.18  4.06 16396 11.22
  2)  8.18  4.04 16404 11.21
  3)  8.18  4.02 16404 11.20
  4)  8.18  4.00 16415 11.21
  5)  8.18  4.00 16413 11.22
  6)  8.18  3.98 16411 11.22
  7)  8.18  3.97 16412 11.21
  8)  8.18  3.95 16416 11.21
  9)  8.18  3.95 16416 11.22
 10)  8.18  3.95 16426 11.20
 11)  8.18  3.95 16410 11.21
Vertikaalmeting: Grevelingen
Datum:  15-3-84  Vertno  6
X= 56800  Y=421870   tijd:11.12
vlgn    pH  Temp  CL-g O2Plc
  1)  8.20  4.00 16391 11.38
  2)  8.20  4.00 16394 11.39
  3)  8.20  3.98 16383 11.37
  4)  8.20  3.97 16397 11.38
  5)  8.20  3.96 16392 11.36
  6)  8.21  3.94 16384 11.35
  7)  8.22  3.87 16410 11.45
  8)  8.22  3.87 16401 11.48
  9)  8.22  3.86 16405 11.47
 10)  8.23  3.86 16391 11.49
 11)  8.23  3.87 16390 11.49
 12)  8.23  3.86 16408 11.49
 13)  8.24  3.85 16403 11.52
 14)  8.24  3.77 16408 11.55
 15)  8.23  3.63 16407 11.53
 16)  8.23  3.54 16422 11.50
Vertikaalmeting: Grevelingen
Datum:  15-3-84  Vertno  7
X= 54940  Y=424000   tijd:10.48
vlgn    pH  Temp  CL-g O2Plc
  1)  8.24  3.99 16390 11.59
  2)  8.24  3.98 16386 11.59
  3)  8.24  3.96 16379 11.59
  4)  8.23  3.95 16375 11.57
  5)  8.23  3.94 16380 11.54
  6)  8.22  3.96 16396 11.54
  7)  8.20  3.99 16394 11.46
  8)  8.20  3.97 16397 11.43
  9)  8.21  3.95 16392 11.46
 10)  8.20  3.97 16396 11.44
 11)  8.20  3.94 16395 11.41
 12)  8.20  3.93 16384 11.42
 13)  8.21  3.92 16394 11.42
 14)  8.21  3.94 16395 11.44
 15)  8.21  3.95 16401 11.39
 16)  8.20  3.95 16408 11.39
 17)  8.20  3.99 16407 11.36
 18)  8.19  4.01 16409 11.35
 19)  8.19  4.01 16398 11.33
 20)  8.19  4.01 16411 11.33
 21)  8.18  4.02 16397 11.30
 22)  8.18  4.02 16411 11.32
 23)  8.18  4.01 16406 11.30
 24)  8.18  4.02 16407 11.32
 25)  8.18  4.02 16411 11.32
 26)  8.18  4.02 16406 11.32
 27)  8.18  4.03 16410 11.32
 28)  8.17  4.05 16413 11.31
Vertikaalmeting: Grevelingen
Datum:  15-3-84  Vertno  8
X= 53410  Y=423740   tijd:10.31
vlgn    pH  Temp  CL-g O2Plc
  1)  8.18  4.00 16388 11.25
  2)  8.17  4.01 16392 11.23
  3)  8.16  4.00 16393 11.23
  4)  8.15  4.01 16411 11.18
  5)  8.15  4.00 16398 11.18
  6)  8.15  3.98 16405 11.16
  7)  8.14  4.00 16406 11.16
  8)  8.14  3.99 16413 11.16
  9)  8.14  3.97 16417 11.12
 10)  8.14  3.98 16413 11.11
 11)  8.14  3.98 16400 11.12
 12)  8.14  3.98 16411 11.12
 13)  8.15  3.98 16413 11.13
 14)  8.15  3.97 16410 11.16
 15)  8.15  3.98 16405 11.14
 16)  8.15  3.98 16404 11.13
 17)  8.15  3.97 16399 11.16
 18)  8.16  3.96 16427 11.18
 19)  8.15  3.96 16426 11.20
Vertikaalmeting: Grevelingen
Datum:  15-3-84  Vertno  9
X= 51380  Y=421620   tijd:10.08
vlgn    pH  Temp  CL-g O2Plc
  1)  8.15  3.87 16380 11.12
  2)  8.16  3.85 16387 11.11
  3)  8.16  3.85 16394 11.09
  4)  8.15  3.95 16409 11.21
  5)  8.15  3.95 16399 11.24
  6)  8.15  3.95 16402 11.22
  7)  8.15  3.96 16403 11.24
  8)  8.15  3.96 16389 11.23
  9)  8.15  3.96 16404 11.22
 10)  8.14  3.97 16408 11.23
 11)  8.14  3.97 16404 11.22
 12)  8.14  3.96 16396 11.23
 13)  8.15  3.93 16398 11.20
 14)  8.15  3.92 16408 11.18
 15)  8.15  3.94 16401 11.18
 16)  8.15  3.95 16423 11.18
 17)  8.15  3.95 16417 11.19
 18)  8.15  3.95 16414 11.19
 19)  8.15  3.96 16420 11.18
 20)  8.15  3.93 16411 11.17
 21)  8.15  3.94 16403 11.17
Vertikaalmeting: Grevelingen
Datum:  15-3-84  Vertno  10
X= 50100  Y=420330   tijd: 9.51
vlgn    pH  Temp  CL-g O2Plc
  1)  8.15  4.09 16381 11.27
  2)  8.15  4.09 16379 11.28
  3)  8.15  4.09 16379 11.28
  4)  8.14  4.03 16391 11.26
  5)  8.14  4.02 16385 11.23
  6)  8.14  3.97 16392 11.19
  7)  8.14  3.93 16390 11.13
  8)  8.14  3.94 16404 11.11
  9)  8.14  3.96 16376 11.13
 10)  8.14  3.97 16383 11.13
 11)  8.14  3.91 16384 11.10
 12)  8.14  3.91 16390 11.07
 13)  8.14  3.89 16392 11.08
 14)  8.14  3.90 16408 11.07
 15)  8.14  3.91 16409 11.09
 16)  8.14  3.91 16401 11.10
 17)  8.14  3.91 16415 11.09
 18)  8.14  3.92 16405 11.09
Vertikaalmeting: Grevelingen
Datum:  15-3-84  Vertno  11
X= 50980  Y=419600   tijd: 9.41
vlgn    pH  Temp  CL-g O2Plc
  1)  8.14  3.97 16349 11.10
  2)  8.14  3.97 16376 11.10
  3)  8.14  3.97 16358 11.10
  4)  8.14  3.97 16358 11.09
  5)  8.14  3.95 16369 11.08
  6)  8.14  3.95 16369 11.07
  7)  8.14  3.92 16382 11.06
  8)  8.13  3.93 16389 11.06
++++
