Vertikaalmeting: Grevelingen
Datum:  3-9-79  Vertno  1
X= 65200  Y=409990   tijd:14.57
vlgn    pH  Temp  CL-g O2YsC
  1)  8.42 16.92 17359  8.10
  2)  8.42 16.93 17363  8.12
  3)  8.41 16.87 17381  8.09
  4)  8.41 16.90 17374  8.06
  5)  8.40 16.85 17381  8.06
  6)  8.39 16.80 17399  7.89
  7)  8.38 16.77 17398  7.66
  8)  8.33 16.62 17448  7.13
Vertikaalmeting: Grevelingen
Datum:  3-9-79  Vertno  2
X= 63350  Y=411530   tijd:14.41
vlgn    pH  Temp  CL-g O2YsC
  1)  8.42 17.06 17382  8.16
  2)  8.42 17.06 17381  8.13
  3)  8.42 17.07 17385  8.13
  4)  8.42 17.07 17388  8.12
  5)  8.41 17.01 17402  8.11
  6)  8.41 16.94 17407  8.06
  7)  8.39 16.85 17428  7.99
  8)  8.39 16.84 17434  7.93
  9)  8.38 16.82 17440  7.89
 10)  8.35 16.70 17460  7.42
 11)  8.20 16.41 17557  5.91
Vertikaalmeting: Grevelingen
Datum:  3-9-79  Vertno  3
X= 62330  Y=412130   tijd:14.24
vlgn    pH  Temp  CL-g O2YsC
  1)  8.43 16.99 17411  8.31
  2)  8.42 16.99 17411  8.31
  3)  8.42 16.98 17416  8.31
  4)  8.42 16.99 17414  8.29
  5)  8.42 16.98 17412  8.28
  6)  8.42 16.97 17420  8.25
  7)  8.42 16.97 17417  8.24
  8)  8.33 16.83 17478  7.47
  9)  8.30 16.69 17555  7.48
 10)  8.29 16.69 17563  7.45
 11)  8.23 16.49 17574  6.51
 12)  8.19 16.34 17612  5.93
 13)  8.19 16.34 17626  5.91
 14)  8.15 16.35 17682  5.33
 15)  8.12 16.39 17721  4.91
 16)  8.11 16.38 17728  4.78
 17)  8.11 16.40 17736  4.77
 18)  8.09 16.38 17749  3.94
Vertikaalmeting: Grevelingen
Datum:  3-9-79  Vertno  4
X= 61170  Y=412900   tijd:14.11
vlgn    pH  Temp  CL-g O2YsC
  1)  8.35 16.65 17486  8.20
  2)  8.35 16.67 17485  8.05
  3)  8.35 16.65 17499  7.99
  4)  8.35 16.65 17503  8.07
  5)  8.35 16.66 17505  8.10
  6)  8.35 16.63 17518  8.16
  7)  8.36 16.63 17516  8.17
  8)  8.36 16.63 17523  8.17
  9)  8.31 16.54 17557  7.82
 10)  8.24 16.41 17551  6.39
Vertikaalmeting: Grevelingen
Datum:  3-9-79  Vertno  5
X= 59250  Y=414130   tijd:13.41
vlgn    pH  Temp  CL-g O2YsC
  1)  8.37 16.86 17537  8.21
  2)  8.37 16.90 17541  8.25
  3)  8.36 16.87 17545  8.29
  4)  8.37 16.90 17552  8.28
  5)  8.36 16.90 17551  8.28
  6)  8.36 16.88 17552  8.25
  7)  8.36 16.82 17541  8.11
  8)  8.32 16.68 17542  7.45
  9)  8.24 16.39 17587  6.66
 10)  8.21 16.33 17625  6.35
 11)  8.19 16.38 17714  5.52
 12)  8.17 16.62 17816  5.47
 13)  8.18 16.77 17899  5.26
 14)  8.17 16.85 17935  5.01
 15)  8.15 16.90 17966  4.69
 16)  8.14 16.93 17989  4.48
 17)  8.12 16.99 18060  3.93
 18)  8.12 16.99 18061  3.77
 19)  8.12 16.99 18062  3.74
 20)  8.11 16.99 18065  3.69
 21)  8.11 16.98 18066  3.66
 22)  8.11 16.98 18066  3.64
 23)  8.11 16.97 18070  3.60
Vertikaalmeting: Grevelingen
Datum:  3-9-79  Vertno  6
X= 57840  Y=417130   tijd:13.13
vlgn    pH  Temp  CL-g O2YsC
  1)  8.41 17.86 17462  8.34
  2)  8.41 17.86 17461  8.34
  3)  8.41 17.86 17463  8.34
  4)  8.41 17.86 17465  8.32
  5)  8.41 17.85 17467  8.31
  6)  8.40 17.85 17465  8.30
  7)  8.40 17.80 17458  8.01
  8)  8.24 16.57 17617  6.63
  9)  8.25 16.47 17631  6.75
 10)  8.21 16.40 17645  5.97
 11)  8.17 16.39 17657  5.56
 12)  8.23 16.46 17696  6.31
 13)  8.21 16.48 17693  6.09
 14)  8.19 16.54 17756  5.74
 15)  8.20 16.65 17810  5.77
 16)  8.19 16.68 17835  5.41
 17)  8.18 16.70 17861  5.26
 18)  8.16 16.79 17923  4.91
 19)  8.15 16.81 17945  4.76
Vertikaalmeting: Grevelingen
Datum:  3-9-79  Vertno  7
X= 57480  Y=418930   tijd:12.53
vlgn    pH  Temp  CL-g O2YsC
  1)  8.36 17.53 17514  8.11
  2)  8.36 17.53 17512  8.11
  3)  8.36 17.53 17515  8.12
  4)  8.36 17.51 17518  8.10
  5)  8.36 17.52 17512  8.08
  6)  8.36 17.49 17519  8.10
  7)  8.35 17.48 17518  8.04
  8)  8.35 17.46 17516  7.99
  9)  8.32 17.21 17549  7.86
 10)  8.32 17.16 17544  7.83
 11)  8.27 16.84 17644  7.31
 12)  8.26 16.77 17680  6.90
 13)  8.26 16.77 17684  6.74
 14)  8.22 16.65 17812  5.78
 15)  8.19 16.78 17951  4.95
 16)  8.12 16.93 18142  3.83
Vertikaalmeting: Grevelingen
Datum:  3-9-79  Vertno  8
X= 56220  Y=420540   tijd:12.34
vlgn    pH  Temp  CL-g O2YsC
  1)  8.38 17.73 17468  8.21
  2)  8.38 17.74 17470  8.23
  3)  8.38 17.74 17469  8.24
  4)  8.38 17.73 17473  8.24
  5)  8.38 17.72 17479  8.21
  6)  8.34 17.44 17523  8.00
  7)  8.32 17.28 17580  7.70
  8)  8.31 17.18 17585  7.43
  9)  8.30 17.09 17605  7.38
 10)  8.28 16.93 17617  6.99
 11)  8.25 16.56 17725  6.65
 12)  8.22 16.68 17843  5.77
 13)  8.21 16.72 17875  5.68
 14)  8.20 16.76 17944  5.18
Vertikaalmeting: Grevelingen
Datum:  3-9-79  Vertno  9
X= 55200  Y=421420   tijd:12.13
vlgn    pH  Temp  CL-g O2YsC
  1)  8.40 17.80 17442  8.13
  2)  8.40 17.80 17442  8.12
  3)  8.40 17.80 17443  8.12
  4)  8.40 17.79 17440  8.12
  5)  8.39 17.77 17445  8.09
  6)  8.39 17.77 17447  8.06
  7)  8.39 17.78 17448  8.10
  8)  8.39 17.74 17447  8.02
  9)  8.38 17.71 17452  8.02
 10)  8.38 17.71 17450  8.01
 11)  8.38 17.61 17454  7.94
 12)  8.36 17.47 17478  7.82
 13)  8.29 17.04 17634  7.13
 14)  8.27 17.00 17686  6.77
 15)  8.22 17.05 17932  5.56
 16)  8.18 17.09 18126  4.78
 17)  8.15 17.33 18305  3.99
 18)  8.13 17.41 18369  3.50
 19)  8.10 17.41 18389  3.03
 20)  8.08 17.42 18404  2.86
Vertikaalmeting: Grevelingen
Datum:  3-9-79  Vertno  10
X= 53610  Y=421120   tijd:11.52
vlgn    pH  Temp  CL-g O2YsC
  1)  8.40 17.62 17446  8.16
  2)  8.40 17.62 17451  8.17
  3)  8.40 17.62 17459  8.17
  4)  8.40 17.62 17460  8.17
  5)  8.40 17.59 17475  8.14
  6)  8.39 17.59 17481  8.14
  7)  8.39 17.60 17482  8.07
  8)  8.38 17.51 17504  8.00
  9)  8.37 17.43 17529  7.85
 10)  8.33 17.24 17611  7.36
 11)  8.26 17.03 17799  6.36
 12)  8.25 16.94 17802  6.20
 13)  8.20 17.04 18039  5.11
 14)  8.19 17.05 18067  4.91
 15)  8.18 17.07 18093  4.75
 16)  8.09 17.30 18392  2.94
 17)  8.03 17.37 18408  2.27
Vertikaalmeting: Grevelingen
Datum:  3-9-79  Vertno  11
X= 52750  Y=420350   tijd:11.40
vlgn    pH  Temp  CL-g O2YsC
  1)  8.36 17.41 17611  8.21
  2)  8.37 17.42 17609  8.22
  3)  8.37 17.41 17614  8.21
  4)  8.37 17.42 17610  8.20
  5)  8.37 17.42 17612  8.21
  6)  8.36 17.41 17613  8.20
  7)  8.36 17.39 17619  8.14
  8)  8.35 17.34 17639  7.95
  9)  8.34 17.30 17658  7.76
 10)  8.31 17.15 17789  7.37
 11)  8.20 16.97 17984  5.28
Vertikaalmeting: Grevelingen
Datum:  3-9-79  Vertno  12
X= 51530  Y=418570   tijd:11.05
vlgn    pH  Temp  CL-g O2YsC
  1)  8.39 17.53 17551  8.55
  2)  8.39 17.52 17550  8.52
  3)  8.39 17.53 17546  8.52
  4)  8.39 17.53 17550  8.53
  5)  8.39 17.52 17553  8.55
  6)  8.39 17.52 17556  8.52
  7)  8.39 17.52 17558  8.42
  8)  8.38 17.53 17558  8.22
  9)  8.38 17.50 17573  8.41
 10)  8.30 17.20 17750  7.03
 11)  8.28 17.16 17771  6.89
 12)  8.25 17.01 17905  6.25
 13)  8.25 16.91 18048  6.18
 14)  8.25 16.88 18161  5.83
 15)  8.24 17.02 18301  5.62
 16)  8.24 17.19 18356  5.53
 17)  8.23 17.23 18378  5.18
 18)  8.22 17.25 18397  5.08
 19)  8.22 17.28 18408  5.04
 20)  8.23 17.34 18423  5.23
 21)  8.23 17.35 18423  5.04
 22)  8.21 17.32 18435  4.89
 23)  8.21 17.35 18445  4.83
 24)  8.22 17.39 18460  4.93
 25)  8.21 17.38 18464  4.79
 26)  8.21 17.40 18472  4.79
 27)  8.19 17.39 18476  4.57
 28)  8.19 17.38 18476  4.53
 29)  8.19 17.38 18473  4.40
 30)  8.18 17.37 18476  4.33
 31)  8.16 17.35 18477  4.14
Vertikaalmeting: Grevelingen
Datum:  3-9-79  Vertno  13
X= 50620  Y=418380   tijd:10.37
vlgn    pH  Temp  CL-g O2YsC
  1)  8.39 17.60 17621  8.53
  2)  8.39 17.63 17620  8.54
  3)  8.39 17.62 17623  8.54
  4)  8.39 17.62 17622  8.56
  5)  8.39 17.62 17626  8.56
  6)  8.39 17.62 17625  8.56
  7)  8.39 17.59 17639  8.40
  8)  8.35 17.54 17658  7.82
  9)  8.32 17.36 17724  7.54
 10)  8.32 17.31 17729  7.31
 11)  8.28 17.09 17859  6.66
 12)  8.25 16.91 18024  6.07
 13)  8.25 16.91 18033  6.07
 14)  8.25 16.95 18094  5.93
 15)  8.24 17.08 18201  5.62
 16)  8.22 17.12 18328  5.07
 17)  8.21 17.21 18392  4.81
 18)  8.19 17.27 18424  4.44
 19)  8.19 17.29 18437  4.44
 20)  8.19 17.29 18438  4.41
 21)  8.19 17.31 18441  4.45
 22)  8.19 17.32 18446  4.51
 23)  8.20 17.36 18460  4.61
 24)  8.20 17.37 18464  4.61
 25)  8.19 17.37 18470  4.53
 26)  8.18 17.37 18470  4.38
 27)  8.18 17.36 18474  4.26
 28)  8.17 17.35 18468  4.16
Vertikaalmeting: Grevelingen
Datum:  3-9-79  Vertno  14
X= 49760  Y=418200   tijd:10.19
vlgn    pH  Temp  CL-g O2YsC
  1)  8.38 17.55 17699  8.44
  2)  8.38 17.54 17702  8.45
  3)  8.38 17.55 17700  8.45
  4)  8.38 17.54 17699  8.44
  5)  8.38 17.54 17700  8.44
  6)  8.38 17.55 17703  8.42
  7)  8.38 17.55 17703  8.42
  8)  8.35 17.43 17766  7.85
  9)  8.33 17.39 17788  7.76
 10)  8.31 17.24 17862  7.14
 11)  8.28 17.12 17953  6.67
 12)  8.29 17.28 17999  6.84
 13)  8.28 17.20 18032  6.66
 14)  8.27 17.16 18042  6.51
 15)  8.26 17.15 18111  6.26
 16)  8.23 17.15 18285  5.41
 17)  8.20 17.21 18359  4.86
 18)  8.18 17.22 18395  4.45
Vertikaalmeting: Grevelingen
Datum:  3-9-79  Vertno  15
X= 48770  Y=418180   tijd: 9.47
vlgn    pH  Temp  CL-g O2YsC
  1)  8.30 17.39 17649  8.00
  2)  8.30 17.39 17656  8.01
  3)  8.31 17.39 17671  8.00
  4)  8.31 17.41 17677  8.00
  5)  8.30 17.42 17688  8.01
  6)  8.30 17.40 17698  7.98
  7)  8.30 17.43 17737  7.90
  8)  8.27 17.30 17824  7.37
  9)  8.26 17.27 17861  7.21
 10)  8.27 17.43 17913  7.46
 11)  8.26 17.38 17965  7.40
 12)  8.25 17.38 17979  7.22
 13)  8.24 17.26 17980  6.86
 14)  8.24 17.27 18012  6.87
 15)  8.24 17.35 18058  6.84
 16)  8.20 17.16 18138  6.07
 17)  8.15 17.18 18322  4.88
 18)  8.15 17.20 18365  4.81
 19)  8.15 17.23 18377  4.80
 20)  8.14 17.25 18400  4.68
 21)  8.14 17.26 18404  4.66
 22)  8.14 17.25 18409  4.62
 23)  8.14 17.26 18421  4.62
 24)  8.14 17.26 18424  4.52
 25)  8.13 17.26 18422  4.51
 26)  8.13 17.26 18425  4.48
 27)  8.13 17.27 18431  4.48
 28)  8.13 17.27 18438  4.38
 29)  8.13 17.27 18435  4.37
 30)  8.13 17.27 18436  4.36
 31)  8.12 17.27 18436  4.22
 32)  8.12 17.27 18441  4.21
 33)  8.12 17.26 18436  4.19
 34)  8.12 17.26 18443  4.18
 35)  8.13 17.26 18445  4.19
 36)  8.13 17.26 18443  4.18
 37)  8.13 17.26 18447  4.15
 38)  8.13 17.26 18444  4.14
 39)  8.13 17.26 18448  4.14
 40)  8.13 17.26 18446  3.99
 41)  8.13 17.25 18449  3.95
 42)  8.13 17.26 18449  3.95
 43)  8.13 17.26 18449  3.96
 44)  8.13 17.26 18444  3.84
 45)  8.13 17.25 18451  3.81
 46)  8.13 17.25 18451  3.74
Vertikaalmeting: Grevelingen
Datum:  3-9-79  Vertno  16
X= 47980  Y=418380   tijd: 9.35
vlgn    pH  Temp  CL-g O2YsC
  1)  8.31 17.42 17802  8.08
  2)  8.31 17.42 17804  8.08
  3)  8.31 17.43 17802  8.08
  4)  8.31 17.43 17804  8.07
  5)  8.31 17.44 17824  8.06
  6)  8.30 17.46 17844  8.04
  7)  8.28 17.43 17891  7.69
  8)  8.27 17.41 17914  7.40
  9)  8.26 17.40 17928  7.41
 10)  8.26 17.40 17948  7.33
 11)  8.25 17.40 17961  7.29
 12)  8.25 17.40 17958  7.27
 13)  8.23 17.33 18022  6.86
Vertikaalmeting: Grevelingen
Datum:  3-9-79  Vertno  17
X= 47430  Y=418850   tijd: 9.26
vlgn    pH  Temp  CL-g O2YsC
  1)  8.30 17.38 17832  8.01
  2)  8.30 17.38 17831  8.01
  3)  8.30 17.38 17836  8.00
  4)  8.30 17.38 17827  8.01
  5)  8.30 17.39 17833  8.01
  6)  8.30 17.38 17831  8.01
  7)  8.30 17.39 17832  7.99
  8)  8.29 17.39 17842  7.94
  9)  8.29 17.39 17858  7.89
 10)  8.29 17.40 17860  7.87
++++
