Vertikaalmeting: Grevelingen
Datum:  19-6-79  Vertno  1
X= 65300  Y=409970   tijd: 8.33
vlgn  Temp  CL-g O2YsC
  1) 16.97 15843 10.07
  2) 16.93 15835 10.03
  3) 16.91 15844 10.00
  4) 16.87 15840 10.04
  5) 16.82 15850  9.79
  6) 16.84 15862  9.79
  7) 16.78 15856  9.21
  8) 15.79 15896  7.45
  9) 12.64 17126  4.67
Vertikaalmeting: Grevelingen
Datum:  19-6-79  Vertno  2
X= 63360  Y=411580   tijd: 8.56
vlgn  Temp  CL-g O2YsC
  1) 16.72 15835  9.99
  2) 16.64 15832  9.91
  3) 16.65 15844  9.74
  4) 16.63 15845  9.77
  5) 16.62 15837  9.68
  6) 16.60 15846  9.69
  7) 16.45 15841  8.89
  8) 14.01 17038  4.20
  9) 13.21 17104  1.00
 10) 12.51 17194  0.66
 11) 12.48 17207  0.62
 12) 12.46 17217  0.63
Vertikaalmeting: Grevelingen
Datum:  19-6-79  Vertno  3
X= 62320  Y=412240   tijd: 9.10
vlgn  Temp  CL-g O2YsC
  1) 16.69 15792  9.88
  2) 16.67 15817  9.79
  3) 16.65 15805  9.77
  4) 16.65 15825  9.77
  5) 16.67 15826  9.79
  6) 16.69 15823  9.86
  7) 15.47 15991  6.85
  8) 13.81 17071  1.87
  9) 13.27 17121  1.07
 10) 12.96 17131  0.67
 11) 12.68 17191  0.66
 12) 12.56 17162  0.64
 13) 12.37 17183  0.57
 14) 12.28 17214  0.56
 15) 12.22 17204  0.54
 16) 11.93 17234  0.32
 17) 11.73 17232  0.26
Vertikaalmeting: Grevelingen
Datum:  19-6-79  Vertno  4
X= 61190  Y=413050   tijd: 9.29
vlgn  Temp  CL-g O2YsC
  1) 16.63 15816  9.54
  2) 16.64 15832  9.52
  3) 16.57 15842  9.52
  4) 16.51 15861  9.70
  5) 16.46 15873  9.72
  6) 16.27 15866  8.96
  7) 15.73 15878  7.30
  8) 14.02 16833  1.37
  9) 12.95 17073  0.45
 10) 12.68 17117  0.41
Vertikaalmeting: Grevelingen
Datum:  19-6-79  Vertno  5
X= 59420  Y=414070   tijd: 9.47
vlgn  Temp  CL-g O2YsC
  1) 16.85 15749 12.72
  2) 16.74 15777 12.23
  3) 16.85 15797 11.41
  4) 16.76 15825 11.44
  5) 16.67 15832 10.32
  6) 16.06 15940  7.67
  7) 14.68 16825  3.81
  8) 14.20 17127  2.96
  9) 13.64 17256  2.15
 10) 13.30 17216  1.42
 11) 12.95 17174  0.99
 12) 12.90 17262  1.09
 13) 12.85 17278  1.09
 14) 12.80 17279  1.06
 15) 12.83 17265  1.06
 16) 12.72 17275  0.97
 17) 12.65 17273  0.94
 18) 12.61 17273  0.87
 19) 12.59 17278  0.81
 20) 12.54 17274  0.79
 21) 12.49 17281  0.71
 22) 12.41 17255  0.56
 23) 12.30 17279  0.54
 24) 12.28 17279  0.46
 25) 12.27 17278  0.43
Vertikaalmeting: Grevelingen
Datum:  19-6-79  Vertno  6
X= 57980  Y=417220   tijd:10.22
vlgn  Temp  CL-g O2YsC
  1) 17.23 15780 13.25
  2) 16.60 15862 10.86
  3) 16.52 15883 10.74
  4) 16.49 15905 10.61
  5) 16.42 15926 10.82
  6) 15.78 16086  6.89
  7) 14.73 16825  4.12
  8) 14.31 17044  2.91
  9) 14.12 17157  2.74
 10) 14.05 17275  3.11
 11) 13.97 17320  3.11
 12) 13.90 17284  2.59
 13) 13.63 17341  2.70
 14) 13.57 17376  2.35
 15) 13.77 17394  2.80
 16) 13.79 17379  2.82
 17) 13.77 17441  2.91
 18) 13.76 17437  2.95
 19) 13.75 17445  2.94
Vertikaalmeting: Grevelingen
Datum:  19-6-79  Vertno  7
X= 57580  Y=418960   tijd:10.47
vlgn  Temp  CL-g O2YsC
  1) 16.80 15912 11.88
  2) 16.41 15913 10.48
  3) 16.38 15917 10.34
  4) 16.28 15917  9.92
  5) 16.23 15926  9.92
  6) 15.49 16165  6.39
  7) 14.84 16549  2.83
  8) 14.02 17070  1.95
  9) 14.28 17252  3.55
 10) 14.13 17350  3.58
 11) 14.01 17423  3.39
 12) 13.95 17432  3.33
 13) 13.83 17447  3.15
 14) 13.75 17475  3.12
 15) 13.69 17464  3.06
Vertikaalmeting: Grevelingen
Datum:  19-6-79  Vertno  8
X= 56310  Y=420570   tijd:11.08
vlgn  Temp  CL-g O2YsC
  1) 17.08 16011 11.39
  2) 16.99 16066 10.96
  3) 16.82 16095 11.26
  4) 16.58 16142 10.88
  5) 15.38 16246  9.02
  6) 15.28 16302  9.38
  7) 14.93 16770  5.11
  8) 14.74 17176  5.17
  9) 14.69 17346  6.20
 10) 14.55 17410  5.54
 11) 14.32 17452  4.45
 12) 14.06 17480  3.91
 13) 13.96 17476  3.47
Vertikaalmeting: Grevelingen
Datum:  19-6-79  Vertno  9
X= 55280  Y=421430   tijd:11.30
vlgn  Temp  CL-g O2YsC
  1) 16.87 15986 12.38
  2) 16.48 16046 11.53
  3) 15.90 16063  9.55
  4) 15.71 16126  8.81
  5) 15.54 16206  8.18
  6) 15.33 16315  8.73
  7) 14.49 16799  2.35
  8) 14.81 17232  6.36
  9) 14.58 17404  5.39
 10) 14.29 17504  4.70
 11) 14.14 17496  4.36
 12) 14.15 17507  4.35
 13) 14.06 17526  4.15
 14) 13.95 17509  4.11
 15) 13.89 17542  3.83
 16) 13.84 17533  3.85
 17) 13.76 17532  3.79
 18) 13.73 17544  3.73
 19) 13.71 17544  3.73
 20) 13.64 17543  3.68
 21) 13.58 17539  3.41
 22) 13.55 17537  3.33
Vertikaalmeting: Grevelingen
Datum:  19-6-79  Vertno  10
X= 53780  Y=421120   tijd:11.57
vlgn  Temp  CL-g O2YsC
  1) 16.74 16071 12.65
  2) 16.58 16187 14.14
  3) 16.25 16173 12.13
  4) 16.09 16237 11.65
  5) 15.96 16237 11.47
  6) 15.21 16354  6.99
  7) 14.79 17104  5.94
  8) 14.90 17128  6.85
  9) 14.60 17208  5.48
 10) 14.76 17458  6.74
 11) 14.61 17483  5.55
 12) 14.35 17496  4.76
 13) 14.31 17517  4.69
 14) 14.26 17522  4.66
 15) 14.25 17530  4.58
 16) 14.22 17551  4.52
 17) 14.11 17551  3.98
Vertikaalmeting: Grevelingen
Datum:  19-6-79  Vertno  11
X= 52770  Y=420340   tijd:12.20
vlgn  Temp  CL-g O2YsC
  1) 17.02 16140 11.65
  2) 16.64 16102 11.52
  3) 16.13 16184 11.19
  4) 15.93 16143 10.82
  5) 15.71 16186  9.63
  6) 15.36 16395  8.86
  7) 15.35 16893  8.66
  8) 14.80 17280  4.86
  9) 14.78 17447  6.91
 10) 14.76 17475  6.86
 11) 14.50 17530  5.85
Vertikaalmeting: Grevelingen
Datum:  19-6-79  Vertno  12
X= 51640  Y=418610   tijd:12.43
vlgn  Temp  CL-g O2YsC
  1) 17.30 15974 12.22
  2) 16.90 16050 11.97
  3) 16.91 16072 12.11
  4) 16.53 16105 10.35
  5) 16.25 16187  9.67
  6) 15.89 16885  9.82
  7) 15.70 17038  8.85
  8) 14.91 17443  6.94
  9) 14.69 17534  6.70
 10) 14.56 17567  6.66
 11) 14.41 17593  6.05
 12) 14.35 17610  5.96
 13) 14.17 17643  5.87
 14) 13.75 17653  4.66
 15) 13.71 17656  4.68
 16) 13.50 17646  4.25
 17) 13.02 17635  3.50
 18) 12.60 17623  2.98
 19) 12.44 17630  2.83
 20) 12.39 17639  2.80
 21) 12.26 17614  2.55
 22) 12.17 17618  2.52
 23) 11.94 17613  2.18
 24) 11.82 17607  2.15
 25) 11.73 17603  1.99
 26) 11.67 17603  1.98
 27) 11.55 17591  1.77
 28) 11.47 17598  1.76
 29) 11.44 17588  1.70
 30) 11.40 17582  1.63
 31) 11.39 17601  1.60
 32) 11.34 17598  1.57
 33) 11.31 17592  1.45
 34) 11.30 17585  1.45
 35) 11.29 17593  1.44
 36) 11.28 17596  1.42
 37) 11.27 17604  1.41
Vertikaalmeting: Grevelingen
Datum:  19-6-79  Vertno  13
X= 50730  Y=418400   tijd:13.18
vlgn  Temp  CL-g O2YsC
  1) 17.44 15970 13.81
  2) 16.92 16038 11.97
  3) 16.91 16053 11.81
  4) 16.91 16110 11.90
  5) 15.64 16529  9.13
  6) 15.88 16887  9.77
  7) 15.41 17294  8.53
  8) 14.75 17400  6.50
  9) 14.71 17517  6.50
 10) 14.50 17569  6.28
 11) 14.45 17575  6.25
 12) 14.17 17626  5.55
 13) 14.09 17645  5.51
 14) 13.85 17655  5.01
 15) 13.44 17622  4.20
 16) 13.28 17656  4.19
 17) 13.09 17632  3.71
 18) 12.52 17625  2.83
 19) 12.41 17593  2.72
 20) 12.03 17611  2.19
 21) 11.99 17613  2.18
 22) 11.88 17620  2.13
 23) 11.87 17619  2.05
 24) 11.72 17612  1.91
 25) 11.70 17608  1.87
 26) 11.62 17599  1.81
 27) 11.62 17601  1.80
 28) 11.61 17602  1.78
Vertikaalmeting: Grevelingen
Datum:  19-6-79  Vertno  14
X= 49690  Y=418260   tijd:14.00
vlgn  Temp  CL-g O2YsC
  1) 17.71 16038 12.50
  2) 17.69 16036 12.69
  3) 17.23 16009 12.23
  4) 16.24 16271 10.51
  5) 15.87 16826 10.00
  6) 15.79 16921  9.42
  7) 15.57 17196  8.45
  8) 15.01 17489  7.42
  9) 14.96 17489  7.44
 10) 14.91 17492  6.96
 11) 14.70 17533  6.93
 12) 14.67 17541  6.57
 13) 14.42 17549  5.33
 14) 14.28 17612  5.69
 15) 14.30 17603  5.73
 16) 14.01 17654  5.50
 17) 13.18 17642  3.08
 18) 12.41 17617  2.61
Vertikaalmeting: Grevelingen
Datum:  19-6-79  Vertno  15
X= 48810  Y=418180   tijd:14.30
vlgn  Temp  CL-g O2YsC
  1) 17.78 16048 12.29
  2) 17.78 16066 12.23
  3) 17.76 16073 12.25
  4) 16.65 16120 11.23
  5) 15.98 16996  9.92
  6) 15.95 17026  9.89
  7) 15.88 17207  9.27
  8) 15.47 17352  8.56
  9) 15.37 17401  8.52
 10) 15.10 17472  7.62
 11) 14.94 17496  7.27
 12) 14.91 17504  7.24
 13) 14.88 17515  7.02
 14) 14.55 17538  6.14
 15) 14.09 17632  5.38
 16) 14.01 17620  5.31
 17) 13.10 17651  3.75
 18) 12.95 17650  3.65
 19) 12.87 17637  3.33
 20) 12.38 17637  2.70
 21) 12.29 17643  2.47
 22) 12.24 17607  2.50
 23) 12.04 17609  2.15
 24) 11.97 17609  2.11
 25) 11.94 17638  2.01
 26) 11.91 17623  1.99
 27) 11.86 17618  1.92
 28) 11.82 17620  1.71
 29) 11.80 17617  1.70
 30) 11.74 17613  1.67
 31) 11.71 17597  1.66
 32) 11.54 17612  1.22
 33) 11.50 17618  1.17
 34) 11.47 17624  1.07
 35) 11.44 17602  1.04
 36) 11.38 17603  0.71
 37) 11.32 17612  0.58
 38) 11.30 17617  0.56
 39) 11.29 17615  0.50
 40) 11.28 17620  0.47
 41) 11.26 17612  0.31
 42) 11.26 17616  0.33
 43) 11.26 17611  0.32
 44) 11.24 17615  0.25
 45) 11.23 17626  0.18
 46) 11.23 17623  0.14
 47) 11.23 17630  0.13
 48) 11.22 17604  0.13
Vertikaalmeting: Grevelingen
Datum:  19-6-79  Vertno  16
X= 47950  Y=418420   tijd:15.11
vlgn  Temp  CL-g O2YsC
  1) 17.87 16013 13.71
  2) 17.88 16037 13.68
  3) 17.08 16078 12.88
  4) 16.04 16526 11.18
  5) 16.06 16734 10.36
  6) 15.84 16940  9.62
  7) 15.55 17129  8.65
  8) 15.35 17310  8.05
  9) 15.14 17402  7.56
 10) 14.77 17547  6.83
 11) 14.75 17543  6.80
 12) 14.61 17560  6.30
 13) 14.37 17606  5.93
 14) 13.90 17633  4.86
 15) 13.28 17645  3.64
Vertikaalmeting: Grevelingen
Datum:  19-6-79  Vertno  17
X= 47490  Y=418830   tijd:15.30
vlgn  Temp  CL-g O2YsC
  1) 17.71 16118 11.90
  2) 17.65 16115 11.96
  3) 17.59 16103 12.14
  4) 16.99 16237 12.11
  5) 16.28 16524 11.05
  6) 16.04 16641 10.67
  7) 15.96 16781 10.60
  8) 15.50 17246  8.78
  9) 15.50 17312  8.67
 10) 15.48 17326  8.55
++++
