Vertikaalmeting: Grevelingen
Datum:  9-7-79  Vertno  1
X= 65200  Y=410010   tijd:14.40
vlgn    pH  Temp  CL-g O2YsC
  1)  8.87 19.46 16336  7.72
  2)  8.87 19.47 16336  7.75
  3)  8.87 19.46 16338  7.74
  4)  8.87 19.45 16339  7.72
  5)  8.87 19.45 16340  7.74
  6)  8.87 19.44 16339  7.72
  7)  8.87 19.44 16340  7.71
  8)  8.85 19.27 16340  7.47
Vertikaalmeting: Grevelingen
Datum:  9-7-79  Vertno  2
X= 63380  Y=411520   tijd:14.21
vlgn    pH  Temp  CL-g O2YsC
  1)  8.80 19.16 16398  7.57
  2)  8.80 19.18 16395  7.53
  3)  8.80 19.14 16396  7.52
  4)  8.80 19.15 16396  7.53
  5)  8.80 19.14 16399  7.53
  6)  8.80 19.12 16400  7.52
  7)  8.80 19.11 16397  7.48
  8)  8.80 19.09 16397  7.45
  9)  8.80 19.03 16407  7.33
 10)  8.77 18.68 16451  6.60
 11)  7.94 14.32 17234  0.12
Vertikaalmeting: Grevelingen
Datum:  9-7-79  Vertno  3
X= 62380  Y=412190   tijd:14.06
vlgn    pH  Temp  CL-g O2YsC
  1)  8.79 19.19 16442  7.56
  2)  8.79 19.19 16442  7.57
  3)  8.79 19.15 16443  7.56
  4)  8.79 19.13 16437  7.53
  5)  8.79 19.13 16439  7.50
  6)  8.79 19.13 16438  7.49
  7)  8.78 19.00 16467  7.32
  8)  8.73 18.94 16516  7.30
  9)  8.71 18.91 16557  7.36
 10)  8.69 18.38 16416  5.87
 11)  7.94 14.40 17269  1.72
 12)  7.96 14.15 17441  0.59
 13)  7.97 14.16 17465  0.61
 14)  7.98 14.13 17482  0.81
 15)  7.96 13.89 17463  0.80
 16)  7.91 13.54 17420  0.19
 17)  7.90 13.39 17447  0.19
 18)  7.90 13.12 17352  0.06
Vertikaalmeting: Grevelingen
Datum:  9-7-79  Vertno  4
X= 61220  Y=412940   tijd:13.54
vlgn    pH  Temp  CL-g O2YsC
  1)  8.68 18.94 16202  7.52
  2)  8.68 18.94 16236  7.49
  3)  8.68 18.95 16268  7.50
  4)  8.68 18.91 16311  7.48
  5)  8.67 18.91 16333  7.48
  6)  8.67 18.89 16368  7.45
  7)  8.67 18.87 16390  7.40
  8)  8.67 18.81 16416  7.37
  9)  8.66 18.66 16428  7.27
 10)  8.25 15.95 16677  1.63
Vertikaalmeting: Grevelingen
Datum:  9-7-79  Vertno  5
X= 59290  Y=414220   tijd:13.24
vlgn    pH  Temp  CL-g O2YsC
  1)  8.65 18.84 16547  7.28
  2)  8.65 18.84 16544  7.29
  3)  8.65 18.79 16545  7.28
  4)  8.65 18.80 16545  7.29
  5)  8.65 18.81 16548  7.28
  6)  8.65 18.81 16542  7.24
  7)  8.65 18.79 16549  7.18
  8)  8.65 18.78 16545  7.18
  9)  8.53 18.27 16692  6.12
 10)  8.32 17.06 16921  4.28
 11)  8.04 15.06 17138  0.83
 12)  7.96 14.55 17266  0.40
 13)  7.99 14.58 17378  0.87
 14)  7.96 14.34 17327  0.58
 15)  7.95 14.12 17377  0.48
 16)  7.94 14.07 17387  0.44
 17)  7.96 14.15 17483  0.69
 18)  7.97 14.33 17477  0.76
 19)  7.98 14.15 17490  0.92
 20)  7.97 14.13 17506  0.89
 21)  7.98 14.19 17523  1.11
 22)  8.02 14.39 17605  1.55
 23)  8.04 14.48 17634  1.76
 24)  8.05 14.55 17666  1.94
 25)  8.05 14.54 17678  1.92
Vertikaalmeting: Grevelingen
Datum:  9-7-79  Vertno  6
X= 57900  Y=417170   tijd:12.59
vlgn    pH  Temp  CL-g O2YsC
  1)  8.53 18.53 16642  7.03
  2)  8.53 18.51 16645  7.00
  3)  8.52 18.47 16654  7.02
  4)  8.53 18.48 16653  6.99
  5)  8.53 18.52 16647  7.06
  6)  8.52 18.46 16653  7.02
  7)  8.52 18.44 16660  7.00
  8)  8.51 18.38 16662  6.77
  9)  8.46 18.11 16759  6.25
 10)  8.10 15.62 17209  3.10
 11)  8.04 15.17 17300  1.34
 12)  8.02 14.75 17468  1.31
 13)  8.03 14.65 17569  1.46
 14)  8.03 14.56 17583  1.47
 15)  8.04 14.56 17591  1.50
 16)  8.04 14.58 17606  1.54
 17)  8.05 14.58 17638  1.74
 18)  8.06 14.60 17659  1.85
 19)  8.07 14.66 17674  1.96
 20)  8.07 14.67 17681  1.98
Vertikaalmeting: Grevelingen
Datum:  9-7-79  Vertno  7
X= 57540  Y=418950   tijd:12.41
vlgn    pH  Temp  CL-g O2YsC
  1)  8.49 18.51 16658  7.31
  2)  8.49 18.51 16661  7.35
  3)  8.49 18.51 16669  7.38
  4)  8.49 18.51 16679  7.36
  5)  8.49 18.51 16687  7.32
  6)  8.49 18.50 16697  7.31
  7)  8.42 18.13 16847  6.95
  8)  8.41 18.08 16867  6.71
  9)  8.37 17.75 16955  6.42
 10)  8.31 17.20 16998  5.23
 11)  8.26 16.70 17036  3.54
 12)  8.16 15.93 17154  2.71
 13)  7.98 14.46 17443  0.88
 14)  7.98 14.45 17463  0.85
 15)  7.99 14.48 17477  0.92
Vertikaalmeting: Grevelingen
Datum:  9-7-79  Vertno  8
X= 56260  Y=420570   tijd:12.20
vlgn    pH  Temp  CL-g O2YsC
  1)  8.43 17.95 16855  7.21
  2)  8.43 17.95 16854  7.22
  3)  8.43 17.94 16855  7.21
  4)  8.42 17.91 16854  7.18
  5)  8.41 17.86 16870  7.05
  6)  8.41 17.88 16872  7.07
  7)  8.42 17.88 16878  7.12
  8)  8.41 17.88 16877  7.12
  9)  8.38 17.84 16934  6.66
 10)  8.38 17.79 16960  6.60
 11)  8.37 17.77 16950  6.60
 12)  8.04 14.88 17631  1.69
 13)  8.07 14.94 17681  2.06
 14)  8.07 14.94 17691  2.06
Vertikaalmeting: Grevelingen
Datum:  9-7-79  Vertno  9
X= 55200  Y=421380   tijd:11.58
vlgn    pH  Temp  CL-g O2YsC
  1)  8.45 18.07 16817  7.29
  2)  8.45 18.07 16818  7.28
  3)  8.45 18.06 16821  7.27
  4)  8.45 18.07 16825  7.28
  5)  8.45 18.06 16830  7.25
  6)  8.45 18.05 16833  7.22
  7)  8.43 17.98 16860  7.08
  8)  8.40 17.82 16931  6.81
  9)  8.38 17.69 16967  6.70
 10)  8.03 14.69 17576  1.55
 11)  8.09 14.94 17663  2.21
 12)  8.10 15.01 17694  2.40
 13)  8.11 15.09 17718  2.53
 14)  8.11 15.13 17730  2.54
 15)  8.12 15.23 17778  2.80
 16)  8.14 15.27 17792  2.92
 17)  8.14 15.17 17856  2.77
 18)  8.14 15.15 17865  2.77
 19)  8.14 15.11 17867  2.77
 20)  8.12 15.05 17865  2.61
 21)  8.11 15.00 17871  2.45
Vertikaalmeting: Grevelingen
Datum:  9-7-79  Vertno  10
X= 53770  Y=421100   tijd:11.39
vlgn    pH  Temp  CL-g O2YsC
  1)  8.41 17.85 16392  7.00
  2)  8.41 17.87 16402  7.02
  3)  8.41 17.88 16442  7.04
  4)  8.41 17.88 16487  7.04
  5)  8.41 17.88 16701  7.00
  6)  8.41 17.87 16724  6.98
  7)  8.40 17.81 16754  6.93
  8)  8.37 17.49 16819  6.41
  9)  8.31 17.00 16925  4.92
 10)  8.07 15.05 17353  1.74
 11)  8.06 14.99 17544  2.09
 12)  8.07 14.94 17542  2.01
 13)  8.10 15.22 17615  2.38
 14)  8.08 15.27 17651  2.16
 15)  8.10 15.29 17677  2.36
Vertikaalmeting: Grevelingen
Datum:  9-7-79  Vertno  11
X= 52760  Y=420240   tijd:11.26
vlgn    pH  Temp  CL-g O2YsC
  1)  8.35 17.35 16996  6.79
  2)  8.35 17.38 17008  6.79
  3)  8.35 17.44 17027  6.81
  4)  8.35 17.43 17030  6.84
  5)  8.36 17.49 17062  6.84
  6)  8.36 17.48 17060  6.87
  7)  8.35 17.52 17115  6.86
  8)  8.33 17.47 17196  6.37
  9)  8.24 16.93 17208  5.69
 10)  8.22 16.77 17207  5.43
Vertikaalmeting: Grevelingen
Datum:  9-7-79  Vertno  12
X= 51630  Y=418640   tijd:10.47
vlgn    pH  Temp  CL-g O2YsC
  1)  8.37 17.79 17010  7.19
  2)  8.37 17.79 17011  7.18
  3)  8.38 17.78 17021  7.11
  4)  8.37 17.76 17035  7.08
  5)  8.37 17.73 17042  6.89
  6)  8.33 17.44 17266  5.90
  7)  8.31 17.37 17395  5.70
  8)  8.30 17.33 17445  5.68
  9)  8.27 17.17 17700  5.13
 10)  8.23 16.77 17773  4.49
 11)  8.24 16.54 17752  4.50
 12)  8.24 16.48 17842  4.48
 13)  8.24 16.44 17822  4.59
 14)  8.21 15.90 17826  3.80
 15)  8.21 15.82 17851  3.79
 16)  8.21 15.87 17881  3.94
 17)  8.20 15.62 17889  3.66
 18)  8.19 15.47 17902  3.47
 19)  8.17 15.12 17903  3.11
 20)  8.16 14.87 17897  2.91
 21)  8.16 14.77 17880  2.86
 22)  8.14 14.51 17877  2.53
 23)  8.13 14.40 17861  2.40
 24)  8.10 14.05 17848  1.95
 25)  8.09 13.98 17846  1.89
 26)  8.08 13.80 17819  1.60
 27)  8.06 13.61 17827  1.42
 28)  8.06 13.57 17819  1.41
 29)  8.05 13.54 17815  1.34
 30)  8.04 13.47 17813  1.29
 31)  8.03 13.37 17802  1.03
 32)  8.01 13.24 17793  0.81
 33)  8.00 13.15 17787  0.66
 34)  8.00 13.12 17780  0.64
 35)  8.00 13.07 17770  0.53
 36)  7.99 13.00 17771  0.37
Vertikaalmeting: Grevelingen
Datum:  9-7-79  Vertno  13
X= 50560  Y=418420   tijd:10.14
vlgn    pH  Temp  CL-g O2YsC
  1)  8.33 17.57 17215  6.83
  2)  8.33 17.58 17384  6.80
  3)  8.34 17.59 17406  6.73
  4)  8.34 17.59 17412  6.76
  5)  8.33 17.56 17444  6.75
  6)  8.31 17.37 17531  6.41
  7)  8.29 17.22 17593  5.99
  8)  8.28 17.08 17598  5.63
  9)  8.28 17.07 17600  5.61
 10)  8.27 17.04 17594  5.52
 11)  8.15 15.84 17597  3.15
 12)  8.21 16.08 17730  3.91
 13)  8.23 16.27 17912  4.45
 14)  8.23 16.32 17806  4.54
 15)  8.23 16.16 17874  4.53
 16)  8.20 15.74 17925  3.79
 17)  8.16 15.12 17860  2.95
 18)  8.15 14.84 17871  2.89
 19)  8.13 14.68 17869  2.39
 20)  8.12 14.50 17888  2.22
 21)  8.13 14.52 17884  2.27
 22)  8.12 14.42 17873  2.21
 23)  8.10 14.34 17859  2.06
 24)  8.10 14.28 17865  2.03
 25)  8.10 14.21 17866  2.04
 26)  8.09 14.11 17854  1.92
 27)  8.08 14.08 17857  1.92
 28)  8.08 13.96 17846  1.92
 29)  8.07 13.86 17831  1.67
 30)  8.06 13.74 17835  1.66
 31)  8.06 13.68 17827  1.49
Vertikaalmeting: Grevelingen
Datum:  9-7-79  Vertno  14
X= 49810  Y=418240   tijd: 9.55
vlgn    pH  Temp  CL-g O2YsC
  1)  8.30 17.32 17621  6.45
  2)  8.30 17.33 17626  6.43
  3)  8.30 17.33 17624  6.45
  4)  8.30 17.33 17619  6.45
  5)  8.31 17.33 17625  6.45
  6)  8.30 17.33 17631  6.45
  7)  8.30 17.29 17664  6.42
  8)  8.30 17.25 17669  6.30
  9)  8.28 17.12 17710  6.09
 10)  8.26 17.04 17734  5.84
 11)  8.26 17.04 17734  5.87
 12)  8.24 16.79 18010  5.85
 13)  8.24 16.60 18001  5.09
 14)  8.23 16.58 18003  5.11
 15)  8.23 16.46 17988  4.87
 16)  8.16 15.12 17902  3.00
 17)  8.13 14.46 17863  2.22
 18)  8.12 14.23 17864  1.88
 19)  8.11 14.22 17858  1.84
 20)  8.10 14.11 17853  1.71
 21)  8.10 14.11 17852  1.73
Vertikaalmeting: Grevelingen
Datum:  9-7-79  Vertno  15
X= 48770  Y=418210   tijd: 9.05
vlgn    pH  Temp  CL-g O2YsC
  1)  8.19 17.00 17618  5.68
  2)  8.19 17.00 17630  5.68
  3)  8.19 17.01 17642  5.72
  4)  8.19 17.01 17674  5.75
  5)  8.18 16.89 17693  5.51
  6)  8.18 16.76 17707  5.23
  7)  8.18 16.73 17694  5.08
  8)  8.17 16.71 17710  5.08
  9)  8.16 16.69 17841  4.99
 10)  8.19 16.90 17954  5.77
 11)  8.19 17.04 17930  5.72
 12)  8.18 16.88 17980  5.77
 13)  8.16 16.56 17969  5.00
 14)  8.16 16.44 17955  4.89
 15)  8.15 16.04 17925  4.14
 16)  8.14 15.86 17947  4.01
 17)  8.12 15.52 17901  3.43
 18)  8.12 15.30 17920  3.24
 19)  8.10 14.83 17887  2.55
 20)  8.10 14.50 17879  2.16
 21)  8.09 14.40 17867  2.04
 22)  8.09 14.28 17868  1.88
 23)  8.08 14.27 17892  1.85
 24)  8.08 14.27 17874  1.77
 25)  8.08 14.24 17879  1.74
 26)  8.08 14.18 17869  1.70
 27)  8.07 14.08 17880  1.57
 28)  8.07 14.08 17875  1.48
 29)  8.07 14.07 17878  1.47
 30)  8.07 14.04 17863  1.45
 31)  8.06 13.98 17868  1.42
 32)  8.06 13.96 17866  1.37
 33)  8.06 13.92 17865  1.31
 34)  8.06 13.88 17867  1.23
 35)  8.06 13.85 17859  1.18
 36)  8.05 13.69 17853  1.05
 37)  8.03 13.59 17847  0.73
 38)  8.03 13.57 17842  0.71
 39)  8.02 13.50 17848  0.55
 40)  8.02 13.47 17842  0.53
 41)  8.02 13.44 17842  0.52
 42)  8.02 13.43 17837  0.51
 43)  8.02 13.41 17831  0.49
 44)  8.01 13.35 17835  0.44
 45)  8.00 13.30 17831  0.26
 46)  8.00 13.29 17819  0.22
Vertikaalmeting: Grevelingen
Datum:  9-7-79  Vertno  16
X= 47880  Y=418370   tijd: 8.46
vlgn    pH  Temp  CL-g O2YsC
  1)  8.20 17.18 17818  6.45
  2)  8.20 17.18 17822  6.45
  3)  8.20 17.18 17823  6.47
  4)  8.20 17.18 17826  6.47
  5)  8.20 17.17 17835  6.40
  6)  8.19 17.15 17857  6.26
  7)  8.19 17.12 17874  6.12
  8)  8.18 17.09 17936  5.99
  9)  8.17 17.07 17976  5.98
 10)  8.17 17.14 18021  6.12
 11)  8.18 17.17 18014  6.14
 12)  8.17 17.16 18030  6.18
 13)  8.17 17.08 18039  6.03
 14)  8.16 17.01 18055  5.94
 15)  8.13 16.27 17934  4.48
 16)  8.07 15.51 17908  3.17
 17)  8.06 15.09 17912  2.66
Vertikaalmeting: Grevelingen
Datum:  9-7-79  Vertno  17
X= 47530  Y=418770   tijd: 8.32
vlgn    pH  Temp  CL-g O2YsC
  1)  8.16 16.98 17803  5.83
  2)  8.16 16.98 17815  5.83
  3)  8.16 17.00 17843  5.86
  4)  8.16 16.99 17849  5.89
  5)  8.16 16.97 17819  5.82
  6)  8.16 16.97 17821  5.82
  7)  8.17 17.16 17931  6.29
  8)  8.17 17.21 17980  6.28
  9)  8.17 17.24 18005  6.26
 10)  8.17 17.22 18017  6.29
 11)  8.15 17.11 18091  6.06
++++
