Vertikaalmeting: Grevelingen
Datum:  3-1-80  Vertno  1
X= 65250  Y=409920   tijd:15.28
vlgn    pH  Temp  CL-g O2YsC
  1)  8.23  2.84 16740 10.48
  2)  8.23  2.83 16782 10.45
  3)  8.23  2.85 16823 10.45
  4)  8.23  2.88 16833 10.42
  5)  8.23  2.90 16849 10.41
  6)  8.23  2.95 16875 10.41
  7)  8.23  2.93 16907 10.39
  8)  8.23  2.94 16934 10.41
Vertikaalmeting: Grevelingen
Datum:  3-1-80  Vertno  2
X= 63340  Y=411550   tijd:15.14
vlgn    pH  Temp  CL-g O2YsC
  1)  8.23  2.81 16830 10.53
  2)  8.23  2.81 16826 10.51
  3)  8.23  2.81 16827 10.51
  4)  8.23  2.81 16836 10.50
  5)  8.23  2.81 16837 10.48
  6)  8.23  2.81 16858 10.48
  7)  8.23  2.85 16864 10.48
  8)  8.23  2.96 16894 10.48
  9)  8.23  3.04 16967 10.44
 10)  8.23  3.11 16958 10.43
 11)  8.23  3.14 16955 10.42
Vertikaalmeting: Grevelingen
Datum:  3-1-80  Vertno  3
X= 62380  Y=412150   tijd:15.02
vlgn    pH  Temp  CL-g O2YsC
  1)  8.23  2.85 16871 10.52
  2)  8.23  2.85 16870 10.51
  3)  8.23  2.85 16871 10.51
  4)  8.23  2.86 16874 10.51
  5)  8.23  2.85 16873 10.49
  6)  8.23  2.85 16876 10.49
  7)  8.23  2.85 16881 10.49
  8)  8.23  2.81 16892 10.48
  9)  8.24  2.86 16896 10.49
 10)  8.24  2.87 16914 10.48
 11)  8.24  2.86 16907 10.46
 12)  8.24  2.85 16927 10.47
 13)  8.23  2.87 16928 10.46
 14)  8.23  2.88 16934 10.46
 15)  8.23  2.90 16944 10.46
 16)  8.23  3.11 16963 10.45
 17)  8.22  3.13 16972 10.40
 18)  8.22  3.14 16969 10.35
Vertikaalmeting: Grevelingen
Datum:  3-1-80  Vertno  4
X= 61200  Y=412910   tijd:14.52
vlgn    pH  Temp  CL-g O2YsC
  1)  8.23  2.89 16848 10.53
  2)  8.23  2.89 16787 10.52
  3)  8.23  2.89 16795 10.52
  4)  8.23  2.89 16801 10.50
  5)  8.23  2.88 16819 10.50
  6)  8.23  2.89 16824 10.50
  7)  8.23  2.89 16835 10.50
  8)  8.23  2.89 16843 10.48
  9)  8.23  2.90 16858 10.47
 10)  8.23  2.90 16859 10.47
Vertikaalmeting: Grevelingen
Datum:  3-1-80  Vertno  5
X= 59330  Y=414170   tijd:14.32
vlgn    pH  Temp  CL-g O2YsC
  1)  8.22  3.16 16944 10.44
  2)  8.23  3.14 16949 10.42
  3)  8.23  3.14 16942 10.42
  4)  8.23  3.09 16944 10.42
  5)  8.23  3.03 16959 10.42
  6)  8.23  3.04 16962 10.43
  7)  8.23  3.07 16969 10.44
  8)  8.23  3.06 16969 10.42
  9)  8.23  3.07 16973 10.43
 10)  8.22  3.08 16972 10.39
 11)  8.22  3.05 16974 10.37
 12)  8.22  3.05 16965 10.36
 13)  8.22  3.05 16979 10.37
 14)  8.22  3.05 16980 10.36
 15)  8.22  3.04 16990 10.34
 16)  8.22  3.03 16980 10.34
 17)  8.22  3.03 16980 10.34
 18)  8.22  3.03 16984 10.34
 19)  8.22  3.08 16984 10.36
 20)  8.22  3.11 16991 10.36
 21)  8.22  3.19 17020 10.37
 22)  8.21  3.28 17059 10.32
 23)  8.21  3.38 17050 10.33
 24)  8.21  3.38 17050 10.29
Vertikaalmeting: Grevelingen
Datum:  3-1-80  Vertno  6
X= 57890  Y=417250   tijd:14.13
vlgn    pH  Temp  CL-g O2YsC
  1)  8.22  3.21 16941 10.41
  2)  8.22  3.21 16940 10.39
  3)  8.22  3.26 16970 10.39
  4)  8.22  3.27 16965 10.39
  5)  8.22  3.28 16966 10.38
  6)  8.22  3.27 16983 10.37
  7)  8.22  3.26 16975 10.35
  8)  8.22  3.26 16980 10.33
  9)  8.22  3.27 16978 10.33
 10)  8.22  3.28 16983 10.33
 11)  8.22  3.28 16991 10.32
 12)  8.22  3.28 16993 10.32
 13)  8.22  3.31 17001 10.32
 14)  8.22  3.32 17009 10.32
 15)  8.22  3.34 17014 10.30
 16)  8.22  3.41 17044 10.31
Vertikaalmeting: Grevelingen
Datum:  3-1-80  Vertno  7
X= 57560  Y=419010   tijd:13.53
vlgn    pH  Temp  CL-g O2YsC
  1)  8.22  3.12 16936 10.41
  2)  8.22  3.11 16944 10.40
  3)  8.22  3.13 16941 10.41
  4)  8.22  3.14 16941 10.41
  5)  8.22  3.14 16944 10.40
  6)  8.22  3.16 16949 10.40
  7)  8.22  3.17 16955 10.39
  8)  8.22  3.18 16961 10.39
  9)  8.22  3.19 16961 10.39
 10)  8.22  3.20 16963 10.39
 11)  8.22  3.21 17004 10.38
 12)  8.22  3.36 17041 10.38
 13)  8.22  3.40 17085 10.36
 14)  8.22  3.54 17151 10.34
 15)  8.23  3.68 17188 10.30
 16)  8.22  3.69 17189 10.25
Vertikaalmeting: Grevelingen
Datum:  3-1-80  Vertno  8
X= 56270  Y=420590   tijd:13.38
vlgn    pH  Temp  CL-g O2YsC
  1)  8.24  3.28 16934 10.41
  2)  8.24  3.28 16932 10.41
  3)  8.24  3.28 16945 10.39
  4)  8.24  3.28 16957 10.39
  5)  8.24  3.28 16971 10.38
  6)  8.24  3.28 16972 10.38
  7)  8.24  3.29 16980 10.36
  8)  8.24  3.30 16998 10.37
  9)  8.24  3.30 17011 10.36
 10)  8.23  3.24 17018 10.33
 11)  8.23  3.22 17036 10.33
 12)  8.23  3.27 17076 10.32
 13)  8.24  3.61 17142 10.29
 14)  8.24  3.66 17161 10.29
Vertikaalmeting: Grevelingen
Datum:  3-1-80  Vertno  9
X= 55220  Y=421390   tijd:13.23
vlgn    pH  Temp  CL-g O2YsC
  1)  8.24  3.28 16885 10.41
  2)  8.24  3.28 16903 10.41
  3)  8.24  3.28 16916 10.40
  4)  8.24  3.29 16931 10.39
  5)  8.24  3.29 16940 10.41
  6)  8.24  3.29 16941 10.38
  7)  8.24  3.30 16956 10.39
  8)  8.24  3.35 16974 10.39
  9)  8.24  3.44 17009 10.37
 10)  8.24  3.50 17042 10.34
 11)  8.24  3.52 17068 10.34
 12)  8.24  3.54 17079 10.34
 13)  8.24  3.63 17125 10.32
 14)  8.24  3.68 17154 10.30
 15)  8.24  3.72 17177 10.28
 16)  8.25  3.86 17226 10.24
 17)  8.25  3.99 17256 10.20
 18)  8.25  4.26 17319 10.14
 19)  8.25  4.35 17353 10.09
 20)  8.25  4.37 17355 10.01
 21)  8.25  4.42 17381  9.97
 22)  8.25  4.47 17386  9.95
Vertikaalmeting: Grevelingen
Datum:  3-1-80  Vertno  10
X= 53760  Y=421110   tijd:13.08
vlgn    pH  Temp  CL-g O2YsC
  1)  8.24  3.31 17046 10.37
  2)  8.24  3.30 17044 10.35
  3)  8.24  3.30 17049 10.37
  4)  8.24  3.30 17049 10.35
  5)  8.24  3.30 17047 10.35
  6)  8.24  3.33 17058 10.35
  7)  8.24  3.43 17081 10.36
  8)  8.24  3.48 17102 10.32
  9)  8.24  3.49 17107 10.31
 10)  8.24  3.52 17122 10.32
 11)  8.24  3.54 17131 10.32
 12)  8.24  3.57 17178 10.30
 13)  8.25  3.67 17177 10.30
 14)  8.25  3.89 17297 10.22
 15)  8.25  4.09 17295 10.14
 16)  8.25  4.18 17380 10.11
 17)  8.25  4.46 17405  9.97
 18)  8.25  4.50 17413  9.94
Vertikaalmeting: Grevelingen
Datum:  3-1-80  Vertno  11
X= 52810  Y=420300   tijd:12.58
vlgn    pH  Temp  CL-g O2YsC
  1)  8.24  3.33 16820 10.40
  2)  8.24  3.33 16847 10.39
  3)  8.24  3.34 16867 10.39
  4)  8.24  3.35 16890 10.37
  5)  8.24  3.34 16918 10.37
  6)  8.24  3.40 16943 10.38
  7)  8.24  3.42 16975 10.36
  8)  8.24  3.44 16987 10.35
  9)  8.24  3.42 17001 10.35
 10)  8.24  3.45 17021 10.34
 11)  8.25  4.04 17176 10.21
 12)  8.26  4.51 17325 10.21
Vertikaalmeting: Grevelingen
Datum:  3-1-80  Vertno  12
X= 51560  Y=418550   tijd:12.24
vlgn    pH  Temp  CL-g O2YsC
  1)  8.23  3.38 16985 10.35
  2)  8.23  3.38 16963 10.35
  3)  8.23  3.39 16982 10.34
  4)  8.23  3.37 16984 10.33
  5)  8.23  3.36 17003 10.33
  6)  8.23  3.35 17001 10.35
  7)  8.23  3.31 17020 10.34
  8)  8.23  3.28 17034 10.33
  9)  8.24  3.76 17235 10.32
 10)  8.25  4.23 17283 10.24
 11)  8.25  4.36 17327 10.14
 12)  8.25  4.52 17352 10.12
 13)  8.26  4.60 17388 10.06
 14)  8.26  4.62 17396 10.00
 15)  8.26  4.64 17401  9.98
 16)  8.26  4.67 17413  9.97
 17)  8.26  4.69 17423  9.93
 18)  8.26  4.74 17439  9.93
 19)  8.26  4.76 17447  9.92
 20)  8.26  4.84 17463  9.89
 21)  8.26  4.87 17480  9.86
 22)  8.26  5.08 17518  9.87
 23)  8.25  5.18 17549  9.72
 24)  8.25  5.29 17555  9.68
 25)  8.25  5.45 17598  9.56
 26)  8.25  5.44 17601  9.43
 27)  8.24  5.67 17641  9.48
 28)  8.24  5.69 17671  9.34
 29)  8.24  5.80 17671  9.30
 30)  8.22  6.06 17760  9.20
 31)  8.21  6.20 17772  8.84
 32)  8.21  6.32 17805  8.74
 33)  8.20  6.43 17831  8.64
 34)  8.20  6.52 17857  8.53
 35)  8.19  6.66 17882  8.46
 36)  8.18  6.74 17879  8.24
Vertikaalmeting: Grevelingen
Datum:  3-1-80  Vertno  13
X= 50780  Y=418370   tijd:12.05
vlgn    pH  Temp  CL-g O2YsC
  1)  8.23  3.07 17072 10.39
  2)  8.23  3.07 17074 10.39
  3)  8.23  3.10 17085 10.37
  4)  8.23  3.24 17087 10.39
  5)  8.23  3.29 17107 10.36
  6)  8.23  3.31 17112 10.36
  7)  8.23  3.30 17109 10.36
  8)  8.24  3.40 17133 10.37
  9)  8.25  3.92 17265 10.36
 10)  8.25  4.17 17334 10.21
 11)  8.25  4.36 17366 10.17
 12)  8.26  4.47 17392 10.11
 13)  8.26  4.54 17419 10.07
 14)  8.26  4.59 17421 10.03
 15)  8.26  4.62 17435 10.00
 16)  8.26  4.64 17436  9.98
 17)  8.26  4.69 17446  9.97
 18)  8.26  4.84 17474  9.93
 19)  8.26  4.88 17478  9.90
 20)  8.26  4.90 17484  9.86
 21)  8.26  4.91 17488  9.85
 22)  8.26  4.91 17492  9.83
 23)  8.25  5.00 17525  9.80
 24)  8.25  5.08 17529  9.76
 25)  8.25  5.25 17560  9.75
 26)  8.25  5.36 17578  9.60
 27)  8.24  5.41 17588  9.55
 28)  8.24  5.49 17615  9.52
 29)  8.23  5.70 17732  9.20
Vertikaalmeting: Grevelingen
Datum:  3-1-80  Vertno  14
X= 49650  Y=418270   tijd:11.50
vlgn    pH  Temp  CL-g O2YsC
  1)  8.23  3.29 17097 10.36
  2)  8.23  3.29 17098 10.35
  3)  8.23  3.29 17106 10.35
  4)  8.23  3.29 17116 10.33
  5)  8.23  3.29 17121 10.33
  6)  8.23  3.33 17201 10.32
  7)  8.24  3.76 17257 10.31
  8)  8.24  3.94 17293 10.28
  9)  8.25  4.05 17308 10.24
 10)  8.25  4.15 17357 10.10
 11)  8.25  4.44 17408 10.10
 12)  8.25  4.49 17405 10.07
 13)  8.25  4.53 17412 10.03
 14)  8.26  4.54 17420 10.00
 15)  8.26  4.56 17422  9.98
 16)  8.26  4.84 17481 10.00
 17)  8.25  5.02 17492  9.85
 18)  8.25  5.05 17514  9.79
Vertikaalmeting: Grevelingen
Datum:  3-1-80  Vertno  15
X= 48780  Y=418180   tijd:11.18
vlgn    pH  Temp  CL-g O2YsC
  1)  8.23  3.35 17128 10.40
  2)  8.23  3.35 17127 10.41
  3)  8.23  3.34 17130 10.40
  4)  8.23  3.50 17169 10.41
  5)  8.23  3.48 17177 10.37
  6)  8.23  3.46 17199 10.35
  7)  8.23  3.65 17245 10.37
  8)  8.24  3.88 17283 10.35
  9)  8.24  4.12 17327 10.28
 10)  8.24  4.28 17344 10.21
 11)  8.24  4.38 17355 10.16
 12)  8.24  4.45 17406 10.10
 13)  8.25  4.56 17421 10.04
 14)  8.25  4.63 17433 10.01
 15)  8.25  4.67 17444  9.99
 16)  8.25  4.72 17455  9.98
 17)  8.25  4.78 17468  9.94
 18)  8.25  4.79 17468  9.93
 19)  8.25  4.82 17473  9.90
 20)  8.25  4.84 17479  9.87
 21)  8.25  4.87 17484  9.85
 22)  8.25  4.89 17485  9.82
 23)  8.24  5.00 17534  9.80
 24)  8.24  5.12 17513  9.74
 25)  8.24  5.22 17529  9.72
 26)  8.24  5.27 17553  9.64
 27)  8.24  5.43 17579  9.54
 28)  8.23  5.58 17601  9.49
 29)  8.24  5.65 17631  9.43
 30)  8.23  5.84 17678  9.35
 31)  8.23  5.87 17697  9.28
 32)  8.23  5.92 17723  9.23
 33)  8.23  6.14 17743  9.11
 34)  8.23  6.18 17785  9.06
 35)  8.23  6.25 17807  8.99
 36)  8.22  6.44 17851  8.94
 37)  8.22  6.67 17876  8.78
 38)  8.21  6.98 18018  8.56
 39)  8.19  7.19 18042  8.32
 40)  8.19  7.27 18057  8.16
 41)  8.19  7.29 18081  8.08
 42)  8.18  7.33 18086  8.01
 43)  8.18  7.35 18095  7.96
Vertikaalmeting: Grevelingen
Datum:  3-1-80  Vertno  16
X= 47960  Y=418420   tijd:11.05
vlgn    pH  Temp  CL-g O2YsC
  1)  8.22  3.45 17100 10.62
  2)  8.22  3.45 17109 10.61
  3)  8.22  3.45 17129 10.60
  4)  8.22  3.45 17131 10.60
  5)  8.23  3.58 17170 10.61
  6)  8.23  3.68 17190 10.58
  7)  8.23  3.73 17211 10.57
  8)  8.23  3.83 17231 10.55
  9)  8.23  4.01 17267 10.54
 10)  8.24  4.09 17309 10.52
 11)  8.24  4.23 17329 10.45
 12)  8.24  4.43 17382 10.43
 13)  8.24  4.54 17396 10.32
 14)  8.24  4.65 17423 10.24
Vertikaalmeting: Grevelingen
Datum:  3-1-80  Vertno  17
X= 47560  Y=418800   tijd:10.53
vlgn    pH  Temp  CL-g O2YsC
  1)  8.22  3.48 17136 10.60
  2)  8.22  3.47 17144 10.58
  3)  8.22  3.58 17175 10.61
  4)  8.22  3.68 17210 10.58
  5)  8.23  3.76 17215 10.55
  6)  8.23  3.77 17226 10.54
  7)  8.23  3.89 17270 10.53
  8)  8.23  4.16 17312 10.52
  9)  8.23  4.20 17327 10.44
 10)  8.23  4.23 17331 10.41
 11)  8.23  4.29 17343 10.40
 12)  8.23  4.26 17349 10.37
 13)  8.24  4.28 17346 10.35
 14)  8.23  4.27 17355 10.34
Vertikaalmeting: Grevelingen
Datum:  3-1-80  Vertno  18
X= 47560  Y=418800   tijd:10.53
vlgn    pH  Temp  CL-g O2YsC
  1)  8.22  3.48 17136 10.60
  2)  8.22  3.47 17144 10.58
  3)  8.22  3.58 17175 10.61
  4)  8.22  3.68 17210 10.58
  5)  8.23  3.76 17215 10.55
  6)  8.23  3.77 17226 10.54
  7)  8.23  3.89 17270 10.53
  8)  8.23  4.16 17312 10.52
  9)  8.23  4.20 17327 10.44
 10)  8.23  4.23 17331 10.41
 11)  8.23  4.29 17343 10.40
 12)  8.23  4.26 17349 10.37
 13)  8.24  4.28 17346 10.35
 14)  8.23  4.27 17355 10.34
++++
