Vertikaalmeting: Grevelingen
Datum:  14-5-80  Vertno  1
X= 65300  Y=409910   tijd: 8.19
vlgn    pH  Temp  CL-g O2Plc
  1)  8.37 11.87 16980  9.22
  2)  8.37 11.87 16980  9.23
  3)  8.37 11.87 16976  9.24
  4)  8.38 11.89 16985  9.26
  5)  8.38 11.90 16982  9.26
  6)  8.38 11.89 16974  9.25
  7)  8.38 11.89 16983  9.24
  8)  8.38 11.89 16981  9.22
Vertikaalmeting: Grevelingen
Datum:  14-5-80  Vertno  2
X= 63310  Y=411560   tijd: 8.37
vlgn    pH  Temp  CL-g O2Plc
  1)  8.39 12.02 17001  9.42
  2)  8.39 12.02 17001  9.39
  3)  8.39 12.02 16996  9.38
  4)  8.39 12.02 16997  9.37
  5)  8.39 12.02 17000  9.37
  6)  8.39 12.02 16996  9.37
  7)  8.39 12.02 17001  9.36
  8)  8.39 12.02 17001  9.35
  9)  8.39 12.03 16999  9.35
 10)  8.39 12.02 16994  9.36
 11)  8.39 12.01 17003  9.36
 12)  8.39 11.96 16995  9.33
Vertikaalmeting: Grevelingen
Datum:  14-5-80  Vertno  3
X= 62280  Y=412090   tijd: 8.50
vlgn    pH  Temp  CL-g O2Plc
  1)  8.40 12.27 17013  9.40
  2)  8.40 12.27 17012  9.39
  3)  8.40 12.28 17007  9.37
  4)  8.40 12.27 17007  9.39
  5)  8.40 12.27 17007  9.36
  6)  8.40 12.28 17007  9.35
  7)  8.40 12.29 17003  9.37
  8)  8.41 12.28 17006  9.38
  9)  8.41 12.27 17006  9.37
 10)  8.41 12.26 17005  9.37
 11)  8.41 12.25 17005  9.39
 12)  8.41 12.24 17007  9.36
 13)  8.41 12.23 17009  9.36
 14)  8.41 12.23 17001  9.35
 15)  8.41 12.22 17006  9.35
 16)  8.41 12.16 17004  9.33
 17)  8.41 12.15 17003  9.34
Vertikaalmeting: Grevelingen
Datum:  14-5-80  Vertno  4
X= 61220  Y=413070   tijd: 9.07
vlgn    pH  Temp  CL-g O2Plc
  1)  8.40 12.08 17005  9.46
  2)  8.40 12.08 16996  9.46
  3)  8.41 12.08 16997  9.48
  4)  8.41 12.08 17001  9.45
  5)  8.41 12.09 17004  9.45
  6)  8.41 12.09 17005  9.43
  7)  8.41 12.08 17007  9.43
  8)  8.41 12.09 17004  9.43
  9)  8.41 12.08 17007  9.44
 10)  8.41 12.09 17004  9.44
Vertikaalmeting: Grevelingen
Datum:  14-5-80  Vertno  5
X= 59400  Y=414140   tijd: 9.24
vlgn    pH  Temp  CL-g O2Plc
  1)  8.43 12.50 17016  9.39
  2)  8.43 12.50 17011  9.40
  3)  8.43 12.50 17011  9.40
  4)  8.43 12.50 17014  9.39
  5)  8.43 12.47 17013  9.38
  6)  8.42 12.47 17016  9.39
  7)  8.43 12.46 17014  9.35
  8)  8.43 12.43 17015  9.36
  9)  8.42 12.39 17012  9.35
 10)  8.42 12.36 17015  9.31
 11)  8.42 12.23 17043  9.28
 12)  8.41 12.15 16999  9.28
 13)  8.41 12.06 17013  9.30
 14)  8.40 11.99 17017  9.25
 15)  8.40 11.99 17027  9.24
 16)  8.41 12.02 17010  9.24
 17)  8.40 11.97 16999  9.22
 18)  8.40 11.98 17017  9.23
 19)  8.41 11.98 17017  9.20
 20)  8.41 11.97 17013  9.19
 21)  8.40 11.92 17001  9.20
 22)  8.40 11.89 17015  9.18
 23)  8.39 11.79 16962  9.16
 24)  8.38 11.58 17008  8.97
Vertikaalmeting: Grevelingen
Datum:  14-5-80  Vertno  6
X= 57960  Y=417240   tijd: 9.56
vlgn    pH  Temp  CL-g O2Plc
  1)  8.37 12.38 17018  9.19
  2)  8.37 12.37 17023  9.19
  3)  8.37 12.37 17024  9.20
  4)  8.37 12.37 17023  9.21
  5)  8.37 12.37 17022  9.19
  6)  8.37 12.35 17018  9.18
  7)  8.37 12.36 17021  9.18
  8)  8.37 12.32 17024  9.18
  9)  8.38 12.33 17021  9.15
 10)  8.38 12.35 17024  9.16
 11)  8.38 12.29 17023  9.18
 12)  8.38 12.34 17022  9.14
 13)  8.38 12.27 17021  9.15
 14)  8.38 12.26 17023  9.17
 15)  8.38 12.23 17021  9.17
 16)  8.38 12.22 17021  9.14
 17)  8.38 12.21 17021  9.15
 18)  8.38 12.19 17017  9.10
Vertikaalmeting: Grevelingen
Datum:  14-5-80  Vertno  7
X= 57560  Y=418980   tijd:10.14
vlgn    pH  Temp  CL-g O2Plc
  1)  8.36 12.31 17035  9.05
  2)  8.36 12.32 17036  9.02
  3)  8.36 12.31 17031  9.03
  4)  8.36 12.31 17034  9.01
  5)  8.36 12.32 17037  9.00
  6)  8.36 12.32 17039  8.99
  7)  8.36 12.33 17037  8.98
  8)  8.37 12.32 17039  8.98
  9)  8.37 12.33 17037  8.96
 10)  8.36 12.32 17042  8.89
 11)  8.36 12.26 17047  8.88
 12)  8.36 12.19 17058  8.81
 13)  8.36 12.17 17063  8.81
 14)  8.36 12.14 17064  8.81
 15)  8.36 12.09 17061  8.80
 16)  8.37 11.99 17085  8.84
 17)  8.37 11.90 17093  8.88
Vertikaalmeting: Grevelingen
Datum:  14-5-80  Vertno  8
X= 56260  Y=420580   tijd:10.32
vlgn    pH  Temp  CL-g O2Plc
  1)  8.34 12.14 16991  9.14
  2)  8.34 12.14 16992  9.15
  3)  8.34 12.14 16991  9.14
  4)  8.34 12.14 16991  9.14
  5)  8.34 12.13 16990  9.12
  6)  8.34 12.14 16991  9.11
  7)  8.34 12.12 16991  9.12
  8)  8.34 12.12 16991  9.09
  9)  8.34 12.13 16994  9.10
 10)  8.34 12.12 16996  9.09
 11)  8.34 12.13 16995  9.09
 12)  8.34 12.12 16996  9.08
 13)  8.34 12.12 16999  9.09
Vertikaalmeting: Grevelingen
Datum:  14-5-80  Vertno  9
X= 55290  Y=421390   tijd:10.45
vlgn    pH  Temp  CL-g O2Plc
  1)  8.34 12.08 16995  9.12
  2)  8.34 12.08 16994  9.12
  3)  8.34 12.07 16994  9.10
  4)  8.34 12.05 16997  9.09
  5)  8.34 12.04 16996  9.07
  6)  8.34 12.04 16999  9.05
  7)  8.34 12.04 16999  9.03
  8)  8.34 12.04 16999  9.02
  9)  8.34 12.03 16996  9.03
 10)  8.34 12.03 16999  9.01
 11)  8.34 12.02 17001  9.01
 12)  8.34 12.02 17001  9.01
 13)  8.34 12.03 17002  9.01
 14)  8.34 12.03 17003  9.03
 15)  8.34 12.03 17004  9.03
 16)  8.34 12.03 17001  9.04
 17)  8.34 12.03 17002  9.03
 18)  8.34 12.02 17000  9.03
 19)  8.34 12.03 17002  9.02
 20)  8.34 12.03 16999  9.01
Vertikaalmeting: Grevelingen
Datum:  14-5-80  Vertno  10
X= 53880  Y=421180   tijd:11.03
vlgn    pH  Temp  CL-g O2Plc
  1)  8.34 12.01 16993  9.09
  2)  8.34 12.01 16995  9.08
  3)  8.34 12.02 16996  9.08
  4)  8.34 12.05 17006  9.08
  5)  8.35 12.06 17004  8.98
  6)  8.35 12.08 17011  8.99
  7)  8.35 12.06 17020  8.99
  8)  8.35 12.07 17009  9.00
  9)  8.34 12.02 17002  8.98
 10)  8.34 12.04 17004  9.01
 11)  8.35 12.08 17008  9.01
 12)  8.35 12.08 17011  8.99
 13)  8.35 12.07 17009  8.98
 14)  8.35 12.07 17012  9.00
 15)  8.34 11.88 17042  8.83
 16)  8.34 11.99 17018  8.84
 17)  8.34 11.86 17022  8.83
 18)  8.33 11.75 17020  8.82
Vertikaalmeting: Grevelingen
Datum:  14-5-80  Vertno  11
X= 52860  Y=420340   tijd:11.22
vlgn    pH  Temp  CL-g O2Plc
  1)  8.35 11.91 16997  9.12
  2)  8.35 11.86 16979  9.12
  3)  8.35 11.82 16976  9.13
  4)  8.35 11.76 16986  9.14
  5)  8.35 11.75 16973  9.15
  6)  8.35 11.74 16975  9.16
  7)  8.35 11.75 16987  9.16
  8)  8.35 11.73 16981  9.14
  9)  8.35 11.72 16981  9.15
 10)  8.36 11.72 16978  9.17
 11)  8.36 11.72 16979  9.17
Vertikaalmeting: Grevelingen
Datum:  14-5-80  Vertno  12
X= 51640  Y=418580   tijd:11.38
vlgn    pH  Temp  CL-g O2Plc
  1)  8.39 12.12 16999  9.30
  2)  8.41 12.29 17006  9.40
  3)  8.41 12.21 17003  9.41
  4)  8.41 12.23 17009  9.39
  5)  8.41 12.24 17014  9.38
  6)  8.41 12.22 17024  9.37
  7)  8.41 12.21 17015  9.37
  8)  8.40 12.19 17010  9.34
  9)  8.40 12.16 17021  9.32
 10)  8.40 12.18 17010  9.25
 11)  8.41 12.19 17019  9.33
 12)  8.40 12.15 17011  9.32
 13)  8.40 12.13 17011  9.25
 14)  8.40 12.09 17021  9.21
 15)  8.40 12.08 17024  9.21
 16)  8.39 12.08 17020  9.19
 17)  8.39 12.08 17024  9.18
 18)  8.40 12.07 17024  9.19
 19)  8.39 11.94 17009  9.15
 20)  8.39 12.03 17027  9.18
 21)  8.39 11.97 17016  9.15
 22)  8.38 11.88 17012  9.11
 23)  8.39 11.94 16971  8.90
 24)  8.34 11.14 16973  8.68
 25)  8.30 10.26 16978  8.45
 26)  8.26  9.78 16986  7.63
 27)  7.95  6.39 17558  5.15
 28)  7.92  5.94 17707  4.63
 29)  7.89  5.70 17758  4.42
 30)  7.85  5.74 17782  3.80
 31)  7.85  5.74 17787  3.79
 32)  7.84  5.73 17790  3.72
 33)  7.84  5.72 17800  3.71
 34)  7.84  5.71 17810  3.68
 35)  7.83  5.71 17810  3.52
Vertikaalmeting: Grevelingen
Datum:  14-5-80  Vertno  13
X= 50730  Y=418360   tijd:12.10
vlgn    pH  Temp  CL-g O2Plc
  1)  8.36 11.99 16951  9.38
  2)  8.36 11.98 16949  9.35
  3)  8.36 11.98 16948  9.35
  4)  8.37 11.98 16948  9.33
  5)  8.37 11.97 16956  9.33
  6)  8.37 11.95 16950  9.33
  7)  8.37 11.94 16955  9.33
  8)  8.37 11.94 16955  9.34
  9)  8.37 11.94 16958  9.33
 10)  8.37 11.95 16957  9.31
 11)  8.37 11.93 16958  9.30
 12)  8.37 11.93 16960  9.28
 13)  8.37 11.94 16956  9.28
 14)  8.37 11.93 16963  9.27
 15)  8.37 11.92 16955  9.27
 16)  8.36 11.91 16958  9.26
 17)  8.37 11.91 16954  9.24
 18)  8.36 11.89 16957  9.21
 19)  8.36 11.86 16960  9.20
 20)  8.36 11.78 16956  9.15
 21)  8.35 11.75 16953  9.03
 22)  8.34 11.54 16944  8.92
 23)  8.32 11.13 16941  8.65
 24)  8.30 10.39 16943  8.43
 25)  8.29 10.03 16978  8.32
 26)  8.27  9.63 16987  8.02
 27)  7.98  7.44 17496  5.45
 28)  7.85  6.06 17746  3.60
Vertikaalmeting: Grevelingen
Datum:  14-5-80  Vertno  14
X= 49640  Y=418310   tijd:12.34
vlgn    pH  Temp  CL-g O2Plc
  1)  8.38 12.31 16963  9.43
  2)  8.38 12.31 16967  9.42
  3)  8.38 12.31 16968  9.41
  4)  8.38 12.30 16966  9.38
  5)  8.38 12.30 16967  9.37
  6)  8.38 12.28 16965  9.37
  7)  8.38 12.27 16960  9.37
  8)  8.38 12.26 16964  9.36
  9)  8.38 12.20 16962  9.34
 10)  8.37 12.19 16954  9.34
 11)  8.37 12.04 16967  9.33
 12)  8.37 12.04 16962  9.33
 13)  8.37 12.04 16959  9.35
 14)  8.37 12.01 16957  9.32
 15)  8.37 12.00 16955  9.29
 16)  8.37 11.97 16963  9.29
 17)  8.37 11.95 16958  9.27
 18)  8.37 11.92 16962  9.22
 19)  8.36 11.90 16953  9.09
Vertikaalmeting: Grevelingen
Datum:  14-5-80  Vertno  15
X= 48760  Y=418190   tijd:12.50
vlgn    pH  Temp  CL-g O2Plc
  1)  8.38 12.31 16957  9.41
  2)  8.38 12.30 16964  9.39
  3)  8.38 12.31 16961  9.39
  4)  8.38 12.31 16960  9.38
  5)  8.38 12.30 16954  9.38
  6)  8.38 12.29 16959  9.38
  7)  8.38 12.28 16958  9.36
  8)  8.38 12.28 16963  9.35
  9)  8.38 12.27 16963  9.35
 10)  8.38 12.28 16966  9.35
 11)  8.38 12.28 16962  9.35
 12)  8.38 12.27 16963  9.33
 13)  8.38 12.20 16969  9.31
 14)  8.38 12.22 16967  9.25
 15)  8.38 12.21 16963  9.24
 16)  8.38 12.19 16967  9.22
 17)  8.38 12.22 16956  9.25
 18)  8.38 12.18 16963  9.22
 19)  8.37 12.13 16963  9.09
 20)  8.37 12.09 16981  9.08
 21)  8.37 12.09 16977  9.10
 22)  8.37 12.08 16974  9.10
 23)  8.37 12.05 16978  9.09
 24)  8.37 12.06 16971  9.08
 25)  8.37 11.99 16959  9.06
 26)  8.30 10.43 17014  8.26
 27)  8.20  8.98 17113  7.30
 28)  8.02  6.31 17651  5.86
 29)  8.00  5.61 17767  5.67
 30)  8.00  5.54 17804  5.68
 31)  8.01  5.51 17810  5.85
 32)  8.00  5.51 17823  5.85
 33)  8.00  5.49 17829  5.76
 34)  7.98  5.52 17843  5.78
 35)  7.96  5.53 17845  5.25
 36)  7.94  5.53 17853  5.01
 37)  7.93  5.54 17853  4.85
 38)  7.90  5.56 17863  4.40
 39)  7.90  5.56 17860  4.31
 40)  7.89  5.56 17860  4.32
 41)  7.87  5.58 17864  3.82
 42)  7.88  5.58 17858  3.73
 43)  7.88  5.57 17864  3.86
 44)  7.88  5.58 17860  3.87
 45)  7.87  5.58 17862  3.63
 46)  7.87  5.59 17866  3.49
Vertikaalmeting: Grevelingen
Datum:  14-5-80  Vertno  16
X= 47860  Y=418380   tijd:13.31
vlgn    pH  Temp  CL-g O2Plc
  1)  8.39 12.52 16968  9.40
  2)  8.39 12.51 16976  9.37
  3)  8.39 12.52 16975  9.35
  4)  8.39 12.51 16975  9.33
  5)  8.39 12.50 16976  9.34
  6)  8.39 12.49 16978  9.32
  7)  8.39 12.49 16984  9.31
  8)  8.39 12.46 16971  9.31
  9)  8.39 12.42 16968  9.32
 10)  8.39 12.39 16982  9.32
 11)  8.39 12.33 16974  9.33
 12)  8.39 12.29 16975  9.33
 13)  8.39 12.28 16974  9.31
 14)  8.39 12.27 16974  9.29
 15)  8.39 12.25 16976  9.26
 16)  8.38 12.23 16974  9.24
 17)  8.38 12.23 16970  9.22
Vertikaalmeting: Grevelingen
Datum:  14-5-80  Vertno  17
X= 47470  Y=418860   tijd:13.44
vlgn    pH  Temp  CL-g O2Plc
  1)  8.40 12.44 16971  9.57
  2)  8.40 12.43 16977  9.53
  3)  8.40 12.43 16980  9.51
  4)  8.40 12.42 16981  9.49
  5)  8.40 12.42 16978  9.45
  6)  8.40 12.43 16977  9.47
  7)  8.40 12.42 16981  9.47
  8)  8.40 12.43 16982  9.52
  9)  8.40 12.42 16989  9.47
 10)  8.40 12.42 16985  9.44
 11)  8.40 12.42 16982  9.44
 12)  8.40 12.43 16995  9.44
 13)  8.40 12.43 16981  9.44
 14)  8.40 12.43 16980  9.43
 15)  8.40 12.43 16982  9.44
 16)  8.39 12.41 16987  9.04
 17)  8.39 12.42 16981  9.34
 18)  8.37 12.30 16986  8.93
 19)  8.37 12.28 16993  8.86
++++
