Vertikaalmeting: Grevelingen
Datum:  10-1-83  Vertno  1
X= 65200  Y=409950   tijd:13.48
vlgn  Temp  CL-g O2Plc
  1)  5.62 16205 10.17
  2)  5.61 16209 10.18
  3)  5.59 16207 10.18
  4)  5.59 16207 10.18
  5)  5.58 16208 10.18
  6)  5.58 16210 10.18
  7)  5.58 16210 10.18
  8)  5.57 16209 10.17
  9)  5.55 16213 10.17
Vertikaalmeting: Grevelingen
Datum:  10-1-83  Vertno  2
X= 63330  Y=411520   tijd:13.33
vlgn  Temp  CL-g O2Plc
  1)  5.81 16247 10.15
  2)  5.80 16251 10.17
  3)  5.81 16248 10.16
  4)  5.82 16244 10.15
  5)  5.80 16239 10.14
  6)  5.78 16248 10.14
  7)  5.80 16243 10.14
  8)  5.78 16248 10.13
  9)  5.77 16252 10.12
 10)  5.74 16260 10.11
 11)  5.71 16264 10.08
 12)  5.72 16273 10.05
Vertikaalmeting: Grevelingen
Datum:  10-1-83  Vertno  3
X= 62330  Y=412160   tijd:13.17
vlgn  Temp  CL-g O2Plc
  1)  5.85 16238 10.14
  2)  5.84 16234 10.13
  3)  5.85 16234 10.13
  4)  5.84 16236 10.13
  5)  5.84 16242 10.13
  6)  5.84 16239 10.12
  7)  5.84 16239 10.12
  8)  5.84 16241 10.11
  9)  5.84 16241 10.12
 10)  5.84 16242 10.12
 11)  5.84 16243 10.11
 12)  5.83 16247 10.12
 13)  5.83 16259 10.10
 14)  5.82 16262 10.05
 15)  5.82 16272 10.07
 16)  5.80 16287 10.07
 17)  5.80 16313 10.06
 18)  5.75 16373 10.04
Vertikaalmeting: Grevelingen
Datum:  10-1-83  Vertno  4
X= 61220  Y=412990   tijd:13.06
vlgn  Temp  CL-g O2Plc
  1)  5.87 16240 10.13
  2)  5.87 16241 10.13
  3)  5.86 16246 10.15
  4)  5.86 16249 10.14
  5)  5.86 16250 10.16
  6)  5.87 16253 10.13
  7)  5.87 16250 10.11
  8)  5.87 16250 10.10
  9)  5.86 16253 10.12
 10)  5.87 16253 10.11
Vertikaalmeting: Grevelingen
Datum:  10-1-83  Vertno  5
X= 59280  Y=414180   tijd:12.47
vlgn  Temp  CL-g O2Plc
  1)  5.68 16226 10.19
  2)  5.68 16291 10.19
  3)  5.69 16337 10.18
  4)  5.68 16370 10.16
  5)  5.67 16372 10.16
  6)  5.67 16366 10.15
  7)  5.68 16364 10.17
  8)  5.67 16371 10.15
  9)  5.67 16378 10.16
 10)  5.67 16376 10.15
 11)  5.67 16376 10.14
 12)  5.67 16378 10.14
 13)  5.67 16376 10.15
 14)  5.66 16378 10.14
 15)  5.66 16379 10.14
 16)  5.66 16378 10.14
 17)  5.66 16379 10.14
 18)  5.66 16382 10.15
 19)  5.67 16382 10.13
 20)  5.69 16389 10.11
 21)  5.71 16396 10.06
Vertikaalmeting: Grevelingen
Datum:  10-1-83  Vertno  6
X= 57890  Y=417220   tijd:12.26
vlgn  Temp  CL-g O2Plc
  1)  5.64 16357 10.23
  2)  5.64 16355 10.23
  3)  5.63 16359 10.23
  4)  5.64 16356 10.24
  5)  5.63 16365 10.22
  6)  5.62 16375 10.22
  7)  5.63 16371 10.22
  8)  5.62 16379 10.20
  9)  5.64 16380 10.18
 10)  5.64 16382 10.17
 11)  5.64 16381 10.16
 12)  5.64 16386 10.15
 13)  5.64 16385 10.15
 14)  5.63 16387 10.14
 15)  5.66 16392 10.13
 16)  5.68 16398 10.12
 17)  5.69 16401 10.10
 18)  5.70 16403 10.09
Vertikaalmeting: Grevelingen
Datum:  10-1-83  Vertno  7
X= 57510  Y=418970   tijd:12.11
vlgn  Temp  CL-g O2Plc
  1)  5.74 16172 10.24
  2)  5.74 16316 10.22
  3)  5.73 16330 10.20
  4)  5.73 16338 10.19
  5)  5.71 16349 10.18
  6)  5.72 16359 10.18
  7)  5.72 16367 10.17
  8)  5.72 16370 10.17
  9)  5.72 16378 10.16
 10)  5.73 16379 10.16
 11)  5.72 16381 10.15
 12)  5.72 16406 10.14
 13)  5.72 16426 10.10
 14)  5.70 16464 10.07
 15)  6.03 17056  9.59
 16)  6.05 17131  9.58
 17)  6.06 17145  9.53
Vertikaalmeting: Grevelingen
Datum:  10-1-83  Vertno  8
X= 56260  Y=420610   tijd:11.56
vlgn  Temp  CL-g O2Plc
  1)  5.73 16330 10.20
  2)  5.72 16350 10.19
  3)  5.71 16371 10.16
  4)  5.71 16375 10.14
  5)  5.71 16403 10.15
  6)  5.72 16408 10.12
  7)  5.73 16424 10.09
  8)  5.74 16430 10.06
  9)  5.73 16436 10.05
 10)  5.74 16444 10.04
 11)  5.76 16448 10.03
 12)  5.86 16505 10.01
 13)  6.00 16969  9.59
 14)  6.15 17574  9.48
Vertikaalmeting: Grevelingen
Datum:  10-1-83  Vertno  9
X= 55230  Y=421450   tijd:11.40
vlgn  Temp  CL-g O2Plc
  1)  5.76 16402 10.16
  2)  5.75 16421 10.15
  3)  5.74 16428 10.14
  4)  5.73 16431 10.13
  5)  5.71 16433 10.13
  6)  5.70 16437 10.10
  7)  5.74 16429 10.10
  8)  5.72 16442 10.08
  9)  5.76 16583 10.05
 10)  5.96 16942  9.96
 11)  6.08 17317  9.75
 12)  6.20 17499  9.36
 13)  6.25 17632  9.32
 14)  6.26 17652  9.23
 15)  6.27 17666  9.20
 16)  6.29 17704  9.17
 17)  6.29 17710  9.16
 18)  6.30 17724  9.15
 19)  6.32 17746  9.10
 20)  6.32 17746  9.05
 21)  6.32 17746  9.06
Vertikaalmeting: Grevelingen
Datum:  10-1-83  Vertno  10
X= 53760  Y=421130   tijd:11.22
vlgn  Temp  CL-g O2Plc
  1)  5.78 16433 10.15
  2)  5.78 16436 10.13
  3)  5.78 16436 10.14
  4)  5.78 16436 10.13
  5)  5.78 16438 10.13
  6)  5.79 16439 10.13
  7)  5.79 16446 10.13
  8)  5.80 16461 10.12
  9)  6.05 16976  9.86
 10)  6.07 17048  9.84
 11)  6.10 17180  9.79
 12)  6.18 17433  9.49
 13)  6.22 17639  9.47
 14)  6.27 17683  9.22
 15)  6.28 17698  9.21
 16)  6.30 17732  9.20
 17)  6.32 17769  9.16
 18)  6.33 17781  9.14
Vertikaalmeting: Grevelingen
Datum:  10-1-83  Vertno  11
X= 52780  Y=420350   tijd:11.11
vlgn  Temp  CL-g O2Plc
  1)  5.84 16384 10.11
  2)  5.83 16391 10.12
  3)  5.84 16392 10.13
  4)  5.82 16405 10.12
  5)  5.82 16407 10.12
  6)  5.81 16413 10.12
  7)  5.85 16472 10.11
  8)  5.98 16701 10.06
  9)  6.02 16870  9.99
 10)  6.32 17780  9.24
 11)  6.32 17780  9.24
 12)  6.32 17781  9.22
Vertikaalmeting: Grevelingen
Datum:  10-1-83  Vertno  12
X= 51540  Y=418590   tijd:10.43
vlgn  Temp  CL-g O2Plc
  1)  5.77 16380 10.12
  2)  5.77 16384 10.13
  3)  5.77 16391 10.12
  4)  5.79 16422 10.11
  5)  5.87 16497 10.10
  6)  6.23 17621  9.63
  7)  6.27 17691  9.61
  8)  6.28 17733  9.56
  9)  6.26 17727  9.58
 10)  6.25 17747  9.66
 11)  6.23 17765  9.69
 12)  6.27 17793  9.59
 13)  6.30 17799  9.58
 14)  6.33 17812  9.18
 15)  6.34 17818  9.08
 16)  6.32 17824  9.21
 17)  6.33 17828  9.22
 18)  6.34 17832  9.19
 19)  6.33 17834  9.17
 20)  6.32 17838  9.22
 21)  6.32 17841  9.20
 22)  6.31 17846  9.36
 23)  6.31 17847  9.38
 24)  6.30 17850  9.40
 25)  6.30 17853  9.42
 26)  6.30 17853  9.41
 27)  6.31 17855  9.42
 28)  6.31 17855  9.39
 29)  6.31 17860  9.38
 30)  6.33 17847  9.39
 31)  6.30 17863  9.39
 32)  6.30 17864  9.41
 33)  6.30 17865  9.45
 34)  6.30 17866  9.47
Vertikaalmeting: Grevelingen
Datum:  10-1-83  Vertno  13
X= 50730  Y=418370   tijd:10.22
vlgn  Temp  CL-g O2Plc
  1)  5.68 16498 10.11
  2)  5.68 16498 10.10
  3)  5.67 16507 10.10
  4)  5.68 16516 10.09
  5)  5.90 16964 10.03
  6)  6.08 17226  9.83
  7)  6.11 17469  9.80
  8)  6.24 17649  9.69
  9)  6.26 17704  9.58
 10)  6.17 17712  9.83
 11)  6.20 17733  9.84
 12)  6.17 17741  9.85
 13)  6.17 17764  9.88
 14)  6.26 17798  9.43
 15)  6.25 17797  9.45
 16)  6.23 17798  9.65
 17)  6.22 17810  9.77
 18)  6.25 17816  9.79
 19)  6.27 17835  9.73
 20)  6.33 17849  9.23
 21)  6.33 17851  9.22
 22)  6.32 17855  9.24
 23)  6.32 17856  9.29
 24)  6.31 17857  9.32
 25)  6.31 17858  9.32
Vertikaalmeting: Grevelingen
Datum:  10-1-83  Vertno  14
X= 49710  Y=418270   tijd:10.08
vlgn  Temp  CL-g O2Plc
  1)  5.79 16496 10.12
  2)  5.79 16496 10.13
  3)  5.79 16499 10.12
  4)  5.79 16562 10.12
  5)  5.76 16617 10.10
  6)  5.89 17440  9.99
  7)  6.19 17626  9.79
  8)  6.21 17692  9.77
  9)  6.27 17697  9.68
 10)  6.17 17685  9.63
 11)  6.12 17734  9.90
 12)  6.13 17781  9.90
 13)  6.17 17809  9.89
 14)  6.19 17812  9.87
 15)  6.17 17810  9.86
 16)  6.19 17820  9.86
 17)  6.21 17832  9.85
 18)  6.23 17837  9.80
Vertikaalmeting: Grevelingen
Datum:  10-1-83  Vertno  15
X= 48750  Y=418200   tijd: 9.36
vlgn  Temp  CL-g O2Plc
  1)  5.73 16609 10.13
  2)  5.75 16691 10.14
  3)  5.78 16860 10.11
  4)  5.84 16957 10.05
  5)  5.96 17246  9.99
  6)  6.14 17554  9.88
  7)  6.12 17583  9.86
  8)  6.12 17631  9.89
  9)  6.12 17642  9.92
 10)  6.12 17684  9.91
 11)  6.17 17702  9.90
 12)  6.14 17736  9.87
 13)  6.17 17737  9.88
 14)  6.19 17744  9.87
 15)  6.20 17760 10.50
 16)  6.21 17780  9.84
 17)  6.21 17799  9.82
 18)  6.21 17807  9.81
 19)  6.21 17820  9.81
 20)  6.23 17834  9.81
 21)  6.22 17842  9.79
 22)  6.21 17843  9.79
 23)  6.23 17849  9.81
 24)  6.24 17848  9.77
 25)  6.24 17848  9.76
 26)  6.25 17851  9.75
 27)  6.25 17857  9.75
 28)  6.25 17858  9.75
 29)  6.25 17859  9.73
 30)  6.26 17861  9.72
 31)  6.26 17862  9.71
 32)  6.26 17865  9.71
 33)  6.26 17865  9.71
 34)  6.25 17864  9.71
 35)  6.25 17865  9.71
 36)  6.25 17866  9.70
 37)  6.25 17865  9.71
 38)  6.25 17867  9.71
 39)  6.26 17868  9.70
 40)  6.26 17870  9.70
 41)  6.26 17871  9.70
 42)  6.26 17870  9.70
 43)  6.28 17881  9.66
 44)  6.28 17882  9.63
 45)  6.29 17884  9.61
 46)  6.29 17889  9.60
Vertikaalmeting: Grevelingen
Datum:  10-1-83  Vertno  16
X= 47940  Y=418390   tijd: 9.24
vlgn  Temp  CL-g O2Plc
  1)  5.74 16775 10.09
  2)  5.75 16812 10.09
  3)  5.86 17080 10.05
  4)  6.07 17394  9.98
  5)  6.14 17515  9.85
  6)  6.11 17542  9.88
  7)  6.12 17585  9.88
  8)  6.12 17595  9.92
  9)  6.12 17599  9.92
 10)  6.14 17695  9.91
 11)  6.16 17705  9.89
 12)  6.18 17710  9.87
 13)  6.20 17754  9.86
 14)  6.21 17784  9.84
Vertikaalmeting: Grevelingen
Datum:  10-1-83  Vertno  17
X= 47490  Y=418790   tijd: 9.15
vlgn  Temp  CL-g O2Plc
  1)  5.74 16841 10.10
  2)  5.83 16902 10.06
  3)  5.95 17065 10.00
  4)  5.99 17054 10.00
  5)  6.10 17341  9.90
  6)  6.09 17508  9.87
  7)  6.09 17521  9.89
  8)  6.09 17525  9.90
  9)  6.09 17541  9.89
 10)  6.15 17628  9.85
 11)  6.16 17645  9.80
++++
