Vertikaalmeting: Grevelingen
Datum:  25-4-83  Vertno  1
X= 65240  Y=409960   tijd:13.46
vlgn    pH  Temp  CL-g O2Plc
  1)  8.01  9.83 15708  9.66
  2)  8.00  9.73 15733  9.62
  3)  8.00  9.67 15736  9.52
  4)  8.00  9.65 15741  9.45
  5)  8.00  9.61 15747  9.41
  6)  8.00  9.55 15752  9.36
  7)  8.01  9.47 15751  9.29
  8)  8.01  9.30 15773  9.22
Vertikaalmeting: Grevelingen
Datum:  25-4-83  Vertno  2
X= 63340  Y=411600   tijd:13.27
vlgn    pH  Temp  CL-g O2Plc
  1)  8.10  9.96 15746  9.62
  2)  8.10  9.93 15745  9.65
  3)  8.10  9.92 15745  9.65
  4)  8.10  9.91 15744  9.66
  5)  8.09  9.91 15746  9.67
  6)  8.10  9.91 15744  9.67
  7)  8.11  9.90 15745  9.66
  8)  8.11  9.90 15747  9.66
  9)  8.10  9.79 15731  9.62
 10)  8.08  9.54 15768  9.23
 11)  8.05  9.33 15787  9.04
Vertikaalmeting: Grevelingen
Datum:  25-4-83  Vertno  3
X= 62400  Y=412220   tijd:13.09
vlgn    pH  Temp  CL-g O2Plc
  1)  8.07 10.07 15753  9.62
  2)  8.06 10.07 15754  9.64
  3)  8.08 10.06 15756  9.64
  4)  8.07 10.05 15755  9.63
  5)  8.08 10.05 15754  9.61
  6)  8.08 10.04 15757  9.59
  7)  8.09 10.03 15759  9.61
  8)  8.09 10.04 15755  9.62
  9)  8.09 10.01 15760  9.62
 10)  8.10  9.95 15766  9.58
 11)  8.10  9.93 15759  9.56
 12)  8.10  9.90 15762  9.53
 13)  8.07  9.44 15821  9.38
 14)  8.03  8.95 15822  8.89
 15)  8.02  8.66 15864  8.83
 16)  8.00  8.49 15831  8.78
 17)  7.99  8.45 15815  8.78
Vertikaalmeting: Grevelingen
Datum:  25-4-83  Vertno  4
X= 61280  Y=413020   tijd:12.57
vlgn    pH  Temp  CL-g O2Plc
  1)  8.11 10.16 15724  9.70
  2)  8.09 10.15 15723  9.74
  3)  8.10 10.09 15735  9.69
  4)  8.09 10.07 15734  9.69
  5)  8.10 10.07 15732  9.71
  6)  8.10 10.06 15735  9.72
  7)  8.09 10.04 15742  9.69
  8)  8.09 10.03 15734  9.69
  9)  8.08 10.00 15736  9.70
Vertikaalmeting: Grevelingen
Datum:  25-4-83  Vertno  5
X= 59340  Y=414150   tijd:12.27
vlgn    pH  Temp  CL-g O2Plc
  1)  8.06 10.25 15743  9.54
  2)  8.07 10.24 15746  9.56
  3)  8.07 10.24 15745  9.55
  4)  8.07 10.24 15744  9.54
  5)  8.08 10.24 15744  9.53
  6)  8.09 10.24 15744  9.53
  7)  8.09 10.27 15733  9.51
  8)  8.09 10.21 15741  9.49
  9)  8.09 10.12 15748  9.46
 10)  8.09 10.01 15753  9.40
 11)  8.08  9.93 15761  9.32
 12)  8.08  9.91 15764  9.29
 13)  8.06  9.62 15778  9.08
 14)  8.04  9.43 15741  9.05
 15)  7.96  9.22 15784  8.95
 16)  7.94  9.04 15813  8.92
 17)  7.93  8.96 15806  8.86
 18)  7.93  8.91 15810  8.85
 19)  7.92  8.83 15809  8.81
 20)  7.90  8.61 15807  8.73
 21)  7.89  9.37 15402  8.55
 22)  7.88  8.30 15821  8.49
 23)  7.88  8.28 15822  8.46
Vertikaalmeting: Grevelingen
Datum:  25-4-83  Vertno  6
X= 57910  Y=417180   tijd:11.58
vlgn    pH  Temp  CL-g O2Plc
  1)  7.99 10.23 15744  9.59
  2)  8.00 10.19 15748  9.56
  3)  8.00 10.17 15747  9.56
  4)  8.01 10.19 15745  9.52
  5)  8.02 10.17 15748  9.51
  6)  8.03 10.18 15746  9.53
  7)  8.04 10.16 15752  9.54
  8)  8.05 10.17 15747  9.54
  9)  8.06 10.17 15746  9.55
 10)  8.07 10.14 15758  9.53
 11)  8.07 10.15 15746  9.52
 12)  8.08 10.15 15748  9.51
 13)  8.05 10.16 15741  9.50
 14)  8.05 10.14 15748  9.49
 15)  8.07 10.13 15748  9.50
 16)  8.08 10.13 15748  9.49
 17)  8.06  9.81 15781  9.38
 18)  8.05  9.48 15828  9.20
 19)  8.04  9.42 15814  9.24
Vertikaalmeting: Grevelingen
Datum:  25-4-83  Vertno  7
X= 57540  Y=418980   tijd:11.41
vlgn    pH  Temp  CL-g O2Plc
  1)  7.95 10.29 15741  9.56
  2)  7.96 10.30 15745  9.58
  3)  7.96 10.30 15746  9.54
  4)  7.96 10.30 15744  9.51
  5)  7.96 10.29 15746  9.52
  6)  7.96 10.30 15748  9.53
  7)  7.96 10.30 15746  9.54
  8)  7.97 10.30 15745  9.52
  9)  7.97 10.30 15746  9.52
 10)  7.98 10.26 15749  9.53
 11)  7.98 10.24 15749  9.52
 12)  7.98 10.13 15745  9.47
 13)  7.95  9.85 15731  9.38
 14)  7.94  9.58 15770  9.28
 15)  7.92  9.34 15807  9.24
 16)  7.91  9.30 15818  9.20
Vertikaalmeting: Grevelingen
Datum:  25-4-83  Vertno  8
X= 56330  Y=420590   tijd:11.26
vlgn    pH  Temp  CL-g O2Plc
  1)  7.94 10.45 15747  9.56
  2)  7.94 10.48 15744  9.57
  3)  7.94 10.45 15757  9.57
  4)  7.94 10.44 15755  9.56
  5)  7.94 10.43 15757  9.57
  6)  7.94 10.42 15758  9.56
  7)  7.94 10.42 15757  9.54
  8)  7.94 10.38 15764  9.53
  9)  7.94 10.29 15741  9.54
 10)  7.93 10.04 15771  9.48
 11)  7.93  9.97 15779  9.45
 12)  7.93  9.87 15787  9.44
 13)  7.92  9.76 15798  9.45
 14)  7.92  9.74 15796  9.43
Vertikaalmeting: Grevelingen
Datum:  25-4-83  Vertno  9
X= 55310  Y=421450   tijd:11.09
vlgn    pH  Temp  CL-g O2Plc
  1)  8.04 10.68 15745  9.51
  2)  8.04 10.64 15752  9.54
  3)  8.04 10.61 15753  9.52
  4)  8.04 10.58 15756  9.50
  5)  8.01 10.58 15755  9.51
  6)  7.99 10.51 15756  9.50
  7)  7.98 10.49 15758  9.48
  8)  7.98 10.46 15749  9.47
  9)  7.97 10.43 15756  9.46
 10)  7.97 10.41 15762  9.45
 11)  7.96 10.34 15769  9.42
 12)  7.95 10.29 15765  9.41
 13)  7.95 10.22 15768  9.41
 14)  7.94 10.10 15780  9.40
 15)  7.93  9.90 15787  9.38
 16)  7.92  9.82 15797  9.39
 17)  7.92  9.75 15808  9.38
 18)  7.92  9.78 15771  9.37
 19)  7.92  9.67 15804  9.39
 20)  7.91  9.53 15821  9.32
 21)  7.90  9.20 15871  9.31
Vertikaalmeting: Grevelingen
Datum:  25-4-83  Vertno  10
X= 53800  Y=421100   tijd:10.52
vlgn    pH  Temp  CL-g O2Plc
  1)  8.01 10.67 15755  9.52
  2)  8.00 10.67 15761  9.50
  3)  7.99 10.67 15763  9.48
  4)  8.00 10.65 15762  9.45
  5)  7.99 10.65 15764  9.47
  6)  7.98 10.58 15745  9.47
  7)  7.97 10.52 15750  9.45
  8)  7.98 10.43 15731  9.40
  9)  7.96 10.35 15751  9.36
 10)  7.96 10.34 15746  9.34
 11)  7.97 10.30 15755  9.33
 12)  7.98 10.27 15759  9.34
 13)  7.98 10.26 15759  9.36
 14)  7.99 10.26 15762  9.37
 15)  8.00 10.28 15766  9.45
 16)  8.01 10.29 15766  9.48
 17)  8.01 10.16 15773  9.50
 18)  8.01 10.05 15752  9.50
Vertikaalmeting: Grevelingen
Datum:  25-4-83  Vertno  11
X= 52800  Y=420330   tijd:10.39
vlgn    pH  Temp  CL-g O2Plc
  1)  8.04 10.61 15758  9.44
  2)  8.04 10.60 15758  9.44
  3)  8.04 10.58 15758  9.44
  4)  8.03 10.45 15764  9.48
  5)  8.03 10.38 15770  9.57
  6)  8.03 10.39 15770  9.59
  7)  8.03 10.38 15771  9.58
  8)  8.12 10.37 15772  9.57
  9)  8.19 10.19 15763  9.54
 10)  8.13 10.07 15757  9.54
 11)  8.04  9.66 15786  9.59
Vertikaalmeting: Grevelingen
Datum:  25-4-83  Vertno  12
X= 51610  Y=418500   tijd:10.02
vlgn    pH  Temp  CL-g O2Plc
  1)  7.97  9.98 15700  9.56
  2)  7.96  9.91 15730  9.57
  3)  7.95  9.88 15754  9.62
  4)  7.95  9.71 15786  9.62
  5)  7.94  9.66 15793  9.65
  6)  7.94  9.60 15794  9.67
  7)  7.93  9.56 15798  9.69
  8)  7.93  9.45 15810  9.73
  9)  7.93  9.42 15818  9.75
 10)  7.93  9.37 15823  9.75
 11)  7.91  8.86 15867  9.70
 12)  7.87  8.37 15936  9.66
 13)  7.86  8.23 15911  9.61
 14)  7.85  8.11 15936  9.58
 15)  7.85  8.03 15941  9.58
 16)  7.85  7.98 15943  9.56
 17)  7.85  7.89 15916  9.55
 18)  7.84  7.78 15920  9.53
 19)  7.82  7.45 15985  9.46
 20)  7.81  7.35 16002  9.31
 21)  7.81  7.27 15992  9.29
 22)  7.77  6.93 16055  9.09
 23)  7.76  6.77 16080  8.96
 24)  7.70  6.30 16181  8.50
 25)  7.63  5.71 16319  8.07
 26)  7.58  5.42 16385  7.58
 27)  7.59  5.18 16429  7.98
 28)  7.52  4.90 16519  7.02
 29)  7.46  4.74 16603  6.95
 30)  7.41  4.64 16654  5.86
 31)  7.39  4.56 16691  5.51
 32)  7.36  4.51 16720  5.00
 33)  7.35  4.42 16753  4.97
 34)  7.29  4.27 16825  4.33
 35)  7.26  4.20 16860  4.25
 36)  7.25  4.19 16869  3.57
Vertikaalmeting: Grevelingen
Datum:  25-4-83  Vertno  13
X= 50760  Y=418400   tijd: 9.41
vlgn    pH  Temp  CL-g O2Plc
  1)  7.88  9.71 15757  9.74
  2)  7.88  9.71 15761  9.75
  3)  7.88  9.72 15760  9.75
  4)  7.88  9.70 15759  9.75
  5)  7.89  9.67 15771  9.74
  6)  7.89  9.72 15754  9.75
  7)  7.89  9.72 15748  9.75
  8)  7.89  9.64 15793  9.77
  9)  7.90  9.61 15805  9.79
 10)  7.89  9.47 15804  9.77
 11)  7.88  9.30 15839  9.73
 12)  7.87  9.12 15815  9.67
 13)  7.86  8.71 15894  9.62
 14)  7.83  8.23 15932  9.54
 15)  7.80  7.81 15964  9.50
 16)  7.78  7.69 15965  9.41
 17)  7.78  7.65 15970  9.40
 18)  7.78  7.57 15974  9.38
 19)  7.76  7.30 16006  9.32
 20)  7.76  7.30 16011  9.27
 21)  7.76  7.29 16012  9.24
 22)  7.71  6.82 16081  8.86
 23)  7.69  6.61 16131  8.79
 24)  7.57  5.77 16313  7.77
 25)  7.55  5.48 16364  7.68
 26)  7.92  9.72 15753  9.68
Vertikaalmeting: Grevelingen
Datum:  25-4-83  Vertno  14
X= 49710  Y=418240   tijd: 9.24
vlgn    pH  Temp  CL-g O2Plc
  1)  7.95  9.92 15722  9.77
  2)  7.93  9.89 15756  9.79
  3)  7.92  9.89 15774  9.80
  4)  7.91  9.88 15775  9.81
  5)  7.89  9.88 15767  9.80
  6)  7.89  9.86 15778  9.80
  7)  7.89  9.82 15783  9.80
  8)  7.89  9.85 15778  9.80
  9)  7.88  9.84 15782  9.80
 10)  7.88  9.81 15786  9.80
 11)  7.88  9.81 15785  9.80
 12)  7.87  9.76 15780  9.79
 13)  7.87  9.74 15770  9.74
 14)  7.83  8.68 15924  9.55
 15)  7.81  8.44 15938  9.53
 16)  7.76  7.87 15968  9.47
 17)  7.74  7.72 15942  9.43
 18)  7.69  7.23 16019  9.10
Vertikaalmeting: Grevelingen
Datum:  25-4-83  Vertno  15
X= 48740  Y=418210   tijd: 8.46
vlgn    pH  Temp  CL-g O2Plc
  1)  8.01 10.09 15783  9.78
  2)  8.01 10.10 15783  9.80
  3)  8.01 10.10 15784  9.80
  4)  8.01 10.11 15782  9.79
  5)  8.01 10.10 15785  9.79
  6)  8.01 10.09 15784  9.81
  7)  8.01 10.09 15784  9.81
  8)  8.01 10.09 15784  9.80
  9)  8.01 10.10 15785  9.78
 10)  8.01 10.10 15783  9.77
 11)  8.01  9.96 15778  9.80
 12)  8.00  9.81 15806  9.78
 13)  8.00  9.78 15806  9.76
 14)  7.99  9.74 15809  9.76
 15)  7.99  9.54 15820  9.75
 16)  7.95  8.79 15894  9.67
 17)  7.93  8.67 15908  9.57
 18)  7.92  8.29 15901  9.60
 19)  7.82  7.31 16017  9.22
 20)  7.80  7.19 16047  9.14
 21)  7.79  7.05 16038  9.06
 22)  7.75  6.76 16099  8.73
 23)  7.74  6.60 16123  8.70
 24)  7.67  5.96 16301  7.99
 25)  7.60  5.56 16367  7.55
 26)  7.59  5.39 16417  7.53
 27)  7.57  5.17 16475  7.41
 28)  7.54  4.70 16608  7.33
 29)  7.48  4.38 16738  7.37
 30)  7.44  4.07 16826  7.31
 31)  7.38  3.84 16925  6.93
 32)  7.37  3.80 16926  6.96
 33)  7.36  3.70 16950  6.92
 34)  7.35  3.68 16958  6.89
 35)  7.35  3.66 16961  6.57
 36)  7.35  3.65 16971  6.56
 37)  7.34  3.65 16972  6.44
 38)  7.31  3.65 16973  5.87
 39)  7.30  3.65 16972  5.86
 40)  7.29  3.65 16971  5.72
 41)  7.29  3.65 16972  5.74
 42)  7.29  3.66 16971  5.70
 43)  7.28  3.68 16959  5.63
 44)  7.28  3.66 16972  5.55
 45)  7.27  3.67 16973  5.40
 46)  7.26  3.67 16972  5.36
 47)  7.25  3.68 16972  5.26
Vertikaalmeting: Grevelingen
Datum:  25-4-83  Vertno  16
X= 48060  Y=418430   tijd: 8.27
vlgn    pH  Temp  CL-g O2Plc
  1)  8.02 10.19 15781  9.77
  2)  8.03 10.19 15781  9.77
  3)  8.03 10.19 15780  9.75
  4)  8.02 10.21 15750  9.73
  5)  8.02 10.19 15762  9.67
  6)  8.02 10.18 15767  9.69
  7)  8.03 10.18 15781  9.73
  8)  8.03 10.19 15782  9.75
  9)  8.03 10.20 15762  9.73
 10)  8.03 10.18 15779  9.71
 11)  8.03 10.18 15784  9.74
 12)  8.03 10.18 15782  9.75
 13)  8.03 10.18 15783  9.76
 14)  8.03 10.19 15784  9.77
 15)  8.03 10.13 15794  9.74
Vertikaalmeting: Grevelingen
Datum:  25-4-83  Vertno  17
X= 47580  Y=418790   tijd: 8.14
vlgn    pH  Temp  CL-g O2Plc
  1)  7.99 10.31 15762  9.25
  2)  7.99 10.31 15763  9.22
  3)  7.99 10.34 15750  9.27
  4)  8.00 10.31 15763  9.19
  5)  8.00 10.30 15763  9.17
  6)  8.01 10.30 15764  9.11
  7)  8.01 10.30 15766  9.15
  8)  8.01 10.33 15753  8.96
  9)  8.01 10.30 15766  9.07
 10)  8.02 10.30 15767  9.14
 11)  8.02 10.29 15768  9.16
++++
