Vertikaalmeting: Grevelingen
Datum:  19-9-83  Vertno  1
X= 65280  Y=409970   tijd:13.27
vlgn    pH  Temp  CL-g O2Plc
  1)  7.93 14.20 15701  7.20
  2)  7.92 14.19 15707  7.19
  3)  7.92 14.15 15701  7.18
  4)  7.93 14.15 15711  7.18
  5)  7.93 14.16 15706  7.18
  6)  7.92 14.16 15700  7.18
  7)  7.92 14.14 15706  7.19
Vertikaalmeting: Grevelingen
Datum:  19-9-83  Vertno  2
X= 63350  Y=411600   tijd:13.13
vlgn    pH  Temp  CL-g O2Plc
  1)  7.94 14.57 15827  7.41
  2)  7.94 14.55 15830  7.40
  3)  7.94 14.51 15838  7.35
  4)  7.93 14.50 15838  7.34
  5)  7.93 14.46 15834  7.32
  6)  7.93 14.44 15833  7.29
  7)  7.93 14.41 15840  7.27
  8)  7.93 14.41 15841  7.26
  9)  7.93 14.38 15841  7.26
Vertikaalmeting: Grevelingen
Datum:  19-9-83  Vertno  3
X= 62290  Y=412200   tijd:12.57
vlgn    pH  Temp  CL-g O2Plc
  1)  7.93 14.35 15809  7.34
  2)  7.93 14.36 15809  7.34
  3)  7.93 14.31 15803  7.33
  4)  7.93 14.33 15811  7.32
  5)  7.93 14.30 15797  7.32
  6)  7.94 14.28 15806  7.32
  7)  7.93 14.28 15795  7.32
  8)  7.93 14.27 15810  7.32
  9)  7.93 14.27 15795  7.32
 10)  7.93 14.24 15797  7.30
 11)  7.93 14.24 15798  7.30
 12)  7.93 14.26 15815  7.27
 13)  7.93 14.30 15849  7.24
 14)  7.93 14.32 15877  7.21
 15)  7.93 14.38 15897  7.19
 16)  7.93 14.38 15893  7.17
 17)  7.93 14.38 15896  7.16
Vertikaalmeting: Grevelingen
Datum:  19-9-83  Vertno  4
X= 61160  Y=413030   tijd:12.46
vlgn    pH  Temp  CL-g O2Plc
  1)  7.93 14.66 15930  7.30
  2)  7.93 14.66 15927  7.29
  3)  7.93 14.67 15937  7.29
  4)  7.93 14.66 15936  7.28
  5)  7.94 14.67 15937  7.28
  6)  7.94 14.65 15943  7.27
  7)  7.94 14.65 15939  7.27
  8)  7.94 14.65 15942  7.27
  9)  7.94 14.66 15947  7.27
Vertikaalmeting: Grevelingen
Datum:  19-9-83  Vertno  5
X= 59340  Y=414130   tijd:12.25
vlgn    pH  Temp  CL-g O2Plc
  1)  7.93 14.58 15904  7.32
  2)  7.93 14.56 15905  7.32
  3)  7.93 14.56 15907  7.32
  4)  7.93 14.55 15917  7.31
  5)  7.93 14.55 15919  7.29
  6)  7.93 14.52 15907  7.29
  7)  7.93 14.51 15909  7.29
  8)  7.93 14.50 15908  7.29
  9)  7.93 14.50 15902  7.30
 10)  7.93 14.51 15910  7.30
 11)  7.93 14.51 15921  7.30
 12)  7.93 14.50 15910  7.29
 13)  7.93 14.51 15912  7.28
 14)  7.93 14.52 15911  7.26
 15)  7.93 14.53 15916  7.25
 16)  7.93 14.53 15915  7.25
 17)  7.93 14.54 15922  7.25
 18)  7.93 14.59 15944  7.25
 19)  7.93 14.64 15949  7.21
 20)  7.93 14.64 15949  7.16
 21)  7.93 14.63 15944  7.16
 22)  7.93 14.63 15952  7.18
 23)  7.93 14.63 15951  7.18
Vertikaalmeting: Grevelingen
Datum:  19-9-83  Vertno  6
X= 57970  Y=417200   tijd:12.03
vlgn    pH  Temp  CL-g O2Plc
  1)  7.93 14.43 15864  7.40
  2)  7.93 14.43 15865  7.40
  3)  7.93 14.42 15859  7.40
  4)  7.93 14.43 15860  7.40
  5)  7.93 14.42 15858  7.39
  6)  7.93 14.40 15858  7.39
  7)  7.93 14.40 15853  7.39
  8)  7.93 14.39 15862  7.38
  9)  7.93 14.37 15856  7.39
 10)  7.93 14.37 15866  7.38
 11)  7.93 14.37 15865  7.38
 12)  7.93 14.36 15878  7.36
 13)  7.92 14.36 15870  7.33
 14)  7.92 14.36 15882  7.32
 15)  7.93 14.36 15875  7.32
 16)  7.93 14.36 15872  7.31
 17)  7.92 14.36 15872  7.31
 18)  7.92 14.36 15875  7.31
Vertikaalmeting: Grevelingen
Datum:  19-9-83  Vertno  7
X= 57600  Y=418980   tijd:11.48
vlgn    pH  Temp  CL-g O2Plc
  1)  7.92 14.35 15826  7.41
  2)  7.92 14.35 15832  7.40
  3)  7.92 14.35 15835  7.40
  4)  7.92 14.35 15838  7.39
  5)  7.92 14.35 15833  7.40
  6)  7.92 14.35 15840  7.40
  7)  7.92 14.34 15839  7.39
  8)  7.92 14.34 15846  7.39
  9)  7.92 14.34 15837  7.39
 10)  7.92 14.34 15846  7.39
 11)  7.92 14.33 15840  7.39
 12)  7.92 14.33 15837  7.38
 13)  7.92 14.28 15854  7.37
 14)  7.91 14.24 15856  7.30
 15)  7.91 14.25 15861  7.27
Vertikaalmeting: Grevelingen
Datum:  19-9-83  Vertno  8
X= 56250  Y=420610   tijd:11.33
vlgn    pH  Temp  CL-g O2Plc
  1)  7.92 14.47 15835  7.51
  2)  7.92 14.47 15831  7.54
  3)  7.93 14.46 15840  7.53
  4)  7.92 14.44 15837  7.54
  5)  7.92 14.43 15840  7.54
  6)  7.92 14.41 15842  7.52
  7)  7.92 14.42 15838  7.51
  8)  7.92 14.41 15837  7.50
  9)  7.91 14.38 15846  7.46
 10)  7.91 14.37 15851  7.42
 11)  7.91 14.37 15854  7.41
 12)  7.91 14.37 15853  7.41
 13)  7.91 14.37 15847  7.40
Vertikaalmeting: Grevelingen
Datum:  19-9-83  Vertno  9
X= 55230  Y=421440   tijd:11.15
vlgn    pH  Temp  CL-g O2Plc
  1)  7.91 14.45 15876  7.51
  2)  7.91 14.44 15874  7.51
  3)  7.91 14.44 15876  7.51
  4)  7.91 14.43 15870  7.51
  5)  7.91 14.42 15873  7.50
  6)  7.91 14.43 15878  7.50
  7)  7.91 14.43 15872  7.50
  8)  7.91 14.41 15877  7.50
  9)  7.91 14.42 15879  7.50
 10)  7.91 14.43 15875  7.51
 11)  7.91 14.43 15880  7.51
 12)  7.91 14.42 15879  7.51
 13)  7.91 14.43 15881  7.50
 14)  7.91 14.42 15873  7.50
 15)  7.91 14.41 15878  7.49
 16)  7.91 14.41 15883  7.49
 17)  7.91 14.40 15880  7.48
 18)  7.91 14.39 15878  7.48
 19)  7.91 14.38 15882  7.47
 20)  7.91 14.38 15883  7.46
Vertikaalmeting: Grevelingen
Datum:  19-9-83  Vertno  10
X= 53780  Y=421110   tijd:10.58
vlgn    pH  Temp  CL-g O2Plc
  1)  7.91 14.42 15863  7.60
  2)  7.91 14.43 15866  7.61
  3)  7.91 14.43 15863  7.60
  4)  7.91 14.42 15861  7.60
  5)  7.91 14.42 15865  7.59
  6)  7.91 14.41 15870  7.58
  7)  7.91 14.40 15869  7.56
  8)  7.91 14.40 15873  7.55
  9)  7.91 14.40 15868  7.56
 10)  7.91 14.40 15867  7.56
 11)  7.91 14.40 15870  7.56
 12)  7.91 14.38 15875  7.54
 13)  7.91 14.38 15867  7.52
 14)  7.91 14.37 15877  7.52
 15)  7.91 14.37 15874  7.53
 16)  7.91 14.36 15875  7.52
Vertikaalmeting: Grevelingen
Datum:  19-9-83  Vertno  11
X= 52770  Y=420340   tijd:10.46
vlgn    pH  Temp  CL-g O2Plc
  1)  7.91 14.44 15898  7.80
  2)  7.91 14.43 15904  7.79
  3)  7.91 14.39 15888  7.77
  4)  7.91 14.40 15895  7.75
  5)  7.91 14.37 15889  7.74
  6)  7.91 14.36 15889  7.72
  7)  7.91 14.35 15892  7.71
  8)  7.91 14.37 15894  7.68
  9)  7.91 14.35 15887  7.65
 10)  7.91 14.34 15894  7.64
Vertikaalmeting: Grevelingen
Datum:  19-9-83  Vertno  12
X= 51600  Y=418600   tijd:10.13
vlgn    pH  Temp  CL-g O2Plc
  1)  7.92 14.46 15891  7.77
  2)  7.92 14.46 15888  7.76
  3)  7.92 14.46 15894  7.76
  4)  7.92 14.44 15901  7.75
  5)  7.92 14.45 15901  7.71
  6)  7.92 14.45 15902  7.71
  7)  7.92 14.47 15897  7.73
  8)  7.92 14.53 15930  7.72
  9)  7.92 14.60 15965  7.62
 10)  7.93 14.61 15974  7.61
 11)  7.92 14.57 15973  7.60
 12)  7.92 14.52 15991  7.57
 13)  7.93 14.57 16031  7.56
 14)  7.93 14.60 16014  7.60
 15)  7.93 14.60 16022  7.61
 16)  7.93 14.60 16024  7.60
 17)  7.93 14.60 16028  7.59
 18)  7.93 14.62 16034  7.58
 19)  7.94 14.69 16077  7.55
 20)  7.94 14.75 16071  7.52
 21)  7.93 14.73 16083  7.46
 22)  7.93 14.75 16112  7.31
 23)  7.92 14.75 16123  7.22
 24)  7.92 14.75 16136  7.15
 25)  7.89 14.72 16167  6.71
 26)  7.83 14.40 16225  5.87
 27)  7.66 13.80 16328  3.60
 28)  7.52 13.07 16365  1.90
 29)  7.41 12.08 16361  0.46
 30)  7.64 10.19 16387  0.04
 31)  7.69  9.91 16327  0.00
Vertikaalmeting: Grevelingen
Datum:  19-9-83  Vertno  13
X= 50800  Y=418330   tijd: 9.51
vlgn    pH  Temp  CL-g O2Plc
  1)  7.92 14.51 15916  7.77
  2)  7.92 14.51 15917  7.77
  3)  7.92 14.51 15919  7.76
  4)  7.92 14.50 15926  7.75
  5)  7.92 14.49 15915  7.74
  6)  7.92 14.49 15916  7.73
  7)  7.92 14.56 15946  7.67
  8)  7.92 14.56 15951  7.66
  9)  7.92 14.57 15968  7.65
 10)  7.92 14.57 15961  7.65
 11)  7.92 14.55 15964  7.65
 12)  7.92 14.54 15974  7.65
 13)  7.92 14.54 15990  7.64
 14)  7.93 14.57 16007  7.63
 15)  7.93 14.57 16007  7.63
 16)  7.93 14.57 16026  7.61
 17)  7.93 14.59 16026  7.59
 18)  7.93 14.70 16051  7.56
 19)  7.94 14.75 16067  7.53
 20)  7.94 14.72 16064  7.51
 21)  7.94 14.73 16067  7.50
 22)  7.93 14.71 16096  7.40
 23)  7.91 14.67 16121  7.10
 24)  7.87 14.55 16172  6.55
 25)  7.84 14.46 16197  6.08
 26)  7.77 14.22 16258  5.20
 27)  7.64 13.67 16337  3.55
 28)  7.47 12.57 16329  1.41
Vertikaalmeting: Grevelingen
Datum:  19-9-83  Vertno  14
X= 49790  Y=418250   tijd: 9.37
vlgn    pH  Temp  CL-g O2Plc
  1)  7.90 14.62 15999  7.96
  2)  7.91 14.62 15996  7.97
  3)  7.91 14.62 15995  7.93
  4)  7.91 14.62 16000  7.90
  5)  7.91 14.62 16002  7.90
  6)  7.91 14.62 16007  7.89
  7)  7.91 14.62 16007  7.87
  8)  7.91 14.63 16007  7.86
  9)  7.92 14.64 16009  7.81
 10)  7.92 14.65 16022  7.81
 11)  7.91 14.66 16026  7.67
 12)  7.92 14.72 16049  7.67
 13)  7.92 14.72 16055  7.70
 14)  7.92 14.72 16062  7.71
 15)  7.93 14.72 16067  7.71
 16)  7.92 14.71 16080  7.69
 17)  7.92 14.71 16089  7.64
 18)  7.92 14.71 16094  7.61
Vertikaalmeting: Grevelingen
Datum:  19-9-83  Vertno  15
X= 48820  Y=418240   tijd: 9.07
vlgn    pH  Temp  CL-g O2Plc
  1)  7.95 14.71 16073  7.88
  2)  7.95 14.70 16070  7.88
  3)  7.95 14.70 16070  7.86
  4)  7.95 14.69 16072  7.85
  5)  7.95 14.69 16075  7.84
  6)  7.95 14.69 16074  7.83
  7)  7.95 14.69 16074  7.83
  8)  7.95 14.70 16077  7.80
  9)  7.95 14.70 16078  7.78
 10)  7.95 14.70 16081  7.77
 11)  7.95 14.70 16079  7.78
 12)  7.95 14.70 16081  7.77
 13)  7.95 14.70 16079  7.76
 14)  7.95 14.70 16081  7.77
 15)  7.95 14.70 16079  7.76
 16)  7.95 14.70 16080  7.76
 17)  7.95 14.70 16087  7.75
 18)  7.95 14.70 16083  7.75
 19)  7.95 14.70 16088  7.75
 20)  7.95 14.70 16086  7.74
 21)  7.95 14.70 16090  7.73
 22)  7.95 14.70 16094  7.72
 23)  7.94 14.71 16087  7.71
 24)  7.94 14.71 16103  7.67
 25)  7.94 14.68 16111  7.60
 26)  7.74 13.72 16244  5.24
 27)  7.46 12.20 16487  0.39
 28)  7.42 11.33 16439  0.10
 29)  7.41 10.49 16534  0.06
 30)  7.43  9.89 16435  0.04
 31)  7.41  7.01 16646  0.03
 32)  7.30  5.77 16898  0.02
 33)  7.27  5.27 16868  0.02
 34)  7.25  4.97 16911  0.02
 35)  7.24  4.80 16917  0.02
 36)  7.22  4.49 16990  0.02
 37)  7.22  4.40 17033  0.02
 38)  7.22  4.38 17023  0.02
 39)  7.22  4.35 17036  0.03
 40)  7.22  4.34 17038  0.03
 41)  7.22  4.33 17041  0.02
 42)  7.23  4.31 17041  0.03
 43)  7.23  4.30 17047  0.03
 44)  7.23  4.30 17046  0.03
Vertikaalmeting: Grevelingen
Datum:  19-9-83  Vertno  16
X= 47810  Y=418350   tijd: 8.54
vlgn    pH  Temp  CL-g O2Plc
  1)  7.93 14.74 16098  7.87
  2)  7.93 14.73 16100  7.86
  3)  7.93 14.73 16093  7.86
  4)  7.92 14.72 16099  7.83
  5)  7.92 14.72 16096  7.81
  6)  7.92 14.72 16096  7.81
  7)  7.92 14.72 16097  7.82
  8)  7.93 14.72 16096  7.81
  9)  7.93 14.72 16098  7.81
 10)  7.93 14.72 16093  7.81
 11)  7.93 14.72 16092  7.81
 12)  7.93 14.72 16099  7.80
 13)  7.94 14.72 16099  7.80
 14)  7.94 14.72 16097  7.79
 15)  7.94 14.72 16097  7.79
 16)  7.94 14.72 16101  7.79
Vertikaalmeting: Grevelingen
Datum:  19-9-83  Vertno  17
X= 47570  Y=418800   tijd: 8.45
vlgn    pH  Temp  CL-g O2Plc
  1)  7.90 14.72 16095  7.79
  2)  7.90 14.72 16100  7.79
  3)  7.90 14.71 16099  7.79
  4)  7.90 14.72 16101  7.79
  5)  7.90 14.72 16098  7.80
  6)  7.90 14.70 16098  7.78
  7)  7.89 14.67 16109  7.70
  8)  7.87 14.55 16108  7.66
++++
