Vertikaalmeting: Grevelingen
Datum:  27-8-84  Vertno  1
X= 65210  Y=409990   tijd:14.00
vlgn    pH  Temp  CL-g O2Plc
  1)  8.65 21.79 16571  8.35
  2)  8.65 21.80 16576  8.37
  3)  8.65 21.77 16571  8.34
  4)  8.65 21.77 16571  8.35
  5)  8.64 21.64 16548  8.24
  6)  8.62 21.15 16566  7.69
  7)  8.59 21.02 16566  7.05
Vertikaalmeting: Grevelingen
Datum:  27-8-84  Vertno  2
X= 63360  Y=411570   tijd:13.42
vlgn    pH  Temp  CL-g O2Plc
  1)  8.67 21.71 16586  8.66
  2)  8.66 21.69 16589  8.56
  3)  8.67 21.70 16581  8.63
  4)  8.67 21.71 16585  8.61
  5)  8.67 21.69 16587  8.58
  6)  8.63 21.50 16586  8.23
  7)  8.61 21.34 16599  7.60
  8)  8.59 21.20 16602  7.21
  9)  8.58 21.22 16598  7.02
 10)  8.55 21.08 16611  6.66
 11)  8.38 19.79 16554  3.04
 12)  8.34 19.46 16526  2.76
Vertikaalmeting: Grevelingen
Datum:  27-8-84  Vertno  3
X= 62390  Y=412220   tijd:13.24
vlgn    pH  Temp  CL-g O2Plc
  1)  8.65 21.70 16586  8.45
  2)  8.64 21.57 16599  8.25
  3)  8.64 21.62 16587  8.36
  4)  8.60 21.23 16627  7.44
  5)  8.60 21.20 16606  7.41
  6)  8.60 21.14 16588  7.43
  7)  8.60 21.10 16583  7.43
  8)  8.60 21.03 16576  7.39
  9)  8.58 21.03 16613  7.21
 10)  8.55 21.04 16629  6.59
 11)  8.54 20.99 16581  6.60
 12)  8.48 20.56 16599  5.33
 13)  8.32 19.32 16467  2.95
 14)  8.30 18.96 16495  2.22
 15)  8.27 18.77 16500  1.70
 16)  8.25 18.66 16484  1.48
 17)  8.20 18.42 16499  0.67
Vertikaalmeting: Grevelingen
Datum:  27-8-84  Vertno  4
X= 61210  Y=413000   tijd:13.13
vlgn    pH  Temp  CL-g O2Plc
  1)  8.63 21.53 16573  8.54
  2)  8.63 21.51 16556  8.57
  3)  8.63 21.42 16569  8.45
  4)  8.63 21.40 16578  8.41
  5)  8.62 21.24 16584  8.06
  6)  8.61 21.18 16588  7.89
  7)  8.60 21.09 16587  7.63
  8)  8.57 21.14 16619  7.10
  9)  8.53 21.08 16624  6.41
Vertikaalmeting: Grevelingen
Datum:  27-8-84  Vertno  5
X= 59280  Y=414200   tijd:12.47
vlgn    pH  Temp  CL-g O2Plc
  1)  8.63 21.71 16578  8.69
  2)  8.64 21.70 16565  8.69
  3)  8.65 21.68 16572  8.68
  4)  8.63 21.45 16560  8.48
  5)  8.63 21.34 16567  8.31
  6)  8.63 21.40 16557  8.38
  7)  8.61 21.26 16566  8.13
  8)  8.59 21.18 16570  7.44
  9)  8.57 21.12 16586  7.09
 10)  8.55 21.07 16599  6.67
 11)  8.48 20.52 16554  5.39
 12)  8.46 20.26 16548  4.93
 13)  8.39 19.78 16528  3.97
 14)  8.38 19.69 16529  3.76
 15)  8.37 19.59 16513  3.56
 16)  8.34 19.49 16506  3.35
 17)  8.32 19.33 16507  3.04
 18)  8.31 19.23 16506  2.86
 19)  8.29 19.17 16503  2.74
 20)  8.25 18.94 16506  2.03
 21)  8.21 18.76 16500  1.55
 22)  8.19 18.71 16502  1.35
Vertikaalmeting: Grevelingen
Datum:  27-8-84  Vertno  6
X= 57940  Y=417220   tijd:12.21
vlgn    pH  Temp  CL-g O2Plc
  1)  8.53 21.58 16582  7.91
  2)  8.53 21.42 16569  7.85
  3)  8.52 21.25 16567  7.72
  4)  8.49 21.12 16570  7.30
  5)  8.48 21.04 16567  7.03
  6)  8.50 21.02 16566  7.43
  7)  8.50 21.02 16572  7.42
  8)  8.50 21.02 16569  7.47
  9)  8.50 21.01 16565  7.49
 10)  8.49 20.97 16539  7.45
 11)  8.46 20.78 16568  6.66
 12)  8.41 20.52 16553  5.51
 13)  8.41 20.12 16523  4.91
 14)  8.40 19.97 16544  4.73
 15)  8.38 19.88 16529  4.58
 16)  8.37 19.80 16534  4.17
 17)  8.30 19.39 16509  3.09
 18)  8.28 19.23 16523  3.16
Vertikaalmeting: Grevelingen
Datum:  27-8-84  Vertno  7
X= 57630  Y=418980   tijd:12.04
vlgn    pH  Temp  CL-g O2Plc
  1)  8.56 21.57 16573  8.20
  2)  8.55 21.42 16563  7.99
  3)  8.55 21.31 16564  8.07
  4)  8.54 21.21 16563  8.00
  5)  8.53 21.16 16574  7.82
  6)  8.53 21.13 16573  7.69
  7)  8.52 21.11 16568  7.57
  8)  8.53 21.08 16560  7.56
  9)  8.53 21.01 16560  7.60
 10)  8.49 20.68 16543  6.02
 11)  8.45 20.31 16529  6.08
 12)  8.32 19.40 16499  3.48
 13)  8.25 19.00 16496  2.74
Vertikaalmeting: Grevelingen
Datum:  27-8-84  Vertno  8
X= 56290  Y=420540   tijd:11.46
vlgn    pH  Temp  CL-g O2Plc
  1)  8.54 21.24 16558  8.56
  2)  8.52 21.02 16565  8.11
  3)  8.51 20.93 16560  7.70
  4)  8.49 20.81 16553  7.12
  5)  8.45 20.65 16546  6.34
  6)  8.44 20.56 16542  6.14
  7)  8.44 20.47 16549  6.07
  8)  8.43 20.43 16548  6.00
  9)  8.43 20.42 16549  5.99
 10)  8.39 19.95 16529  5.33
 11)  8.36 19.83 16521  5.03
 12)  8.35 19.65 16520  4.94
 13)  8.31 19.41 16521  4.25
Vertikaalmeting: Grevelingen
Datum:  27-8-84  Vertno  9
X= 55200  Y=421410   tijd:11.24
vlgn    pH  Temp  CL-g O2Plc
  1)  8.52 21.14 16566  8.27
  2)  8.51 21.01 16544  8.25
  3)  8.49 20.81 16553  7.76
  4)  8.48 20.75 16544  7.50
  5)  8.49 20.73 16558  7.48
  6)  8.48 20.71 16558  7.48
  7)  8.47 20.62 16547  7.19
  8)  8.45 20.50 16532  6.72
  9)  8.42 20.32 16545  6.52
 10)  8.39 20.22 16553  6.26
 11)  8.37 20.04 16518  5.72
 12)  8.29 19.17 16508  3.38
 13)  8.26 19.02 16509  3.07
 14)  8.23 18.92 16504  3.06
 15)  8.21 18.81 16498  2.87
 16)  8.18 18.68 16489  2.63
 17)  8.15 18.59 16494  2.25
 18)  8.12 18.47 16486  1.90
 19)  8.05 18.11 16458  0.96
 20)  8.13 17.38 16435  0.00
 21)  8.14 17.27 16410  0.00
Vertikaalmeting: Grevelingen
Datum:  27-8-84  Vertno  10
X= 53720  Y=421100   tijd:11.07
vlgn    pH  Temp  CL-g O2Plc
  1)  8.44 20.71 16552  7.41
  2)  8.44 20.58 16526  7.39
  3)  8.42 20.38 16552  7.06
  4)  8.42 20.38 16560  7.09
  5)  8.42 20.34 16546  7.05
  6)  8.41 20.29 16550  6.96
  7)  8.41 20.23 16558  6.89
  8)  8.39 20.15 16545  6.37
  9)  8.40 20.15 16547  6.44
 10)  8.39 20.12 16550  6.57
 11)  8.30 19.52 16518  4.36
 12)  8.27 19.25 16501  3.57
 13)  8.26 19.17 16488  3.54
 14)  8.25 19.12 16507  3.50
 15)  8.25 19.10 16492  3.48
 16)  8.22 19.01 16506  3.14
Vertikaalmeting: Grevelingen
Datum:  27-8-84  Vertno  11
X= 52730  Y=420320   tijd:10.54
vlgn    pH  Temp  CL-g O2Plc
  1)  8.35 21.30 16567  7.76
  2)  8.35 21.31 16558  7.71
  3)  8.35 21.08 16539  7.61
  4)  8.37 20.49 16539  7.18
  5)  8.38 20.69 16511  7.50
  6)  8.38 20.22 16554  6.96
  7)  8.38 20.20 16552  6.91
  8)  8.38 20.17 16552  6.88
  9)  8.33 19.96 16550  6.00
 10)  8.28 19.68 16528  4.79
 11)  8.14 19.12 16487  2.94
Vertikaalmeting: Grevelingen
Datum:  27-8-84  Vertno  12
X= 51630  Y=418610   tijd:10.26
vlgn    pH  Temp  CL-g O2Plc
  1)  8.44 21.66 16536  8.96
  2)  8.45 21.63 16503  8.94
  3)  8.45 21.47 16519  8.91
  4)  8.45 21.40 16530  8.79
  5)  8.45 21.33 16507  8.74
  6)  8.43 21.09 16546  8.40
  7)  8.41 20.97 16445  8.10
  8)  8.22 19.60 16424  4.60
  9)  8.20 19.29 16467  3.86
 10)  8.20 19.14 16528  3.79
 11)  8.21 19.14 16520  3.86
 12)  8.25 18.89 16606  4.48
 13)  8.24 18.27 16634  4.08
 14)  8.20 17.92 16619  3.52
 15)  8.14 17.40 16582  2.75
 16)  8.08 16.87 16571  1.87
 17)  8.01 15.85 16384  1.09
 18)  7.91 14.18 16352  0.07
 19)  7.83 11.85 16492  0.00
 20)  7.76 10.08 16685  0.00
 21)  7.61  7.79 17075  0.00
 22)  7.53  6.41 17517  0.00
 23)  7.50  6.20 17505  0.00
 24)  7.46  5.98 17505  0.00
 25)  7.43  5.83 17511  0.00
 26)  7.41  5.66 17536  0.00
 27)  7.38  5.52 17545  0.00
 28)  7.36  5.42 17563  0.00
 29)  7.34  5.36 17562  0.00
 30)  7.33  5.32 17585  0.00
 31)  7.32  5.29 17575  0.00
Vertikaalmeting: Grevelingen
Datum:  27-8-84  Vertno  13
X= 50760  Y=418360   tijd:10.06
vlgn    pH  Temp  CL-g O2Plc
  1)  8.48 21.42 16530  8.93
  2)  8.48 21.37 16529  8.92
  3)  8.49 21.34 16530  8.91
  4)  8.48 21.33 16536  8.88
  5)  8.48 21.31 16533  8.82
  6)  8.44 21.25 16543  8.06
  7)  8.39 20.76 16465  7.80
  8)  8.29 20.01 16471  5.92
  9)  8.24 19.42 16511  4.23
 10)  8.25 19.23 16487  4.22
 11)  8.24 19.06 16517  4.32
 12)  8.25 18.87 16548  4.30
 13)  8.23 18.25 16589  3.89
 14)  8.21 18.09 16533  3.55
 15)  8.19 17.81 16580  3.27
 16)  8.14 16.98 16495  2.40
 17)  8.02 15.74 16531  0.90
 18)  7.93 14.05 16451  0.06
 19)  7.85 11.60 16601  0.00
 20)  7.70  9.02 17070  0.00
 21)  7.60  6.89 17419  0.00
 22)  7.54  6.35 17469  0.00
 23)  7.51  6.14 17494  0.00
 24)  7.48  6.05 17504  0.00
 25)  7.46  5.97 17496  0.00
 26)  7.45  5.90 17253  0.00
Vertikaalmeting: Grevelingen
Datum:  27-8-84  Vertno  14
X= 49750  Y=418230   tijd: 9.46
vlgn    pH  Temp  CL-g O2Plc
  1)  8.33 21.26 16515  8.74
  2)  8.34 21.22 16506  8.70
  3)  8.35 21.19 16517  8.55
  4)  8.34 21.15 16512  8.32
  5)  8.34 21.07 16512  8.15
  6)  8.30 20.88 16513  7.44
  7)  8.27 20.60 16513  6.68
  8)  8.27 20.47 16506  6.66
  9)  8.25 20.22 16460  6.16
 10)  8.17 19.40 16428  4.27
 11)  8.15 19.07 16540  4.05
 12)  8.17 19.03 16564  4.37
 13)  8.19 19.02 16589  4.74
 14)  8.20 18.83 16618  4.70
 15)  8.18 18.22 16632  4.09
 16)  8.09 17.06 16534  2.46
 17)  7.90 14.75 16416  0.01
Vertikaalmeting: Grevelingen
Datum:  27-8-84  Vertno  15
X= 48810  Y=418230   tijd: 9.12
vlgn    pH  Temp  CL-g O2Plc
  1)  8.59 21.32 16536  8.16
  2)  8.59 21.31 16477  8.16
  3)  8.51 20.82 16516  6.98
  4)  8.52 20.89 16505  7.06
  5)  8.51 20.82 16508  6.90
  6)  8.48 20.58 16527  6.32
  7)  8.47 20.46 16532  6.30
  8)  8.43 20.30 16504  5.86
  9)  8.39 19.80 16581  4.61
 10)  8.36 19.70 16545  4.48
 11)  8.35 19.49 16572  4.26
 12)  8.35 19.21 16619  4.56
 13)  8.35 19.00 16584  4.14
 14)  8.36 19.07 16652  4.75
 15)  8.35 18.57 16397  4.13
 16)  8.19 17.11 16606  2.15
 17)  8.03 15.25 16640  0.00
 18)  7.94 13.32 16710  0.00
 19)  7.90 12.67 16673  0.00
 20)  7.85 11.11 16734  0.00
 21)  7.75  9.09 17129  0.00
 22)  7.64  7.53 17367  0.00
 23)  7.57  6.85 17530  0.00
 24)  7.51  6.52 17493  0.00
 25)  7.46  6.25 17523  0.00
 26)  7.43  6.08 17524  0.00
 27)  7.40  6.00 17496  0.00
 28)  7.37  5.89 17500  0.00
 29)  7.35  5.68 17507  0.00
 30)  7.32  5.44 17588  0.00
 31)  7.29  5.18 17704  0.00
 32)  7.26  4.97 17810  0.00
 33)  7.25  4.91 17828  0.00
 34)  7.23  4.88 17871  0.00
 35)  7.22  4.87 17888  0.00
 36)  7.21  4.86 17884  0.00
 37)  7.20  4.86 17899  0.00
 38)  7.20  4.86 17893  0.00
 39)  7.19  4.86 17902  0.00
 40)  7.19  4.86 17885  0.00
 41)  7.18  4.86 17904  0.00
 42)  7.18  4.86 17892  0.00
 43)  7.18  4.86 17893  0.00
 44)  7.18  4.86 17895  0.00
Vertikaalmeting: Grevelingen
Datum:  27-8-84  Vertno  16
X= 47950  Y=418430   tijd: 8.57
vlgn    pH  Temp  CL-g O2Plc
  1)  8.59 21.29 16523  8.34
  2)  8.59 21.28 16522  8.35
  3)  8.59 21.27 16527  8.32
  4)  8.59 21.26 16516  8.27
  5)  8.59 21.25 16528  8.21
  6)  8.53 20.99 16517  7.57
  7)  8.45 20.36 16553  6.05
  8)  8.42 20.09 16568  5.60
  9)  8.37 19.61 16545  4.80
 10)  8.37 19.46 16582  4.65
 11)  8.36 19.40 16576  4.58
 12)  8.37 19.18 16646  4.54
 13)  8.35 18.89 16654  4.21
 14)  8.29 18.60 16680  3.26
Vertikaalmeting: Grevelingen
Datum:  27-8-84  Vertno  17
X= 47570  Y=418830   tijd: 8.47
vlgn    pH  Temp  CL-g O2Plc
  1)  8.54 21.08 16522  7.93
  2)  8.53 21.04 16531  7.70
  3)  8.53 21.04 16516  7.72
  4)  8.52 21.03 16529  7.59
  5)  8.51 21.02 16516  7.53
  6)  8.51 21.00 16526  7.38
  7)  8.48 20.74 16522  6.73
  8)  8.36 19.88 16564  4.88
  9)  8.35 19.87 16540  4.86
++++
